0.5193033857299216
0.551339013034223
0.5630759317978706
0.45300233733030904
0.5611374776371124
0.5540930683027707
0.42687426390869404
0.5634469538536108
0.5255799376917302
0.5674294996383248
0.5300823827919494
0.39335755909223324
0.2698199943363693
0.23981716347286486
0.4202585370223166
0.4860306347079027
0.47703170123597144
0.5597663466151647
0.5603993495144313
0.44945184442332337
0.5562096877271424
0.4422995581159266
0.564668897594555
0.35549555211314043
0.4475228327584545
0.45747047097053334
0.03653952159226851
0.19559411533592264
0.4004093105561781
0.551643982302732
0.5434839684928042
0.17707183035366908
0.06475269735259412
0.17688823047923297
0.5628998659531929
0.0797717666791717
0.4238626936837035
0.5456374535784941
0.13527195914016263
0.3711698991433595
0.44344387393856366
0.2497107496529155
0.5681190773801659
0.2206063555852037
0.0473370275675289
0.48313146329748047
0.1573153236951495
0.10205125967937204
0.5307344873999285
0.20402447891125292
0.5508807725674715
0.4804779514321355
0.5163253916190572
0.39784142165314196
0.43422917259970906
0.5088498566895729
0.5431070200074511
0.3164264436795113
0.426069492256466
0.5314225285910879
0.5692704153997552
0.4673295060703481
0.5524495346690071
0.3798051103208922
0.5360241459894939
0.5590318930611858
0.48612389890717667
0.5409590491284078
0.448875364343084
0.26382799036000537
0.45005222666936195
0.4852188943277437
0.46967373318241756
0.5611787961943953
0.5542064642379793
0.1661264272802503
0.18295057640222429
0.36373448961434407
0.07594226029157568
0.47915076520936467
0.08956492505015723
0.10677456755651704
0.02603554964727406
0.44687175352955083
0.42361179323808457
0.0608846074152547
0.5431546860133145
0.4493817932310375
0.09351354002640894
0.17734589484998542
0.1035293456073272
0.33840871917224274
0.0994454000933441
0.17028242030606416
0.45136728641735974
0.3471013287858501
0.39140338541607606
0.27489854009981135
0.47360836231454856
0.4887735638928938
0.3823151291184304
0.5303955146878436
0.5545502292072712
0.5367174001873923
0.5697365706121661
0.5141905108781857
0.5654062677744098
0.4779626126775489
0.4655645891835284
0.36696142045969515
0.4857606240217199
0.5646987138032676
0.5664861459375988
0.26064740840660583
0.46967124964369844
0.5656559510989978
0.442742635043895
0.4796999261278721
0.5596515084817864
0.5595773558048723
0.47208150532713544
0.45987728030602565
0.4697649626049751
0.41346950067955895
0.5609812819681875
0.10960671639394252
0.286523329049617
0.3194681535147559
0.5474236520033019
0.5350280069501576
0.1878213435887627
0.5408656552744885
0.30112081347961056
0.048267703523583234
0.35527173308556664
0.254074857394978
0.48891229289228133
0.2842442358942501
0.04548180153711241
0.2632971359247341
0.2944963514036085
0.018019527012789003
0.5151121247089804
0.028118288206305627
0.526489475375876
0.021444860930606276
0.14887866600346397
0.3260193421632053
0.450793957589607
0.1148283185551887
0.4904218815458189
0.4208839554052758
0.5222847335924977
0.4432143499351824
0.5240926671124081
0.4817218579552771
0.5600725345601971
0.5672823597649987
0.421207587599022
0.4699183092002163
0.5417991299984078
0.4896131700193028
0.5416831661291405
0.5388188116961756
0.5683249554812783
0.5308356033996691
0.5258141571487007
0.38656843617903475
0.3917845503642646
0.470902990564187
0.4929001052398699
0.4458781588293478
0.503356696903948
0.5547094001838879
0.5251657199604586
0.12913952086504762
0.07499895276937771
0.25058326977562423
0.2671173819885271
0.09488658718861934
0.12211214266830694
0.49254662753199135
0.004872761602031467
0.4771060425578605
0.2743274601743137
0.1995951516443137
0.4695656816994945
0.07955943092457268
0.5321567534615398
0.5350159323473912
0.04234011508191904
0.11443945615541737
0.45762887817305137
0.32183821718853445
0.3353240137301965
0.4324392086584388
0.5521221665328997
0.41166753403294604
0.38688761612236766
0.2869500187022142
0.5353435632215381
0.5146298266713385
0.5568964960103845
0.5289774087158844
0.5035547873065227
0.5340181834306242
0.5471320133538712
0.5583669620247952
0.5637031718044805
0.5386369860829998
0.5698594133233076
0.5076898783904014
0.48493688458987505
0.5687557295379652
0.4731779313568018
0.48504380195544233
0.49371793887315807
0.38933696189020167
0.38162199106846506
0.5493756581421012
0.4428140598780973
0.20442512985394953
0.43445324896821697
0.5677232525448203
0.3741732220472458
0.36568989660623685
0.06724517279893502
0.46794823207427494
0.5388180297677053
0.4599124777678731
0.11018174615641924
0.5469807849588173
0.15505961392719064
0.1697949486895602
0.015000036723345852
0.3336772223214505
0.13339783972703856
0.3076357857021368
0.09283831209803825
0.24161032837044785
0.19856091641479562
0.07551507364743865
0.1230993691245141
0.39098726186264915
0.21247971727471535
0.5520043799630678
0.01518873355786733
0.19102278207327916
0.45514747268826766
0.5340378329440796
0.3632183775449789
0.34504007987956664
0.26028734395252934
0.4569142472290503
0.37697690191185457
0.46716974507015896
0.4673265556357575
0.5521090812733037
0.37712560789040134
0.47802224507990204
0.4326547599933937
0.421183670444014
0.361976733993801
0.5696170496821596
0.42959345643785973
0.4234567940154869
0.5613010299203799
0.5207630893569639
0.569237744189611
0.3296712523720089
0.41276806749285355
0.16083263869247597
0.22718677410784396
0.5184343458218956
0.43705398399392087
0.18111160445110708
0.5338800633538602
0.5385927343533744
0.07399983355989288
0.4072479870361385
0.4040807641729145
0.08701074257452193
0.08676125366084367
0.19919855145235596
0.057608884299584225
0.15319040901926925
0.5229672866157699
0.5316888626977956
0.5677443828720523
0.04406160481506898
0.5647909764018783
0.5597892217988234
0.044726951598295615
0.017197482263716445
0.028542800585936393
0.02840155371270773
0.028392438276926377
0.4972237052653995
0.5451760584870011
0.04508811295611528
0.4541027128187641
0.5546381337271584
0.5669292351194064
0.4728902440133981
0.5695084426501661
0.2907840371667798
0.3451486813719092
0.4195617269467977
0.5446558013551014
0.3400241970372306
0.5642960550588275
0.5693747498006191
0.5698135840864621
0.5646316057545995
0.24535898896722683
0.43896374242871744
0.5322760762951534
0.3923286369330437
0.5604021839436152
0.3877483621101104
0.5466211609817003
0.538587613472645
0.48518486427534724
0.4704784853535794
0.41958801006866586
0.5089561042104905
0.1609353104159575
0.5638831331069782
0.047954403525337655
0.22048346307932695
0.4690967285798183
0.5160769380946079
0.005402632350975547
0.536519588664377
0.02018485966624666
0.53624282559802
0.5513518120062603
0.18103240933879353
0.21379450167101613
0.1488618783160949
0.1895604147470137
0.44610024207588556
0.0993664460838418
0.03088176076007904
0.5048982034429019
0.38711507065559686
0.3095506642210266
0.2147659908076642
0.22192848770434503
0.08536590736130491
0.36760851628587227
0.5280896948670799
0.4830883273828666
0.5696858587414341
0.2548344373928697
0.3883204108029732
0.3008151354962867
0.45619299193784796
0.5461128103132558
0.372495255381102
0.3438977149478213
0.33335667573247574
0.3590930398007977
0.5385716258499036
0.560275130455105
0.2895952446728671
0.5111381821304719
0.2750774540026695
0.493539649138595
0.2967560064610441
0.4726050210794961
0.5559871014770299
0.5460463385290449
0.5695947947503097
0.49047706867935503
0.4463737448495238
0.566571054405085
0.14890132301727066
8.380667095418831E-4
0.3871055534118237
0.27640223277086223
0.1612306769370471
0.06580139692416843
0.4577357605642235
0.18578256520481376
0.3102180569532657
0.28596753682455245
0.5548242774967829
0.3894605593450289
3.7424259242413904E-4
0.5163317432350384
0.5056360911464626
0.23396538853568813
0.563395694966754
0.3822964059335778
0.4925399362580414
0.41930175725333046
0.19001184745659763
0.19265838204792474
0.08203119563637855
0.2996947613174914
0.5633258568486206
0.45738321285178923
0.45781930546918476
0.4772504464971772
0.4913626199772404
0.43368752062080007
0.2905283549539048
0.5599131329475834
0.28749498516751765
0.15020819169664976
0.5320522844524357
0.38329333509042524
0.5575678868176649
0.3302999416657506
0.5668701318193207
0.5695535483206624
0.5251045103983062
0.5382248876272476
0.47513472308738436
0.5293819521114764
0.41458397523952895
0.5693837822819586
0.5635830705486744
0.5346069390245858
0.3335632492919494
0.562409009171761
0.3556981486092395
0.5441630835154397
0.5618173782553422
0.026731441644609933
0.023109506547192783
0.14615311970937464
0.46671869674906746
0.5080406953953192
0.4471416981628313
0.4299870369447715
0.3389303943182478
0.5441108011977349
0.3882244238283161
0.02524663936334377
0.018697713170786997
0.034555831805074405
0.16677231547039162
0.45445459934604526
0.37212793669724736
0.0741479858328553
0.022397264222356005
0.3726453112857231
0.13152539087565093
0.5261638810291566
0.42594771344796634
0.5684500616920687
0.5518795307591698
0.5441402906241171
0.5646570161842386
0.5557097222455382
0.5500748714773597
0.5409067184535998
0.5219408601034258
0.5390240217544005
0.5042632183140521
0.4598308154137915
0.5351903468009412
0.5050869772105764
0.5597481667870426
0.4797785106069006
0.5602977236557284
0.4846223442363008
0.4625157619897336
0.5039116165353672
0.5672782004767611
0.5384633145126869
0.558136456545696
0.5698467739751834
0.02436594049705997
0.4984247067498466
0.45078542573334135
0.10359951736674317
0.15809296744803092
0.1296681805965261
0.12624934203390825
0.2511497564375462
0.49651502673725617
0.4837512911886512
0.31735162116240845
0.4703866440458029
0.22518932208665937
0.3668014753161532
0.46351945249208265
0.5076921906520798
0.21963707630397994
0.4166357158417231
0.36898939598597014
0.45412258820476153
0.30473418414358266
0.12344280580311813
0.2982025285591917
0.46638658429021995
0.02730321873171636
0.47766776263818456
0.48230830080901466
0.5324027656795427
0.5689231086366175
0.5573430494333085
0.5073825859870674
0.4804662454998117
0.4311914946860699
0.4969335939695631
0.3215714378505312
0.4575819524440406
0.36836820838235235
0.4629721372380722
0.5404560855226838
0.5601022414164196
0.4786998050897489
0.5678088687004179
0.5698764036259137
0.301410353594468
0.5696919464580791
0.49278283138355117
0.5669135324023715
0.5685205298573051
0.5258922652293
0.5374469195273732
0.5670529415528497
0.5349482713639938
0.3435216935219934
0.5435376006416828
0.4592253465775967
0.1262358150832907
0.5407881509131068
0.43800120988840785
0.15789803889038947
0.3216992946181785
0.36050779820855644
0.07721645586653109
0.016092270866679373
0.20015705514276416
0.38664031882955824
0.34388452865822183
0.16269733004536105
0.510213435365306
0.0021457573959808044
0.4579505062816578
0.5572894981285844
0.1852964528824793
0.1365043176883668
0.4630831880506177
0.05126029451597683
0.43543726561270996
0.5470891378489702
0.5405825931516122
0.1442666410501611
0.5665150640791436
0.23723351786114277
0.4761168560577727
0.5575683751438548
0.5253287519309017
0.560244203534355
0.3065790956715545
0.38216561467072563
0.5402904053841147
0.5535357970852031
0.5654928215702677
0.47114257463670983
0.3352171496620622
0.3587011442918793
0.5675809739667503
0.5686422258581416
0.4121713980734964
0.4800691146344325
0.35207630470739576
0.4159049505824545
0.5117807650981934
0.213431109170007
0.13217257713710454
0.07943956453802334
0.26396731029858955
0.4628401229216435
0.38898328560223566
0.2201078589534181
0.10051333145009775
0.07483345024973896
0.22281882054289665
0.26709927490104834
0.5377253359087072
0.49379943888774197
0.16053698381650963
0.46062207292418916
0.5290824712788758
0.15547148614238543
0.4844957347251287
0.03223026780936209
0.3578840270411627
0.5382459033785548
0.21437045246966616
0.5103716017902792
0.5295065739975183
0.15738898278828442
0.5686015426852282
0.568491488737169
0.521748651054123
0.5698083246764817
0.5413864244784292
0.5191586839657985
0.40785273817718193
0.247739215770055
0.5037760862679836
0.4734579717825036
0.5570327928450308
0.48334400487130047
0.5042963180297239
0.5460208963491288
0.15096444953276444
0.4310719218069903
0.5629839148913582
0.5698718563250432
0.5395426100072119
0.18712435457698257
0.5686775399119747
0.5123193144886603
0.4238923266487965
0.4095496088622526
0.40145012465038366
0.019790407535005966
0.1587012790313933
0.46751945986422616
0.5037213969529377
0.04605782817959848
0.5329802376478526
0.05378885475518534
0.20642596550641767
0.1993583912813648
0.2837582355139114
0.3477634684065845
0.08745250511186527
0.25735439836450225
0.260608948973548
0.3257099385114642
0.5548729505585825
0.49522643717268017
0.18541954102844296
0.17823044702882532
0.22758575440735157
0.27811292475232235
0.10713123552530793
0.09831151084362101
0.17554162939921403
0.18239385400223102
0.5137879388018652
0.5348311625800056
0.3558112403545429
0.31247382413884306
0.531668816270425
0.3643446158148421
0.30129188903368814
0.5691906968479342
0.4182969692685788
0.5401919846625306
0.21417987675570765
0.4312675208164276
0.4586974582480172
0.39581637490558175
0.4187785789480006
0.4613566611191559
0.5262760003927279
0.4887616245804238
0.2230023535783518
0.5391004592743383
0.521239819843624
0.29776170218331804
0.41805078344206703
0.5320177718018135
0.4352142054573054
0.15888380289660314
0.08127351683728527
0.5560864808670334
0.30900206599066654
0.5634572115964303
0.3588084342295504
0.3775794131300438
0.08199219520161395
0.4858364588659038
0.383030915840004
0.5241346508570095
0.03506831494599275
0.522983478532723
0.5146665746813984
0.22403253388148647
0.4619547185181169
0.42310265052019763
0.052947813951641574
0.1528047072825374
0.33088913593207375
0.09855433939168862
0.029154964785394432
0.5497424252122675
0.4031109261646595
0.003512355039141596
0.4780782268403835
0.46624236679370834
0.47364294598787365
0.511723153343965
0.5555905061628035
0.5157277751946097
0.4390258510341665
0.533354872921406
0.3883029602443754
0.5496616609098776
0.5474612745446906
0.5638290693130263
0.4042242628539307
0.4684467746446941
0.558022647300868
0.5691946741448731
0.4613658584634627
0.4358968456228283
0.561196172499536
0.40514311141855075
0.569072361997573
0.5112900453244558
0.5323109829333711
0.5343183941567655
0.5239134151670426
0.06424915285524943
0.16284621192828716
0.0893241639866573
0.061712696018412457
0.04064162038877064
0.4928600761705122
0.44371995726818597
0.22788844266830754
0.008229771083665644
0.17989010305987804
0.43182048319454786
0.4955474261298659
0.04820337952803052
0.4235922985492683
0.38806838183273595
0.23841739461568512
0.04984685975556529
0.5126504134693485
0.35067397204202483
0.22475919150615276
0.30446178841436394
0.2334539960419587
0.47239491199464306
0.19029177010849385
0.022436378531061233
0.5657264041300505
0.5468831005835812
0.5660069197256209
0.4361896642226105
0.377667248321094
0.5487365544840819
0.39845899948638985
0.4173336715766932
0.5420603071623289
0.4836581172889507
0.3593490127733818
0.5667459033552885
0.3446241140245472
0.5189757470181996
0.5497256224634648
0.5253021051996968
0.4986593227612484
0.45733937618316406
0.493250042429699
0.5681262802988424
0.5528086208899751
0.5624294551880532
0.5328659533848418
0.390044538930921
0.5036002122389359
0.0381553884608424
0.49763492329892606
0.2182396580273416
0.20113242722317662
0.15143606783096109
0.24195031250231255
0.3912078664297763
0.015726562681998162
0.1862278149584533
0.09357198196939265
0.07376491685617925
0.17988625476859604
0.3356896548119087
0.5576932898112658
0.3954619053510155
0.21290899582411926
0.24648673994393927
0.19590148965254192
0.3440763599689072
0.40272573699925407
0.5658354203727695
0.07549608775989902
0.21144889259988192
0.05167503643521245
0.031247954857186983
0.44735018965400947
0.39202122478253315
0.41536830382535295
0.45154872579413485
0.39093772954105316
0.5354086284080082
0.35957347053142696
0.3908798006750797
0.2361931000061256
0.5478356294352623
0.49402891149145467
0.30199181062401903
0.5098587589032539
0.5463792939880682
0.4415881708709082
0.5698403853309892
0.4450732157610767
0.37064550223961934
0.5196834545800406
0.4285619359878644
0.4140267204099812
0.41432362275921636
0.3728420214472622
0.5515643959637616
0.5179928665036875
0.5060003316777502
0.5619425728406817
0.5678028670839547
0.5107868881743636
0.016173480032573066
0.3610988051784656
0.03196528416272482
0.3909140780289166
0.4633947680356564
0.10772923117894949
0.027396363689118082
0.4321597329340607
0.35153997109139723
0.30219389038493855
0.38573365350336125
0.5549629584964572
0.35001735278730517
0.18650987074592912
0.17220955266788274
0.4291000383045873
0.043768565207435946
0.20802525640997066
0.08222674155299393
0.2702118551178487
0.29984777754155395
0.44972238301189
0.44907405406836837
0.503294102783383
0.5600673404925044
0.44689062282060693
0.18102606414874453
0.380964550084264
0.5592069329401798
0.4723366251859039
0.4891900234628828
0.47081507347475554
0.20778777342612767
0.5466375681930594
0.19285204649662446
0.5697583204320531
0.5517395316197972
0.5689775193424333
0.5671095871136744
0.5610525254245659
0.5407788677258561
0.28681241965317433
0.5398363338428535
0.5684909084933272
0.48158650636082406
0.4325065156200738
0.21903306729159755
0.4816162723522298
0.3926107595981679
0.3765387378887894
0.26711818908135854
0.5412195210544241
0.4213724313017155
0.4194134510261475
0.524825100139279
0.3554326986727184
0.3914337425901488
0.39651661144106987
0.2952154880819472
0.14054536853473773
0.12250209190486885
0.07227421423530432
0.3246275322080973
0.10129829215168204
0.4689287072520114
0.5399018431573355
0.24593814405010986
0.42829329180203884
0.4485349654675749
0.18335872052943802
0.4707507948077558
0.5171366827833029
0.49218454140982293
0.5063642263148765
0.500542646837015
0.5521228464089019
0.3510952071871997
0.34862712933520723
0.5691538146570089
0.5334110644325645
0.2980084823515272
0.5094316254764697
0.5143709861811434
0.5232559223496764
0.5656010307937437
0.5355936017916462
0.561431506823473
0.24583857691477137
0.5494345162872837
0.5689337357126297
0.5534771996965678
0.4749732478179195
0.49873340626635404
0.4957597073444341
0.5671553661409338
0.48126819425157036
0.21086130034880798
0.5215098174313273
0.14372290785465378
0.05972244385331851
0.5358109489448188
0.18986408523678877
0.492152959231384
0.3253551338934788
0.25200084324994415
0.5037053810111303
0.3410236959621545
0.1574755177433282
0.4979550730198887
0.5170791224149778
0.45844052693023557
0.3972243004214481
0.19962783272085588
0.1709133395654081
0.3086763111935321
0.42863601644402716
0.2398943485859165
0.21676336241534402
0.34469943426248684
0.21783300798720645
0.2361652901444135
0.562090299802859
0.45934036474801376
0.5519970379894563
0.5547689863717151
0.5390674616890718
0.5061964196986768
0.5683623841955125
0.5298563052947071
0.40777129078576924
0.5068994110953544
0.4429167403496677
0.5520834546347351
0.5406342636277
0.5362986427346524
0.5368825954788417
0.4377842188627359
0.48499778766564755
0.5657838995915502
0.40730733122013585
0.56107198026609
0.5402626608787773
0.4888244725638735
0.4457855651313621
0.48430476107163595
0.5431582518793983
0.46161955764189566
0.06454771134902562
0.1648480634766617
0.44789453276073066
0.4643861013531054
0.10377209855045771
0.23024963759282158
0.2372502472941054
0.5641843634456734
0.23510566518743803
0.18864868137793261
0.1934291455276894
0.22567364768137899
0.5388987482582797
0.3126688890799252
0.07892592712617591
0.06264973419177648
0.16296549118184311
0.28705118813989305
0.32652162825037034
0.5556850932938285
0.03216996178405986
0.541138883641226
0.08725906728790499
0.4687298862524238
0.5698358783607906
0.46406646581678707
0.46961097179492134
0.5395636901698506
0.5685885741533542
0.46424777425753583
0.24022822033182817
0.5131170356203111
0.5515528965462433
0.2973042936232799
0.5296318489320792
0.529798339676186
0.45627567510836786
0.4818292324105602
0.49715429108284853
0.5419375841830392
0.5545972497229693
0.484045997196558
0.40254339591168087
0.5659832023339416
0.5568721681857423
0.21563813129423184
0.5573557754813352
0.5390907293558453
0.21855077001798748
0.3866927240623924
0.14528404553505547
0.04681473453650087
0.049550968229693015
0.4644477041473243
0.26610570028481234
0.2592215847214077
0.021998094662048096
0.44512963191323757
0.008665120253344132
0.49725021396002345
0.08464919320721188
0.49347828610753003
0.2883580091556327
0.5270989014552453
0.5382757168719977
0.2347648948673663
0.48527646323588514
0.5060414371727334
0.3880295373118908
0.43946748170725225
0.12216197767838442
0.22062013717394796
0.4703823235669637
0.2399292894129054
0.43776001935862474
0.5504305121783294
0.5116087374543201
0.4631836862494638
0.561545945404981
0.4834794696775715
0.3603691535947931
0.5001685276133107
0.4291236230814753
0.2771543284004943
0.5522972848811157
0.45967765901541024
0.568760863236522
0.5212657233306743
0.15894428939773822
0.48081083079389136
0.5172944022073758
0.4816811190834565
0.5346171526064671
0.4737418820952309
0.4649812903348994
0.4639970571896956
0.472619186130563
0.43736408289720563
0.5341006998946805
0.09054891147918188
0.43282834242477736
0.2235976265471631
0.38097531820019853
0.06322948467110089
0.3251751546846233
0.5358378345222472
0.4211323184539566
0.12203202658412067
0.478835465513119
0.18914638524269312
0.3766900528549869
0.5490205750490887
0.14509580437352626
0.4285194291103149
0.020236825269344796
0.09475667520025519
0.17233840454361113
0.22871433523126267
0.17608843527717244
0.10793187537811824
0.32462757594417607
0.3292772756831192
0.4046792314234671
0.04537026983498761
0.5156337201887264
0.5486805340671554
0.5397728037567976
0.5334370698816832
0.3557469371720778
0.45539202560764785
0.4872328648649028
0.5153626245361193
0.23407103065907067
0.40574639496133175
0.5646052661908627
0.5422069673057287
0.34356150456767415
0.5525794638529409
0.45087061042995047
0.38543306518355974
0.5194627085352415
0.5100919838905332
0.3485617255853885
0.5693027750320946
0.44205129438331603
0.40793728201220786
0.5007202803600165
0.40598452653214195
0.5135694236763451
0.4686244503945242
0.16032262980642586
0.008123488254415619
0.32180084236311485
0.131132129514468
0.3794335541404012
0.020308104020967617
0.4526082315638557
0.45024697085209564
0.3551873949460279
0.21876943490462353
0.35045588390171395
0.37464317297424443
0.18558129656236008
0.21299578369470848
0.17316938041113886
0.07391314445300762
0.5677792074453328
0.07519301314803885
0.5416138148144634
0.08619432579432422
0.31375704698991913
0.470471781808047
0.0668579009399227
0.5540595305347261
0.5327040710090769
0.569662401496981
0.4472672914046622
0.5651873386736014
0.5682118954772393
0.5649597277393678
0.5534165688709171
0.45168390906233985
0.5291045414115014
0.5667017405556768
0.3957554402836144
0.23033405689180753
0.4546142547413893
0.5639024972365745
0.5317380505318292
0.4530272266077309
0.3807565690096353
0.4337262774011527
0.4160245215407676
0.552084588294716
0.5169341917172939
0.5313248200892231
0.5658404458209948
0.5082488779862284
0.45860457474321015
0.06839608561679417
0.5053619599977937
0.3939029457795293
0.13386498546236797
0.3902033640750113
0.46370327084463386
0.44194126362949443
0.41932724243252495
0.13369331713781835
0.10090230258606575
0.08823808244964094
0.48722064021252526
0.04692074283488329
0.0036162079773053354
0.07912204699130539
0.12188224863045345
0.4492605854138513
0.1805488807294218
0.27757467196349006
0.36082271020920864
0.3848260981031297
0.27481148008047557
0.016403504389764574
0.4034711095098795
0.3406006698180351
0.4379756535784532
0.5393761523390078
0.5445146804960943
0.5010892807066024
0.3588541502382582
0.5231215970213945
0.4918780424661631
0.31902127924239554
0.5542367904490184
0.5450877239031005
0.5177753671498888
0.4396564331640775
0.15127943577270975
0.2873528541991771
0.43875795816525326
0.5359316009995216
0.5542778992104583
0.5311012255775914
0.444565049845279
0.5001261951602972
0.5687994397176358
0.5105642751295961
0.4481323043983607
0.4963739694521085
0.49255340965423355
0.19882537541390663
0.40399134404650505
0.5315854249825183
0.22966671181343923
0.031539467117683406
0.40932017032581763
0.14688559725696484
0.4956867435529421
0.049437575404443254
0.013876075958410177
0.12178742919281567
0.4798223935128571
0.38210154657478085
0.013570741047469123
0.4864408078113936
0.37793613061342085
0.3123147381658148
0.22842706145477432
0.08855512708368717
0.3998305466870228
0.043031148192964636
0.46585676381916946
0.5214004262155272
0.048565155145666006
0.5250613151094543
0.3907328127132774
0.32567675657577716
0.5435008991079165
0.2564651190437016
0.29759869205983064
0.4155183827527604
0.5691501722069113
0.5310082795229688
0.539300544088466
0.41730350976417696
0.5414614751891532
0.4493014589228986
0.4658117600108701
0.4478351875558506
0.4034322781440322
0.3605717365419721
0.5375348140810954
0.5657864712050125
0.4473632356960515
0.5362510985228448
0.30547736799559944
0.43799187408343043
0.3378464144789183
0.5582460428977097
0.5515735247845575
0.07891176663083549
0.22129870389611145
0.08925560038480103
0.29095751797801517
0.4144137474066121
0.004105396243686898
0.48022339404796854
0.03960392452293874
0.3255491399342325
0.51447558911726
0.04319593703766613
0.26170798990011684
0.547703795978599
0.5059571868927241
0.4401507365131233
0.49168548018815483
0.43342178655076785
0.54988050444559
0.5606155956838313
0.21461521097682656
0.5359532466296612
0.10034673639191394
0.09530202879300056
0.24657571705303752
0.2599106266608977
0.46148326528029165
0.5174664287495128
0.5474908385093025
0.5035659459663696
0.3979265432801561
0.5586449534673563
0.4503292817629266
0.5479106683810504
0.3781891839546298
0.5549158921928328
0.5500111168825237
0.5112862524098217
0.54018479018772
0.5526558458005466
0.44344537306360005
0.5668393302388058
0.5677837707587592
0.4081683245236043
0.5592812342810286
0.4854683215442521
0.461134615761645
0.4842889864461071
0.23584648635544275
0.48971892486394775
0.4617195293836961
0.01466532242874457
0.5519768400134729
0.08608793852294765
0.5561527874684993
0.406513753411464
0.003455510727677029
0.11374956929327865
0.34885985914944634
0.2731181840885819
0.42140048455367796
0.107224791251383
0.0171593958998661
0.5200367523753977
0.4066194704652641
0.0020493077315301617
0.0155097708101373
0.21307364077332916
0.34402157273506057
0.2602764286171074
0.3301757334380801
0.5119750414491142
0.45824308312904216
0.010133330470664068
0.5413383368090343
0.237816429935173
0.48383905321061266
0.49047696311905614
0.4140227705757932
0.5511599383774218
0.5672323464369504
0.5224449284963509
0.5573143501692245
0.538671235513443
0.16859611776270125
0.39060305128282535
0.36491292899336836
0.4143175963948633
0.5202648459086716
0.5376535275152842
0.5420945619270157
0.48772505534699184
0.39449825725181187
0.2825426521026391
0.5697706722843641
0.3577363038493981
0.5686474536475531
0.5693887128555615
0.5061992003242447
0.46584636184616296
0.5523345792228203
0.21193994875159292
0.3870063495009729
0.4785543132632161
0.32118416115857806
0.43285365593123737
0.3886065648658057
0.03299698205399865
0.11749517199521407
0.38971520079298705
2.823625843196174E-4
0.22146788484073754
0.3104928276946094
0.18932927192648202
0.5457301182027063
0.13842873574901235
0.4140735044481152
0.11440701223953474
0.49191563467730004
0.22002872488532493
0.3925952346150593
0.4263624649974595
0.3284431447327071
0.02918862585439206
0.06159377870883448
0.15083185090467097
0.4735148053137266
0.5125509676280463
0.3937136992558569
0.486113421926262
0.4846952531210576
0.4911500113419041
0.27994091205330535
0.5694259624228317
0.33216189413560365
0.39035760486233045
0.4251875025610495
0.4909899210370947
0.5250219098658039
0.3806127381375932
0.49401152996176634
0.4937484347543447
0.42210167988397534
0.5359751020099157
0.5368433475471712
0.5693985025765328
0.5438844660117477
0.30870977093279534
0.46984756334369937
0.5050039383256669
0.542613957838742
0.22075766422930887
0.0828788231358449
0.423737622902334
0.45438003426234097
0.4376143169981783
0.005473912640351227
0.5673286819596165
0.5543105287271898
0.058831972644208384
0.20516534175361717
0.00555213061158958
0.43420265902452276
0.4877060518536395
0.4993545851211288
0.26488477162918445
0.037561378445139265
0.5567888851333276
0.12872953390923514
0.4599864189457349
0.050920912573463144
0.2794685917209318
0.506785404876923
0.011386484097966682
0.16910255604967328
0.3545036874083776
0.5666162512591771
0.19403795436075966
0.47495057307735766
0.4539818256576918
0.4431169271816355
0.48731857317678456
0.4600348784722227
0.3095295602094167
0.5579853591135558
0.4931170133519381
0.3603743186374159
0.5465650597369347
0.5418166657439756
0.5627652095458671
0.29981738434326
0.2759511460579436
0.43632318681757626
0.5553567610938402
0.5069737166139758
0.2940985395315682
0.29380229052254225
0.5594829208559534
0.44557326277904596
0.11437766179210818
0.5381426390063503
0.5454645275539511
0.09648608974682128
0.37419195524802884
0.004588182210975565
0.4866873070224332
0.37824046697640346
0.216097122230035
0.4470752022680104
0.10067705352063243
0.35534758307735337
0.13874321857348806
0.07301963581901041
0.5248808083378486
0.350615866315563
0.34897383375100594
0.5000996029618298
0.08372603525438894
0.42813366940343806
0.10120865447664093
0.5321525181765844
0.40234291017188184
0.17792067881106416
0.41319284347369856
0.4540271748298909
0.5218817092985426
0.5622130289457056
0.3711820190194612
0.3326864941780843
0.4902897017926452
0.5197905900740869
0.2883802705038362
0.4506703711313864
0.3954481789958469
0.5383151185530449
0.5367684197886217
0.3254119417147515
0.4141898677016782
0.40093145629306753
0.5693524630800978
0.5649614115863107
0.520509282400536
0.24351361653602746
0.5686795446769246
0.5273298011138255
0.172182210637288
0.5603934153031113
0.4404953608989826
0.5603747637593984
0.42497373681915745
0.56777792225287
0.04310375537850025
0.3420695258057141
0.10047102422134677
0.3392420371954426
0.5575476146034862
0.5546530971587915
0.05349626717144073
0.24760361230828493
0.1710734028348723
0.12762854159632767
0.1964949516078159
0.07247002620822805
0.5636496219699576
0.37643781671837984
0.47966268494422915
0.31447656702848376
0.4560125357886738
0.18788680399334978
0.5642790256025781
0.04987675316067436
0.4891308082866493
0.4657313801254247
0.08807738273425307
0.5415612005209254
0.4660265610112923
0.5360555571751873
0.321187583916407
0.40796788197216555
0.44799790723702887
0.53978603648008
0.5454702020025423
0.5690959506247556
0.5006170222097235
0.526245898492977
0.48068783990203034
0.5326117986536489
0.3682328519039258
0.56930074953448
0.24024475231933895
0.5515593594590854
0.07224367448130645
0.37690710354467294
0.5114995035081005
0.41920958219171534
0.4492304165754045
0.2683314103551057
0.504063757691768
0.29137155826900274
0.4190837490979598
0.4254779761416786
0.02647683409951116
0.5260610111075459
0.03025487932783831
0.08629218375317901
0.19130049715080213
0.33498450590879136
0.042010117025827125
0.5509050185900783
0.08402593432752295
0.5050032958586387
0.051156497745032996
0.06602682858936965
0.0957580878989756
0.4681276559088716
0.3446731421143516
0.4292092204050702
0.5603158007356388
0.2094204460624965
0.1562545288710304
0.24245306379096349
0.4778556646105025
0.025976656747911518
0.5670807921353673
0.12595737746278235
0.1522435273990203
0.5522661766372448
0.4834425370442946
0.545044048167396
0.5664274182550723
0.5005175505485242
0.4326525501598204
0.47162963888918547
0.5426713380760254
0.499340760170075
0.5697079106534148
0.5031951054781761
0.5157651388851474
0.4000182153039987
0.40721190256577317
0.5103591971775561
0.5614431509620591
0.21720887634173158
0.434177203161338
0.5464270381011792
0.4794270247249874
0.4356412574687802
0.5402760435359455
0.5669643382020556
0.432673400577484
0.5567262355587569
0.4992018271366869
0.06528457216377317
0.10633657788317398
0.11841100796892214
0.4686736767305616
0.3715799286772608
0.02280818971009228
0.07380754448928101
0.3196762539305622
0.5388242280817453
0.2052244049681729
0.03972059752829146
0.19151641066589017
0.18248385849593937
0.5255586539495037
0.1107214001312987
0.11941607034700014
0.1180078129799291
0.1604324629280459
0.5603109034741852
0.5348732497833928
0.4924773819381686
0.48762179062972916
0.4119265058621352
0.19232948752779022
0.527329610061986
0.5579017452282966
0.4592277503120817
0.55323859056588
0.39493806106702756
0.4588502457486259
0.5694503317138714
0.5491331959067594
0.5664218834530214
0.4486897127001642
0.5387934774768285
0.568021377058753
0.5363653835456905
0.5651006131365596
0.4374580208445729
0.46346789830454704
0.5643102574381018
0.4370584922857953
0.5435799358851393
0.3790887144162216
0.4771963998866317
0.4755696483177345
0.5064822507246747
0.34052682641116966
0.5249312650405653
0.24075404211210275
0.028056979903407157
0.11316619769919135
0.5255387808102533
0.43334377950596226
0.44093101600197226
0.028549387304041926
0.3455598606208158
0.481974472519668
0.12732964218666742
0.09636040892929147
0.251155420468562
0.2146403520722179
0.13538988869921323
0.10309408734281804
0.04472472684902766
0.12209942608587143
0.29520150038386544
0.2517830798097732
0.5038654445128088
0.520198099588361
0.46507082748046846
0.036538458853337355
0.47188721530462435
0.23524186877051237
0.5121939995089804
0.5082455455381841
0.5252577422505293
0.5604892167110072
0.4979233541939184
0.5275637050382687
0.5213816985289306
0.5134570258312656
0.14252402029460223
0.2850553618117417
0.5313856446733367
0.49500998566950616
0.3088069744815262
0.5414918492213494
0.47327693303352375
0.5276893000797086
0.38006938862874884
0.5071391822913238
0.5667513427784038
0.398326561477572
0.5082265229247694
0.43546255885405893
0.1269186833017599
0.4319930495222411
0.564692184529193
0.34082516493509657
0.4236988811281211
0.44251559372157095
0.06919291576700043
0.09939756457592328
0.5663310761045993
0.541479209437726
0.37884391662725403
0.36754261955825535
0.4874157344206574
0.014010122789276215
6.319283440443804E-4
0.08207521129829425
0.5022602207474619
0.3782688382765558
0.4650306455240095
0.42668603373336345
0.5411656716269774
0.5190772987742625
0.3504260920749927
0.17870425855138
0.04968869627103147
0.10050983238912418
0.44988572033856544
0.04309689588517106
0.11891190180561736
0.4551877193019173
0.4698501076799493
0.4676496491647542
0.43662383863143117
0.5600708367887188
0.22275694489576695
0.5681582526738116
0.3921748682747195
0.2646981256350853
0.5109277525408183
0.4255847729089137
0.45041001666905583
0.4482187626611893
0.5639235324427647
0.4534966721764417
0.47732790438568173
0.561181374804551
0.4349826526810278
0.532574330826814
0.5561603326972259
0.37975668716577715
0.430434781244907
0.5388389261864627
0.5240208727336869
0.36811819019374514
0.5152974414694796
0.0692983400305955
0.49494180917287856
0.11959573787386069
0.2656288371202003
0.16633225985275732
0.08117584814744239
0.39933276828123465
0.482123500837682
0.36916626778466943
0.20788407772667117
0.14441019048277387
0.4497726714192749
0.5018927185916452
0.10342174147745667
0.4255843909575821
0.21635670326569187
0.21011796139461514
0.06088987291869263
0.4898607514317766
0.22793357379380236
0.3399607881068957
0.35748965209057193
0.4273593630669484
0.5497080378696853
0.28119655051906695
0.5200254515811881
0.5526272129716461
0.49785849928823006
0.5681505667847744
0.5442203933422533
0.4816719397052775
0.5255983566048776
0.48205724597735855
0.43565869122103734
0.5343748155127088
0.4566842816522859
0.457487286574472
0.47380812482730467
0.42188229253622256
0.5417782607529403
0.5244888646260484
0.555178970275224
0.569187713586019
0.4815014482071501
0.4692616299857331
0.25434053434363096
0.559709258132047
0.5206211002770441
0.08090085554009635
0.5459026620262203
0.17641625940803615
0.11402389161786124
0.1631853018280914
0.11439318770957752
0.11415310666413342
0.09476393689776604
0.44342435248140105
0.4517426142010694
0.542914073116966
0.30671374486036057
0.2767695873475189
0.1717565796284412
0.5464776272216713
0.12177065259496739
0.010361267113953814
0.5424040591278902
0.2972423521741043
0.5080823390128923
0.023402046630429687
0.35660047111250265
0.36202716913276733
0.43334178673597584
0.3749042813541538
0.5691997131716496
0.516971442664174
0.5563199995716701
0.42032739565328364
0.554480128576518
0.540375856871058
0.47554501762201623
0.56966671639105
0.5379315663937226
0.48667234839290213
0.4293848452386609
0.5560170639076139
0.45949236356963513
0.5189781177247614
0.4859523304665881
0.5618350360066251
0.46318245767872673
0.46611278581122334
0.5523480520620392
0.48406218583684035
0.43587413088342064
0.5698722408831441
0.4277202977841115
0.5626537046808215
0.5698339402902117
0.16097535385823028
0.209140435005927
0.2648380880151663
0.12976332719201011
0.5101250237558773
0.5250794313934612
0.15048590092749684
0.27392945912864075
0.45269361207416275
0.3683638466261744
0.19189860261543307
0.02827465546704995
0.4897031865094248
0.4100940445424511
0.1866523177629743
0.1756128744479107
0.34393362418457596
0.2962982751563077
0.37191370965078524
0.3425385634919668
0.3803228651027777
0.2190691327095005
0.5251883025840257
0.08643305988789843
0.45264613323650693
0.5530731099344324
0.5367631823583283
0.41630664438232257
0.4467977222127956
0.5142639647354755
0.4190797047088218
0.4497561307496772
0.5373437624965749
0.4813173252485145
0.5095264268840937
0.48159004065321687
0.5276391035766824
0.5689258713013907
0.2588718627499015
0.30765209909555347
0.5690856910607205
0.5581899642189883
0.5312068280790329
0.5615419127846578
0.3034437209034844
0.5053212449034056
0.5616112253518998
0.5687655617595977
0.5686135668318527
0.4126801436267197
0.20052024020873047
0.1877278530617441
0.4597910432503056
0.3886090854707282
0.12722981149694312
0.21715658670317908
0.2240245900195613
0.02518004845866385
0.013330761784101863
0.5408284586168266
0.0220358353685908
0.2375217756195491
0.11632580736199082
0.20980461149375515
0.4513317989041496
0.07618835538793613
0.016813731769161518
0.21994216254920784
0.5416830826427212
0.14722143571384513
0.4950290169199837
0.5298888956968858
0.4358090116089875
0.39479274087843014
0.217262239430678
0.5414004869377173
0.4239219965954618
0.5128750949452995
0.5557576486090746
0.3331278370642141
0.4533534203030471
0.4544487850522226
0.41045887152268523
0.45069732685468245
0.518853317988802
0.3494898530274781
0.5133175263211367
0.45227161303464125
0.32128493054930346
0.5433195160458228
0.3989424740948522
0.4362291017361941
0.2175921659046758
0.5232705340235579
0.4681204685614763
0.4660183644943002
0.5447472164776451
0.41224266075937405
0.458624431160578
0.5685077282499336
0.4056601561168957
0.5098249887580518
0.1128761780487928
0.023456576688510773
0.03932539531530011
0.10628472435857578
0.45991812199707605
0.08945614355906441
0.06786553289137441
0.3176056917161677
0.5018355738985508
0.46366772302505305
0.34177227180647246
0.5510867615017448
0.49400368499659447
0.24194049708775167
0.5300920966097852
0.02086983816857248
0.06564339705456122
0.5384989604935435
0.43731275567808986
0.004435244716530504
0.5600228505185677
0.027335748134540316
0.3607216058482432
0.5063638548401124
0.5685602772264492
0.5600435171987255
0.4977914171985869
0.4161013869875005
0.5550648912232967
0.5404780059894024
0.39931009540836543
0.5666735920766379
0.5688615168061191
0.3638362492626738
0.5693449169220102
0.5199037459949021
0.5658390613071036
0.5615255672505858
0.45130796775379145
0.548679274527298
0.5095758162241645
0.5663924928302997
0.48253746020432325
0.4542566789802357
0.5118691910322475
0.4650510665259591
0.563000657428178
0.48748544305839003
0.5461635416861561
0.07853398043954231
0.26990076700643256
0.5306345749270395
0.557812930402648
0.21318185436746906
0.19804485728215324
0.16982954038647166
0.3078881302757275
0.5338200315974622
0.07905737572790814
0.031102974797443405
0.09476811654990541
0.1035137355997611
0.0835979485238769
0.33012333376493663
0.10711853450040083
0.5412200896602234
0.07869503966954847
0.5099568219121594
0.3395706951230713
0.1044819270171502
0.33100803549183183
0.055193740689316914
0.0012383055683602578
0.5674082136318441
0.5023645434342756
0.569796284350887
0.5670483649484012
0.4573881935502432
0.5059063244295442
0.3472678543455271
0.48714997708346786
0.4653513295574397
0.5093000192382154
0.5099577011959138
0.44954522519765977
0.45155301851407353
0.34576242288500036
0.5662512637389598
0.5678309534842507
0.5055410323687106
0.48257124468024676
0.5556806476264111
0.5646604166102505
0.538315522170462
0.3875190844846662
0.5535582020545878
0.42685850168833583
0.5423548739406737
0.05724795393710801
0.4907152683475292
0.06485635613634448
0.4899809177290493
0.175476467018717
0.36605283799754773
0.23339305732387552
0.4257130894452324
0.18627214043012863
0.538590194174605
0.49942300367833814
0.4423376635682064
0.025085973682020177
0.03543073527409078
0.18191180994449874
0.28251211490530803
0.3366452566071162
0.08545208804615809
0.33131293636187936
0.4846050432250405
0.13281710807055944
0.23299816565520406
0.18306714866378385
0.2492796111794617
0.33824306591477094
0.22804422764155494
0.35036133526111496
0.5555148211015768
0.5659098861239394
0.5688522170920846
0.5116463941884654
0.3511200773446177
0.560656674225579
0.39217644560360226
0.5449813105994902
0.5662634058553073
0.5684561242378052
0.539515269872023
0.5348843164890054
0.5018371810343312
0.553138697212395
0.5437647005918276
0.38425093069662697
0.379296055795881
0.4055318671517039
0.5639738602715987
0.5269654593205269
0.5534134571363937
0.46576302180512524
0.3835110668403859
0.21970922464553036
0.05729508005976109
0.22256679031234416
0.5528695999263799
0.32654574136720327
0.5250467340034738
0.03368590707133647
0.48262538235620983
0.5410133641691801
0.019457214102615333
0.23368385145581957
0.1158654378112019
0.5012788009171381
0.2680550694129492
0.15526602317429225
0.47476913786139957
0.21917375057520616
0.13461960921937516
0.010498298257637382
0.1779876595444648
0.5160655719331462
0.4738501815681712
0.11768667967746865
0.3817142956210357
0.17664327476357228
0.5616349461894143
0.5653105282761235
0.568583486910807
0.5618187579628103
0.5357421372410613
0.5408125976996189
0.46849860971905766
0.4434241951893109
0.37962193801782873
0.5045065727602891
0.28110053174552074
0.3390355464859822
0.5697142484222981
0.44096983948406926
0.4511540998689232
0.33740048115415244
0.48759846994104056
0.47831271770101413
0.5372167510081345
0.4616119084328881
0.5058843782624765
0.5588674291233304
0.567029239686599
0.5309697643676444
0.4366659058355332
0.2405609249341679
0.3585754353916143
0.31571143596887
0.15156174282781912
0.24526323606192188
0.14379183622150177
0.04938284501555905
0.09745701149700897
0.2502213173377355
0.24612717962911193
0.06501443526771182
0.3294732440035807
0.20480639621501667
0.49246488343395123
0.16965173238305992
0.42814518202863794
0.13701214237324777
0.09262631419253003
0.17487626855898109
0.06321058392389421
0.020194574350061965
0.4805176027911055
0.5413945394517501
0.13884442988454446
0.5048776719640219
0.4224690599315051
0.5405381446064325
0.4616709732878019
0.46416321212102746
0.32557764034787834
0.5253429748469122
0.34216993201742774
0.5690195891643011
0.42217267304659456
0.33155085819977914
0.2760882177166739
0.5692783770447023
0.4589319708425672
0.4436773566243394
0.4523666370409571
0.5155927396950128
0.5692663482472228
0.43988789210630946
0.5455579802548343
0.56216188398009
0.3439605758408783
0.4097899140963315
0.5631211407422017
0.5572811069003459
0.21378274617681758
0.007743815247960248
0.32430011591911545
0.5678982121582212
0.49865261893254054
0.007436138385793969
0.45634438648701836
0.18620929224428445
0.32097330311608196
0.5480217208794277
0.4930058197963509
0.11706568088282235
0.31807986661164955
0.4208335888867953
0.4192952885666698
0.11944809701775559
0.1864084342806238
0.179450000704733
0.5081651801533122
7.972752684968522E-4
0.12222537181817453
0.4345684129006306
0.5571319448946832
0.06222569544902484
0.18025115170919395
0.4292706449731161
0.45639703635426687
0.2368160122575061
0.5612340560065497
0.32836459469533613
0.49781928073001525
0.43231153069729955
0.42591252055031636
0.5097794568595422
0.5572968794668948
0.5626860195610043
0.5318001535107243
0.5690330313829385
0.44035923360376156
0.37956285234620984
0.5690402457860229
0.5684557215433749
0.5467390107335289
0.4455715538546068
0.5180604097948153
0.47706421257730125
0.51423997961333
0.5383097772536295
0.5431357535992416
0.5584073075902953
0.5360960978140284
0.10346421713656978
0.18402201556681072
0.043844929875987156
0.37597923375253883
0.1174755732519128
0.21994921002200207
0.4068117997141399
0.5241488332497566
0.49692459464034516
0.544407790604716
0.09002564797852193
0.5310631764597143
0.08312831875611904
0.21505101148172964
0.03957725086962141
0.37761719310693787
0.5605846727182379
0.07570055353272818
0.46709922455597797
0.4738727358662695
0.41433070498088326
0.5567211473917945
0.12640760887773864
0.5452069380950453
0.2094111841926634
0.3580848839653368
0.49774649367493673
0.5387877438872124
0.5698722292842163
0.4034889062139078
0.5426197111913423
0.3921362303002872
0.42578172612765863
0.35687447752211626
0.5138186120422014
0.5696298085128331
0.5280656102384294
0.16417926299705352
0.5197585552997663
0.4265252491782005
0.27162697686558146
0.5342861694707239
0.5243106131111193
0.28663796717029183
0.4825889363639213
0.5223748262555173
0.4089202141452617
0.5690413343384223
0.5647016049539051
0.4467368506396399
0.2549325364210716
0.018868245758730955
0.05778976383873641
0.529910458769876
0.5612591034911253
0.4330354067308016
0.048533812892417545
0.4756489399197106
0.5681890667709193
0.4829127849744082
0.39088898582557047
0.1261923429766851
0.20435921615132877
0.0019600113899731803
0.20441322773040752
0.5698737976643382
0.35565240372684015
0.499863457441752
0.018029894260855894
0.13603976632076437
0.4068802934552025
0.4180396155720952
0.4758948573861066
0.022708412669414382
0.040840623358653697
0.4918586217724219
0.5407944231407565
0.5559643902694783
0.5456546274268844
0.4728754501227119
0.5672716054905751
0.5637399633463295
0.5696329799129233
0.568259269305579
0.547145548713556
0.5465331837873484
0.41757804254375624
0.5635669735691858
0.5538623045635608
0.5220280683535362
0.5540472471449353
0.45693146656337574
0.49729109856629544
0.541225156452557
0.4763055641810939
0.5618776164711358
0.5500247525115772
0.4400176731007266
0.49758851462667236
0.5677476069171514
0.13830564450388688
0.15791828922703563
0.3730462082260586
0.3732678326048419
0.42416792428196537
0.3118517190776252
0.49388467735341335
0.3863555620606782
0.46547242169413944
0.2629689835473345
0.30752980123784507
0.06593837972289053
0.33735924946521817
0.3208148336789474
0.34173048536850503
0.40068405332161644
0.09753556935527588
0.4828970868781959
0.06586215002792285
0.5181355800208911
0.12017996636102461
0.14608431746634049
0.20861887510505658
0.05911787971485815
0.12539430229043053
0.48323668063275493
0.4865147348461558
0.5690830359900103
0.48361514736860806
0.5576172894381467
0.4829222698543099
0.21950867777052346
0.41925389666187557
0.5413630949227559
0.4370303502731097
0.5268835221099873
0.27436953607061926
0.548134455928074
0.4345245135685015
0.20118418263952206
0.5481923178019855
0.503725309534654
0.5318480070005798
0.502716875680685
0.49640026903704443
0.39873312499425284
0.36176284545060705
0.42914472941242354
0.4592762180925755
0.4567370795358622
0.4721198592255284
0.49972735274945973
0.4921230566414726
0.18710472473263992
0.04362704766190615
0.5310274383552025
0.028674936881725774
0.15867559011252522
0.1040003913976966
0.1770020030716741
0.3910040749580949
0.5168150727585586
0.5451829850874855
0.038295126949401175
0.2177222257919968
0.2642539880759725
0.07124375958223618
0.1491935797965112
0.5115001419122772
0.10072206501661891
0.4447444464105724
0.05598677594095759
0.5596645044039593
0.2342736514932461
0.006629565997765313
0.2958806619795857
0.5437928888397575
0.5465690993052397
0.5599023045517427
0.510701430283743
0.5623555813252299
0.4993602921922997
0.441656593046442
0.45542112107980615
0.5694684549253912
0.5428783334579609
0.3660026649587568
0.569727331916389
0.5053719930856265
0.18914006197057334
0.5368651533095065
0.2541224282089869
0.40843577377664686
0.5226998159518494
0.5696228405352693
0.4664915834844868
0.5696558023855108
0.4608711671700993
0.4893936557747051
0.5493200383163173
0.41583741020297393
0.0046558249292831125
0.4547438979205111
0.1953970305256587
0.23371933022930336
0.15368894240912837
0.1747987959039622
0.09001208544408436
0.46691761333973547
0.11375276093174803
0.37254254529654196
0.5505593983453798
0.01897166538596967
0.07204454085921722
0.5347547751934154
0.19878454892209985
0.20348260933256318
0.012816595057977189
0.4189593639860323
0.20925327630358065
0.5576543650085907
0.4917122277323927
0.5461369266109001
0.12810224637417936
0.12577886055781004
