0.6400405110771226
0.6359957387691603
0.7152213905021905
0.7211795751404125
0.5026680051458631
0.9130236050729321
0.4712479259584827
0.642789268285723
0.5709601042544324
0.5683920292009228
0.5036981765097783
0.8408575278596111
0.4873914073490209
0.3843664574867193
0.5339563685042835
0.5953460163946435
0.5536593713002983
0.4109022936075466
0.38528538208182944
0.4561173752306607
0.28290729148705346
0.6231757250606469
0.6743061703111211
0.4502905017334653
0.5587631949958227
0.32072661662603513
0.12530056961064792
0.4766066654472033
0.22225934446875495
0.4180617335602419
0.47696583323461206
0.3189338614222117
0.30127146854919196
0.5622970484196126
0.3214829364256039
0.24765223694510688
0.5630978210260696
0.4746883603173464
0.0965075996993004
0.49405948176635056
0.1119669620113289
0.367889568843585
0.2292199532477416
0.22195788778284617
0.3683243325592243
0.44631434270416004
0.12081209906998379
0.5044658222213233
0.3143903197076983
0.579972033700748
0.7299218485245059
0.8876990922766956
0.5272256380259618
0.23845505731182862
0.43924649064253674
0.5698069875457462
0.6459787607384828
0.684572607796479
0.558606267153307
0.44521563842845235
0.5515967731036718
0.53340927737378
0.7850190899922065
0.7873108358784245
0.52087599531744
0.5464036227785771
0.6724957113417201
0.5963134974937182
0.12863150337186222
0.8035760787609337
0.5657736623621262
0.4231937344303001
0.5653022997005125
0.5880072883713816
0.5746435992472894
0.013392123058402441
0.46967743598691947
0.06676997161411467
0.14665647207323557
0.5580250118591126
0.12262539013266628
0.19999498417976863
0.11837139542933353
0.15629876635905912
0.22175975436710715
0.11463474773532249
0.29638562505450755
0.49710118364849337
0.560567915890021
0.35916903252344984
0.5626918040844976
0.3118636003536006
0.21228167783138135
0.44998067842165884
0.5562374878920964
0.40941343954868914
0.2971949882858682
0.5530831404472775
0.18873518978751572
0.5382222852096745
0.6165549568294523
0.5317966139497484
0.553165082901223
0.5315169584583692
0.8034300657687898
0.8210730039702607
0.6015325838566424
0.5788987039081501
0.5635649710902009
0.5651104223521919
0.7376617695465851
0.5697595230409483
0.7197960485054039
0.39683106234399784
0.6566539051987506
0.5238334052985686
0.6487930603146034
0.7691907820112576
0.8957951006840823
0.5856960444232723
0.6584060055289006
0.5636487457330606
0.8686738412767966
0.46822137994801377
0.5664908722287212
0.3779159456964986
0.5425914258326013
0.5873458001550024
0.2107955105755901
0.37982321196067054
0.40244068883576695
0.32207764287539714
0.1860098038571177
0.31331219585067815
0.18696450703235823
0.03013885506897079
0.1636118729644241
0.2927306513005407
0.2240051247022035
0.11925319767924109
0.5635242326613114
0.4102494449456639
0.11237397445934423
0.16611109443113675
0.17147364230243115
0.4001683480382631
0.05914520763423643
0.44193969886164397
0.18851231644276314
0.2276730837654717
0.5727545222540253
0.4687473682444908
0.9446293208224514
0.7027269796359829
0.44696831853242686
0.3884230544827401
0.5739344991235095
0.6343132544628732
0.6848500559357326
0.33638757827429744
0.5126686165142119
0.5969034849443431
0.5305717509173504
0.6344970855309722
0.419730783111801
0.5753654538712891
0.623143982076425
0.7322397379352616
0.6709174890944632
0.5592736765917015
0.5598067309837818
0.8865241731289535
0.5683947270978098
0.60483939377074
0.7290966063536036
0.3518030096290906
0.578801354558996
0.29106515579268466
0.5235594399231874
0.32904923621937865
0.2548334561739129
0.5347905938328438
0.5304475629000388
0.23292634874958668
0.1562809962317098
0.166818275381392
0.21655250295796127
0.03962840225062123
0.521860290378209
0.34026225891352163
0.27162653163720063
0.4840830405903038
0.25040524260098457
0.49731533995128885
0.3051677626775815
0.0646473471104804
0.3451653233074144
0.4181626740736205
0.20075792275472512
0.1905511716025998
0.9530392635356725
0.8041350378750484
0.5634038857265391
0.3931024251735141
1.0089158934115703
0.4967256140992642
0.5334773451179907
0.5702444873380925
0.5697350662308648
0.4942993364112387
0.5703873272473805
0.7867718485960078
0.5489938139450454
0.3769807430727779
0.9265902237690484
0.538791867633877
0.9335592298553644
0.6197247464170694
0.6862088975445492
0.5668240528093309
0.8635403217168917
0.4615849920704896
0.5244638829895605
0.14313544523888172
0.9880212011994451
0.30589914203456386
0.28996682344936925
0.1281672065056054
0.0034372571110900586
0.051545569107292535
0.1603532363475191
0.36782223489145166
0.1358952871704278
0.5981416466782866
0.36850861394602596
0.4097647308760659
0.14834497314463369
0.09593582867940116
0.5582011765133266
0.5147989955920493
0.1641622912805701
0.3935437307885025
0.545174817594791
0.16853365628954403
0.12462786622526126
0.4522980195309199
0.5729659004021678
0.21067251164712997
0.12889380344194776
0.449605449724263
0.7899220120135062
0.5875797990657081
0.6480474892064495
0.8890813581450703
0.488082685885665
0.4307599472417848
0.5966513220086636
0.3817107020482699
0.5832583398872029
0.5713532569065163
0.5626528069304874
0.8414697674259607
0.5872842318923754
0.8414514303659753
0.2510161243845901
0.6057500326119194
0.479052827211873
0.5192229499429741
0.5676955937104884
0.5507994980989982
0.6491876970026218
0.5655858613935718
0.5736866568406949
0.564702404498731
0.5382945907809518
0.033525737932412446
0.45130851165218944
0.2089774905156714
0.22342935103240485
0.2508086889678841
0.45943170331266403
0.20087838967684274
0.558524931522523
0.06179071595874562
0.2168806229954445
0.003782737841557619
0.39006564853539877
0.01959135152539378
0.24262203681297909
0.28779888951323984
0.42028928678114486
0.47479777873435003
0.23933868170917766
0.5188219413126557
0.5531942633774719
0.5589489089041172
0.23642537711031145
0.17829441770991092
0.5520605183337118
0.42931868039690124
0.49537109401006685
0.692046891258452
0.593235763894702
0.4415462749745849
0.5087335313588787
0.6466477584727343
0.7263405950840397
0.5836136842395957
0.610626261367925
0.47884342078824255
0.6180073547475495
0.831250101772224
0.6199480154097926
0.5444798236260433
0.12068678379763059
0.881129075598864
0.45060816695997546
0.7196626359900619
0.5333064669647472
0.468872884332536
0.44974742969698045
0.562539321013399
0.5902502815661842
0.8023040478250101
0.43637176762689567
0.3481219534028288
0.07872671489886408
0.06103339841988231
0.09792611653319223
0.4123810875263537
0.5838867749939328
0.6055044275250562
0.34418167724339493
0.17356745394675815
0.3513793514492722
0.46957418104061815
0.26071906739028117
0.5369879832858009
0.22771123149342673
0.008022322359708218
0.5560374575262327
0.16869630642959607
0.3750514825383895
0.5297139203241795
0.4779715186182386
0.3582358921213152
0.1343629295612381
0.1541551137018156
0.550819278981529
0.07680925640426424
0.4980448927429748
0.3976316665902986
0.5890093939595881
0.523188018496196
0.6350351503890815
0.570376012682093
0.6626128786083807
0.8980340931543913
0.425249897651043
0.8938491835969309
0.6063719182223707
0.7275539040165186
0.4130760314806904
0.6632845762768348
0.6560688981687969
0.6560105665291285
0.4986478161523921
0.4788911745011732
0.2927320374332065
0.6078983180379183
0.61154787702305
0.5707645407806791
0.4999264428289118
0.9215240518102135
0.847214191424909
0.08365635008713797
0.10018913267724103
0.29338214079550656
0.17779016411460083
0.15820990488308112
0.3841511496405663
0.2327193233808985
0.27411035132242906
0.4208970055677128
0.39043362690223354
0.0769790157970371
0.514299354684774
0.5074167055802168
0.5526413200924106
0.035904344047393406
0.5262872360732346
0.09115138761470079
0.1387478721858443
0.18684568810618368
0.5287240251564412
0.3696775398561636
0.5209921291821638
0.5487603413849583
0.3429109091874354
0.25513054764017007
0.4210313771828781
0.7548387010807146
0.5164561475952395
0.5191048810041424
0.49467848588826435
0.749629800334317
0.6204520242581912
0.4406258691883668
0.4526721090900218
0.4444111740408519
0.22478054019518023
0.5645943993680895
0.6057371931329321
0.7124289006608964
0.4933492671632098
0.6508293540510368
0.43623409475612007
0.5151859076055713
0.8598908159609195
0.7131344431996295
0.6869043026864611
0.39624952711146877
0.5449689687681821
0.41645200832952683
0.5827901692349717
0.11205977668938688
0.4498084832433971
0.4813510408539
0.2578209621899872
0.24513292729611674
0.5229487407674565
0.550130267278887
0.3129557387971335
0.18138110859137604
0.2539429055287146
0.12014467379246008
0.5570038653874984
0.50252554291903
0.4503234339045379
0.5428387911738892
0.37173383487870093
0.17068851814471156
0.2641347586049712
0.3553965437889084
0.5233405025261506
0.3574302600358349
0.457941153585747
0.4262420747784441
0.46555437322140425
0.13822269175438653
0.5443722496164919
0.5990196245183707
0.30413367670260444
0.6724921666180314
0.6073189929312582
0.94999229435718
0.5191920748691657
0.5625490888337867
0.3847796458404585
0.5033914181782128
0.510429925250173
0.5969786496032629
0.22185669188613696
0.3498328008223128
0.6393450350987347
0.3663191770385918
0.5478088657070148
0.419505164013487
0.5949687864411968
0.8277423176365265
0.47266852012494026
0.593272199040092
0.16146019985634136
0.7336216495053143
0.5750012782043787
0.29204021847804595
0.4842406997964794
0.5711775101579332
0.009427070323816159
0.5595614603823528
0.36796643171694177
0.5607865891681101
0.20910949761661465
0.22190152408012476
0.5561772825423412
0.5522607665932755
0.29627762430699833
0.3492757744748373
0.5260652304972779
0.27660191719994426
0.4760605851722948
0.22814303476411582
0.4510334923946241
0.03537054642246375
0.5691304779503209
0.03689842852267396
0.5719717845104141
0.28139228003375466
0.027487921641031622
0.044963239102326476
0.5541287678484927
0.5466630372893898
0.3707494935477138
0.6440752462259566
0.4889818541033137
0.7339547320550458
0.6045317233448019
0.47587980409312625
0.44038255783853947
0.53256000842665
0.5594495210484067
0.5136213948655204
0.5678749519791931
0.5968730336495732
0.47081315812367014
0.6808635298949869
0.5298973539696955
0.5264326198681347
0.5204320958677431
0.5922957229533017
0.3938804927483133
0.5315727374012044
0.615620591686063
0.5380240019225261
0.5342549085373598
0.5508720334383104
0.47167652647913005
0.5349685295301071
0.33337769555094005
0.4058522222860147
0.557688490871857
0.3152083338598865
0.28539246882034175
0.10859066273521222
0.4573228828975998
0.18986639177110864
0.5248095691321193
0.28530601054138716
0.5426467603535022
0.4650998273931334
0.0139389209917072
0.24571767326351468
0.1541007733621247
0.19880135993017037
0.4645974169420305
0.2722136390940325
0.5650614330250716
0.3307121508492519
0.5109396972300254
0.4570746264719882
0.3939021898099852
0.6197663225966196
0.5047226628127709
0.9640105531650982
0.6062759458564466
0.8839842127490971
0.553261789254811
0.642530943440155
0.5747326488533979
0.6041875805371626
0.4578453166323426
0.876731863084658
0.6364149854711568
0.7765911435825377
0.6003888751609822
0.8969068741690877
0.678485636245013
0.6438384168923695
0.8187758240792332
0.5529160080651756
0.7613065230347821
0.6119265858117152
0.5990251747387335
0.5689316240059308
0.6494334225600487
0.45274348501644296
0.5220962253038901
0.5365754005985389
0.5584717380252469
0.17805553396154153
0.4123513593859948
0.13150622481481397
0.2248481232366884
0.08282213357803106
0.24344235865936562
0.026137558386019534
0.2879497148511173
0.006677460464088597
0.2761452343254801
0.061098506167521084
0.11394852125929869
0.08705794299813749
0.341498426653831
0.1420580516601447
0.30021941653595435
0.30945570841963377
0.2937912940913255
0.3662481557034752
0.3609120437620915
0.24524814610150433
0.5585727559318455
0.33267592034913646
0.614464516235455
0.5717497648135935
0.374380732921408
0.5692003584805033
0.5964846727917547
0.7462700325148337
0.8568190149978941
0.5086313335029082
0.6190710543697319
0.6671008610593431
0.5649751306178675
0.7351461379687663
0.5535189413423247
0.5800331647540999
0.5660518611098505
0.6319736366906953
0.9815281495900536
0.4321759906436165
0.5235438654982475
0.5301552432841279
0.5678685151813369
0.6280257670211401
0.4956404718768651
0.5045261350718221
0.10334173463339112
0.5468062627323284
0.552928798956504
0.4621428025798821
0.07784873937385225
0.0722010248927001
0.1625286678249
0.054207988060553644
0.5452387278916745
0.5700053975827686
0.09047840562783989
0.4993861082078861
0.36249474316124297
0.4246268241963853
0.35978134755114255
0.5483120937184328
0.21891299309252812
0.3782307816419653
0.0040988062376662755
0.29405449035944037
0.305028371321238
0.005663590727293136
0.21743554795241454
0.3162155813243981
0.5895735128444481
0.5541583937466346
0.2844941432214275
0.3504104563107507
0.6508273239191055
0.5745136483251972
0.4293440665344315
0.569834708107378
0.6657591162288126
0.6441874324903455
0.40052525976904624
0.5490890148279925
0.8058205329018606
0.5500651768133458
0.4733205082803973
0.5497916385336873
0.31377752348669063
0.774709542651942
0.5516641309077281
0.7077492744162115
0.8730304831895955
0.6080861252915829
0.6497675590780299
0.46030989290402935
0.6873895717576441
0.6888372938584788
0.10906255283209519
0.33997763583789975
0.31846668258481087
0.4348410778576268
0.09960432075690155
0.4827293516652174
0.267573091896553
0.25631241227678436
0.0771017241263923
0.4187766140112226
0.049407531844747686
0.3358229312140312
0.4665549037879902
0.24465714965761948
0.5577045409206394
0.4685016497238537
0.4898211179172006
0.5311890271116085
0.19155703623278672
0.06970453038046413
0.323891884834538
0.3796675838436279
0.4778459112492822
0.1320660053469562
0.5749528179008231
0.568164001039175
0.7533026317071281
0.6555493749620471
0.4678337227975147
0.6831424963183712
0.44313287579942295
0.5964818565089738
0.6306703092962925
0.6363531356242612
0.8578989262976383
0.5437425680839225
0.6926426456371648
0.8814108888009564
0.8204891814154646
0.5817804822612016
0.6555202348860325
0.5787696493559865
0.3217680464311786
0.5617065053208518
0.5064252770062435
0.5082645599492169
0.7313911926692809
0.3898925000339875
0.6820086076061486
0.14717198051530891
0.3165936503682334
0.06552258081248818
0.1634405816380349
0.050495809683775233
0.3381876731819685
0.5660516663793863
0.4255391221649847
0.1059964199347591
0.006237200410494669
0.5475573528910772
0.23657702668878997
0.5768171550302088
0.444219668482533
0.08043460687167642
0.10114864350441843
0.036325988474830095
0.541328978218023
0.049905058955092764
0.2530624285132727
0.51011131546025
0.25517844833551084
0.5649074916194481
0.5382063077940387
0.020938933632503178
0.49440178236488974
0.561313371165262
0.5477744099059187
0.44159425903400473
0.4883114114552026
0.6454921322108133
0.9329287612950551
0.5902794753624131
0.5786075949910333
0.47781342932670007
0.38886006253944844
0.5370818020988843
0.6433618003868731
0.6194681319547464
0.5603972611486753
0.6952372869861511
0.5554033731657775
0.6557412867821353
0.6486648008874742
0.6807570881458997
0.7674740298816496
0.688999822631846
0.6888881306533038
0.36607981249960264
0.5626911184967925
0.09986184430724526
0.5506297449605434
0.17273020394447836
0.5867848232603814
0.32235736430357637
0.330771065262922
0.23139203325857258
0.5873412094687767
0.30018679817292143
0.23374184104458604
0.30064482825450206
0.27502873922135557
0.04973697587283764
0.5480732629178554
0.12672611089230335
0.0855803240540496
0.010574785563288874
0.5781649262507922
0.1318038144417679
0.4785188535802126
0.2540175764412008
0.31230877765322745
0.27082970083944724
0.27517099128558287
0.5703094228650387
0.7625264321687687
0.28664537632830966
0.12224532654535855
0.14420124961760236
0.32414857145999926
0.7355321484863617
0.4907229259702004
0.5041902331292294
0.5247773420820072
0.5436232509285827
0.5697378842707264
0.5918853222405015
0.4435075047357389
0.5838095853868079
0.5758430205586423
0.566976999132422
0.683903447418335
0.5395490768230063
0.7730779427710325
0.5599989335729085
0.7498673719678316
0.5695336228302057
0.859411102635545
0.7340385457956103
0.411823637582995
0.3634502383593508
0.46498306570145903
0.3816772626268461
0.32157450971115925
0.13232083299113578
0.12239033203185054
0.10739312398019905
0.43952423035964366
0.5335998875033942
0.43330379163896837
0.4904571579490969
0.5019790525087166
0.03203309095574797
0.015656273677018533
0.49374194680835515
0.5654797437232135
0.2749370528259447
0.24002519980274054
0.6049416498483546
0.4588283119699116
0.3097191267710796
0.5163514373109143
0.34028788603699694
0.2360842860696977
0.06935639478985887
0.726378250079043
0.6718031232871005
0.48861696468584614
0.5495800268412038
0.4495645615761305
0.6301551164211672
0.9277419096649849
0.44146479052198423
0.7765499911325832
0.5694791347685096
0.5720266698534089
0.6305538120486065
0.5678167209110467
0.7444301005002902
0.5679442383103815
0.5487029214007593
0.37868658483369994
0.538720259357907
0.45169951704281297
0.25187712489084957
0.558551860483889
0.7474755108183389
0.5486253926238985
0.5520179875660075
0.5043297303280734
0.15752996611179415
0.23740058710172093
0.23741352954859887
0.5477276664918044
0.04618531457265363
0.5612996824810443
0.458086096617981
0.5137392030562757
0.36303220071651265
0.5260285888106849
0.3447346277672103
0.2572051037376283
0.3867323716491188
0.22829808152313302
0.31579050807429415
0.18615928848636948
0.45089481306362256
0.1666103851031572
0.560773715753838
0.07803080384568661
0.04693730828591904
0.46623826474992586
0.5094514367371654
0.15847482006929828
0.5865582499010135
0.40606750978186457
0.4865544852997696
0.3630543539752202
0.6611903725129238
0.6068884589779252
0.564609154454277
0.26156633984556915
0.501585414018906
0.5537076305615821
0.5334042253646069
0.5685393830825745
0.46308239794087164
0.6026360404704353
0.4060023197345684
0.9008668230759929
0.33284201187054957
0.5810469583055295
0.5638917132724165
0.515106170181943
0.737042252695219
0.5778933690945156
0.5517808704393397
0.8253722977439684
0.48940938749298274
0.43988090284365905
0.5234277378373673
0.5594810547147716
0.5529487929476329
0.07501438599523623
0.19130942641603552
0.21724959333929256
0.06605051509747484
0.5260960143745935
0.47118281266663337
0.4627476729072804
0.32864992299015716
0.15579240320634669
0.2546289010385879
0.5530783580942655
0.5290662041073075
0.09070152445392962
0.5465631995834078
0.47689617318500727
0.5088304095136552
0.08737229351291381
0.2332799616501965
0.6381756868210553
0.23386103122466428
0.09030515252787187
0.41336429030543476
0.6998793863275948
0.7653198025569186
0.6624906619695133
0.5539820827780161
0.6354953332885928
0.7175544736083644
0.4045303310131738
0.5449908574424926
0.5676781096981787
0.6027713525077395
0.49304318077127507
0.8394899995368102
0.5188538118680359
0.6191148296266894
0.558747208946315
0.44943656433042806
0.7035562172490647
0.5756631672268181
0.5548170953257272
0.5549385369093163
0.709994560598174
0.5259438490651651
0.56970342324674
0.4440107027535103
0.8797536294796963
0.15398793259698798
0.5281041057749647
0.20781406373916936
0.4929694389205618
0.30781336037073675
0.15653687347435394
0.05314055702382097
0.06038932683942197
0.4184482264326122
0.4045963747703649
0.12770417349706426
0.16271573989113122
0.22572113870615312
0.48711454945367466
0.3157171161054874
0.10817212463970614
0.12020817927009071
0.5680792060808411
0.18835982133647491
0.15466780793037602
0.45290458885749674
0.5670917136004318
0.2873721256048563
0.5506500673709355
0.42240707757369805
0.7026632710206555
0.4592460595855961
0.6108660988206323
0.7569997728281648
0.36704073622982886
0.7286883348164964
1.0542259598877335
0.6121704555233463
0.7707432869825903
0.6276587725380947
0.7760418782328374
0.5010181148331463
0.7983855807426661
0.516967959536271
0.6343552523585502
0.5357697748201576
0.6189350597403416
0.696922093753852
0.980546651284633
0.46246320844910116
0.571900447693095
0.6974275612799979
0.8156974461156788
0.24263075252029861
0.6747377066248245
0.36830115935935837
0.5598224936771287
0.08408856974084827
0.43476427371231174
0.293035710574425
0.3478526829586241
0.24274603588279248
0.469530639461447
0.36251043779049585
0.07286960661261935
0.169091946180042
0.14457922114394023
0.09265220489140515
0.3143202390571513
0.10656168074644994
0.09537920652650139
0.15726622100520118
0.14164599923891352
0.37161298329434533
0.4702690637688549
0.3700429852674258
0.17963471465580214
0.5622572396895692
0.500209065251077
0.08949967571623084
0.5697866378403479
0.5727029871332292
0.6437840359780459
0.752055781103303
0.6939634272491396
0.8334106923089839
0.5864986130924617
0.6173772009635663
0.554636302721438
0.4362243454497168
0.46642165501610877
0.5897470418930644
0.5613697239327594
0.6883301939325382
0.5513438277609839
0.5560737624745706
0.5284686695458843
0.5914820468575355
0.7444205808910773
0.6418635133541691
0.569896977348459
0.5882390493662013
0.5757349244765445
0.8359584565653344
0.5698624279390361
0.00890909851511394
0.44682386698531346
0.24877577098827003
0.21836398330498913
0.4255240990648408
0.06787398447779078
0.11050513947293646
0.3232640385862647
0.113941693560608
0.48832790978463436
0.3511440115240076
0.028654232042693722
0.5048293512546846
0.41974101505219313
0.5628941099613596
0.42271500541518586
0.060159083201527186
0.4377828710657942
0.4933378857506958
0.29988685078426464
0.1099750666171215
0.28603193782042813
0.44188153676170205
0.14599565906882409
0.2948092848676993
0.8754097220517543
0.5685228027829503
0.20760446859297585
0.33205820603040836
0.7423792733668322
0.7520112524354238
0.12492303542012008
0.7127008151122056
0.5881962409067403
0.8441449835919501
0.3671840831377129
0.6627759729420851
0.647644165593438
0.5305664984770468
0.46916099620634827
0.658724269643875
0.6019561833829905
0.41311326449278596
0.5544219801328646
0.5735349773569529
0.5706004244554311
0.5095105678681597
0.5772225889174896
0.5189517469376235
0.5610866897664192
0.05173335986509689
0.12325745886278809
0.23269567223674398
0.3872381406960835
0.2896399861228573
0.3730077461683295
0.3878853438773523
0.009666771325811823
0.17693510739473856
0.014891017267140677
0.46522806614804113
0.13090172045283524
0.6218276105615064
0.5032141846749367
0.36920372047948563
0.17424494015952174
0.3815171236567705
0.5289279343643488
0.5676460845602526
0.1136380294527255
0.5277507612050134
0.4215168310720456
0.5617125612262713
0.40798413492598995
0.2949211870706132
0.5486527860601912
0.9056477476862574
0.8243471003059135
0.4901420620995856
0.6794555152102316
0.6492039142424098
0.5660822378189992
0.6530000796022842
0.5044077482940567
0.7129848055366825
0.7865415681616748
0.6282761264195679
0.36803881277829714
0.5787171785184252
0.5888027704713563
0.6152246668076061
0.9823672231466282
0.14319343808816803
0.5148693697912807
0.6235539895925614
0.647825232970823
0.5685930204888144
0.6127705171193919
0.49264839216582945
0.42229213234598806
0.15133374990579915
0.07866088997855449
0.0727385120258325
0.25388014535108777
0.06183516819540607
0.5535397736379996
0.5238392393805503
0.10239949963572462
0.3722211202966275
0.43577402472891
0.4820376348285071
0.10461594199814185
0.22307361638437348
0.5943778885240704
0.46119224320618735
0.1210598661802777
0.4100865221900331
0.2748515768534531
0.13892721955112225
0.39568235439873733
0.1376301918180062
0.5153773711750499
0.5129288069686995
0.49198757802635995
0.035395172053478766
0.5173362211561583
0.5522490458970237
0.5301359474462927
0.6784548684332108
0.41676662233149164
0.24250313548405567
0.5406888739951412
0.6148458997334328
0.30864221130211433
0.6324706174427904
0.669262464382483
0.4322914358549521
0.39498247952007554
0.5286473027895533
0.39859040774090826
0.7021986990150286
0.6609422324704884
0.3277423571409481
0.5292153097525004
0.5992212134669561
0.6646841035220256
0.6038283341877291
0.7705750207032336
0.6997597602957083
0.5979064384311983
0.2218108107359563
0.5404758202217317
0.49209713443752034
0.5000369931191195
0.3064183700260112
0.5874297362919115
0.1582771207732654
0.0746248106194304
0.04642074273357969
0.374953230539349
0.1890721633288809
0.5191196056666276
0.33902810908977066
0.3197340525165949
0.5597452245265576
0.41119165832140336
0.2363623703642282
0.34460257867096084
0.5689619668531216
0.08900024360845073
0.16804037947052422
0.5095197252858983
0.3855734719480907
0.43977601435315605
0.20458536675680222
0.5772851952923842
0.7407080364381239
0.7451410172662616
0.9128057879054298
0.5607814985249159
0.6102608206224647
0.8978807884207672
0.5666343201727506
0.6826834884713717
0.5324429577290906
0.4493380603414485
0.45023214172280734
0.45978754104557135
0.6548241872883003
0.4353824162326527
0.5906565153485648
0.5478261602604325
0.5493646009478965
0.824488737340647
0.6069352788132291
0.675830645356813
0.4558468200971505
0.6909578695621871
0.3821688785102886
0.7596184043024912
0.5765026715890158
0.3127706954627787
0.2048402818767187
0.12657653489198514
0.35585833951926527
0.5435353720280457
0.179300046354753
0.512029234374639
0.2709878502685865
0.2844986121524088
0.28502465015589884
0.2890469187812531
0.1144821278921357
0.33571867369328273
0.5143777186349343
0.06557463215994777
0.21632770918117486
0.02485746446062875
0.6004897992657999
0.016666824764049414
0.3188071736719715
0.11420486271481482
0.4457419671703178
0.5412452624261993
0.38872764701802204
0.5365774270141527
0.46117155849948044
0.42906644145098677
0.382016202330282
0.6102364661014991
0.659102256648837
0.8529073207107374
0.6153733252446044
0.5833837392943284
0.7610794269073546
0.5041341058413769
0.5933380547371498
0.7615845572211393
0.5209019518298499
0.22470525243310077
0.43479187962852683
0.485616890798376
0.5714527346548193
0.6785872870394749
0.5672867030266014
0.6808254888004911
0.5348159271288309
0.8761820370995018
0.5565244256441957
0.9432316908732443
0.5523509707888807
0.09076026970613997
0.04726877618622992
0.16993373267314352
0.16107576509998348
0.42969756793826763
0.5559007453154943
0.5745677510502987
0.22473674181905404
0.05819214635648423
0.340693703463807
0.3503554883856574
0.09562767937239693
0.5797066031693026
0.5651306188007449
0.14931587779060929
0.46858573637443596
0.23961326651415607
0.4220765500848949
0.003230799389679697
0.26328977207039234
0.38481837943450536
0.11518458389140357
0.19572769691761888
0.5489426290539517
0.41645923268032625
0.7568715822347956
0.764585901248762
0.8461944308397399
0.6610445978940533
0.2902616477784741
0.4062177508473884
0.31290491414358823
0.568605150733717
0.69874304762757
0.509176166130057
0.5527744097885857
0.36091248814996757
0.5844047080701803
0.7432233092094056
0.4544368389261693
0.8012974799644649
0.7014295508513728
0.4548467772913255
0.715789382680311
0.47500834554184895
0.8124726319997222
0.5327967979381913
0.4773012794272415
0.4174178393914197
0.5691208978743489
0.49394363808504954
0.12002724643833075
0.30293705810016386
0.1487943034655041
0.4979607680021798
0.27060737781081107
0.4744257385959825
0.13622975511024893
0.13074853182417331
0.444519835045424
0.14496733143047513
0.11918814762937298
0.3922930895643378
0.21640391255588828
0.5618159101355249
0.029958804748493797
0.3781551328923527
0.5447275579547078
0.6171191910906422
0.46874813914740804
0.15179521701226964
0.1766998075683463
0.41188034837548
0.5152259808391726
0.5901426047400186
0.5651140713793802
0.5027799306204357
0.639035549048451
0.6342904631051957
0.5691973479307122
0.6406265901112187
0.4546808459688686
0.5561291580311368
0.7960282612334288
0.43717340107791547
1.0161950083954416
0.44003155377694486
0.8519959278922575
0.4346191853406664
0.5502427902171783
0.5590592822925865
0.6821747452033508
0.5551018433400967
0.33259870079461157
0.9155634340612612
0.4640707789451769
0.5674120876912299
0.4921352151304514
0.27857047387577405
0.022457642774869252
0.19181792581722096
0.5127311180931104
0.1957596707416016
0.5120612461535448
0.46588511581209596
0.4696156943505025
0.4920245214257829
0.5975264437902198
0.2438077534750618
0.1360728827052832
0.2569655161577877
0.012096581383978445
0.49309700388626215
0.1816975922068084
0.5787859067882997
0.312391644514101
0.5488816801365982
0.47147633893987695
0.46189008976138485
0.1944739826123385
0.19417420698108417
0.29606430692791935
0.3837462173007429
0.03490888891397627
0.4766799249690731
0.8043140208608545
0.7403212857129399
0.59951606804059
0.5086857590486936
0.5955555752921072
0.26555381338919926
0.5204278799601327
0.5769814758489463
0.5721205449021278
0.5818933619497422
0.5694338362128917
0.605285523961601
0.6156456719605854
0.5513664146511935
0.9834893051516519
0.37581002780037237
0.5705216624096408
0.5591391038035138
0.8084222674405374
0.41976066709656773
0.657170042884533
0.6409998639490858
0.6614717329670617
0.4277957472833801
0.05881304812409895
0.5850994515344644
0.40645105765145473
0.1970313514671703
0.19914632533411544
0.29141016020733
0.06326718039811083
0.4252612599638961
0.5287034894820232
0.2003087483525237
0.04789440109605868
0.23331647236980477
0.034030652094668795
0.596165675446662
0.46596653014412237
0.3711859713185658
0.5519981703510385
0.2539540441702331
0.5408430219955572
0.21630755148994288
0.5273447190612341
0.5639164815269477
0.028391523037937433
0.05044860053423835
0.2756188631416998
0.5636898443184262
0.6425270605056079
0.5067607388570023
0.34834679673926144
0.4782198872144483
0.6793471601957505
0.2705127394688401
0.7003133971984342
0.2262658904194726
0.6201329546352011
0.5804680683200216
0.6340130502297678
0.7496965311137077
0.5911047198674068
0.5714529015243883
0.36056778746185597
0.44367099726167014
0.3659204806283744
0.5651816247919779
0.569918657272432
0.64678080136215
0.8563128886929762
0.4017268926589377
0.38753535413669726
0.5682101457434964
0.5135973354985701
0.5515857451839287
0.23224748289688288
0.23902267140749556
0.22981570453189495
0.5665924608224213
0.3358761982708252
0.12230455251284478
0.5464008813157906
0.5474367983152163
0.4760757588371448
0.5142997473192952
0.006216859236466985
0.5549156750235261
0.34974119748754934
0.19038512655920195
0.039556916556866176
0.3915838454161479
0.0328090425947652
0.19734746573124307
0.4976784301334484
0.3084792473983671
0.5149690022375365
0.15728578849482316
0.21032820258854298
0.6068126051785045
0.5336679296617018
0.510824038726855
0.5695118363430481
0.5671374394645248
0.9097571289672919
0.821512496139807
0.5409565860712906
0.3885417636378075
0.8716718603009328
0.577547662205611
0.6009045453565158
0.5697513896329874
0.9941476665120259
0.8194951498094607
0.6600745758469182
0.6279050951647743
0.6546150333890642
0.7989243961536167
0.692550093723199
0.583957236997115
0.5699615189400817
0.09562933512547717
0.5666038910783413
0.5300589010476847
0.4973750853588563
0.21409563461867312
0.258119936328302
0.2722823512798832
0.18895494823333234
0.33536373719370494
0.5126194312015756
0.5317947201414817
0.051509013220368854
0.07239308926615762
0.5812615776698209
0.15607755041918245
0.12992614111119952
0.5650505815378103
0.15274165649470897
0.4434124459586567
0.2310913899981149
0.0569317033856832
0.4138511208483842
0.12442195536562708
0.3409896821059378
0.10775388118316548
0.28505537669950853
0.4694116252723379
0.04458452194409212
0.652723910220763
0.5586998738525215
0.581099307166915
0.1620919705076823
0.5764451054814642
0.4175727315058369
0.5704237069132287
0.4929649133544624
0.5891676395574172
0.6016794102820556
0.5629800832685565
0.7757931410103589
0.5489042603232698
0.5775430633723643
0.7315657455934915
0.38355114367508386
0.32769183603130836
0.5743554767102103
1.086907763572866
0.567052109763071
0.5103597634546561
0.7860477244317798
0.5930887792668076
0.5987471648586856
0.530005609398919
0.28625466250204834
0.19885772447277564
0.2331240045822988
0.17135342711828774
0.3386217792713971
0.5869646063272477
0.5465423773030478
0.43549455589936953
0.30918185248075675
0.31107832058606094
0.33075730821384336
0.3447131429879932
0.20675623435633964
0.5408253864064628
0.15253875258249816
0.411682164856445
0.3532973727738457
0.18300019262496886
0.43928232231546027
0.009485453238260073
0.4719675776714265
0.5028907140811523
0.4403340372742208
0.22202272379112267
0.29406226828202164
0.5163936410136923
0.5576985431245655
0.5491656120338155
0.4376489819455172
0.683467335461972
0.6283770042996688
0.652830646033339
0.5540585543884626
0.7960720508320444
0.5837138232199359
0.46078193671079515
0.4487145425785293
0.5480228898420227
0.9203734814072427
0.5915324822904852
0.44156703812393056
0.560467329751409
0.5512385618024427
0.6297492673527644
0.6720964965287728
0.4721028722306866
0.36133060851735743
0.6989927676500468
0.4778217612446855
0.34406249111461457
0.3763405613124538
0.2449374910942428
0.21880088151601307
0.12146405337832758
0.5425337224622984
0.26783689078336376
0.44839760058793193
0.4569106821177253
0.03759431771192053
0.43939249076755243
0.2169683577730687
0.42292982006344987
0.1020032547713593
0.5260244307628226
0.44549663182871097
0.22743302041517144
0.19844765748260826
0.44928420514046896
0.4334712398643659
0.3204703862407931
0.5644059565000479
0.00340052161449935
0.47626789694213667
0.522452419750292
0.49188243476546
0.5050945263082964
0.5913219852610389
0.3394166318999129
0.56729008630084
0.690003577596023
0.6692122572583116
0.5558400579659853
0.37437454831610945
0.39976961497678926
0.4789613053970731
0.5112905137867563
0.8441836235576584
0.5058196414173307
0.9518538010043701
0.6001986958403797
0.6100672208459312
0.7161458371883663
0.5803669891330259
0.7195552204799841
0.474550504079501
0.581612517392235
0.8350335818272813
0.453349375996637
0.30539018149967645
0.6074152636131932
0.2073522167272903
0.28172787880481265
0.24506997171932376
0.4530693702954668
0.29367804236313827
0.17451289999857758
0.4533818865985872
0.5757621959824577
0.5111022390597434
0.15148477564443966
0.007342550373943611
0.6260712078853797
0.44566494587265454
0.23831409637842352
0.5685117237946773
0.19749334350322956
0.2094676223169004
0.5647687973728771
0.0694373970641545
0.07964165196360048
0.2992781000905554
0.2609735744157829
0.48414186339230825
0.19974735258926957
0.6521664919128766
0.5724687654224674
0.7215217557608062
0.5524278324686165
0.49021332890673536
0.4710925106761731
0.7592915661522973
0.43748590909602486
0.4235672962044658
0.5017358997707634
0.6865869384091438
0.5429005983427801
0.8150308671642655
0.5386482570703277
0.6444105971643213
0.6506850418685118
0.6001414818006433
0.6104205930916586
0.5463733037507649
0.5331407449952059
0.493041803271938
0.44982016709006084
0.5699684466625742
0.43796029038651146
0.5438784759329788
0.5701037273540226
0.2334231935542299
0.4898396618891475
0.4174702437569152
0.18340908681753385
0.07294557282985906
0.43339526266630435
0.21131903973908775
0.42013246261962695
0.016147703281676102
0.4280665969455513
0.4802528627963984
0.4892945044804345
0.5139131896170716
0.3588607267311456
0.5295698231573107
0.4986136296073541
0.44134110975955576
0.5263952875613199
0.3175013867949981
0.004374378433897996
0.3854552366527995
0.5759031069468536
0.24359902021831073
0.13242724258549796
0.27671672224393784
0.5829490294660103
0.25900160611264056
0.5414536269596733
0.5776931407064008
0.7672237550690013
0.5370169265804928
0.5344159898609604
0.6290284441591623
0.6681094734290468
0.4659832523489869
0.4493681004611478
0.5632274997002508
0.3541821798401606
0.9181647710151409
0.8422822166030024
0.6260597870481537
0.4862641650347231
0.5922989811666446
0.7950204868042114
0.456436063379502
0.5755950522506162
0.9330936739681559
0.5509247090370626
0.5528751839337009
0.7650483821947351
0.17480881906546594
0.006365315151243655
0.2725866411221508
0.23897995790615037
0.09353116200394015
0.06851823967103297
0.637413966619049
0.6551373678007893
0.17549313643454573
0.23674144183507098
0.14738153309110136
0.5840775393455292
0.5349825536768382
0.43972729282468576
0.2886358363318933
0.5214504379219763
0.26687392817113975
0.33235911385458095
0.26394498269984634
0.16075521327703923
0.37551310598793564
0.10670143586663011
0.405392676759472
0.3150542629408874
0.4808784999867692
0.47443334390849184
0.8966099457695752
0.11467062390856851
0.5971601204638958
0.579713328408434
0.71374371835455
0.6628842626086711
0.6535677194587058
0.5171080232212064
0.6973916397710038
0.5489870350783749
0.6812997989088375
0.4982700110367906
0.6889140909752389
0.558095000212743
0.7305964454413448
0.6570203534035693
0.5740802382574149
0.6426436394567355
0.5210496081773189
0.6155132763402403
0.46412696564114414
0.5112270641056692
0.5610816336487513
0.5031342445389013
0.5325105287556883
0.07464300649052848
0.500825027901714
0.4302835794143727
0.06289021419276776
0.21466551661021294
0.02498135343342642
0.3255290067585457
0.5342072080077306
0.3683717981293743
0.11762804374262968
0.6210007085656628
0.36410836153003195
0.34626842780920436
0.204313194211973
0.12675241603957985
0.21909334889298998
0.2988670255874159
0.26758756195345845
0.5359703113894597
0.21782698919374832
0.5295336481889926
0.10193532751652055
0.45282066281362776
0.3861559128533767
0.5235990762159953
0.9306562449733247
0.6753705239562688
0.5790627923904487
0.5959210367090223
0.7652186993261074
0.822139502189738
0.5772561524568659
0.60624308578185
0.6445800843216968
0.5544650348661445
0.4946984610803611
0.7693603721787295
0.5602059404556213
0.5038106576250241
0.5698731619025785
0.5588865647133895
0.6303562764533399
0.8620650697437152
0.632178081289591
0.5707549811427294
0.39782246542957517
0.529959428309008
0.4271513936583338
0.516018888611219
0.2631324482116841
0.3624195927940062
0.5773368340755565
0.5346109991485426
0.2421319571044033
0.49637152384187894
0.37902345787660036
0.5753255808899711
0.545095161417501
0.30796242376521354
0.02330237818268558
0.033761438642902576
0.3915085182295326
0.3425188782828524
0.20074089640447562
0.4909943268256309
0.04839645067758547
0.16910702126213825
0.5338454041113337
0.10438414759092943
0.09912688191361978
0.36025370258856837
0.07811652457038741
0.08883217426347302
0.15224378759874285
0.4369095534838247
0.5650890053815913
0.5706897497465989
0.5690915337319788
0.5903100178903942
0.41408776867333236
0.5624402176199332
0.5698767305358736
0.5871553684091965
0.5750760581842465
0.36401698118526266
0.5597282155159483
0.5620799380294947
0.25122067368208895
0.5505616525799444
0.5550390448648447
0.9119739733011184
0.5659043082236486
0.5231961156744326
0.26478735249263036
0.3839110421490802
0.9030592034904346
0.5581025871434561
0.4448862772000642
0.5790129531420285
0.41292944209198623
0.5307208732156555
0.03655209408270711
0.23180409561719265
0.40986595958282385
0.5327527988823831
0.2899644226167336
0.2194953552704829
0.13462529771919654
0.20456366297917172
0.48177464354265537
0.48028558284263645
0.16989103531793381
0.5581610714635147
0.3205107196187186
0.5339718434416343
0.21164430572308407
0.5198576087812321
0.5715395293520519
0.3214969707958324
0.3860465061778614
0.41112301951518093
0.37174823437220694
0.5578949575779463
0.10889120023017505
0.4888380657564481
0.6782328180796281
0.41595319391551877
0.7057873722449545
0.569060911270963
0.5039347030872589
0.8667927006287058
0.32284412135114127
0.5455382148655396
0.19867548503332974
0.7092828230421634
0.6941086646292718
0.714384074867705
0.7883001667752783
0.5016867668993372
0.4989553271196102
0.6790757440100709
0.6820628955927327
0.5881939210601344
0.6463189877806298
0.548743994817419
0.3209131598120979
0.6407122523403159
0.8816631040503788
0.6141824269739304
0.4346928893123319
0.5119432306266022
0.5618200323998878
0.14546698058714633
0.32038112368884125
0.5793877900890259
0.2916471810730462
0.41883877230476996
0.33487485840775144
0.27058278665392665
0.2724653186663534
0.5940047073730654
0.1045120613014052
0.17159156864061192
0.3663444161026948
0.2001993627547765
0.3364531901107619
0.2881285641193431
0.30755068432077726
0.36923431433288034
0.16992512574169455
0.166212784628987
0.11076011557028194
0.33054783921340714
0.4745867328796754
0.6604233344078624
0.5669155926942829
0.5158115831643346
0.5602447049731277
0.6365297530132478
0.6789672985987193
0.7924383827519684
0.5582253077238083
0.5692949294607772
0.611413683746941
0.5990123527172495
0.636546887750992
0.5678626203291864
0.5513302767078166
0.5186423809292616
0.5556259382411072
0.6692090697464932
0.5435413960302302
0.5880108648645109
0.5698996747232964
0.6038494096816388
0.5635067845659703
0.6882037269710919
0.17518527492010277
0.48467777421887626
0.35592676139830765
0.52212101525087
0.530391398362977
0.34357106694578365
0.3112741801750965
0.3696385177689775
0.14790747244162192
0.38185765301590957
0.1622849690095625
0.4209821194469016
0.4795452609595771
0.3082086822217961
0.25375346866142706
0.4421398230852643
0.4150969906812349
0.0645690976388921
0.07851017982368838
0.3123247616610405
0.532360381205721
0.1915303738475907
0.17446551298165333
0.5245006764878014
0.21481606154911262
0.15176416842135731
0.38609522510021804
0.6694344038179638
0.5173680022719176
0.38792638602924384
0.6913671987170794
0.5986188800882797
0.544453004371592
0.5721178277718052
0.6701814596330163
0.5199944868445923
0.4447582818821487
0.443157582573111
0.5473067565275481
0.4489907111402976
0.5473352205834429
0.6539970456350569
0.5930563151045
0.5486774838597286
0.44441561603367985
0.5309534191842255
0.564948752985256
0.6864564382653462
0.9087980038437716
0.7061757713924681
0.504347954230934
0.5567352536166768
0.3134056327455827
0.5472361524865977
0.08556509372623157
0.2020772415120382
0.21414021887579868
0.4550381582770648
0.3702345069632544
0.2722678422864274
0.22595367981481695
0.3497098371369835
0.2948366116144223
0.5297894740449312
0.21791909431546075
0.5298661976901412
0.25167379133786294
0.45154666621825695
0.45367398210922116
0.3045522629592322
0.33379162287324154
0.29305025178959426
0.23792153180998954
0.11523741685121003
0.4689627693708332
0.5627167758702818
0.5040735898922204
0.45162646300198694
0.45029196225620055
0.5376152483713826
0.5119765987641957
0.4087118755428985
0.8371140584247704
0.5309638628036
0.5615599977054762
0.5441993712548855
0.5729758418323677
0.546766178600179
0.4986828720644402
0.5236663052765574
0.5374531968383913
0.8963167190718477
0.5627067663908449
0.4010646560542132
0.8479801066714477
0.37290835457102856
0.526435549290264
0.5386510391786817
0.6551957240335925
0.5696654579460297
0.6039868197423102
0.8259405762654938
0.03921004362714589
0.5128229835440132
0.3782294673517637
0.5481384225626761
0.5037906104823089
0.027170066198890234
0.11451520204346685
0.5476170982710181
0.4185193505566542
0.351684718182154
0.5385401718977374
0.2575363178685139
0.5197180355481629
0.2565395237476839
0.30339611527483024
0.2631789455873593
0.5491541099183501
0.29749648639426335
0.25905800329663264
0.3391845258526999
0.46924466577954155
0.19428314866594637
0.5551973618513658
0.24405434816304702
0.16846101039416497
0.7599273759857978
0.43994051666389977
0.40892039732745633
0.5934869435540149
0.2773167747544186
0.3553804525477964
0.5717699038058507
0.5567896032870415
0.41119248644977935
0.6502767318757362
0.35280682029340327
0.5395520874526729
0.8475721681283966
0.5979439781243483
0.9134070730170459
0.5728601999873106
0.5260741377785252
0.500911457228458
0.724438372888683
0.5454070398638465
0.6440125664522672
0.9203322818770322
0.41314095217484326
0.6881805296191555
0.7026400852726875
0.09650062813126432
0.36744991851977105
0.34128277471055324
0.5636077836567823
0.2687771580141438
0.48143274555373455
0.5148589047255069
0.37423765634447054
0.018758253775099872
0.21817610682646915
0.4318353205752267
0.471856076428517
0.25396093583086654
0.01765339696715856
0.15576128954694488
0.012603059713265675
0.4565321516263992
0.04087662290478973
0.48153696815750524
0.18357997924532013
0.5555613020886127
0.4972950560984741
0.5210962398535157
0.5742585149226204
0.12490064911857993
0.5198659617319431
0.47746321308039347
0.7018782570794883
0.68398287395857
0.9776039194827213
0.5658998635744051
0.7425905574138302
0.38171922436279326
0.42112749694850665
0.8438621793635883
0.43363028406072823
0.500528415769971
0.8643446164110412
0.5964121513441067
0.817177420981433
0.4294075403355198
0.34994804435789567
0.663960740476617
0.2865217019443944
0.5241393862907037
0.8618859278296885
0.585335768699704
0.5503786295338314
0.5715012707853582
0.6918841621177169
0.047120064223398164
0.5652144420825642
0.24721566157215996
0.5684047728474981
0.3679958516097845
0.5690799068837388
0.003844033486308275
0.020547041413684675
0.2593599577887464
0.5313075939326379
0.00813165237833908
0.5979257753165251
0.5443833933699288
0.05954656935350103
0.13776785930482313
0.37687595078721686
0.5960909736720422
0.3862923221174445
0.4728583333584091
0.0493628948914562
0.03267592713462987
0.08747237309814583
0.36384906755465163
0.0917701121968389
0.43693864628104173
0.8161344025744313
0.7575428599237174
0.755678419093408
0.5965137603572102
0.47304266312644183
0.6216787240166632
0.3061750748816397
0.48191874754746666
0.7923786158502272
0.8262150594663694
0.5686121848728783
0.489065953956162
0.5385639299180011
0.4594897690883066
0.5787108849874776
0.5997740487512601
0.5346588999458408
0.3883210970647183
0.6595356981459166
0.5935761797336307
0.570355254439436
0.5801492548999713
0.46322256402368445
0.5475401826528385
0.6346714730743992
0.035686280907381136
0.5557673563745185
0.16433299583805797
0.48314344860160385
0.040540732670976055
0.47637206165945595
0.2172916617143472
0.48485847202393384
0.2329011969269928
0.5980690855622963
0.38600336543863284
0.25924712992959276
0.047267261427485704
0.251855550588969
0.1075793499085574
0.1577747901297998
0.534777813707403
0.13398217505215496
0.49551261611068553
0.4846403536883809
0.3005550837640003
0.39020767410434193
0.2490382927048785
0.5188005365999272
0.45079624984508304
0.5932381989179101
0.745019556992601
0.52004604043647
0.45141650200764194
0.4333513239512337
0.6549818036396922
0.43096504235933486
0.5215816562543099
0.12737937107144065
0.627226218479008
0.551586516367
0.34499073043685713
0.7371255472199066
0.46469588784439475
0.6209048774135378
0.379837573852672
0.6423120836193572
0.6381491821272892
0.5374524534495256
0.5772095019898309
0.6862459912080084
0.5390976030986598
0.5250867703711054
0.5697658728873974
0.6469459918921254
0.4933244036652018
0.359080514423874
0.4442018091368311
0.14763066385189955
0.163181442241585
0.4562897512308829
0.4499172242096222
0.42309728463796525
0.2585394477823626
0.5507631055562443
0.1295070429938045
0.21118567620731765
0.5366129950261967
0.4770789418889717
0.5882736652581969
0.10961749736031318
0.048460266435837424
0.04693271422482818
0.4106500864533013
0.5673339063151058
0.14531742549693727
0.18774321842547234
0.008990152343788246
0.5528522576001267
0.5345782590655748
0.6316190670261618
0.3063308927848616
0.6018038248429648
0.5399626614772611
0.8090537126551697
0.8268196237302265
0.3844434707001181
0.5557199989046218
0.558754465517058
0.6812888976805186
0.5759604751744223
0.5677908177213277
0.7311383304957587
0.36147770240302807
0.5638564616628016
0.5412028162384106
0.5698554006545723
0.7045938547873022
0.575984120252511
0.8996241767894065
0.4871247729658976
0.5592294685091455
0.6590995222246124
0.5842391201537257
0.5349395560102705
0.6244405762963243
0.2122697650141861
0.025067526158202857
0.35202571202587235
0.36831047268261824
0.39622621902415195
0.21063771636878048
0.5459337425498582
0.4486290046711436
0.3461899172809966
0.07726072781968499
0.4892928636461921
0.29987323821585266
0.6400362424542806
0.09701552503554228
0.12806014297179044
0.26024112335175165
0.5114263427382744
0.2329448894347426
0.512342710338009
0.3044247753494396
0.28042310152289035
0.24543234974942563
0.07571032824515249
0.04785289549513347
0.44203849815306645
0.44507519897866576
0.6371896637331401
0.925173016528571
0.6102704138997636
0.5650329551777602
0.7064279501841889
0.5685534372001453
0.6303028085112012
0.5016092461429634
0.5247249240747489
0.596763107524148
0.5307570507809501
0.5542343922206702
0.29398725236701434
0.5793120714247972
0.817697527445681
0.5296983742685507
0.5690752320442849
0.6115600526877517
0.5084430182527896
0.6411706287348
0.3676167792198311
0.7618740963063043
0.49258704648000123
0.4943395545800231
0.5356943944836048
0.27098703998822987
0.5377556528520082
0.5642789369722947
0.30579067050634695
0.5563780867736631
0.3255733379847931
0.09628958805583876
0.21950469186201368
0.26560225802568305
0.39070407089354814
0.5690979772473908
0.29680755250205354
0.5388886341178866
0.13436256026328025
0.3521872177667865
0.22578393176184217
0.015606882585626163
0.5005896248871734
0.3534933557773283
0.2224800883351291
0.1531595722245018
0.17765214608409058
0.25039625176950747
