1.1231209236020394
1.1167009164579007
1.2550483479148609
1.2655081051969517
1.0
1.6022717546680887
0.9090203480771829
1.1282826963662904
1.001901007567425
1.0
1.0
1.4833508420480124
0.9580371392724589
0.9046910325097552
1.0154702751234017
1.0447070486534633
0.97950656506524
0.8237292031536112
1.0
0.9474594504581126
1.0
1.094182103274123
1.183273528874666
1.0
1.0
0.741133443325525
0.9866920130449768
1.0
0.9267752434882188
1.0075527149143793
1.0
0.8292763931878303
0.957115604732732
1.0000167204551738
0.8119452980334774
1.0
0.9972171930752762
0.984600279133556
0.9680986474047285
0.9565238400538804
0.7298711107905091
0.8800076967506281
0.8789063589087454
0.4827403099818546
1.0
1.0
0.998098992432575
1.0
1.0
1.0271668520023494
1.2808424505110847
1.5577411679710027
1.0
0.997309759295092
1.0
1.0
1.1335414925007479
1.2021814232119206
0.9896029622189157
0.8632731594206353
0.9782490689372879
1.0
1.3795717269063081
1.385845041657237
0.9411377866434416
1.0007971093701495
1.1825517824347198
1.0472211773984652
1.0
1.4296058133834009
1.0005057867885079
1.0
1.0263704224661396
1.0357086334886232
1.008369265632384
1.0
0.9500723292738382
0.4548729747031656
0.4866450121325604
1.0
1.0
0.7911207118551566
1.0
0.7916041668436474
1.0
0.981162473415098
0.8141815258667319
1.0
0.9934522551493551
1.0
1.0
0.7751407732053637
0.9969993226446842
0.8397589500394415
1.0
0.7658705545836542
1.0
1.0
0.9191831712391672
0.9995097488120728
1.0906245592142132
0.9333028605889011
1.0
0.9396730589738318
1.4102391588707681
1.4407908157445477
1.0555487942399604
1.0160424922927658
1.0
0.9957031675432004
1.29847241019506
0.9999058771786711
1.263140121292309
0.8475660195123196
1.1524339804876804
0.9713283871042427
1.1390097233755239
1.35499789742821
1.571910606538274
1.0277596954626667
1.1553481010727524
1.0
1.5252990518840337
0.8579369974044905
0.9947216039431154
0.7212179718806382
1.0
1.143083541880163
1.0
0.8623558511879326
1.1278890667627797
0.6079236675859705
0.7494567791179945
1.0
0.958820643807466
1.0
0.7651383248416452
0.8378642431093378
1.0
0.8526939081157614
1.0
0.736725496519729
0.7945522009877881
0.44348553144839753
1.0
0.7137484866090891
1.0
0.8929319626867871
0.7503569431109827
1.0
1.0050519093866368
0.882049482009528
1.6713500067687923
1.2376736289852497
0.8866726945688976
0.9914547889630224
1.007120474113132
1.1148730958915198
1.201876174933791
1.0
0.9888536588170944
1.047425681929592
0.9541564393964185
1.115202250428022
0.9536225119430151
1.0129913564020558
1.0938874727056287
1.2853796009847944
1.1804380482627068
0.9945966480255293
0.9971416641512655
1.5556419710530334
0.9974031762525503
1.0615429228524336
1.291375936074654
0.8328032044100293
1.04456388977559
0.7952779880444467
1.0
0.9795050357854994
1.0
0.9989304865893898
0.972943148320168
0.9701876588610889
0.5895593843527842
0.708624063925346
0.4692110238090277
0.8905478586282533
0.9858653509093962
1.0
0.7225752743488295
1.0
1.0
1.0139478622551175
1.0
1.0
0.7982499590309498
1.0
0.8847977495719781
0.8146284664827417
1.6723669170251736
1.4125068415201392
1.0161290545956088
0.901250712399466
1.7858647112823132
1.0
1.0
1.0006455522458129
0.9999664252269168
1.0
1.0008959975695961
1.3820704747995587
0.9634813267404198
1.0
1.6295952002441612
0.9540975006093324
1.6466794248628691
1.087502719348324
1.2041357483030608
1.0023868917587817
1.5436591321352342
0.8863740101318857
0.9588378553069694
0.7867840822482334
1.733748963241308
1.0
0.9201886342929186
1.0
1.0
0.2892416813054699
0.5503233358195961
0.8909441477210598
0.4992602362179126
1.0519058880854384
0.8198018205667039
0.9086731780181179
0.8073383966203083
0.6502430107609629
1.0
0.9692309572185506
1.0
0.973001617787898
1.0099553652150102
0.5035974010327399
0.7208513770447906
0.8243285798281168
1.0061979677443738
0.674732376649664
0.4203748034371926
0.9408296830380108
1.3868917776067133
1.0310663523291836
1.1373283654353923
1.5732337429524852
0.8626716345646077
1.0
1.0469830686382888
1.0
1.023482423950075
1.0042852927050134
1.0
1.476690305281291
1.0305460873786374
1.4826024733344512
1.0
1.0629492080195324
0.914038812872343
1.0
0.9980843359971464
0.9976021785775684
1.1393548236313578
1.0
1.006685528082308
1.0
0.9890646096313335
0.633344639641446
0.7938405311852741
0.7552056075540206
0.8900755008194439
1.0
0.9764961689532027
1.0
1.0
0.9976281681335548
1.0
0.66625620564374
1.0
1.0
0.5286567666162536
1.0
1.0
1.0
0.6930104288342855
0.9640189925374626
1.0
1.0030758292105086
0.9429904451693133
1.0
0.9918396947137658
1.0
0.9757164653846775
1.2151355020229264
1.0409897059108892
0.7909612831696736
0.892753473555275
1.1352039427247873
1.2745928428179987
1.0241128620255986
1.0718207905518393
1.0
1.0969550756222388
1.466327963330586
1.0878692546831195
1.0166304535316142
1.0
1.5744697494394178
0.9275055709241157
1.2641189706738483
1.0
0.9747000434723525
0.9142730772826392
0.9885749317483947
1.0357596184574853
1.4078554695675884
0.9156864994169005
0.676419685007155
0.9917052497269281
0.5137118355444728
1.0
0.7966248276058203
1.0691645333840722
1.063183118340429
0.9522127625729875
0.8595906719952038
0.9714728643888458
1.0
1.0
0.9835958805886342
0.7073356306935242
1.0
0.9838934329496083
1.0
0.9777671465450454
1.0
1.0
0.7219926969177886
0.7877087688098242
0.9919282619942339
1.0
0.8596790866214596
0.9818636425217009
0.9392526218067777
1.0367147270101102
0.968168122692307
1.1145208283749595
1.0008777027320448
1.1627301267875838
1.5765834931791116
1.0
1.568616517616858
1.0714915296494207
1.2767499232866557
0.9530853330650464
1.1642481260945
1.1512539723069712
1.1523021647568783
0.9665770843697219
0.9189368249790572
1.0
1.0667189058475208
1.0731230892863277
1.0032574469260305
0.9698205814208234
1.6192063894606634
1.4931694887241689
0.7466294031111096
0.2403312406819243
1.0
1.0
0.9456551520922554
0.7595899954874248
0.6163945744036947
1.0
0.9947161670175815
0.8655046705488385
0.9925962783466274
0.973529953232962
1.0
1.0099486498327566
0.7551307339799144
0.9654074512926818
1.0
0.4100523135707408
0.9414016499329474
0.9334189141204909
0.9913702064404402
1.0
0.9803566063006345
0.6490003314885586
0.9996970652231771
1.0
1.3348129721418214
1.0072106262290157
1.0
0.995138910684412
1.315425997877068
1.0887523765368043
0.9664787096744121
0.9976820209806503
0.8963557212574219
1.0
0.9998160995695091
1.0630611181893546
1.2520995428423403
1.0
1.1421642479387633
0.9379001074909264
0.9389195084839189
1.5242522419016356
1.2514044626974519
1.2055619875855021
1.0
0.9655249116829832
1.0
1.0226603397253988
1.0
0.8885862453796249
1.0
1.0
1.0
1.0
1.0
0.7670591987861011
0.8685908910753409
0.7209004131456971
1.0
1.0
0.9255290290651356
0.9658280133216892
1.0
1.0
0.5269965826335261
0.9808412583715587
1.0
0.9399282456674927
0.9865192794168798
0.9902524151786377
1.0
0.9979270120380548
0.5358195124308718
1.0
1.051139951559527
1.0
1.1848931923894712
1.0662923178754968
1.6741396449143287
1.0
1.0544756881350403
1.0
1.0
0.9605040765930549
1.0500121545782681
1.0
1.0
1.1223010943704201
1.0
1.0
1.0
1.0443033727623174
1.4836549259101184
0.9437564719582728
1.041263763313632
1.0
1.3058919827057047
1.0089925450045867
1.0
0.9448117571105408
1.0267486460290032
1.0
1.0
0.9910074549954133
1.0
1.0
0.9337076821245033
1.0
1.0036745853990992
0.5995275128873279
0.9971765946235552
1.0
0.626995165813334
0.9249348077879147
0.7078715770311256
1.0
1.0
1.0
1.0
1.0036763542034195
0.7671288494491124
1.0
0.481117830475412
1.0001440105905297
1.0
1.0
1.130637444028188
1.0
1.2981791991627056
1.0611581109139046
1.0
0.9510717060728557
1.032185470736622
0.9871731371696841
1.0
1.0
1.0485857239643863
1.0
1.194756170015235
1.0
1.0
0.9961385741131462
1.0394326866543757
1.0
0.9979110299512343
1.0802705005068616
1.0
1.0
0.9767965427663186
1.0
1.0
0.9286696510200454
1.0
1.0
0.6095889161772701
0.9753391356341765
1.0
1.0
0.9406929049517665
1.0
1.0
1.0
1.0126863288308432
1.0
0.9934974091031812
1.0
0.8013973669097504
1.0
0.9451207924067522
1.0103490539718334
1.054110080565503
1.0
0.9341080537828303
0.8093908938285599
1.0875507707675929
0.9526908961697375
1.6932738571512465
1.0639749767123465
1.5512066947949579
1.0
1.1274963747709204
1.0097961207179853
1.0602074536013035
0.9744216411006037
1.5460689676226598
1.116761615524989
1.362735245331212
1.0535454528421484
1.5739047736367886
1.1905830857318387
1.1300712334161087
1.4367790601732717
1.0
1.3359810126889866
1.0737877489996903
1.0543588886624187
1.0
1.1396032678865382
0.9027355396151249
1.0
0.9417616252711798
0.9968405184676892
0.42449052976042245
0.9980073525357098
1.0
0.771237885946368
1.0
0.9520658339353396
0.9704670446991359
0.5403035621515629
1.0
0.5112557762341414
0.6561111356293379
0.2803277458009251
0.7093710291217169
0.9981459485631649
1.0
0.6377219833053176
1.0
1.07396382325007
0.977498206754841
0.8538648206482005
0.45963960617784744
1.025165947584857
0.8019599377495681
1.0782444975923828
1.0032867305406663
0.9943096667145122
0.9999571988426017
1.0467804469250728
1.3102269161479223
1.5125669805276245
0.8991893729593575
1.0863256799107786
1.1706054906721548
1.0
1.2936104319256563
0.9973499057453923
1.017857516743127
1.0
1.1089654413962169
1.7251031647314798
0.86534650919357
0.9880647562799636
0.9532408128783401
0.9978515207962103
1.1023374712563079
0.9953310480500551
1.0
0.45527552182691733
0.9728687338525736
1.0
1.0
0.3850955482160677
0.9993021931890002
1.0050616640335976
1.0
1.0
1.0113410857975451
0.9297426648627248
1.0346997563506768
0.741262399476011
0.9808611857218972
0.9606394551943073
0.9978862171593144
1.0
1.0
1.0
0.7843528956738121
0.9849105820378099
1.0
1.0
0.783022651443928
1.0345631729186222
1.0
0.9944901989486208
0.9830548009951711
1.1420494194034003
1.0082821455299251
0.946040206750641
1.0
1.1682510805914244
1.130731275593618
0.8212455209324593
0.9937997668630322
1.414366606246183
0.9896224702310261
0.8305664510593089
0.9925468954283754
0.9990183219009439
1.373364938560003
0.9916696576600181
1.2460618472675202
1.5594713490452816
1.067351000309604
1.1429264388435918
1.0
1.2071419142389574
1.217919283986387
0.9989856575758684
1.0
0.9244104862700955
1.0
1.0
0.9917074581519463
0.558996585722737
1.0
0.3495424605220955
1.0
0.9187674335047297
0.8567823036321713
0.9025093239565031
0.6826614665141895
0.9845536903297377
0.8687503624047797
1.0
0.9327765129448972
1.0
0.9571754376438351
1.0
0.8572019166530788
0.9606441408692203
1.0
1.0089077522042063
1.0
1.3224970405498169
1.1506514169412325
0.9873665102675659
1.1987552137099124
0.8624964732405359
1.0469232040821022
1.10671377253137
1.1181850671868792
1.5055192512150164
0.9541979981704485
1.2162144673578912
1.5469484637571538
1.450876007295596
1.0457043901477805
1.1553578449446729
1.0157599433223772
0.7838701144894749
1.0
0.9449255712332317
1.0
1.2835401923985905
0.8772430680394848
1.200925181213064
0.6909713262915209
0.5831533752882361
0.9252229194385789
0.9982672993378932
0.9875989330503633
1.0
1.0421442656748585
0.7987512198641822
0.666533063501694
1.0
1.017028226635765
1.0
1.0124010669496366
0.8250385766737179
1.0
0.549064179264023
0.8701141334169098
1.0
1.0
0.7799201921606398
0.9764875493399461
0.7036525769523938
0.9988941711105711
0.953262611519432
0.8379153692312347
0.8686817028216933
1.0
1.0
1.0
0.9319128656650634
1.1418749855455967
1.6572143692309254
1.036338776787693
1.0167009470503021
0.9949034277519491
0.9990531651802969
1.0
1.1293484758096062
1.0870834263881322
1.0
1.2199783043813939
0.9770177451715706
1.1507836833526577
1.138254577361075
1.19543772248623
1.3467368435098555
1.2135050989275733
1.2090585259295676
0.999304293925979
0.987394211491611
0.712102764592763
0.9669176267221906
1.0
1.0296697177616063
0.6630354909620925
0.9107455442268593
0.9409357257073842
1.1040005820891334
1.0
1.0
0.6580385083544497
1.0
1.0
0.9871781229161896
0.5450084645656605
0.5800722199378996
1.0
1.0148058838379157
0.7772875289247498
1.0
0.9765607918116688
0.8898145251717214
1.0
0.9186314749200077
1.024611878728936
1.3381856768271838
1.0
1.0
1.0
1.0
1.2908337782684014
1.0
0.9613729915922715
0.9703105213954908
0.9905324182204023
1.0
1.0386270084077285
0.9175357610759416
1.0244554551656626
1.0108011161074975
1.0
1.2030302083194844
0.9592813950310899
1.3568227479713424
0.998854381878568
1.3251943073811407
0.9998239904230802
1.5088335295108295
1.3261809413134351
1.0
0.6748056926188593
1.0
1.0
1.0
1.0
0.41608267924279235
0.9930468547200418
1.0
1.0
0.9703720908006895
1.0
0.9219316741179957
1.0
1.0
1.0
1.0
0.5736307094132288
1.0
1.0691822160173934
0.9248764877324207
0.6233400381055035
1.2577363794437726
0.8031165270909908
0.6991817219236096
0.8520206998831513
1.2801723661285473
1.1802340660040884
0.9961644249712166
1.0
0.8913128170199238
1.1073532229381686
1.628029826176641
0.7746674076544758
1.375020999216751
1.0
1.0037726027133924
1.1064767289409672
0.9982281619067953
1.3178291691593436
1.0
1.0
0.8322206641907056
0.9825708466023615
0.9862997099871575
1.0
1.0
1.3130242167061432
0.9954305618055546
1.0
0.9994488802912532
0.4576890752259793
0.4965176998915585
1.0
1.0185909706688583
1.0
0.9987771844160258
0.9750431403857895
1.0
1.0
1.0
1.0
0.9298021189287535
1.0
0.9047870087598303
0.6878362262451241
1.0
1.0
0.9699885455626402
1.0165207902887088
1.0
0.8926467770618314
0.9241834604800093
0.9284533470207318
0.8402189617161394
1.190688020934533
0.8611190855713367
1.0
0.9870229713576003
1.1616373370462816
1.0691215159992364
1.0
0.7997068105855288
1.0
1.0
1.0
1.0
1.0
1.0713817315072844
1.0
1.5830270342165726
0.9912980704282461
1.0265896967338444
0.9894979369048587
0.9857765441593039
1.2936007790381003
1.0181276497679992
0.9693725520324203
1.4483525179117362
0.9951751836572718
1.0
1.0
1.0
1.0
0.845372556023027
1.0
1.0
1.0
0.9814614307282745
1.0371563422950496
1.0
0.6172661551978986
0.7890518702551738
0.5324126754899279
1.0072135627713874
1.0
0.9076738901667493
1.0
1.0
1.0
1.0
1.0
1.1357025574254083
1.0
1.0
0.8958815427294817
1.2284692343282058
1.3429572198741413
1.1635665822791807
1.0078929009375823
1.1152062825643807
1.261781055889638
1.0
1.0
0.9961418999647019
1.0630488445532427
1.0
1.4731411520928615
0.931415412850217
1.0864127397114942
0.980474386514024
1.0
1.2377343453728737
1.0101577648517441
0.9765533865597634
1.0
1.2461130552289807
0.9328672461818147
1.0
1.0
1.5443612322668967
0.9944683507532659
0.9992929654926956
1.0
0.9010853631905271
0.7382189441103619
0.4385951841597522
1.0
0.4316867847345199
0.7538869447710193
1.0
1.0
1.0
0.9804962621247841
1.0
1.0
1.0
0.9377719424169734
1.0023465650988432
0.8487199064449426
0.5634767880122471
0.9860746810671457
0.9954417628622714
1.0
1.0024542222165815
0.8276885905223252
1.240744950978891
0.8880139189128904
1.074288114930099
1.328464917984595
0.9309620998614935
1.28265966315377
1.8499347972215716
1.0742301395841738
1.354603581706845
1.1017049028218253
1.3617782622350334
0.9940665772412889
1.4009793602460707
0.9939380278200572
1.1131469166253303
0.9685796995389613
1.0863051566659077
1.2229357131497296
1.7406873402069458
0.8890218050470633
1.0148046391521688
1.2270416940184155
1.4318290256329258
0.836266250019365
1.1840135903354918
0.6794129002151723
0.9999437479635649
0.7592550490211089
1.0
0.5609385329377067
0.6465550515840388
0.7530031812639066
0.8700967681717768
0.870912945868346
0.5471051375862365
0.6022343571231737
0.8066760850975927
0.770523471206486
0.712059502376319
1.0
0.8104754630798839
0.8254000279767802
0.9888715758147851
0.6626680564654965
1.0
1.0
1.0209607272657888
0.9943393767996191
0.9384402272505858
0.5891266698407217
1.0
1.0049724090486918
1.1297335422126924
1.319725152716038
1.2182463505649823
1.4696323857487017
1.0291731056243598
1.0833746139165388
0.9842759628558733
1.0
1.0
1.0348676783455135
1.0
1.2078579928601223
0.9780392451465161
0.9757826492442268
0.9697266057079484
1.0379253639713597
1.3062835300615252
1.1263938976984011
1.0386723450117508
1.0322245996536803
1.0102802452775475
1.4881583584016673
1.0
0.5826584801679229
0.7934061876441538
0.997677928342646
0.9177649327855766
0.9969586486570738
1.0
0.9792444324689115
0.9620738083280809
0.27813228285213065
0.9394100565852788
0.6266349389953065
0.7124134649506033
0.9716319669389024
1.0
1.0011992441785238
0.9978215470323245
0.9608370438940332
1.0
0.9137064611660334
1.0
1.0
0.9925617987221851
0.9963246965058559
1.0
0.9341960457163201
1.5620328201489606
0.9990108460610337
1.0
0.8445991804238633
1.3028135610709553
1.3206555326081593
1.0
1.2569886804236257
1.0321466976292935
1.5050911171838623
1.0
1.1633133150377781
1.136467779116185
0.9310213970786231
1.0
1.1570862884794793
1.0566360304348872
1.0
0.9871095055215486
1.0092229027287123
1.001396162936259
0.9762718464949576
1.0128904944784514
0.9778588681242615
0.9912676394222173
0.6949465930201302
0.5141944685979007
1.0
0.8848140400839295
0.9381084196915965
0.7352374271606706
0.8429137115205207
1.0
1.0
0.971993902600031
0.858939956018438
1.0
1.092200081870474
0.9433639695651129
1.0
0.49490888281613765
1.0
1.0
1.005568262128448
0.8267822408528473
1.0
0.978552800431427
0.9971511945602567
0.996443383678965
1.0
0.9628206096770715
1.6003167895348218
1.4465385477029398
0.9898609757264857
1.1922849960511208
1.1419580449518842
1.0366967653044195
1.14586195478163
0.968105809760504
1.2516842113681523
1.3840509794548614
1.1032193531941052
1.0
1.015513486021899
1.0564691922039835
1.0804289867493437
1.7352747797133736
1.0
1.0
1.0941915271273936
1.1384457969716604
1.0
1.0756809857010534
1.0143691022803225
1.0038966199578303
0.3922785068705744
0.7213228148459021
1.0
0.65838054132936
1.0
0.9983968709659261
0.9238616378994449
0.46898827395311726
0.9989648028858713
1.0
0.9988286530388861
1.0
0.7614477528648822
1.0893254919500528
0.8236187466891252
0.6032089931001832
0.9777528696866506
0.7367715723525984
0.852976732577436
0.7450494575061322
1.0
0.9308497385835259
1.0
0.8803070286654746
1.0
1.0
1.0
1.0
1.1920067123477178
0.9861280866844359
1.0
0.9669741290483458
1.0790867610023203
1.0
1.1098461940903528
1.1770209450844007
0.9017105261557107
0.9213529090361554
0.9505360047196407
0.9089386444581212
1.2330761998082402
1.1597985282979855
1.0
0.9999193742709364
1.051493478435326
1.1746019835230463
1.0595971409648288
1.3521784320410613
1.2282505958875618
1.0496026185385645
1.0
0.9918118240704306
0.9209197414911245
1.0091236308901228
1.002988518375765
1.0308117946480992
0.8425276347301017
0.9504407880137481
1.0
1.0
0.4272332022285142
1.0
0.6576937287689397
0.9937558556260944
0.9962726192790452
1.0
0.9790858685645888
0.8920950216303425
1.0
1.0
0.811099905965307
0.9920206013230242
1.0
1.0
1.0
1.0130017362152004
1.3059692803666367
1.3076021011909749
1.6025121710062549
0.996521022757256
1.070901195528972
1.6011935542648754
0.9998723256535634
1.1979493317918413
0.9648876705500609
0.9937344374354251
1.0
0.9535274925938646
1.1490676927903638
0.9056188553810343
1.079027169757004
0.9950935080775514
1.0
1.4467842682506897
1.0650557763516852
1.1874810829998885
1.0
1.2125507222023644
0.7878464103529692
1.334632966469286
1.011642374351349
0.7328078614356842
0.5502198182660563
0.9373421806068285
0.6463584744187696
1.0
1.0
1.0
0.8285957280158751
0.9924709025114706
0.7522484332303301
1.0
0.9792018154794301
0.9830439381732938
0.9940088730341813
0.4636698936529142
0.7835092682344622
1.0
1.0537187062427573
1.0
1.0030819858826565
0.3977748306267086
0.8560816354690184
0.9966489458982647
0.8667435624821872
0.9599545788820695
0.8365721809884996
1.0
1.0
1.071216635002316
1.1568777582185223
1.5131655546511757
1.0808236885032372
1.0241626993755657
1.3488078350119197
0.9891972270857373
1.041644852476236
1.3365217797701034
0.9996842017883665
1.0
0.9980304853727267
0.9982665191351711
1.0027767197969306
1.1915497371925328
1.0
1.1946889857835674
0.9384764872897564
1.5374938842493433
0.9765743954738563
1.6553715298764078
1.0241745068457286
1.0
1.0
1.0
0.6665708368744656
0.8533245372905758
1.018108426034162
1.019444333123786
0.4739880908438258
1.0
0.9955678250471629
1.0
0.26917894930374814
1.0183213468828232
0.9918781113820214
0.5261607959333637
1.0
1.0
0.9615790013555651
0.9209097923615919
0.6011597580322265
0.9960723638498421
1.0
0.8124313411129414
0.9992722478021283
1.0
1.3312187257421093
1.3416910189707878
1.485098563813287
1.159978157245607
1.0
0.8954212113793563
1.0
1.0
1.2283388799160626
0.936000751784783
0.9806477197343668
1.0
1.0254998886231483
1.304227471699667
1.0
1.4069599209089996
1.2327566634937317
0.9534104116575516
1.2826325891779897
0.8369976182703408
1.4337509643909114
0.960653786576331
1.0
0.9835559407745615
1.0
1.0
0.7802932345757317
0.9869501019305367
0.606812198147621
1.0
0.6568729002098379
0.8328977785782948
0.685208212091497
1.0
1.0
0.7759275422177321
1.0
0.9471408588493688
0.7635607363197257
1.0
1.0
1.0
1.0
1.0915120288946139
1.0
0.5800182257707707
0.514901436186713
0.999064462067965
1.0
1.0434954762723407
1.0024693837787724
0.903768546201668
1.1222793210513968
1.1141355358646243
1.0001367911612025
1.1241523124419097
1.0
0.988975483650596
1.4020669988376053
0.8760987033748109
1.783622628564673
1.0
1.4950742923532225
1.0
1.0
0.9810178809563779
1.1987029293232219
0.9978582080420941
0.898487981676225
1.608399021124872
1.0
1.0
0.8960038367365071
1.0
0.5425545789001872
1.0
0.9839039966522856
0.5251436391366165
1.0
1.0
0.9032208084176202
1.0
1.112664918035527
0.5026023988517084
1.0
0.5967712851595494
1.0
1.0
1.0
1.0197304716306923
1.0118829459898666
0.9931174448615789
1.0
1.0014553085504883
0.8017122488539997
0.6886321526412513
0.879862470906509
1.0
1.0
1.0
1.4355935363234795
1.3018610651660587
1.052260843655491
0.9980517801327615
1.0450709009716768
1.0
0.9966468147719365
1.0124915177794827
1.0091420911565316
1.0211979625888725
1.0197477520143217
1.0621558640911855
1.0803467640026991
0.9967388988432703
1.7275970861576628
0.8860135899525532
1.0015670488681974
1.0
1.4200867283864014
0.9649517483758733
1.1556553306798774
1.124944866804256
1.1608762635632108
1.0
0.9909043493383092
1.026787020857997
1.0
1.0
0.984570156502035
1.0
0.8745111734923074
1.0
1.0
0.4308192807248317
1.0
0.7124590382248022
1.0
1.0461416207280738
1.0
0.8502938692914174
1.0537568309961336
0.6783911828196199
0.9703401492730248
0.8372042194180082
0.9890369353143971
1.0
0.7981174191346464
0.4659630373119149
0.8177052622866817
0.9910932030371989
1.1275621389346924
1.0
1.0
0.919878013566462
1.1958444885984725
0.9678002127491864
1.229010673778479
1.0
1.088799912598952
1.018585797037181
1.1127520152394241
1.3167951594253682
1.0372539697395893
1.0027657532001837
0.993861690588433
1.0
1.0
1.0
1.0000735537902865
1.1370066351324035
1.503155880954599
0.9525598474988455
1.0
1.0
1.0
0.9716502207431832
0.8041555114015275
1.0
1.0
0.9946242061556855
0.683204840574632
0.9308309136010714
0.9989963950015666
0.9938254083076079
1.0114667093765548
0.9137576185935075
0.9374625663133734
0.996800704916425
0.9252455820031255
1.0
0.8705880268820222
1.0
0.7775869758743813
0.8926307899624022
0.9966713572170831
0.7807098396736732
0.9249933875324212
1.0
1.0
1.0648324414768278
1.0000736034946227
0.9338232736621188
1.0
0.9999515117515795
1.5964955542367263
1.443765564614726
0.9498841953742329
0.8907043651455072
1.543909570463517
1.013462305261423
1.0545322606617509
1.0
1.7445010844251685
1.455666652837814
1.1585549700180948
1.1018403310469174
1.148695778825477
1.4022715662557486
1.2152630402273585
1.0247432986342413
1.0001541596563013
1.0
1.0
1.0
0.9826491392199539
0.6045661574058221
1.0186859018435952
1.0
0.7892825501342579
0.9548614232675976
0.9840309249586078
0.9954544096383836
0.4671762264811434
0.5491139466671536
1.0199814130843614
0.9871849543683032
1.0
0.9915819086838948
0.5027582886006703
0.8877698586374003
0.9658449733437511
0.4015503394395058
0.9745302877196238
0.53684504283447
0.7311569436394622
1.0
0.9899994637749064
0.9218503181869819
1.0
1.1457986523136134
0.9806138122920949
1.0196929726333352
1.0
1.0115282774509506
0.9436176736992559
1.0103276558274954
1.0
1.0339827345342698
1.0558061813344604
0.9996395635232673
1.3815091514939324
0.9979292368218303
1.01345256002889
1.2837267470183942
0.990748500303057
0.9812297234205442
1.0078591005745032
1.9220497719873346
1.0
0.9867507244388977
1.3823560009011295
1.040732022514911
1.0506663354602064
0.9934326147243049
0.6080888435053294
0.9979772122688919
1.0
0.5340188588556405
0.9921660063732992
1.0430464857236568
1.0
1.0
1.0
1.0
0.617440244958313
0.9872020882473491
0.989018379519607
1.0
1.0
0.9537596664497683
0.9660172654657301
0.5439313691570247
0.9997967155322125
1.0
0.8540465588431052
0.9999748930521977
0.9538379413278062
1.0
0.72622745742339
1.0
1.0
0.9997343865515412
0.8880102608744194
1.19933295705116
1.1026666176652051
1.1475448081139639
1.0
1.3969198971056902
1.0283650868346754
0.8818651919272527
0.9270774808144855
1.0
1.6150481949916697
1.0380007037033974
1.0
1.0
1.0
1.1051055077953944
1.1794068105971311
0.9700726518909005
0.8524551918860359
1.2266131007900274
0.9815182187247105
1.0
0.9782207408446858
0.9171995674115045
1.0
1.0
0.9990183094359838
1.0
1.0
1.0
1.0
1.0
0.5148933395213253
0.9838363755948668
1.0
0.9233326484204416
0.8519172606959682
0.6030801028943098
0.9227724249563201
0.9953178227476358
0.9248218403137052
0.9882335300505107
1.0003367356267248
1.0
0.9001201395119629
0.9999421798570498
0.9572199147993441
0.9571748301708136
1.0668859860985196
0.9997294283954791
1.0
1.212980657170183
1.1743104843119554
0.9993358406805319
0.9970383348258661
0.9995601520177858
0.8404647060678458
0.9185767896307595
1.497163893962766
0.9986856281266047
1.6758431823720799
1.0535739767337096
1.0877590412837188
1.2649180053494173
1.018408584388595
1.2705433217548734
1.0
1.020593509291659
1.494979940105039
1.0
1.0
1.0658744497999613
0.9935619812553248
0.7806295134718806
0.5028361060372338
1.0
1.0
0.8961143089265559
0.9980724557061081
1.0162271141467292
0.9973965283355001
0.5858755594766082
1.0
1.1256036895668258
1.0
0.5050200598949609
1.0
1.0
0.9007456404442078
1.006389829357936
0.32415681762792
1.0
0.9112681215986725
0.6924950964413975
1.0
1.0
1.1492064351739746
1.0045855927688188
1.2661093411465072
1.0
0.8603270287046565
1.0
1.33244022645127
0.9661773363773294
1.0
1.0044350175134515
1.2073860527005775
1.0
1.4463320590634738
1.0
1.1308312059743473
1.1417997492205743
1.0531074878216125
1.0716201110613035
0.9967392206655552
0.9365790266254189
1.0
0.9042804202479888
1.0002103393371218
1.0
1.0
1.0020946843281162
0.66755977354873
0.9845087192677362
0.8648306306206777
1.0
0.5536679409365259
0.9043511122622099
1.0
1.0159372871910697
1.0
0.9314185446835361
1.0907561641526238
1.0
1.0
0.886170431347461
1.0
0.9837397013072477
1.0
0.9283798889386966
0.8896529293492115
0.982884991578922
1.0
1.1319862665194584
1.0
0.8591007182877703
1.0
1.0372268908627849
1.0
0.9557183703806051
1.0137178304644607
1.3483045701376914
1.0
1.0034720876888592
1.1037978883461033
1.1956286206856446
0.8915601723409378
1.0
1.0
0.6215066431992166
1.6124502975524306
1.4780076504175892
1.0999389769681813
1.0
1.0393580784432241
1.3950794950649417
0.8656510957507824
1.0100469414223694
1.6499028052930966
0.9878089559319074
0.9708462492272081
1.3425266635374906
0.5053588135156448
1.0
0.6499331070163055
1.0
0.47084965552508934
0.6259518560610337
1.1191458433154462
1.1591891080561618
1.0
0.9977316942668905
0.6859877241129827
1.1604384124264746
0.9643771512162927
0.8583773129358139
0.8566130280485205
1.0008084635065404
1.0
1.0
0.997381727193256
1.0
1.0
0.5004630649671915
1.0
0.9750597273525844
0.8497830267682462
0.9709029837884596
1.6085554208955117
1.0
1.0481224063893073
1.0172610414892018
1.253186986326323
1.1651814572570278
1.1468581604625192
0.9846116977258662
1.2293537207402032
0.9992187433659463
1.195907078866187
1.0
1.2108153851647165
1.0010434561460275
1.2820253629774911
1.1529165509748025
1.0073832537028495
1.1286490616536988
0.914336628152305
1.0800918309029268
0.9463155741007986
0.8970851733877142
1.0
1.0
0.9938071382182561
1.0
0.9755775750627216
0.7737296065216176
0.39144457910448816
1.0
1.0
1.1029643120568617
0.99916570618486
0.9994774495259211
1.0
1.1193834486875032
0.846019056971715
0.9606612508065834
0.7192642165811955
1.0
0.7592790326498786
0.7347767102951703
0.6613168098156383
1.0
0.9956414266795419
0.931821024300086
0.852320944753023
1.0
0.9435277373150546
1.0
1.6336696870470484
1.1852797386514076
1.0170941613619795
1.0466376120027419
1.3569911002934714
1.4598861942803494
1.0129662517533622
1.0638144098081037
1.131109581882364
1.0
0.9019823264762217
1.3618543117734643
0.9833005498454278
0.9959873186928255
1.0
0.9807147786905037
1.1065291199026348
1.5217344720454316
1.112555830778756
1.0015411620012307
1.0
0.9299552270050933
0.8984089595120038
0.9644017269588329
1.0
0.929468872166455
1.0131396913106472
0.9783183904186281
0.5609249626045798
0.9816740395231236
0.805405350348372
1.0926429479910236
1.0
1.0
0.6733118479596554
0.6716587514676812
0.8759254683172729
1.0297340879937495
1.0
0.8615882501894004
1.0
1.0
1.0
0.5573285091251808
0.8111646784457707
1.0
0.9926713328914746
1.0
0.4986282984837313
0.9696065098399899
1.0438508073889845
1.0014964576390113
1.0
1.0358835219831448
1.0
1.0215755187571174
1.0
1.0303934901600103
1.0091269189246628
1.0
0.9852111011421506
0.9918636113883941
1.0
0.9941922027488287
0.9739656823965702
1.646596314866364
1.0
1.0
1.0
1.0
1.6005412015702194
1.0
1.0
1.0160493793005103
0.9858166124057287
0.9830771855633271
0.3681925839914853
0.9792095554013444
0.9919739357305366
1.0043929620781802
1.0
0.6175000756145801
1.0
1.0
1.0
0.9831655465410278
1.0
1.0031464325039074
0.6793623817614804
1.0
1.0
1.0
1.0029355488506606
0.9935344458226012
1.0
1.0
1.0
1.0873400156291821
1.0
0.9236097302593095
1.1902439434503191
1.0
1.2406074213580123
0.9986758649283791
0.933250665778553
1.5280957373155337
0.8143053621894606
1.0
1.0
1.245738323562604
1.2181957460493593
1.257782462544474
1.3876109061735888
0.976828101637639
0.8757064850929039
1.191620518888827
1.1968804535529363
1.0321425436875102
1.134139284667477
0.9629997965375992
1.0
1.1242996625550388
1.5516104462418188
1.0777460486528916
0.9771348671268285
0.9716156236927459
1.0
1.0
1.0
1.2531595071325605
0.9343750875796766
0.9907534706250385
0.9432112341808794
0.9072105395933928
0.5535450827315056
1.0897688826573482
0.39552542104197014
0.3426548316405068
0.9045333132012927
0.9730782785112758
0.6662388451517365
1.0
0.8589604668427739
0.99794685241529
0.7653538875536083
1.0
0.7507586269668165
0.9270635007600612
0.9350221754704572
1.1599715386933842
0.9948854189866356
0.907976167503051
0.9837916441418331
1.1186320894975617
1.1914503783413335
1.3950125310015462
0.9809479112402629
1.0
1.07288766833911
1.0511263411715301
1.118113037196986
1.0250560212888453
0.9978068693837563
0.9836451361405494
1.0
1.174305129559909
0.9637037812234496
1.0318320185513512
1.0013037847312387
1.0597778399905535
1.0
1.2076370362479536
0.8935903468576089
0.8891160847508153
0.8717838623381171
0.9952228505246574
0.9913245617530492
1.0
0.6049874689984538
0.9649633527766945
0.9669017716334516
0.9878962255547716
0.8813987126146645
0.982817733234795
1.0
1.0
0.8911304114061349
1.0063901909017563
0.9524734440868404
1.0
0.9258723035075739
0.9629225376182428
1.0
0.9983084150854723
1.0
0.999770157015518
1.0
0.9970088419086881
0.8162583842018528
1.17470490918919
0.9519947324120283
0.9741413041258984
1.2132656881808461
1.0504787675134375
1.0
1.003932904988716
1.1760205803840384
0.9370532625311123
0.8478022807047104
1.0
0.9812858072220563
1.0
0.97298408024742
1.147804863771908
1.0407519124052875
0.9628427164031101
0.9765371522391425
1.0
1.0
1.2045704001300677
1.6105758798822212
1.2391755745315343
0.8850417444427336
0.9783706318900418
0.97481769182462
1.0555682946070926
1.0
0.5775014967783307
1.0
0.9893283160936139
0.7948273329827311
1.0
1.0
0.8193801121026295
1.0
1.0984748877685173
0.8119226233394479
1.0
1.0
1.0877589300813528
1.0
0.8812086333571777
0.984387450876772
0.9189371234719359
0.8827623344499207
0.9948659929003196
0.8686690217130463
1.0
0.930254564456991
1.0
1.0
0.9434232170677532
1.0
1.0
1.468938814458982
1.0
1.0
0.9597701073387381
1.005441746645505
1.0
0.8965972635115679
1.0
1.0
1.5831766988530749
1.0
1.0
1.488233852408442
0.994558253354495
1.0
0.9692528998644041
1.1498372493865296
1.0019601585097588
1.0598593444925286
1.4545864714911687
1.0
1.0
0.8003683649949365
1.0
1.0
0.5332126295916134
0.6151688840799904
1.0
0.9814023416889037
1.0
0.9717618719117048
0.5861999588486251
0.9784375724049711
0.9978485559494046
0.8809098507490661
0.9592135696602061
1.0
1.0
1.0
1.1164089446787786
1.0
1.0
0.9869764419068627
0.6164549361519889
1.0
1.3335546373925606
1.0
1.0
1.0414313861204034
0.9763056312468411
0.9570742828799351
1.0088392780973319
0.9812439438471248
0.7655795133063709
1.1414299626729185
0.9486308296485173
1.0
1.4873513069153783
1.0493740849212192
1.619653738247466
1.0052354469976936
0.9920369162770128
0.8789834900462121
1.2723749668864015
1.0
1.1301471800971576
1.6763354424571513
0.8801229645161786
1.2078839113232562
1.23317073665037
1.0
0.6906105992208549
1.0
1.0
1.0
1.0
0.9806171583804268
0.7940653711974681
1.0
0.9965707878552817
1.0
0.9887767619524994
1.0
1.0
0.32237540420432553
0.20727249364758896
0.9996151689562061
1.0
0.997963158273909
0.4314387221463117
0.9995646710954826
1.0
0.9895655055505452
1.0148045469715985
1.0
0.9806236812516713
0.9873220526190453
1.2316824304256628
1.2013494712934425
1.7154666331698665
1.0
1.3031813345538001
0.9195997989798356
1.0
1.4885044259151243
0.9623245784542741
1.0
1.5537454629677783
1.0467325296943937
1.4485238503342213
0.9956604344768092
1.0
1.1651088052131322
1.0
0.9677914692954352
1.5247836530455485
1.0271310734802521
1.0047977567124045
1.0028513449733603
1.2141007893285318
0.32322135355749865
0.9933983125527399
1.0
1.0
0.9018588087174175
0.9987505712617022
1.0
0.4972451055654063
0.9244465932949137
1.0115075219618488
1.0
1.050353045668664
1.0
0.9675834741191741
0.33059421785099485
1.0
1.0463830124839628
0.7889280155293354
1.0
1.0
1.0
0.282524075340833
0.714320408368075
0.427603907542844
1.0
1.4504287633260171
1.3293558909030843
1.336294322080527
1.046974011136851
0.9320824907013829
1.0909457117770223
0.9909647064486264
0.8456550458256621
1.3945056042381938
1.4523740915645016
1.0
0.9723130967969198
0.9524069396390188
0.9465115328216825
1.0330585764061575
1.0524664892911084
0.9659362111605693
1.0
1.1573319751433926
1.041586913880147
1.0028488661560264
1.0180261533585617
0.9452677265042325
0.9825627250809413
1.1172031626737586
0.5836350255134137
1.0
0.8209825371402495
0.9995575861917008
0.9902626234114216
1.0
1.0
1.19368020138593
0.6920671162230082
1.0523061651626673
0.979090074467606
1.0541508695023993
0.9672462120627883
0.5476259084354983
1.0
0.8854084999406098
1.0
0.6333951404535256
0.9951325336564862
1.0
0.9679717308159976
1.0
0.7737359825852431
1.0
0.8066507861370699
1.0410001251853682
1.3075393438448808
1.0
1.0
0.879425119742679
1.1501189249295398
1.0
0.9317404782236816
1.0
1.1006349412128331
1.0008573103257188
0.9234621547274016
1.3041619783278198
0.8722182569356027
1.0896968043436148
1.0
1.1300261768683755
1.119818524615937
1.0
1.0128735504657986
1.2042076524271277
0.9459900208792739
1.0
1.0
1.1354026778481567
0.9926142746712521
1.0
1.0
0.7943189991240215
0.7565741165335255
1.0
0.8400454224203053
0.9938103604925552
1.0123027533158657
0.998633401118707
0.8490090913772056
0.9797042293260995
0.9891705951329854
0.8914250514734419
1.0322826209373646
1.0
1.0
0.6958380216721801
1.0
0.9978232669316225
1.0
1.0
1.0
1.0075229426494092
1.01975081191965
1.108571536972534
0.9791782987125401
1.056024509604931
0.9847590408850738
1.419795586320283
1.4553262635301323
0.995289421915964
0.9992207498792747
0.9965483972814254
1.1955021651272428
1.0106756933477632
1.0028832387905176
1.2829780563953814
0.9992558533659408
1.0
0.9496841471018226
0.9999625236128076
1.2403625487197438
1.0107169945031411
1.6238702097120776
0.9976456154348436
1.0
1.1566064041905912
1.0252513281044562
1.0
1.0962171306967399
0.7468408352572686
1.0
0.9962651860734566
0.9938058941369379
0.909411007026099
0.7644763690868038
0.9973069898465077
1.0
0.997456942782079
1.0
0.95195798982938
0.7314730274809678
1.1269520939406623
1.0
1.0
1.0
0.9355441791764183
0.6249537009531261
0.9922228556709365
0.536200061968649
1.0
0.7359443602875041
1.0
0.3728627922779759
1.0
1.0
1.1187415154920004
1.6266465909572407
1.0709258792070848
0.9927988746655383
1.2407026160976902
1.0
1.1061728735891305
1.0
1.0
1.0480373825053404
0.9473513423823137
0.989864311451502
0.9182509817901231
1.0167840671784993
1.4349036382948392
1.0
1.005030662883528
1.073263190281601
0.9732670035995122
1.1261256222644802
1.0
1.345487999966264
1.0
1.0
1.1387826020150364
1.0
0.9920034393691579
0.9989301090763709
0.9149589278925343
1.0
0.9988045342321337
1.0
0.6801057657568343
1.0
1.0
0.9998802115320399
0.8625671719181058
1.0
0.6545120000337361
1.0
0.8499255800262249
1.0
0.9776448196758317
0.6835380779628946
1.0
0.9340787726729822
0.41850489637230365
0.8614085388571254
