0.3764869737489207
0.31384457451366066
0.3661727381254171
0.5326491406626437
0.35876992488285236
0.5048787738492996
0.5006723944504526
0.27566883912905416
0.3342100988367995
0.5350302845331146
0.3896342529597012
0.5027968571599984
0.2018904948862522
0.12902897363135737
0.32440768316243157
0.27135019868662585
0.49231340976072135
0.46649536481067416
0.44144075191802057
0.466469639727006
0.4720326827117748
0.42424245560672547
0.5420587548288571
0.3448580510352255
0.5396936200021643
0.46270526306018583
0.5184546423768422
0.4017088056312728
0.5384899671074143
0.5219719337640286
0.4539286560126527
0.3747481251618091
0.5011800703405836
0.42207871699425753
0.36157809682942094
0.5428762122118594
0.5213074865929629
0.33212558309788914
0.47350242472520343
0.5238541483133318
0.40016664186878753
0.4053520886017277
0.3796014372687086
0.5369507157317501
0.5400889486668415
0.38089874626289943
0.46544997748653216
0.4993202325805099
0.5052076870686955
0.5397168101719578
0.5253155431597948
0.5419699869876266
0.5336140411930202
0.13759564882060732
0.49222131556831583
0.5212090682155037
0.47330135423157305
0.5310004243687767
0.40105143394177273
0.5284975833935095
0.5398415474969172
0.4820213282428135
0.4423366118167335
0.2479568947207382
0.4445999118158402
0.5329996160250415
0.5410707800099703
0.28828303286923085
0.461651514611373
0.4728820336078695
0.5207113075770866
0.31725361422588555
0.36620835009208685
0.5233631530925549
0.4698715537685447
0.5395585748060399
0.3880600660796822
0.3898316982088598
0.32648614607400267
0.5363610086047224
0.3830509231931801
0.4438949229740861
0.3431228617255918
0.36328836313738966
0.5386058086275475
0.5183042228628514
0.47646159694972495
0.2824304985959823
0.26702599258815995
0.5127862877497087
0.41594710682931463
0.5149264547203456
0.5422426033984897
0.34057365536150885
0.5031996074462285
0.2508534838764329
0.4848773372905833
0.3297290104713875
0.2640688506462513
0.46250587448623875
0.3943497517478454
0.3214965925999807
0.16623517092288487
0.2928674193617372
0.5426734642640085
0.17548604023873413
0.5258030558511323
0.3600297361171323
0.5427119075863067
0.5247709267007493
0.5428741262814782
0.38595250651785296
0.47424147291065083
0.4422295726107311
0.36517791049251547
0.5092434068442999
0.40885827592618756
0.5009098037212214
0.49281544615962614
0.45079120279659973
0.5156560187877764
0.3848042663593914
0.5149846495015323
0.5014965352117606
0.48266211497463424
0.5404236590453176
0.38437066891012484
0.40823360573817624
0.5417038800296602
0.492039328067386
0.523342780568463
0.5396449088964299
0.4328640353628532
0.5427225738465921
0.3844689561286616
0.5282445457117012
0.36324495312446914
0.5153665414833409
0.42874828780397295
0.5424879724493943
0.4885788672015664
0.5141339903475869
0.5350185335356988
0.4725959627805239
0.40401060658414806
0.4599218292234604
0.5214299137485908
0.2747252443816383
0.5261863451642512
0.4426862355175645
0.4007578486167599
0.41163894090417036
0.542458486366331
0.4405285543000675
0.5144436162088148
0.5426870629161056
0.5428814372209478
0.5217799664710094
0.28255442710044243
0.44991267102392113
0.4104185526069835
0.5418831580084006
0.472445479828342
0.2610390756351514
0.5401360187662202
0.5107065468938597
0.4784988810282853
0.5298231486622205
0.4580270068646361
0.4112142604732848
0.47770880153608347
0.20462869245196535
0.4441499457187204
0.4684382632071064
0.5158604459386223
0.5129560511280276
0.5428720756832625
0.542857708331083
0.44533641133857044
0.3030671115693427
0.5056190772845505
0.49985509105845954
0.3543254962112239
0.49657547968377613
0.5078857774812766
0.3617864238194449
0.5309962087865191
0.3080652388206735
0.41610756458254716
0.44035029892927813
0.4919642846114024
0.507068439643999
0.5340531761177196
0.5178179502869606
0.5409935312875889
0.5233613026070346
0.49321997450165056
0.5377957705374192
0.32752693691948764
0.2824137860918337
0.5082911003198929
0.5415543142511299
0.09021719610130122
0.5427327073357531
0.5201085891653627
0.4472829281394403
0.488765059467319
0.5145542514325868
0.5096592552645903
0.5086762007726966
0.5294187815748755
0.5305633606479079
0.5166333203815228
0.22221317547117236
0.5293113479228645
0.41629741263273395
0.2905137876088394
0.2057253329280382
0.3601325841911637
0.5380657974500953
0.5373341781170549
0.41518548830265295
0.5102234382846451
0.5143737566640959
0.542194978482479
0.5360463116584675
0.43797829227593593
0.5354017533320808
0.5350592124312887
0.36658452940327124
0.47518985718779166
0.44186930946461267
0.4740568975505624
0.48274300233509093
0.4048825056390733
0.5206789565222016
0.4311872986216919
0.5360248487414826
0.4723954882686022
0.47889880652593303
0.5046827288910761
0.5213511969843965
0.4825623481889923
0.4218145793134326
0.4785805813775444
0.5236932777971652
0.4128676289934047
0.49121109751467146
0.5218133535867844
0.5423644362440339
0.5116125124377551
0.35423595040048955
0.5392487292634525
0.31981127434072315
0.4122081356440737
0.4845191085375092
0.54236404238883
0.5122975813371126
0.4548428171884509
0.5400451840145022
0.540042665502971
0.4089909831998407
0.5413653995541567
0.4800877942411194
0.4276025709930003
0.5391910517870986
0.38021624775635215
0.5305231852953117
0.5148290003223827
0.5234019879919675
0.47477662339308674
0.46605367069307707
0.11510539851442121
0.39230724814399265
0.5170055679025507
0.3595003319515851
0.5380073827552206
0.4869644679151372
0.4359198284241275
0.22146620902703507
0.534311958969331
0.4848263731695829
0.14575897659324077
0.5266130490442938
0.5427280038256668
0.418395320213951
0.4561958989576679
0.4836439035984522
0.5428266382523519
0.3906663270483835
0.41247903264459324
0.4442569387736646
0.39184022406161706
0.5222417309065733
0.15932058509975716
0.465268780748363
0.5343242729688109
0.367592737962223
0.5029573000069916
0.5428460970880632
0.4924639607546908
0.12057522996574668
0.43209763115402516
0.4176440885576318
0.5418690634691948
0.417717609637074
0.5190724486314874
0.48656964831609245
0.5282456017831272
0.5173819267561818
0.48779343994492597
0.5082956061885527
0.5362116388566806
0.5249033674664059
0.4737202599952049
0.4820382421940605
0.4884291669803168
0.3141629247198785
0.5428535916562873
0.44324121135827327
0.5073342850066944
0.38326960592740117
0.4282311234480015
0.45310718819636814
0.5241118944941087
0.49578915897141373
0.3803851102972332
0.23217840005268764
0.4811648875775588
0.4954971749192421
0.5113027034102641
0.4419645050674041
0.45935742192153806
0.28558953546895943
0.27818008908291514
0.3887613988792047
0.3624987171463579
0.43731669851111715
0.5337841743447811
0.2652693539247989
0.5362634819182374
0.5346274189352695
0.43720198510830366
0.36073940932321724
0.41181132849736257
0.5418249798476181
0.4290266995594807
0.46963975813371794
0.4985708190678847
0.4454184812874967
0.4888307340200858
0.5357786290799115
0.5093680882118036
0.5318568350126237
0.526957744620485
0.5386785414664621
0.5243256504306164
0.5022605975525982
0.46356714940975596
0.3717784014210436
0.5288291188124745
0.49506291495153487
0.5334044855157966
0.5276716622142046
0.44646684013138416
0.5061772310190737
0.5240170718449713
0.539572651493359
0.4120376742288442
0.22571642223371216
0.5086851093562448
0.5296327130087783
0.5363491192539268
0.39210243886248825
0.5421484736432086
0.5081157168333428
0.5354165281617612
0.5427282989829413
0.27799398737380565
0.463592858044164
0.46567155468812643
0.5195550164573371
0.5288348987064039
0.49923975544818755
0.5072435835461542
0.5342593747708758
0.35851297152132544
0.3952379791740258
0.5428417149145959
0.4937823723505898
0.5270882341839334
0.5292332486650588
0.5426769918918208
0.17901105579368584
0.44068589385921125
0.4710198744002647
0.502350746291929
0.5048270779527485
0.47439670561841546
0.19798860714428754
0.4386167159082582
0.3466276083446361
0.4856363084610447
0.5426109747967901
0.4791136009780759
0.4172615534291634
0.5013266638711097
0.3533533897555276
0.5172033836049896
0.5090743499251417
0.13232415335382164
0.5337631273262786
0.49800399940184337
0.5428765783464756
0.32071835041330593
0.5172822331790143
0.4888390164700944
0.32440037793251497
0.4897662779027127
0.4820569231940779
0.5211669413927168
0.4927631691515785
0.4939358462194793
0.42215038766064794
0.446458460085694
0.4874159449465006
0.45817639009347155
0.5243816992453519
0.4580464656047296
0.5343726927816687
0.5150052120854598
0.5416055537860943
0.5211722564626121
0.4790984386387882
0.25502833540156644
0.47567743380144667
0.48741115636755805
0.5014012195851755
0.3505300014920778
0.5234742769064299
0.5394265395159236
0.5419420123666854
0.2411306777481614
0.2595392646816963
0.46531864467061246
0.40788042516367723
0.4254049779099751
0.5055267870689607
0.5229172941618918
0.4935333255792222
0.44482707391482273
0.5416404474023221
0.5426231095412631
0.53344169208971
0.33217854319148177
0.3946126188203351
0.46974214180557256
0.5115268071903968
0.4824629591388984
0.5003183160163917
0.535329004800238
0.5256328041449791
0.43495974266572424
0.5350902526353482
0.24289249400091478
0.5008517373233651
0.5377610700719245
0.41312086357988786
0.37323726279444486
0.5340784318851836
0.4614983393495226
0.5294304885523771
0.5428613481648942
0.5181038420869215
0.5408596873180966
0.18031091788029616
0.5408023395461113
0.4037654625127851
0.49904020318165526
0.41196363494210814
0.34887436914122105
0.49210146943937655
0.5428791236360251
0.5428521432755246
0.4573073887601747
0.42541944054407727
0.5428522010398278
0.5428592285628849
0.5026884716457851
0.34658245044000613
0.5244250850502283
0.5428689505258649
0.46331384242780166
0.421509858465513
0.49309619616801603
0.5029524386211074
0.4982589056743064
0.5248917611146017
0.46434961303207184
0.3584144523929901
0.5093126472823819
0.5181990869829672
0.47934702000375246
0.5100347752156786
0.303902299756139
0.4448215957931697
0.3171776685995597
0.3709233761421772
0.5394607762909578
0.49485562915462195
0.4800147549727485
0.4842574692659819
0.41658695851912236
0.43417415552662925
0.5410609680272607
0.48994946374726017
0.3728107603875333
0.30035438836488093
0.24565472780038455
0.5164224542482495
0.4816080725863936
0.5424895270189143
0.5428813706641926
0.290782795958884
0.45051886924593476
0.3926515559207006
0.5283964275010585
0.5147370855145771
0.3740038196854878
0.48987331116785016
0.24836449835976301
0.5229354595275574
0.49168523221350774
0.517851759363122
0.5418239536260564
0.45419165553593027
0.3883403371239245
0.5371176708221871
0.36374453140110075
0.5428787764975541
0.5369910642529362
0.23741356825629317
0.41528955804863793
0.5272953213414496
0.3994512056756425
0.478011693955107
0.35029508771702983
0.2984666598292818
0.5313910073486314
0.5029821310747863
0.4761836242917139
0.43949860698237064
0.5219488213327934
0.21994709691571834
0.47657716234271724
0.4350130493758183
0.4929043525153303
0.382372130816624
0.5427951857888367
0.4935560250080171
0.522107852083707
0.5015683341703766
0.46359207175357997
0.5188081867148552
0.433065082444178
0.5426082826226115
0.49286125860473945
0.38212296962997083
0.18469122076674346
0.4433852517301659
0.3883184750255722
0.4847170221299548
0.10601340892638801
0.4751444465583598
0.5048419963366635
0.528287789288701
0.511601443928248
0.36650037357190796
0.3650439779286112
0.22234930071148737
0.5355630648774018
0.26104229423534037
0.5141122925587817
0.5352277105995863
0.4110875352714581
0.5067744157627769
0.49411015640710615
0.35062775452118894
0.4679255438842739
0.42823527435051295
0.5138190953861782
0.3986437690001652
0.29309157665697805
0.41363810500513604
0.37094807297879645
0.5411903700788709
0.4479008007434513
0.4011436389694669
0.5413213693163007
0.5292578597416905
0.36041498448004866
0.5113577709423175
0.3017845263254207
0.48572740080869237
0.21485458368696747
0.5283842059677826
0.5396075193225214
0.5416950118154953
0.5250813061329812
0.4084103260815174
0.3004086982838423
0.4839834039892479
0.5172713564430612
0.5048694590110145
0.39599984943407335
0.54267441428778
0.5428621256186404
0.49845539619268414
0.4734701258428834
0.30242465557385145
0.48777152831689463
0.32313227717000725
0.460395255469254
0.5331319342376184
0.4243865913963103
0.48068203761552547
0.46810538521603295
0.3612001173291138
0.45920246282408506
0.4644622152958165
0.5109186717326438
0.5297963844847675
0.5226640711463806
0.37023218348758996
0.4169718795126938
0.3540692333242016
0.38316988165982513
0.25888281409513764
0.48675348388042006
0.5169840090788304
0.5045768033592446
0.26009546048281657
0.4344251593697526
0.53983556173933
0.4684962794463422
0.48966876920501345
0.515274350924137
0.5301448833712007
0.3800181014538593
0.5326780061982377
0.2085070656471452
0.20238629088437832
0.45537049675235125
0.22283195182851978
0.3866090432823823
0.4872871190677509
0.5074091854127604
0.491224730376438
0.49120900031493914
0.5235071598975535
0.3405321339362131
0.5229774382061496
0.46646046777127514
0.09071155095181715
0.5420819798127207
0.51289315249686
0.5293220652636851
0.501381345068632
0.36464163342356454
0.14886918045809389
0.3779666633840717
0.4956970209828153
0.5336965775923751
0.2785878982703323
0.5269582330799978
0.5407576698525219
0.4611734820084659
0.39816045359559443
0.4699162970400784
0.5425617586338204
0.5428642185700648
0.5428759781611333
0.18897517078557616
0.5420068211246619
0.5416303356830682
0.4429397775408192
0.4748528326051361
0.5418295699137442
0.2845248476749117
0.4210700667678755
0.3568860776310311
0.37181140146370956
0.5400369010075103
0.5345372515715673
0.5380232798400262
0.3783708391995193
0.5317414588867453
0.5406010526265012
0.5410947878250325
0.298225554118224
0.49601312756687077
0.5011759469202055
0.5199306419847838
0.5367560724771772
0.3981140460828498
0.5428443404708573
0.3471417960233108
0.5180820739092662
0.28383967808321897
0.5192738308437967
0.49089025970195077
0.5428743103988437
0.4617145721656664
0.3487437846858138
0.49847297513544897
0.29895345848752825
0.5378302895987286
0.510837239120589
0.23774575717767663
0.46778404868160833
0.4212850370796887
0.5427942000500006
0.47782651546502153
0.5391136717743215
0.48422376691643737
0.5426015260923552
0.5354428403450948
0.47131154668197967
0.43888510368055283
0.2582793013256915
0.5380447614140573
0.49082923633517916
0.38957792334512853
0.5006768713265419
0.37322295369124964
0.4735692160062152
0.5073769834164388
0.4994276147839514
0.4207161260725274
0.5302456732142341
0.5398344398797329
0.5138026559443272
0.31598097251282203
0.38947969428801255
0.3737771939480715
0.5200775826993328
0.32768378064571274
0.5394415784073611
0.4979121784906357
0.5349109433367301
0.48793265523144935
0.48788588179054254
0.4114690895963313
0.5312161350429205
0.4759164083898368
0.49160657476505637
0.2564446681816916
0.5416455133242171
0.5191251247177122
0.5196880496748991
0.5348245322725053
0.5391277075666369
0.28236774083582605
0.3635956838780109
0.5197483108794597
0.5335781098220607
0.5173461907667565
0.29227403679309216
0.5399734650326956
0.16462653093069166
0.4557499071430049
0.4994655744795738
0.3408505785971377
0.3577479344067511
0.452107956343106
0.4945521223777647
0.32586521499840565
0.37236836113302174
0.5390106476009294
0.4547794147664638
0.5427246312858254
0.4744842781672142
0.49754553778882854
0.4287489863537163
0.44187059746724633
0.5425522296445624
0.4538880352357602
0.32152072376485163
0.5369186187476755
0.4795063106889875
0.5391553241691899
0.45369303858399157
0.3946791208474087
0.5425223186246736
0.5105085177697695
0.5347311813974469
0.458361667469685
0.3510940913819221
0.16264497311099105
0.3283842905602148
0.3407238506303893
0.4629775554229908
0.36426080029586194
0.4535674573773663
0.3921732742096398
0.5288729182376045
0.5106822811946369
0.5402752396252022
0.4194100976549299
0.402068006342386
0.2742296765861562
0.5408767002086005
0.513289568051241
0.5190354842664258
0.36172044905246864
0.5423153055055018
0.5365584933509387
0.4871346752187414
0.380265083365635
0.5342154563434934
0.4848219841393807
0.5205639111987367
0.472471805953235
0.46608067065812203
0.5351041761540865
0.3936819017101849
0.37267347034317416
0.4201376650528425
0.4054519787256765
0.36518934039804446
0.3420652981742778
0.44738146396063194
0.5051352578840217
0.5318714250887029
0.5402828614606429
0.3319575625043282
0.524038662562265
0.4782763279848269
0.4926066685893793
0.34675708748560996
0.48708672607669046
0.5300536220582915
0.45730699349346265
0.43532007178875165
0.5419440821881751
0.178492891778372
0.4563841784242572
0.5359522061394101
0.4287219156812678
0.4681094345219911
0.4698898347294044
0.45391307773952394
0.5258778509174836
0.4005740680815718
0.43198681305793996
0.4521228257421069
0.36433819174234067
0.5083214776253588
0.5286391290447859
0.5196528916982449
0.5207882495167276
0.5379508409738298
0.5068217450558649
0.5329465010504132
0.5426451705556583
0.34735393250221236
0.47238062067457837
0.5397914085737775
0.5185466915411063
0.4290886859168812
0.5205267283399806
0.2138499488233496
0.5333193949437188
0.38720862759590313
0.4700662244414892
0.49134724122660806
0.4682008807147511
0.2566737602771019
0.54228735661592
0.30850431309106646
0.48800576387293626
0.523694293940883
0.48492037669308863
0.5312342517757142
0.4336404849982635
0.43438701037049054
0.5425682304592898
0.53042911107509
0.463752946017426
0.47296084465141186
0.5270828406120754
0.4148752344235416
0.3992276999647769
0.5123193702275517
0.4693643292372607
0.40941389168458764
0.5417135111221381
0.5330541068831883
0.312266685385218
0.4533399050560901
0.511161354164089
0.43058125412150705
0.5381539669082683
0.49957433501356674
0.5223276362885051
0.48396826978050195
0.4058190557315676
0.5290448873793365
0.41743352194440786
0.5310711762881531
0.535019286683628
0.5014795415396374
0.5301694660306456
0.5091842536663204
0.30750132124479224
0.5427453738797308
0.28482026771482843
0.4034949865219335
0.31069560425815335
0.4543561901172413
0.12210687488410485
0.520713252723502
0.4856911748160514
0.458716388640888
0.5421299783166095
0.5390136404748579
0.48751565603033764
0.5189831868621093
0.3743925131106639
0.5174285738589854
0.5258973485487518
0.5366701328974119
0.35882675389175267
0.30050272106235665
0.443856639967969
0.5276411808662645
0.5317251324006106
0.4259241566470034
0.5391815081006214
0.47661117900389993
0.47162605320008705
0.49420774578400073
0.4068222727817563
0.5423586676233326
0.4445874130346337
0.36631787015585376
0.5265903802931764
0.5003068139730619
0.49453926153632427
0.4206871060142326
0.5186229869850428
0.5284702427906234
0.536337549669205
0.4352220756940314
0.5225882744658291
0.5097405724913746
0.4868865886671605
0.5427883180942611
0.5159880681731082
0.5135581128727648
0.5313090115297882
0.5146629930278075
0.5294394479657324
0.5225524663251577
0.42526287446031596
0.5279946539117271
0.5022352020379695
0.38357630951458205
0.4336342432875399
0.4250415484114947
0.3902188787863946
0.528391174010187
0.5302333674648272
0.5427628428355807
0.3741992184574808
0.42013830475592917
0.4230842422133887
0.5415272620815461
0.540467213799394
0.526446360093518
0.24712108000047045
0.44559286793148695
0.44896687028551274
0.48901774826093175
0.35470253043618427
0.251167953773707
0.45158986005798163
0.5286865769986856
0.4672278368545757
0.4882495956248497
0.4555292407011462
0.505907052708807
0.47881990727428725
0.26089554949070387
0.35596129981135816
0.29844256616326464
0.46792807249125806
0.2981373338823127
0.5083158324893546
0.5362700152613136
0.4818850382767446
0.4919462315003504
0.525835403558029
0.5289522831139565
0.4343171663901757
0.5385409760687124
0.3890967044562097
0.41440737744197753
0.5404807689565551
0.48799814343541925
0.5426156426185738
0.4926608192454289
0.40046740266823516
0.17834099842151607
0.4421106900587443
0.4801649704903279
0.5305240076254722
0.4658074351255294
0.499198282417106
0.4181294985923169
0.4053159574914058
0.48519221701183207
0.3920209007525812
0.5228006762632565
0.5373659817992699
0.5347650836226477
0.48603912091227286
0.5274751820505253
0.527357476874911
0.21317205539511652
0.5371826361758614
0.5427866598401239
0.49869599610147264
0.540815815257985
0.3323902011074987
0.5076516873267883
0.535382361684279
0.3718394895673594
0.5425612512445968
0.5201503759271218
0.5271245872655824
0.4696441514265683
0.5396145380292278
0.49918584555201534
0.5427615957490605
0.4564549519723275
0.5092872315589616
0.4823795863151966
0.5319686357422644
0.2962273646112796
0.369521750173638
0.46365170155857716
0.5196860342481666
0.4196971897020615
0.5428811787787899
0.5147423732646189
0.477845122172663
0.5192106215332699
0.384704083957289
0.5051479580066349
0.474243106486072
0.5195266324978757
0.4992946247129337
0.22941991193763078
0.5427429653661804
0.5180380758802083
0.5427784985119863
0.2700907034355332
0.4578459416520669
0.505354091229066
0.30479278607506466
0.41974726839930326
0.32429052246673934
0.47560439236857927
0.46679154771199577
0.4724828938477669
0.4917252486284387
0.4586136464499433
0.2695983310382907
0.5334073544356145
0.4227089283468017
0.4286848155981131
0.5082257801702744
0.5426909730669843
0.46586775302463046
0.2910219674182394
0.5365092109725323
0.53307684028519
0.39732117212116375
0.45682606021453515
0.4785469950623926
0.4364471533080447
0.37464379960207095
0.4903947367095779
0.4028662218176527
0.38902879898877696
0.5388717151158214
0.49484284946080986
0.41118521260827207
0.4831321695570103
0.4009911625706972
0.309678077125115
0.39740531337269186
0.5297315199612639
0.4335978047886083
0.5428627852182509
0.3267493406270565
0.4868832312834935
0.45996241382916564
0.3495725234003815
0.5406751520296338
0.22323264684675384
0.17849592010801343
0.5334491948106845
0.4632042009148579
0.5081989369128325
0.2825454938857083
0.2927108438201935
0.5039901683134621
0.3042433118691029
0.5187114796729486
0.5148061045970159
0.4231954377196704
0.15866214265714293
0.36349787007005013
0.5393086213793772
0.37647259328852006
0.47597160987783754
0.48972150176243917
0.14792837380797744
0.3427388005089605
0.49266748912183345
0.48603838495460333
0.41368995410097775
0.5208106419576733
0.5114484453647647
0.45094274795922606
0.5361301707100408
0.4897565075751863
0.3115711756430354
0.4913739870291954
0.3188785336565122
0.5348148550714944
0.5380261009366806
0.4723798430432989
0.3211420026550449
0.4518329420046302
0.5337917172153189
0.5117570265808765
0.3286545130648537
0.4853795450763563
0.19845109843054315
0.3815571168360699
0.4784023278848882
0.46613617820598646
0.4297642024840237
0.43473900862512993
0.4871656064548717
0.5392843639096677
0.3362916298559208
0.46723621306019375
0.13335959797359567
0.5420431360063707
0.441435541559384
0.47449321093413543
0.5421376459087182
0.5125395400076912
0.46430942508782697
0.45614626466841457
0.3867644531839273
0.35687548188672524
0.5414355590623734
0.5297041737723888
0.5051505387849314
0.4247574364314519
0.33464866825988604
0.5161195405620714
0.34692178727702644
0.40482353596144366
0.5019336425172415
0.526354353800091
0.5295121116010877
0.40616856916585037
0.5102156946498373
0.4902136329691003
0.5415947998798137
0.5129930445048685
0.5418887386941365
0.23825931158904767
0.540678222347001
0.33592157331794537
0.281488567724559
0.4021321860619742
0.43221646646604495
0.5380875539590299
0.48307379974541786
0.47908497228021246
0.496699841091794
0.5236893081034368
0.3331369289526762
0.3357438033352414
0.5205907782827999
0.4050652288125526
0.43230943245921344
0.26030332945789775
0.5265053726818475
0.4470490299559415
0.35808160988626236
0.4456505056731404
0.39196201713585377
0.233464105978204
0.2805723354592446
0.445094081063141
0.3241189446705114
0.5285288682906885
0.3625164766033554
0.5035384360348804
0.31042297692835913
0.5390075098487335
0.484716331742304
0.5259885740802083
0.3181445223545253
0.45927730575896997
0.3701208034075154
0.4422615462575407
0.41504979994346647
0.3571419649391902
0.38899392631791163
0.458516670642055
0.533421907799943
0.3123241690557485
0.4489659965834454
0.5039273056300542
0.41143546589987084
0.47480231426218866
0.35840064768794094
0.40363950998296155
0.24925956535572713
0.46009279959837446
0.45267546459048513
0.5421040608682451
0.45183166187607354
0.30755687321510267
0.48596323233575855
0.537014766649876
0.12824851484661828
0.44707266035426846
0.48158039363851163
0.5296044153872861
0.19493873530204642
0.5419316065154134
0.5400382588053247
0.43209508423061394
0.32002211194358615
0.5405005205205538
0.4831844171622566
0.5417890696319079
0.5416417865536307
0.4488319251311053
0.5270007260532956
0.536956613831587
0.46005523131974974
0.4785743404244408
0.5179265225341981
0.5204784412113515
0.5300856442339681
0.5406095444305791
0.5428119789998562
0.36001598222155295
0.4727185891456153
0.48504666438312966
0.25819428590689447
0.4693276875847716
0.49643422542767046
0.5035480363043406
0.5326414166682198
0.5283840548812675
0.480396632177319
0.34736986006848025
0.5397679036133756
0.48911613912784596
0.5375481073869979
0.42414160019607466
0.4792711454665103
0.42207736453348554
0.49686996432569397
0.5409302454360819
0.5008630575548517
0.4571339379707429
0.47545016093196973
0.4280340504670227
0.4280477415391875
0.2653398055706222
0.5199065957263275
0.4502146205040787
0.488988614391113
0.47989119739826946
0.5360071284314158
0.4446180875077672
0.46482208419525733
0.5402712091157139
0.4880777888484283
0.5331663640533898
0.46054646465045584
0.465823446247855
0.511573960780035
0.5172037403680496
0.5004753423142531
0.42461187699717284
0.43517933416339477
0.2868533442419472
0.4624249780920103
0.5423381835408663
0.48228067700714267
0.4053080938044542
0.5083748884844902
0.46236890654354584
0.5130958197780194
0.30064851178734764
0.542872753795525
0.4170207615759125
0.08745965951652962
0.3304326569949395
0.4706450353982664
0.4215677058097515
0.3938073033474257
0.3219489274141862
0.5417109430251468
0.3701768376266655
0.4249748301719527
0.3283620059713659
0.5394975049950042
0.44929565836372315
0.5316626981377952
0.3358433182330116
0.4534624983118297
0.31832613532320014
0.5422267947497197
0.3405789089303859
0.5404154608326812
0.4488728540511328
0.3277976768928827
0.4668171428393279
0.34531082653155204
0.4819282829941519
0.3406234626938523
0.5303216847237809
0.44187721037320055
0.5424913955471626
0.3818206812256332
0.519478143392116
0.4741355878276878
0.40147629265049284
0.44363096080302794
0.5314321117409321
0.39945686097539723
0.541438614608315
0.5110139357868287
0.5042567282169946
0.38348905034101266
0.4438185675053957
0.38971265790886195
0.22929325976515846
0.35862287207145094
0.32339436016818707
0.1754054482331768
0.5310851763173249
0.24377786731743378
0.3765183677218398
0.5231622067619817
0.2858916803314584
0.5285823813205425
0.4420934518591309
0.5340125651478977
0.4916906926946529
0.5184372164858239
0.48916443434148854
0.264922049188259
0.4242160835055128
0.49631061082641514
0.5398400694950881
0.5407116384837477
0.3353803256588263
0.5377279931735678
0.5037324036583756
0.5427953672495739
0.23860004571382643
0.3584925836985013
0.5146653918688058
0.35829858187852903
0.3506359874927825
0.5420375715513959
0.5316360350840253
0.38950174767502344
0.5186322184592873
0.539501944984026
0.35486860756666416
0.47343991738573377
0.4805251419202291
0.4951866332825018
0.4425007500551738
0.30348221316905827
0.542677636270122
0.527623835219782
0.41096331914658196
0.3495437106508721
0.5169089926602445
0.4776269903642783
0.47870963031661107
0.12520787197297747
0.35791563641758395
0.4681344167119161
0.5413786079922085
0.5205209776000247
0.5412032231658372
0.5383878294568455
0.5181913164076793
0.5373466242906527
0.49441036988337356
0.31052197272985854
0.5049448522842963
0.41221789351513216
0.5380672091956543
0.24624899870443212
0.49530414707883147
0.47432810411962867
0.5089059230872414
0.3485237682884871
0.4649962639741348
0.542446541949363
0.5284714474764319
0.43539743825726085
0.26409246580257945
0.5111181184879904
0.3434991457850007
0.4575607910924249
0.4717794100906506
0.5399492596349627
0.3597991145475061
0.5222305227296162
0.5111511042865318
0.502126491137811
0.42960284289473266
0.5283724892528782
0.5028090093493257
0.5426063780091053
0.4451586203935492
0.3881728205345167
0.3464823635765419
0.45231285199843796
0.2866399265292697
0.39066120267197807
0.46766896829863247
0.4458389859789338
0.35135621440870507
0.35809954438635955
0.4280878868543878
0.539440890123766
0.15823641534099395
0.3700142682308389
0.4135013051298454
0.46752399769534686
0.5407050528932701
0.4856944060569502
0.4765077975798784
0.42718868436096574
0.5065712516469688
0.5280433396335376
0.4698263598019168
0.23934960336371952
0.5021143310623896
0.45405792480697765
0.22729131254056387
0.5307011856067261
0.4046099927256332
0.43152252023628335
0.45728982967280557
0.5305624379983072
0.5424015531558186
0.5424046732869952
0.48466225718942274
0.4088514746094184
0.4930868670556098
0.4665338053197162
0.520231282889042
0.516153484207856
0.4196046168401995
0.3846702223069023
0.29330332440506485
0.2821725050938843
0.47396952961903377
0.3889093293398959
0.5301858910316087
0.4991561632945642
0.4940671170638456
0.31382995022133053
0.5323787034179108
0.5232501780141889
0.438245317344766
0.3090912100896049
0.44106603148118007
0.5138546119064622
0.5425471772647878
0.44495176682624077
0.47125435502715024
0.4978011303105022
0.40341629142626345
0.1577644142998968
0.15302783924009672
0.5105790636925286
0.45522769280593517
0.540675973326745
0.4926464141329303
0.5419659901134021
0.4629879667429416
0.47177208800684506
0.5305149517035741
0.44275090321508037
0.4119183967455313
0.5046431719785694
0.5419222938038404
0.5401735917834666
0.46417213805904856
0.52225333481913
0.4886030967423261
0.3282002745588205
0.4806886298828806
0.5361143939957288
0.5423200483999764
0.51263981104072
0.4654792213199777
0.41991936436376703
0.5422746828737478
0.5114385120732299
0.44729336136245057
0.5428716253808963
0.5323566380551041
0.35248729738524376
0.5236324161356064
0.3108740668836817
0.49223399133469475
0.4571111751612867
0.29065833568265426
0.2965365199391922
0.5024705692967513
0.4028567913459778
0.4584294116918894
0.5403842874626101
0.4773138045325639
0.5367867618884542
0.4142822811524497
0.36991778891746513
0.4775301513525842
0.2637766286494151
0.46448881892931143
0.4168794008966298
0.5399949022392668
0.15944309704412818
0.3482049370504447
0.41903932267958516
0.4941841521260537
0.370185954006256
0.5175480756160129
0.523566027322869
0.49775167156006533
0.26389765826707495
0.39820574235459344
0.3664168444359635
0.4333183295945022
0.5271557119901579
0.5135792120471752
0.5286929913093527
0.48814542231895436
0.3931705886612731
0.52942094269729
0.512226158084795
0.5038980165536494
0.37992414222702
0.3563966778681649
0.49129003779683605
0.3349710120898337
0.5092239184385519
0.43698009448076813
0.23711616373111224
0.5399583828680725
0.5354241704982923
0.30238518773833134
0.2725972785966199
0.21243028644541573
0.38420190991336206
0.4162311421497025
0.5316045100858855
0.4056414528709538
0.5142870164001293
0.4260568922410087
0.4310584917384608
0.502697287004944
0.4721833537934682
0.39814540750523697
0.4338058940633447
0.44447990611567856
0.3953375130467189
0.5146456794014465
0.5191940715395316
0.5304340623975021
0.3863276617035353
0.49832455573766876
0.5428797989554075
0.48121175920367015
0.271373601067574
0.5101032521375082
0.2225335871241734
0.37374521170539854
0.3237615300967004
0.4597318235937856
0.29110069799781807
0.4538268763441553
0.5176636022793395
0.5084212674158728
0.37132636064820895
0.5336504265220501
0.37543251715971077
0.3953949211079131
0.456812258458035
0.5265970593409923
0.5306388853698828
0.27142225780288637
0.41225671427687954
0.3777480773204206
0.3704237526614237
0.521185090728639
0.40824380474036326
0.5269444081252536
0.33573942147690167
0.49123782397798066
0.480305538328092
0.5257853312515806
0.4334591012259974
0.5045980641782037
0.5034556444197749
0.4746160484895438
0.5139880104147497
0.33497913113801253
0.5077009477671305
0.5408183535826172
0.3822140377728021
0.5413836995677581
0.5034303334699367
0.4958134124318514
0.4498967202793104
0.4488447908224261
0.30522123175616833
0.4925385055830965
0.34948068414436123
0.3203196395651476
0.5131508278591114
0.41568386076430375
0.5421210149647488
0.43717365645218936
0.5376510021925729
0.49596549288337877
0.43339492143675573
0.5068381675534498
0.5045858410325579
0.5155766039072299
0.5285766753333261
0.5024684277969117
0.5191805194472252
0.33318845228551863
0.41789367066356764
0.31075014517720106
0.44279259126527226
0.5424473703037646
0.4573098362558931
0.5203789217369741
0.4466132807753925
0.267555448184037
0.4528288417383593
0.5335453732462752
0.5231914616463978
0.4516894102769825
0.5103919168813591
0.5235433577443571
0.49363317110508437
0.5073922883610047
0.45864881693684195
0.5406010262099695
0.1607934981100171
0.40813635173054735
0.47773207424262404
0.4710446313065116
0.5048487380173322
0.5251971274502394
0.5376140463487542
0.4807016180760261
0.49467300735244224
0.5365693295188175
0.4575247769300198
0.5215221941425974
0.4996640984281708
0.5081125145466157
0.44836502834670233
0.5131475675981735
0.5255769847251162
0.43596707342149815
0.47033833977751
0.5131405615862794
0.5057262185928509
0.46096247392705947
0.5378445763150265
0.14521560814718318
0.47330291672157554
0.4662574516489819
0.45224313069486227
0.49838891752049225
0.5057914185614313
0.34932454367720994
0.4941069690472072
0.45188417257958535
0.5164710435848485
0.4354186483605547
0.5291030277737903
0.5030660336409275
0.5246250148285115
0.5380824384086215
0.528008418124048
0.49543269109718024
0.5374212624146721
0.43435384824194595
0.38029583829469044
0.39813356482615503
0.5307270114989152
0.5356227877313017
0.44905562616323974
0.5008292661244258
0.5398491120364269
0.44901646942192547
0.5428747008769482
0.36254056083668845
0.5140978469683607
0.4094368379644518
0.5328749180729703
0.3967393211418334
0.38717366369198225
0.5412153391470649
0.38487191440862883
0.5403605592335246
0.5403735645705476
0.5292400994771598
0.542879313279095
0.4844567552868691
0.43543738373017216
0.24056809286742892
0.4007917878004024
0.4027305521472395
0.3344038954890344
0.507514638546083
0.4285506753303573
0.3169742049057354
0.3731887068059464
0.5322818759954632
0.38062559525128764
0.5428686726441615
0.3908505822275579
0.396861626486077
0.5351008940013348
0.5284398833066181
0.33252764402529755
0.5362235775116727
0.5420151145052503
0.5335434231754869
0.5381144933968498
0.4558915690791898
0.5425488061659645
0.32895019052750535
0.5116884345403869
0.5294597700692795
0.3105860896633276
0.33061395580620884
0.4589398013338779
0.46295671351651513
0.32135717576063316
0.5005128460697537
0.5417372983485823
0.2851134832388333
0.3769618076498079
0.3943832348950317
0.4854211598769364
0.5294083952661158
0.4443758989081997
0.4613700799843734
0.26002741543250174
0.44987570706815927
0.3134541006613962
0.4639802471074155
0.49451397483927545
0.45934258747260315
0.3911543433569832
0.5420632555977424
0.3836465769890067
0.5304938979436368
0.45127472195358576
0.5021364044256799
0.5426666730814852
0.46908866495104984
0.5152280338870789
0.2301557908780154
0.360389829067446
0.5428551315530952
0.5225057440861222
0.33677832428812887
0.47567940524232605
0.52364451785856
0.46389850593154003
0.34903233897708047
0.5388541944308227
0.36793661216928214
0.4917883344128229
0.4597500552130101
0.41305051830069744
0.5085999783403192
0.11695981017091721
0.5421267929646907
0.4399015297692837
0.2629207831588275
0.3471649270925775
0.5286010408254946
0.5425399239806321
0.30098831946687304
0.5426164033380837
0.3772071530595289
0.4039054434040896
0.269425990067381
0.4075883828938993
0.5427950529562404
0.4599343043778649
0.08883737801410395
0.5023554998132509
0.5050565250484528
0.4940362467698112
0.14095656289801142
0.3553162389076311
0.4667149953832794
0.4131062577802291
0.41818870564358174
0.5111369734675812
0.5199935604409524
0.5251716982880016
0.41154532454801557
0.4713219517780114
0.5403690941187161
0.5329445591727682
0.5410932194843918
0.48595901388137425
0.4414559611792613
0.530681995413473
0.5232878789838789
0.3980195687940028
0.4881638234220155
0.449037071138366
0.447101630812446
0.4390659891710868
0.3762678212887837
0.5059730262487938
0.5406029845014028
0.4533465866155932
0.5205058283509443
0.5104323505722516
0.5420830689857002
0.5421946667378683
0.5378117328417118
0.46718863762706925
0.1599872209521433
0.4994937994016304
0.5279495177647667
0.5080900697498801
0.46072337722089773
0.3794385367053805
0.431141746403924
0.38462378059394386
0.06757881300027448
0.5172698667877526
0.10213912182354504
0.49299494675449573
0.5414160642276329
0.2900920763714327
0.5001064818678348
0.5405189050727022
0.5084376235837059
0.3297981421139403
0.504289060278014
0.4882884559181389
0.28312410181161823
0.4696864594506599
0.5320554169543983
0.32600292811906983
0.4263914597735797
0.510651409455699
0.5410651192733074
0.2230206597344173
0.4710100453825725
0.2874322207876722
0.5187190216569086
0.5261131619297855
0.447950114649796
0.474422412441988
0.24141855016139913
0.39526378349742036
0.3994043441394903
0.49854700816279957
0.542104733945645
0.5065048260525693
0.5420724579682342
0.5428563795013558
0.364911634412807
0.5268739839735216
0.1886606063123605
0.44414676116099167
0.5151139714050406
0.3994926443553754
0.40544152913479614
0.4931533224218813
0.5249113331023618
0.5389708794605691
0.4964326819857901
0.22622305479739646
0.4466882465490956
0.4806749607766157
0.4286574002776358
0.47243638415892447
0.5337727398222197
0.36330352094424284
0.5223278839123519
0.45304978514520305
0.40974951764841094
0.4985422212056962
0.13926536172289003
0.5418215116297507
0.48253640582446006
0.47142125366981386
0.4608134859106722
0.5055518282258802
0.4961824711501908
0.28659395089145406
0.530120926841288
0.5301581467814217
0.5329807743286417
0.5050556567146822
0.5399009184542376
0.5138122672647178
0.49588093886135737
0.32829970346523357
0.33846349386292013
0.46238189755809844
0.5424969331765269
0.39012704341497345
0.39043176800696394
0.48016239425795093
0.5416454851272464
0.5314384412487877
0.5377661293587725
0.45564370540615823
0.5342886671759206
0.37519181947085095
0.5220609172518339
0.39499142952572686
0.5310949011039244
0.3901138488656775
0.4698682671566263
0.5398382630396138
0.1311943994862845
0.3735786271287291
0.33472080017153416
0.27246744126430283
0.4774303316696937
0.42202999357909493
0.5072600912085552
0.5124278887001359
0.445843315748311
0.3880788188917015
0.3308350933590987
0.37746183936591937
0.5400272472426937
0.3707067148362956
0.5378181407512653
0.53752633501956
0.19244423034820987
0.5397544125017886
0.2545762151040129
0.4890851148549411
0.5305923561198657
0.5420993774883266
0.2779377210645545
0.5199604489895011
0.25633771600266947
0.5427868394700976
0.32602821693794354
0.46962585592575795
0.2760813443357882
0.47812490861282175
0.4378938088003404
0.49166138047805646
0.5052137667684191
0.5215759954853806
0.5390948261644459
0.3847376403515071
0.41237738503834104
0.439586206624249
0.46771875463049933
0.5318512298394688
0.48352890048315333
0.525429222301667
0.417076140117998
0.5247301889362822
0.3380612230500321
0.06777414550392008
0.5384993572363612
0.5012085651958901
0.3963236471016986
0.3824007113774821
0.5137121687807383
0.3344998480094077
0.45824010923231384
0.5424097943388364
0.3693346677391177
0.39508554333539303
0.32987906124475447
0.31133364650776485
0.41635108631003803
0.5323741384248304
0.5328875492750852
0.49185278204408794
0.5425071433335356
0.38815531767717815
0.23999164573096696
0.4298973264636172
0.5256518409150048
0.4964466923348141
0.3294566733979351
0.5313095804964812
0.4847635914853043
0.46071492239679307
0.31160751366818384
0.49444644888048755
0.5384715995116522
0.5417184853451679
0.49915202332599234
0.4945474232917245
0.4035243117177154
0.45242866737894183
0.505246307275181
0.5364746989566842
0.46036671498277154
0.479813527042164
0.4296545588079881
0.344117598728709
0.5425388874101095
0.2579556627862424
0.2725565287769165
0.5252715582679114
0.43929318834773645
0.515991041949771
0.4203153439334791
0.3722373291045474
0.47624714581590233
0.5407254906348872
0.5415709753013945
0.4827314723206168
0.362543315245173
0.3913267043662728
0.47064879081501043
0.5426675825643595
0.37249308323959557
0.4799665166306584
0.5163882222374307
0.5374168796624803
0.4369668392248484
0.48009645678733176
0.5189335870552935
0.4593117150955298
0.3187675446084179
0.45369196414141943
0.5253334856635037
0.43705900076056725
0.5358994556980804
0.5173913526211952
0.45208438983403554
0.4164055962606519
0.47459735479836945
0.45035888980178307
0.5180029081485854
0.45942703542720587
0.5425200987838295
0.3510272561493481
0.5203685207088301
0.4236814067866792
0.45013092785657727
0.5008531954667623
0.5305498864725812
0.38785867785302536
0.3335272286542372
0.38234706342040164
0.4093581660223515
0.4082294232338303
0.5359119371121461
0.38412837395180216
0.5422472958479558
0.4853356373590973
0.4638612661230403
0.5084272670466131
0.4971624835945886
0.5233796018028075
0.41411477766881255
0.3349287709748975
0.4653071378178927
0.3907731168712824
0.4818961644346361
0.5363120522353815
0.5217149738203509
0.4803710188039327
0.42229522788604273
0.3554371006745388
0.535340899373574
0.30829008228786287
0.44180667090575554
0.5321091837350467
0.2974208777039745
0.3421969420233106
0.28769997193983604
0.44392763271513735
0.5115671776710695
0.4505684060872173
0.5222609106610487
0.5419681097797194
0.3729873658267263
0.517072147907048
0.47197702319771034
0.45888837850121006
0.5399465725127575
0.5422656988980527
0.5341726918089588
0.18160401836518744
0.3377560436572032
0.53305116987543
0.48047587313887186
0.5428505584009305
0.5265894066686057
0.4456416691408497
0.47003931070417115
0.5111866037073312
0.4656877325151166
0.5170628372947984
0.5046899881610396
0.5172777866254313
0.5339462215150501
0.4713778249844403
0.49041475662970496
0.37018007155565963
0.3192162051303222
0.4560271710959402
0.31752601610467324
0.3533551612251181
0.5293600643315551
0.4969810783438992
0.4508021509686616
0.5428770201036454
0.3422374142314949
0.5382433938922419
0.5037318609895239
0.2916509648936866
0.4607846280264668
0.501941448409059
0.056810510045315885
0.23927927728502799
0.5369659100504031
0.43348173375240856
0.38805386337153613
0.43348710364774007
0.28471562828485447
0.5416377988926432
0.2817877910461124
0.5366870277557908
0.5199953404424998
0.46620382136056676
0.4130374510769819
0.5181877283443936
0.3573363530063844
0.5408073382498592
0.5402610010757161
0.5347433511517434
0.5424575897940669
0.14158272786057782
0.42988072975631153
0.5401257712700838
0.1378329023659921
0.518810759452138
0.3475331566800114
0.3956203015221465
0.2764141180020711
0.4715112296903685
0.24662367258971749
0.48093160918425887
0.5136992084253775
0.3776567222774181
0.3549882316730029
0.53336456394505
0.1521634877965377
0.4494678890267647
0.5360170816254455
0.5373867475856762
0.1616100338951589
0.5377350156711533
0.3281076663882708
0.5387310584775414
0.5421379972473235
0.5349488961321254
0.5428559096614208
0.539315236549842
0.12217684209774818
0.5423748674462684
0.27001802821187315
0.24941243923094014
0.2830549194868166
0.27724525642170555
0.14072094118786022
0.5425237087466048
0.5413941338076176
0.5324466423831975
0.3559328189423144
0.2687145994950032
0.4023094586898795
0.5086592782628663
0.39522208996412034
0.4626255844189708
0.5332792238005463
0.34881600581542216
0.384800140909773
0.33658918513087205
0.3682767036406637
0.32983144792331087
0.43506222432756275
0.5406691389727754
0.5205098193231227
0.532862115472864
0.3036091687892637
0.3188826310003367
0.384980938866071
0.35285161956286804
0.5419798310648929
0.44193890249282086
0.5228554904882449
0.46755553053076454
0.5227950854978485
0.5364351575583044
0.5320001499323106
0.4934437360533578
0.5357754673860934
0.20901552772128865
0.5032072407867697
0.42920218864376025
0.542415302024957
0.5300071344917895
0.37788143953965264
0.5345843855988945
0.501788330281785
0.19289958617358074
0.4324934995124465
0.5364081943627171
0.46390030111397335
0.54281624244325
0.5428799969208681
0.5370371054171088
0.40873548862896875
0.5396264429434675
0.3866589096545923
0.39309599724925265
0.3071703096898946
0.5165952615732534
0.49974429888181265
0.5421362465390609
0.39015049966130605
0.5402130490999825
0.5224533205300994
0.5407122301886174
0.2958892473299391
0.5306209984236887
0.4479890249384442
0.5151334939402883
0.40343007796613994
0.45399116290637603
0.4507210380699729
0.4510753749920776
0.4730870691209006
0.5385068456542295
0.5244758517651127
0.5106015876358112
0.4891461022708421
0.5250546040706133
0.5301762793302525
0.5181613862297056
0.5094032237457474
0.16497147976712298
0.38224332656605425
0.4546456997025606
0.4831661623471608
0.5428682027451
0.46726595723519104
0.4689657639736671
0.4632832348823297
0.2524580563333427
0.4970611127252036
0.4748158842879656
0.5405868869738403
0.5033137436754535
0.5325133295259659
0.31443330149527493
0.49169610145483356
0.385348785493492
0.18032531137387015
0.5175218998923492
0.5011778420672364
0.5265694259823348
0.5381868202480179
0.42452901246608865
0.5309393541959478
0.4876332900326807
0.45123364173042074
0.44352555695213386
0.5254127785252372
0.35053065463308364
0.5424016182179485
0.5214198107029561
0.5245780493965774
0.5428561922619042
0.41073649892799907
0.48693257531439227
0.5418326283522985
0.406435840364381
0.4800025065201074
0.5304747367243434
0.36859925100257834
0.5259161590276945
0.5352989018122272
0.5093806427884732
0.349011630341631
0.15820698135485028
0.5355161040587079
0.48734396322540263
0.46317195454288873
0.511645131171409
0.5344046515630054
0.4997848360817734
0.5420143224899334
0.5006812340170287
0.49104171997117074
0.487994198344086
0.39664182484448174
0.44327900893709543
0.35846331309910817
0.5404596191097681
0.4819198500668556
0.5376129100931852
0.5428675611973064
0.43171789618788287
0.43952712498091495
0.4434499236979221
0.44267590387165023
0.39967107967957477
0.497745244785532
0.47403005518319974
0.3740649324521503
0.5421034217980543
0.38706937115439294
0.39888556503058303
0.4718154341193124
0.4182512426604155
0.49762450858909024
0.5169758263892348
0.5359203739529884
0.5243691166640236
0.26866126526617023
0.5000062399718141
0.23902812970664558
0.5139249232197979
0.5349503206913051
0.48724630284727866
0.5427198671050767
0.4645783844910752
0.43204772965199073
0.5373299428749762
0.5317362710442852
0.47338200678998343
0.5265632159398712
0.5386636230898425
0.5428128552593969
0.5005493208967526
0.467058745171252
0.508288124674923
0.5224473489160261
0.5184394234380814
0.41244056076484636
0.5426251819259831
0.5366661128418747
0.4708466334440818
0.5199626990704588
0.49450722588790624
0.4540755675535732
0.22272351723261363
0.40290972372407363
0.15439529019382534
0.5370304856963747
0.5020326973213785
0.5052672842076513
0.44502765851854753
0.42200912603515706
0.5034960360265188
0.5333926645316284
0.5013236710495593
0.5348499870603276
0.25188921094263267
0.466459116731532
0.3154258644645082
0.541995831956625
0.5328127324190289
0.5216349866711198
0.47503574991537734
0.27403839284236226
0.4105924907537092
0.18733201854742615
0.5423005835211505
0.4956339857734963
0.37942666604790926
0.3189904625879751
0.35068246800789615
0.4701735503464419
0.5066755085312328
0.4562051409333938
0.3538857762447909
0.5321352949650262
0.5207396861977177
0.5425365995246666
0.5274699639762341
0.4583448888926883
0.49096758473279906
0.5350353791612347
0.4305655663326268
0.42663589299299526
0.5361562116058194
0.3238316567676878
0.5261348320986065
0.2877898467048905
0.19596214014559152
0.4385127705460746
0.523606395643291
0.4863469896230907
0.5344688953860457
0.48443016038107073
0.4170739764772753
0.2866282880050921
0.5398784104212281
0.5406262119599919
0.4399454414856923
0.40982166285950683
0.21312370830407215
0.4149516782284902
0.3034714618889984
0.474319098120743
0.4063288556777774
0.4905952866622914
0.4819592884993303
0.4787820628559756
0.33652124282807655
0.47010186850924485
0.5413838123350408
0.4412878647398737
0.3786364938125612
0.5320762944225832
0.34924577631798215
0.541815189236428
0.4257202047647223
0.5231978990608385
0.28549081042801877
0.3222435967474649
0.4457214402862812
0.4766161859776208
0.5199217965835129
0.19469969350619298
0.5329517090861583
0.4015643254659269
0.24530494087126065
0.29312997526199686
0.39632554709906676
0.4623519329435656
0.5393847788502698
0.3054022721591796
0.5261545905987578
0.5330286297192036
0.4044224643430219
0.3467117195061376
0.282067787725308
