1 0.6088349178078712
2 0.6126431515193123
3 0.29764742856799326
4 2.1982730445442313
5 0.2384248722825946
6 1.196002733250399
7 2.747287838314862
8 1.147170446682851
9 1.1104935655962542
10 0.3839048079712305
11 1.969389070137355
12 1.4220144838407482
13 2.268146254706391
14 0.6461025627473366
15 1.3407452228403203
16 0.9478345181072758
17 2.106097059844202
18 2.853243636904014
19 0.840405488786881
20 1.0739555592336127
21 1.0280994811551887
22 0.4449530042371607
23 1.52844736051609
24 1.3528329907052985
25 0.3518151425121945
26 0.34772731865186884
27 0.9020729376187936
28 0.9163456755501258
29 0.3760630797925322
30 0.39474267357759907
31 1.518200575458747
32 1.6647993235908545
33 0.8129020655834392
34 1.4281936159804218
35 0.13490091606636945
36 0.5061396679634526
37 1.2435372594916858
38 0.6496613310943015
39 0.18927071911485036
40 0.1132586904356572
41 0.5509407893636451
42 1.2373951263524792
43 1.3813674258556605
44 0.616009910480723
45 0.49899407770381926
46 0.48096828944807246
47 0.4428696141320009
48 1.0403855959965025
49 0.3978216785688949
50 1.7658220460026424
51 1.136745333787042
52 1.0458121478096902
53 0.47701431932617094
54 0.3432274620107108
55 0.7495808581371624
56 0.49268680330542197
57 0.702563449217242
58 0.7225384743015036
59 0.856464874017292
60 0.5283894454493009
61 0.4759860092355548
62 0.9213007331985419
63 1.6382018299407368
64 0.8999743231083779
65 0.5104612543868979
66 0.5481195440149188
67 1.1800134707825252
68 0.6725661544009351
69 0.6505938420103231
70 1.176659930743012
71 0.7772059889001972
72 0.7079083478747323
73 0.7935916358073984
74 0.9426575340264455
75 0.9700026208054241
76 0.747140171021127
77 0.8595582266080598
78 0.8999614052295898
79 0.8508897899600061
80 0.8710887904956761
81 1.0126333060868944
82 0.8617103350997288
83 0.8497952712550236
84 0.9633359925100689
85 0.8757370723130967
