1 0.7942398155685764
2 1.8947830139298247
3 0.838298454735982
4 0.454458292935004
5 1.1861835670887955
6 1.2753962710951832
7 0.9542541853721858
8 0.2506386179808981
9 0.12289397282634298
10 1.481090663984178
11 0.47221408772571266
12 0.23725601609149843
13 0.9883615169378395
14 2.9000937472825075
15 0.9299708681622766
16 0.9858120460284269
17 0.7726573635249723
18 0.9185953175563711
19 1.292564614461887
20 0.5865777852856239
21 0.5760020770078139
22 0.9016669419445617
23 0.9265788136957385
24 0.1753605619929451
25 0.7564830491708266
26 1.7798384435376309
27 0.5538679967493212
28 0.6764728639343753
29 0.6400802250607807
30 2.6714705915991668
31 0.11351201882992608
32 0.7349141055794968
33 1.1080596909533893
34 2.9894193620684217
35 1.9473165171999152
36 1.8055599278893155
37 2.338018223078219
38 0.3699352305104031
39 0.6949156091104043
40 0.6049544098415615
41 0.8753670671746415
42 0.6180443980255395
43 1.0922948282952638
44 0.48603717129210466
45 1.4349145995066181
46 0.08334666361439357
47 0.46325345039861926
48 0.5080811507628779
49 0.6956992418706013
50 1.7408470307294015
51 1.6598354252186787
52 0.7752390462686651
53 2.6035811256518535
54 0.6429170461258165
55 0.133262503300016
56 2.081968500187849
57 0.6610661033180182
58 0.7044040538733747
59 1.938221204048586
60 1.0555966366857965
61 0.6293298050042645
62 0.6138287277798077
63 2.525719820671068
64 0.7095383234645537
65 2.281627976918602
66 1.0922307579486652
67 1.4815578022788296
68 1.2593615329865693
69 2.2202899461482626
70 0.8539851546286822
71 1.326688900328497
72 0.12821651715288634
73 0.826477280237399
74 0.6742275093157476
75 1.0044349006256255
76 1.2532257379837952
77 0.32111100198841974
78 0.585492070857897
79 2.1011983335598243
80 0.12806741389425208
81 0.6214153624570362
82 1.7146798363273343
83 1.9551612697435405
84 1.7211781802142678
85 1.8460545028390136
86 0.2025698805865371
87 0.8153481314277188
88 1.550428794773614
89 1.4619718321810464
90 0.32002862966940515
91 1.6673068517081586
92 0.7452732581232215
93 0.6482632912337648
94 0.918861297262817
95 1.666206711719747
96 0.7981168736256795
97 1.319288052234803
98 0.9734975072835483
99 1.0664596056336342
100 0.8502842506296167
101 1.148855094574834
102 0.9854129539066555
103 0.8503249975368845
104 0.9997490046568871
105 0.8426861778524567
106 0.8229279071385371
107 0.8759003404511616
108 0.9124233147626586
109 0.9058990302544487
110 0.8682068632506756
