1 0.4927803597275922
2 0.48365143884341005
3 1.3569861271619217
4 0.28209721544079364
5 0.7907235362683762
6 0.8096532936789761
7 0.6574126496829633
8 0.5751212024783058
9 2.639411776028236
10 2.331970848180041
11 0.44462525238298545
12 1.6510514772247236
13 0.5050122141040115
14 1.0936780200393328
15 0.5471935658259419
16 1.1089263246154664
17 0.3556839011852767
18 1.2927752709075007
19 1.0698320788315525
20 1.0443812197344748
21 0.3699600256049596
22 0.3824056562773028
23 0.5216746222434944
24 0.610317698113186
25 1.4838309963094587
26 1.4772385157868824
27 0.6933824968200206
28 0.8898399806440505
29 0.5795959209803231
30 0.7155664771170769
31 0.9921575635371718
32 0.8868562950103345
33 1.0780312603200322
34 1.0031125765254019
35 0.7554842413954577
36 1.0752262615468127
37 0.39312362845583326
38 1.1659374508198688
39 0.9256575023991821
40 0.5642639622609897
41 0.8455083010575484
42 0.8696285496937549
43 1.2754722823684206
44 0.7954305468178314
45 0.5787017274200256
46 0.8115166470333073
47 0.7101434950577704
48 0.7602711112605481
49 0.8019540392339639
50 0.8805476255527797
51 1.2593023989450736
52 0.99298050239733
53 0.8345149273985647
54 0.8480035669996764
55 0.9988364824952194
56 1.0578946189490823
57 0.7727612281649403
58 1.035042813760466
59 0.8344827113131957
60 0.9356691667894269
61 0.994674428535749
62 0.7940500898809325
63 0.9415563969978747
64 0.8752624618683817
65 0.91202603922982
66 0.9014512692528573
67 0.9709570304301121
