1 0.9916465852782645
2 1.6720893001560144
3 2.418296753115544
4 0.6297749792418671
5 0.3017993294774054
6 0.7448963290223658
7 2.1530165482543477
8 1.4687820031213783
9 1.1229858936998327
10 0.8688071537380772
11 1.7313977651225891
12 0.7478566825846307
13 1.9703833301103595
14 0.9658150399870191
15 1.2801982067085504
16 1.017824137586449
17 1.797623183418919
18 1.0400330401683129
19 1.3556271957117136
20 0.5791508603025068
21 0.6001705801500162
22 2.52048581157904
23 0.6534742777119207
24 0.6546074299095203
25 0.5806975528630755
26 1.160364543706905
27 1.0399591303068247
28 0.23830660022265615
29 0.8173213355139531
30 1.355868862869227
31 0.19155277171042884
32 2.2490892013330273
33 0.2301428304475784
34 0.7032391376334303
35 0.7448455117579685
36 1.1616483518312084
37 1.5116101894622933
38 1.913876697185928
39 0.9540120542606537
40 0.1985207438711577
41 1.3302595970878992
42 0.8730930166945969
43 0.880781458497452
44 1.8486504815215494
45 0.3932462372612541
46 0.45109059837214077
47 0.6536787447630088
48 0.5691157434266565
49 1.1614154601092994
50 0.37421577064574096
51 0.32768965626368585
52 1.530711433265268
53 1.0123458056514762
54 2.4122780407469757
55 0.793765461349307
56 1.1173412184949079
57 0.5367555038848091
58 0.976659834016539
59 0.3957718864803978
60 0.8170993137257087
61 0.6739003584395479
62 1.240862779762245
63 1.4780212734958875
64 0.876757190988423
65 1.1457342793522445
66 0.6931085715520316
67 0.5620116533874374
68 0.9084357758647102
69 1.2457901723680085
70 0.7856740476912909
71 0.8538377777518212
72 0.9028760959054546
73 1.0943706152253907
74 0.8214701400710495
75 1.3694274263967443
76 1.2776490433830086
77 1.1720089287304787
78 0.9975589107225818
79 1.0302681155816076
80 0.8946945170685555
81 1.075446053363544
82 1.0069178556548317
83 0.9427990695143542
