1 1.0777125108286811
2 0.9030768824219298
3 2.34350781063092
4 1.9181385449612842
5 0.6084332836038838
6 0.4007686811536812
7 0.8403984366983025
8 0.6781739877560999
9 0.8585658632708761
10 2.5150211771935815
11 0.9784254079158904
12 1.4230294477522574
13 2.437471878632601
14 0.4227295050405478
15 0.5505374326991014
16 1.6851472388535782
17 1.9958927191914
18 1.733157821834844
19 0.9802680307492468
20 0.998848204092885
21 1.033201704711749
22 0.7256908818387424
23 1.1309448832667899
24 1.1825175598952855
25 1.2688015013348257
26 0.7666585206611007
27 2.1173018110878874
28 0.6538698750155711
29 0.5880913637858673
30 0.882762873828157
31 1.628308635665985
32 2.214926938064038
33 2.152719140454622
34 0.7718494311642354
35 0.7574049956153958
36 0.7349433694826357
37 1.263221832321791
38 0.8792630613370062
39 0.4108699109479665
40 0.5964330210485723
41 0.9778766846413964
42 0.7225963115740794
43 0.5910304220183679
44 1.507858348084739
45 0.8550206649941219
46 1.535130131162133
47 0.7172200086182924
48 0.12555961620401024
49 0.5740371742194457
50 0.7860322194340899
51 0.16089532872939016
52 0.7862141465520575
53 1.8997480609281103
54 1.6293916124782324
55 0.7754127468466129
56 0.2763425742509116
57 1.017514616178399
58 1.1424395146100634
59 0.9190374341163184
60 0.6261235463809791
61 0.7961131495197189
62 0.9037787826326318
63 1.056585535833891
64 1.5712512076215872
65 0.2044358890450175
66 0.27154995618575756
67 1.431808080620971
68 1.24024001472667
69 0.9234289130297249
70 0.8814853260437289
71 0.5272690948804564
72 0.6669415953002513
73 0.4569271523720459
74 0.4164045783148148
75 0.5556636162547793
76 1.474281705619662
77 1.019059560397991
78 0.9063624616409804
79 0.5062564550008299
80 0.43998783471196745
81 0.7723785998707707
82 1.0774605176771104
83 0.8497347393711664
84 0.6949947704051705
85 0.7775864683822885
86 1.104765499830484
87 1.0051895838797558
88 0.9944630878868165
89 0.9561985470621753
90 1.021448837709139
91 0.9684130844938457
92 0.9378484108088389
93 0.8503227325337636
94 0.9586443452647867
95 0.8319061709256012
96 0.885967737043858
