1 0.5017629454360972
2 0.6181027891959548
3 1.2615132440687802
4 2.4997114054629668
5 0.1405590175926584
6 1.8868102865883456
7 0.6696088021925756
8 1.5211627767091869
9 1.391995734930251
10 2.6049341966733732
11 0.39925183455223756
12 2.9414821870442616
13 0.6563246701006795
14 0.6143072800558332
15 0.9319036669410828
16 0.17344207112490495
17 0.170211892918156
18 3.2563023263545587
19 0.9448461331953016
20 0.4390940063200037
21 0.047329388302844694
22 3.454868423843868
23 2.086349468429116
24 0.9391974821504967
25 0.9053852904742584
26 2.2139316146204315
27 1.1297845173283492
28 1.4234428186550645
29 0.9771668751200326
30 1.6332544599413872
31 0.38585997361174895
32 1.6472208825581036
33 1.2622749468553485
34 0.37775913271243644
35 0.8759268217920667
36 2.118484812142661
37 0.3562628886633881
38 0.8333235400345547
39 0.3106119591912469
40 2.356704684548531
41 0.9665664719277259
42 0.45176244535149424
43 0.6081648802258712
44 1.900325333895246
45 1.1802580245596959
46 0.9830150614144304
47 1.3365933511380335
48 1.3041727409338852
49 0.9883961897336655
50 0.9150551894745398
51 0.6615544523712832
52 1.3364526014285874
53 0.3899497844167906
54 0.8391428841490026
55 0.8749639768512152
56 0.7153224144179912
57 0.8912922757635516
58 0.7855335433482593
59 0.5450502841429765
60 0.6412650896309051
61 1.5471876568286402
62 1.2501307809623807
63 0.13331004236750754
64 1.2514075388901573
65 0.9806710240437564
66 1.216408047780984
67 1.1523697815740803
68 0.8408282672122117
69 1.1938695126272456
70 1.0199562434821483
71 1.8522399508890175
72 0.8021991228690422
73 1.2372122310958162
74 1.360720374571951
75 0.9384940501971614
76 0.9680911643887488
77 0.8251456089406697
78 1.0559222554284053
79 1.4305075602771538
80 1.167336255364806
81 0.7281737212458682
82 0.7278187476155682
83 0.5890554814427974
84 0.5345907857969548
85 0.8253407446934932
86 0.3662303922993394
87 1.0747996783768736
88 0.4585266118873418
89 0.5070774378545234
90 0.7198042917156959
91 0.7782298816364672
92 1.0322939675788516
93 0.7247841545046044
94 0.8862163926913476
95 0.7891509021557273
96 0.9133292301037259
97 0.9151886653739723
98 0.8417799422208384
99 1.0633461244959048
100 0.986818147731787
101 1.031017318198664
102 1.0180858001049633
103 0.9842916519009782
