1 0.2935426772764848
2 1.3156756798337401
3 3.281045894770841
4 1.3204583802816612
5 1.1613618389175318
6 0.5150560057481999
7 0.8929835189356085
8 0.9658663076738537
9 0.2648282737478277
10 0.17823013903879653
11 0.48289642799463867
12 0.9506005366679936
13 0.265379837071972
14 1.1736519541745525
15 0.6237382982884968
16 3.344286813089246
17 0.44391241957202177
18 2.5673091239143693
19 1.2872934692212266
20 0.5018385732882589
21 0.14456544550741438
22 0.5511001178304259
23 1.8953379000753865
24 1.5333291527705548
25 0.08159292993971007
26 0.4224756836901313
27 0.895007893894418
28 4.628444906642175
29 0.6831572439984869
30 0.2774418411552603
31 0.31701435754211604
32 0.7761275183332551
33 0.881636595843539
34 1.886801036430369
35 0.704280154891848
36 2.1046429222839875
37 1.3861214014155279
38 0.7826098066698665
39 1.7605972572989281
40 0.41323078177851946
41 0.2910014170315259
42 0.7520346916147955
43 0.7438743381657789
44 0.506245634499567
45 0.2454344388917402
46 0.7077776607485251
47 1.3387542334122604
48 0.7247979605349303
49 0.289297004128197
50 0.25225346038269736
51 0.9839594359310656
52 0.7607442115762629
53 0.3499725704828574
54 0.8178867407639221
55 0.3248390599601931
56 1.1831209226758181
57 1.128668889423219
58 1.7080827915312096
59 1.296121583472153
60 1.2530157814515612
61 0.3341320879296903
62 1.040567686786279
63 0.25585022790891615
64 1.433146299565078
65 0.8880477142429823
66 0.3217342363117525
67 0.9934079046028395
68 1.3694987814546904
69 1.2478222027689563
70 1.0620471358822936
71 0.3940515569799319
72 0.9660784469437391
73 0.4552986078505749
74 1.0813601502385572
75 1.4065884370641344
76 0.7623768746118766
77 0.5603997011926228
78 0.48108665166056536
79 1.3301731435223418
80 0.7539352971479679
81 1.395463076651048
82 0.9852597659206733
83 1.2461733148940426
84 0.7217365753382253
85 0.48709296819393766
86 0.6216570719273641
87 0.7087308560213902
88 0.6733588276364654
89 0.9967036923003799
90 0.7907191674446276
91 0.7138236582291599
92 0.9085755205866274
93 1.1111288572344646
94 1.1061985641862455
95 0.8615065845590805
96 0.8164842579383471
97 0.9243167912362107
98 0.9358172301930441
