1 1.2703195294381828
2 0.5793315198230852
3 0.15818956280713573
4 1.2762527779086381
5 1.4883328716630095
6 1.7204948122129826
7 0.5222750557535252
8 0.9798578557489974
9 2.768642760283682
10 2.0444565815094946
11 1.3337078732198877
12 0.6522512783359585
13 0.9858373694424472
14 0.2865064797712856
15 0.6764573705339774
16 0.5983056756350943
17 0.8551941232858377
18 0.18654059713650645
19 1.7673758434865245
20 0.8208587749898618
21 0.6022859612791913
22 0.36179228773783567
23 1.0899484397721846
24 1.745503916662212
25 0.5386402637969986
26 1.196143096820151
27 1.2979953187163031
28 0.9341072620141533
29 1.135851020397117
30 0.7967771566001046
31 0.2184767679805903
32 0.8950555799687554
33 1.0713919573871347
34 0.8503302343059066
35 0.4777794827397996
36 0.7092195994237809
37 0.6519208430712915
38 1.2651501500722984
39 0.7890250605601414
40 1.4729299615564309
41 0.7264734804123287
42 0.6261341489921578
43 1.4727715148958371
44 0.9679163905088006
45 0.5730798960382443
46 1.431695671056192
47 0.691873224011452
48 0.5895732369057295
49 0.5633656670819803
50 1.2434595416492995
51 0.7006494213410145
52 0.6923667065613042
53 1.1129466075190964
54 1.2016277379878566
55 1.4365771535505576
56 0.5773593703644275
57 0.7230435729447188
58 0.9373238374253415
59 0.6775541701204958
60 1.485890913404234
61 1.4221163945280033
62 0.7127475910483893
63 0.5142660791434517
64 0.6500262622489497
65 1.4196659226064192
66 0.7914556831795425
67 0.8785510348243523
68 0.7302783624216697
69 0.9872224870144297
70 0.6831168584547022
71 0.692924104375358
72 0.895747994464159
73 1.1416885653335047
74 0.8642030000962432
75 0.8950188782536843
76 0.9668587062636936
77 1.0279683828957449
78 1.0386692914439888
79 0.8037442770612121
80 0.9372783726282383
81 0.8949230813740761
82 0.9147020602139506
83 0.9718730621829432
