1 0.5929183546627297
2 0.2945362159792523
3 1.2575260454684645
4 1.4702160788926641
5 0.4199090661008416
6 1.681994375499286
7 0.5110599024794804
8 0.3821221451491678
9 0.6971794308177997
10 2.665663101974069
11 0.12018585398703842
12 0.7655243361597379
13 0.6326523475905736
14 0.9538471633972946
15 1.2127129569366528
16 0.7284914589312629
17 0.5594660958217503
18 0.1664523717022701
19 0.026360307772911165
20 1.6191238027764265
21 0.6263488396517265
22 0.8414088609249236
23 0.9418163066224523
24 0.2581973845642425
25 0.5356508501630577
26 0.909113284322359
27 0.7276482530696756
28 1.7501265645043906
29 0.3778426953513012
30 0.9211042073733251
31 0.6052679379717927
32 0.8137748084756415
33 0.9320063558579841
34 0.9175420857131109
35 1.0025193879369223
36 0.8476936432649778
37 1.1059026347357572
38 1.0662431899022469
39 1.9184432782738634
40 0.8668862890524586
41 0.7465573303615339
42 0.42198416802776156
43 1.0359210055362635
44 1.0418665307853547
45 0.6759433663742185
46 0.977198410158812
47 1.09513177188916
48 0.8356440084097019
49 0.28924647793889663
50 0.8277990683192904
51 0.9957305211961451
52 0.5114797209498904
53 0.13745666204671747
54 0.9632258256514367
55 0.9899085868522026
56 0.002034170202707533
57 0.855419427762816
58 0.43149692633286557
59 0.3705760637291082
60 0.6747207159403146
61 0.8414508142350294
62 0.23931493856948166
63 0.060760704052139694
64 0.8326983853212688
65 0.510970272015887
66 0.0024349663559305387
67 0.8328197661508537
68 0.8819970280387539
69 0.3333256586031748
70 0.0014822514220729022
71 0.808998265645033
