1 2.6008017514917245
2 0.3187438960367643
3 0.8855304101684125
4 1.5463863259167634
5 0.45481509558001415
6 0.5727241494565647
7 0.9157590086944695
8 0.4910161908061166
9 0.5370757385989609
10 0.41845741108557494
11 1.3165627039300445
12 1.2368571170673683
13 0.26289586615182214
14 1.3142159915669007
15 1.1936151219810944
16 0.8809901456148124
17 0.24990267987868725
18 2.127893023404274
19 0.3899443395230342
20 0.29440501508370615
21 0.6324211158344792
22 0.6165661886346011
23 0.9733888462763821
24 1.2681255674051106
25 0.8658879288146805
26 0.20682775266508982
27 1.1824181610108513
28 0.8986457605902262
29 1.1311501986620882
30 0.7141710437812412
31 0.36938916036428937
32 0.9413560944818479
33 0.5037085591060103
34 0.4580641859809668
35 2.9708703080436147
36 0.487274930265281
37 0.46861311125797733
38 0.6860505167485774
39 0.24724151361788713
40 0.24264163344747175
41 0.4938157780225052
42 1.2380932730873466
43 1.4968566622843018
44 0.8177040439356718
45 0.3601780588811903
46 0.5738855065118524
47 0.9864678025115811
48 0.5607240358486035
49 1.1382562871762119
50 0.88664312454858
51 0.2786869210179
52 0.13970857481724758
53 0.5446558625242256
54 0.33203713403796314
55 0.2005202634133186
56 1.36971192037583
57 0.8941498169659073
58 0.6656428157436005
59 0.2578167107854022
60 1.3903936183353927
61 0.33821675759614805
62 0.49679757048723755
63 0.6411386741145815
64 0.4419844624071351
65 0.9996400760716498
66 0.3442482373793198
67 1.0001800295067034
68 0.6309074450534772
69 0.5498646318470781
70 0.9998651400096806
71 0.22009341567587506
