1 0.015255351285400892
2 1.1538896321826122
3 0.17420432479409
4 0.11723037906475309
5 0.08299440520186202
6 1.0009321852496367
7 0.857762927378287
8 0.06370436112796164
9 1.4869701766263983
10 0.24057012140748651
11 0.29439408164035474
12 0.7614021679010095
13 0.1556765871729987
14 1.0373043502431554
15 0.6560499112388885
16 1.0539598655595217
17 0.2466844194573526
18 0.6859403893987728
19 1.4399722936653496
20 0.6862594665644169
21 0.8749990943487181
22 1.6542216240748688
23 2.1564783459743246
24 0.42701017918398637
25 0.20451661230029167
26 0.720967526837214
27 0.25133630187426903
28 1.896482651915835
29 0.24500743918124432
30 1.194630600251621
31 0.27714025048349566
32 1.1305028332801317
33 1.2193056122627937
34 1.1936814385069785
35 0.13587035198667868
36 1.5773771761626003
37 0.456256997343234
38 0.19758262888352807
39 0.5282337342816367
40 0.9535405888334683
41 0.2675828535355072
42 0.8667515191137468
43 0.8002059586164831
44 1.4449130473179221
45 0.863782914512213
46 0.6058889906662913
47 0.11571606931091886
48 1.4807067871802186
49 1.4555216823209582
50 1.29864900654353
51 1.1123160672905688
52 1.2222966077153472
53 0.48118005252517315
54 1.0189965983263949
55 1.2094966472408064
56 0.037013304538709185
57 0.3591402890604151
58 0.9148691568363323
59 0.6415317939426787
60 1.067386897267774
61 0.7916210684887842
62 0.8092058432940956
63 1.3688591476287726
64 0.9987901624728207
65 1.117396163490758
66 1.1819309629899197
67 0.15343531858420337
68 0.347604888384996
69 0.4241368318699689
70 0.3127252117053203
71 0.2696639429088277
72 0.9364413734302808
73 0.38248676500175005
74 0.4037824839120482
75 0.9995681405116584
76 0.8994272474098652
77 0.40128396381897313
78 0.7291907674720273
79 0.8190471563265128
80 0.19962849582442274
