1 0.07688341914956948
2 0.20246734821636736
3 1.5719101536143547
4 0.42339860332003537
5 1.6043730422562112
6 3.769369018688993
7 0.9917094660269873
8 1.6911911073732555
9 0.5361437334227768
10 1.2378005740665714
11 1.1151993202309634
12 0.16303011304084747
13 0.38650187963941496
14 0.309109051194593
15 1.1225116145625296
16 0.30934642510921906
17 0.03268664092863809
18 2.046229663535507
19 0.32499890746762916
20 1.4320525268895394
21 0.5139039747248957
22 0.45672057763346363
23 1.2298181115790896
24 2.0292096642944903
25 0.5845851390788297
26 0.030580486169909347
27 1.5751654240723338
28 0.5220873865701042
29 0.643826425656256
30 0.12670659120379643
31 1.4100156591261372
32 0.9760202898785393
33 2.060912859698055
34 1.0408900829425467
35 0.04669693663061985
36 0.9627215217284709
37 0.2637185088014081
38 0.7250240103209095
39 1.0719905960530014
40 0.6685851691204957
41 0.5348503669838829
42 1.3958000057317763
43 0.14961007490829836
44 0.4256471131150863
45 0.9501948386849499
46 0.7240365969545219
47 0.3772952667143746
48 0.6479500328260154
49 0.38593733197547403
50 1.8130351992695588
51 0.7021757302560305
52 0.8307603204962876
53 0.5149496450245189
54 0.2905010473980806
55 1.347160055291735
56 0.5752782677327811
57 0.9443378138480166
58 0.894309184757379
59 1.3257215893515002
60 0.3689696682873076
61 1.0121033465384235
62 0.8927328560307781
63 1.1331487229019024
64 0.8561838701317801
65 0.6491774065346863
66 1.0621144249469197
67 0.7011136628365243
68 1.0729496864035406
69 1.2944255048974542
70 0.722363359726062
71 0.05829526398430298
72 1.0822511996887765
73 0.8413148609133765
74 0.12862418306646597
75 0.5343781675437755
76 0.18492522180126936
77 0.9867826037756596
78 0.2524122749236318
