1 1.411272388190516
2 0.9512516303910974
3 0.058905541727753315
4 1.0349672822095866
5 0.35800314167837527
6 1.2571414202942013
7 0.6042756391592669
8 0.26870105216644585
9 0.9245237236554905
10 1.5122596971477669
11 1.2803408935383094
12 0.7727915046638586
13 1.593724611557017
14 0.18524727392621357
15 0.5006519515313492
16 1.191807824442619
17 0.3779572673236358
18 0.4076120610046068
19 1.0854071632268902
20 1.1620721543377892
21 0.6732656602249086
22 1.1866079337585855
23 1.463410045640163
24 0.3599071070745879
25 0.9698060679364915
26 0.15298025871018262
27 1.6544549140937654
28 0.3917926139322189
29 0.9014668490097489
30 0.9814727526566399
31 0.9585269795793561
32 1.0143348838685777
33 0.6182799125754317
34 0.31360648607437236
35 0.6985256256415484
36 1.3135178292936516
37 0.7625288061583011
38 0.24090828351221025
39 0.9632013532704816
40 0.7060522152416743
41 0.699652370411299
42 0.19089447628525444
43 1.0297835222947218
44 0.2613272330790793
45 0.8709438852774132
46 0.589049058125655
47 1.146510382535825
48 0.6283446823013121
49 0.5183402307258151
50 0.5194347161996278
51 0.66828246954456
52 0.4249656894811615
53 0.9695009028320185
54 0.3151556748464342
55 0.5832777952318473
56 0.18112743452738816
57 0.9157699347676351
58 0.5050619642401174
59 0.44888261240882055
60 0.3085565068810542
61 0.08601127080545841
62 0.050976793934678175
