1 0.9194768916620081
2 0.45985212367916084
3 1.7627345962316519
4 0.20421943760733924
5 1.0142647604680883
6 0.2823558214921258
7 0.10627770635122731
8 0.169144039566269
9 0.22493724456801056
10 1.1868805029945892
11 0.5865844728741278
12 1.0829089226713022
13 0.5802970830647544
14 1.6162272523681125
15 0.7832317500427356
16 1.4140901056363608
17 1.1189042769123128
18 0.14803919977144087
19 0.9623403741070502
20 1.1796280686093166
21 1.559245586685333
22 0.21675855909185607
23 0.23948066409504018
24 0.9104711803070988
25 1.0213417859638443
26 0.5553870119624746
27 0.3385350898864841
28 0.14038642284138095
29 0.0315444885667497
30 2.520943890858743
31 1.5301546417915508
32 0.061170700942469416
33 0.6075246193824843
34 0.8964064976135474
35 0.2947698523355569
36 1.1476441717457369
37 0.8120058293059876
38 0.34953019155733667
39 0.9965055392247644
40 1.4079867196182971
41 0.8013324782261745
42 0.8189678734639944
43 0.33670692744832326
44 0.27510826220057344
45 0.8463737245409023
46 0.8583263320698686
47 0.9117401008633526
48 1.286770647405535
49 0.4411772340152948
50 0.7549613602843877
51 0.8531564036055832
52 0.6099863207044299
53 0.5017881959917874
54 0.927431469049015
55 1.0122551538446396
56 0.6276634826406335
57 0.7534010220750049
58 0.6189668814184398
59 0.9690967629126714
60 0.6554495365736616
61 0.03686046218771124
62 0.5772354905385813
63 0.6790376664168509
64 0.8672613393668994
65 0.9012004588040123
66 0.14301283675991733
67 0.99902590394073
