1 0.3156021829621102
2 0.3303524189253811
3 0.5403897877189222
4 2.033113903478781
5 4.067975708686766
6 2.0092033497352015
7 0.6454089626058112
8 1.333315236501903
9 0.904119358877332
10 0.04721487275969704
11 1.0552614655776857
12 0.42265261527774006
13 0.3591039476249369
14 1.8272408391730552
15 0.7116886795962122
16 0.39645158083404236
17 0.13658976532551878
18 3.9500547452486185
19 0.9629865803552764
20 11.341381092633302
21 1.1788362257190292
22 1.4101317156495805
23 0.315907057943203
24 0.9677600776760319
25 0.6940345228709419
26 2.263937388135103
27 1.4311785022592423
28 1.6314155802696373
29 0.21893702483077007
30 3.0952554252894346
31 1.1859909511497677
32 0.6504086664744643
33 0.5231187644158419
34 6.984793861556601
35 1.3627229872137938
36 2.7745640875220428
37 0.618437006194674
38 0.889417461459061
39 0.9829678511356956
40 2.710678006208188
41 0.7263268621176621
42 1.2808751183413394
43 0.33597233007229005
44 1.7155798375594333
45 0.4897725469999334
46 0.7858403721919309
47 0.4654814482972481
48 2.3242017131461434
49 0.7161698159049252
50 1.4126981946934194
51 2.3022256343745156
52 0.7944519805427401
53 0.6176106092151171
54 1.4541938115496387
55 0.6687192901782687
56 1.2565974242035305
57 2.460435094387141
58 0.25602031292559746
59 1.3115100706811063
60 0.5987128311102118
61 0.9204551902885449
62 2.2259930574546294
63 1.6904556626423117
64 1.3918195341648671
65 1.3016705624031994
66 0.8577466881849549
67 0.9452415204577184
68 1.3349654734627463
69 1.2286514569416165
70 1.0571103508425574
71 0.7009149538462351
72 0.41189406046453353
73 0.8524699741078581
74 1.1347745024030915
75 0.6030321752288609
76 1.0527953258664908
77 1.2838444724172724
78 1.2976174852445632
79 1.2124951958312602
80 0.6226137920051255
81 1.057104627733232
82 0.7564261545448664
83 0.7858680279620369
84 1.3536470396685196
85 0.7609952829645377
86 1.1853412942926507
87 0.6839242710501019
88 0.8657897794216936
89 0.9848514415221444
90 1.099938528678524
91 0.7816324211962127
92 0.7905042596446263
93 0.9908883268961974
94 0.7868800048312148
95 0.9183706038791263
96 0.9583959057399142
97 1.0214176779968085
98 1.0446367585740575
99 1.120742646739674
100 1.0600138980702174
101 1.0464382891876873
