1 0.17362212403504812
2 1.0773406793519817
3 2.5944511244051287
4 0.6389995675075785
5 6.755578189759166
6 0.28316069417128276
7 0.3723772025428451
8 0.34178965521171095
9 3.4755353346753686
10 0.5449454220516957
11 14.65756356725117
12 1.559810262687977
13 0.14927036850857484
14 0.4076594045559089
15 0.36121224578277833
16 1.2492177916578182
17 0.07225472565128821
18 2.201028669767181
19 0.6999340701297454
20 0.6909419182339397
21 0.6568592860733957
22 0.8153138787917522
23 0.7004161159847705
24 0.540482652503545
25 7.051289913138791
26 0.39918740815623377
27 4.155619548875509
28 0.7221519282637741
29 1.5480041983322983
30 3.896339678150482
31 2.0904926103182584
32 2.2464856760896272
33 1.109390855925473
34 1.250688879679294
35 0.6109643457883502
36 2.959613567303171
37 3.657019223228211
38 0.43241710142938056
39 0.7540648766617014
40 0.38192804282035686
41 0.8759190122982371
42 1.1995992022241677
43 1.196618524524307
44 0.8316603713296802
45 0.9151528564263641
46 0.7432917641921123
47 4.503818762779349
48 5.323793690390081
49 0.6056171775893163
50 3.964156049241993
51 0.8823013797745758
52 0.6291520484043924
53 0.3970862829589635
54 0.7460769467039376
55 1.5724193202789172
56 1.0165553265409508
57 0.7370011927890247
58 1.3762032453970627
59 2.2413392500656424
60 0.6836308105855571
61 0.7625885551992481
62 1.2060520539363953
63 1.6216209585158665
64 1.1987733078050846
65 0.8514621924340768
66 1.8708569225298914
67 0.7851898652998818
68 1.0871173393575577
69 0.7500504237285023
70 0.4959154727914732
71 1.531090711568173
72 1.7276369555995574
73 0.4953192130925744
74 1.149215907412179
75 0.8521429288494695
76 1.0562292466944816
77 1.114655531069322
78 0.6296837789032929
79 0.7211267105604363
80 0.9655369484257104
81 0.9817575034478454
82 0.8704128265156833
83 1.2219345340704988
84 1.2397444060241094
85 1.1282353067796194
86 1.061340120926181
87 0.9313506276965489
88 0.9160257097622804
89 1.2942197086818417
90 1.1474241858033547
91 0.951731464562392
92 1.1231661334321144
93 0.966803746742387
94 0.9955369209441535
95 1.0093682938440074
