1 0.4387843912746238
2 41.718457692450414
3 0.8479170726902387
4 0.5777231837602403
5 1.309342877325589
6 0.8002558358575216
7 0.7501063822687252
8 1.5459321768464678
9 0.5480287528627235
10 0.585381641956658
11 0.9239042891120267
12 0.6015002326845622
13 1.612900427841085
14 1.57593939390699
15 2.782822795279312
16 1.0998502731902335
17 0.9620010473071623
18 0.8723239221785946
19 1.7191188080409536
20 1.1728351548134415
21 3.6485033495694705
22 9.990122284992207
23 1.29353124183074
24 0.2628849222811675
25 0.3532369639550167
26 1.1239816407817724
27 0.77981270398191
28 1.345283902658581
29 0.6612020777317298
30 4.149907068107409
31 2.707968846097753
32 1.625532954156207
33 1.6415793712753988
34 0.5528854182453983
35 2.3651166900775085
36 0.23433364829868525
37 0.5895735178836149
38 1.9987315061998923
39 1.1725024407120437
40 0.49217977851749123
41 0.2562351830470018
42 0.26795159448659467
43 0.8567780035982568
44 2.3140448307420014
45 0.7586369119167594
46 5.038420818592029
47 1.770611221145512
48 1.327916687399805
49 1.106654981904333
50 0.7138330362875595
51 0.6871896268506924
52 0.8915629527825714
53 3.2524764185252546
54 1.5226442611109585
55 2.476818662858268
56 0.5087047146240654
57 1.1178593941955348
58 0.23632135064639417
59 0.350346971031473
60 1.5801266517776278
61 0.6724806903998755
62 1.0253615794893505
63 2.1315638781184387
64 0.6768197913316342
65 1.0817042958253587
66 1.7622138441058126
67 0.5036262722983548
68 0.34692978440306405
69 1.647260530031575
70 1.4448546292346258
71 0.8043449894093132
72 1.2250113100051587
73 1.776948614874426
74 0.4297946505517362
75 1.5237343268242645
76 0.5890387842539797
77 0.8720371836440343
78 1.4109579662774252
79 0.6454037836514587
80 0.9168031070125975
81 0.7924389792464027
82 0.44903708543921145
83 1.8089800487362748
84 0.5958977038540639
85 1.2940491503329494
86 1.1219302816677712
87 0.9067179210983203
88 2.0463798624793266
89 1.2769565891111974
90 0.4519083934532162
91 1.6273375490537687
92 0.5237785900116719
93 0.48010312723921744
94 1.5550917985773267
95 1.3569986425024767
96 1.0391405768447672
97 0.4916938686436725
98 0.5055597646120632
99 1.0546640193099135
100 0.5589420391559845
101 0.8595016697808672
102 0.9830097187434612
103 1.1555461174877082
104 0.9763440706411606
105 0.9303363008918195
106 1.1284908816898291
107 0.981376751727263
108 0.9998007305443358
109 0.9480872935708964
