1 0.5765114158666846
2 1.634946114872482
3 1.3735389010727581
4 1.3055380231311373
5 0.5534390447896812
6 0.759558050520152
7 29.561637771557944
8 1.2801788743985518
9 1.121001465694208
10 1.6946761620395674
11 1.1514138406264576
12 4.668358275366816
13 2.1249221027439527
14 1.6302698309668497
15 14.93961507797777
16 1.2915947465131086
17 0.4737267068970195
18 2.424903591264521
19 1.2226417167946653
20 3.5449669770861196
21 1.44475932943206
22 0.868594897132914
23 0.7562414398086043
24 7.518348959386337
25 1.7355999821042227
26 1.7023859385246103
27 0.4626810227985645
28 2.3049327808829574
29 1.470896183438409
30 1.2307468625040618
31 0.14495194994528487
32 0.993765181158261
33 1.64347704473909
34 0.12448461422317614
35 0.6748681741704969
36 2.616087730115705
37 0.4667988009813442
38 0.860365167272465
39 1.5312272134540152
40 2.761073239292412
41 3.2214918477783328
42 5.78211651185627
43 0.8161851385848741
44 0.1830177681538992
45 1.4967584914793532
46 1.2699767171491005
47 0.7232384554256085
48 1.7431252317661532
49 0.6134795377201546
50 0.13876557283630256
51 0.7622938186159384
52 1.6042706511644684
53 0.5476697016936827
54 1.4137427802801117
55 0.6720555339482494
56 4.977913525361712
57 0.5523561416823733
58 1.4954652925053606
59 1.158412892154641
60 1.633676393561495
61 0.9859473479775083
62 0.344702232776969
63 0.5067365781154222
64 0.8647708309680686
65 2.295773610308335
66 1.3157519722770277
67 1.5796359307441963
68 1.1567301284877605
69 0.36915852162189566
70 0.9353617359178217
71 0.9979976159109101
72 1.277091390066629
73 1.0387458268267158
74 0.7895345597610283
75 0.540184525215449
76 2.6278005342788533
77 0.5341630432125271
78 0.5640684384284518
79 2.7425447115493524
80 0.44350971035013503
81 0.9424406171494012
82 1.3478217382185451
83 1.38847512441214
84 0.8976795177074045
85 0.8984939493503813
86 1.4104109202072725
87 0.9646026666856914
88 0.4529570684725579
89 3.4489202895230346
90 0.4341127182139739
91 0.6462496684037179
92 1.0174436384625234
93 0.7526141847564277
94 0.7380520651241445
95 0.7874960583846171
96 1.139891084360757
97 0.47946828212925585
98 0.5954656672017512
99 1.0871920038226546
100 0.6658813130038463
101 1.0004759415610427
102 0.9123878792660822
103 0.9026668544487864
104 0.8540075833018754
105 1.0797520799778657
106 0.8741275899996775
107 0.7008173470112588
108 0.8501218972852344
109 0.7804027990280641
110 0.8272449622588722
111 0.88878015528342
112 0.9341394019472469
113 0.9557786260499569
114 0.8685550848600414
115 0.9016896965534079
116 0.9703870469633304
117 0.8355199202938355
118 0.8869835426242897
119 0.8898704235557595
