1 0.6545165624882072
2 1.3833895012470991
3 1.4034415553188453
4 0.7846369737189489
5 0.9233385928397755
6 3.6375703949028897
7 0.7783485461074989
8 0.9322610660847876
9 0.8543745071814035
10 1.1298561725086638
11 0.767804539392962
12 0.38190318131226
13 2.9493818325414383
14 0.33535934722866095
15 0.8588385547334436
16 3.7403217448180723
17 5.137722693154252
18 4.171064907452217
19 0.43895032423236263
20 2.663334136957652
21 0.5826561092562819
22 1.8988240781096963
23 0.7069325130974914
24 1.6661369199392433
25 0.6100854363278951
26 0.9193965145526072
27 0.5566409079510172
28 0.31287379475487836
29 2.9031984054345705
30 0.781041436910551
31 1.904552919222825
32 1.495033067859174
33 1.6474197223659415
34 0.706144176105688
35 1.1356095017785337
36 1.4859586218607659
37 0.7556434442608404
38 0.8307168587586891
39 1.0647008447388646
40 0.6460088743346408
41 0.6274285649170194
42 5.385426891006198
43 0.9339035623404474
44 1.2373844298399321
45 0.6231843332657454
46 0.727458874840267
47 0.9193501883877463
48 1.7866690185716991
49 0.7712147775364021
50 1.003931954357501
51 0.5980432467135085
52 1.0318380407461207
53 0.5901929594836355
54 4.341676636785597
55 1.870687551118231
56 0.9979326686159915
57 0.9435679712164547
58 2.5586186031708826
59 0.4428046976787898
60 0.6669611907136201
61 1.2067772076779935
62 0.7642676717820562
63 1.6634932339479027
64 0.8468395350759607
65 0.7095965855502105
66 1.10183665757866
67 1.4076400813376428
68 1.0202998533922263
69 0.9543851157155475
70 0.9737014434264498
71 0.7703437818514147
72 0.9201622414509341
73 0.7219725307766673
74 0.7613217052255509
75 0.9359105695296432
76 0.771485238514404
77 0.8900893955124527
78 0.8543121319310671
79 0.9387500971283383
