1 1.377831968904579
2 1.7694768945987396
3 0.2140914746688083
4 0.8317370456762995
5 0.5754042851053727
6 0.8817306666656429
7 1.2185196412393255
8 2.33442726605581
9 1.2311600849314726
10 2.1291462886515085
11 3.364111756692205
12 0.07368834440022501
13 0.6736414836527158
14 0.6276063924787885
15 1.7832057389100744
16 2.8504373462495174
17 0.3052730383099823
18 1.0897011530819576
19 2.85945593978541
20 2.673679701119419
21 0.9380208247935861
22 11.033417327110346
23 1.2887662045810568
24 1.4237586282708015
25 0.21873478166186516
26 0.6645444737254096
27 2.7055879472864084
28 0.5872221988408581
29 2.747809914469334
30 2.5229677834495656
31 0.7676584150127624
32 0.5511772607215146
33 0.7602297324373594
34 0.12695550780994172
35 0.5473208459705095
36 0.8952625935806082
37 0.5433428896319826
38 1.457716902907078
39 1.6092774181602356
40 0.49217508907586954
41 0.36727837966955534
42 2.6921055817347375
43 1.4319416955993753
44 1.1939079263170835
45 0.19282711264630414
46 0.8179337392893805
47 3.052414172310049
48 1.0946432853432841
49 0.9275160199239655
50 0.6650688493899933
51 1.8626920708125672
52 0.4780540459139933
53 0.639777112708995
54 0.6074487908491741
55 2.08095373900686
56 0.9412447656566917
57 0.38198411558833845
58 1.5113849062332807
59 3.7526661271819464
60 0.7936208875974182
61 0.7529401666799412
62 0.8109355913558698
63 0.6689786485428008
64 0.6518591044631318
65 1.5038646411522165
66 1.9820041199793057
67 0.33338510408265437
68 1.03602224328732
69 1.0738329077170494
70 0.7085669835888901
71 0.5613587307791142
72 1.273017296136699
73 1.0993724954953943
74 1.8771663105402272
75 0.7594773421215947
76 1.8661795308653757
77 0.46986578387827527
78 1.6620288953851732
79 0.9944691371974961
80 1.3019983944331792
81 0.3828805135177819
82 1.3923481712771721
83 0.3613525334944048
84 1.1455759618403885
85 0.8528387586052456
86 1.6467733169657288
87 1.2922338630127863
88 0.5288491756142892
89 0.9954823890891779
90 1.6971777831465613
91 0.9531028140529197
92 1.5043895388668784
93 0.5782763386284955
94 1.3237017983860895
95 1.3839957661365194
96 0.84311642992032
97 0.6704413777555568
98 1.0184348768216824
99 0.7486348474783574
100 0.9433380249498432
101 0.9106469957066569
102 1.1055027858085562
103 1.285736505609585
104 0.6466819362554486
105 0.7423075695676734
106 0.9265578942528376
107 0.995034949678504
108 1.3847248518877318
109 0.9520160945345578
110 1.0579597546837616
111 1.1064218087558235
112 1.426210932717572
113 1.3374706425119938
114 0.6923685387298899
115 0.7871638340780843
116 1.3154251776104997
117 1.1335651315129862
118 1.0720551386122987
119 1.157881567509044
120 0.9942352491337183
121 1.1285841083416444
122 1.056757037437806
