1 0.8519322792787942
2 1.0488120849196318
3 0.6076251152977258
4 0.3831484732631239
5 1.6105363773047359
6 1.0842536480467855
7 0.4676854508868245
8 2.2140264622350725
9 0.30715282200636396
10 1.132218632221446
11 1.8453868832737932
12 0.4151643359679153
13 1.4125887968365711
14 2.1041497169618935
15 1.3469775135951227
16 0.6243901717690227
17 1.211486588429636
18 2.225139254772104
19 0.393850096778462
20 0.7867071867698896
21 1.09339229504516
22 0.9135631754873986
23 0.7512432192718564
24 1.72952106053651
25 1.6935233727170098
26 0.3074312223488064
27 2.3451647283402446
28 0.582124180788324
29 0.5547153872237239
30 8.453758613095811
31 1.6744018608678188
32 0.5913141722527129
33 0.4278523345441027
34 1.2952555926351026
35 0.6191877311729426
36 1.1211084158158042
37 1.1411915908528907
38 0.7464992757906967
39 0.9059161484419782
40 0.8915576020319425
41 0.6234442840865527
42 0.38479480873948135
43 1.2974510831207093
44 1.234748393457659
45 0.7129693231100427
46 0.916118802126816
47 0.6085453768532203
48 1.3234852319283568
49 1.327718744720283
50 6.735615997920075
51 1.0380023647048577
52 1.5044280518610311
53 1.3154605853957466
54 1.4192254906840998
55 0.5875985526038757
56 1.160101403698841
57 0.8991228178801893
58 2.1712807148937694
59 0.867440393915784
60 0.572307464770792
61 2.468198518747169
62 0.7654919094472321
63 1.054555646325525
64 1.2790299467168893
65 0.7589981725806452
66 0.7606535536772672
67 0.9384693248422151
68 0.4518221682679159
69 1.3349039735697399
70 0.7670638166900037
71 1.1454943900531398
72 0.6665268844496179
73 1.1177862856084355
74 0.6530521952558423
75 1.3468788174200772
76 0.8706846642484696
77 1.07197760728207
78 1.2674939626948774
79 1.426793078885526
80 0.8189936670380181
81 1.0910290348752667
82 0.8110229953829512
83 1.1008013897845983
84 1.6721191437892753
85 1.5382637624802031
86 1.3661627841018436
87 1.3321544404566392
88 0.9210110261211251
89 1.0293464298344062
90 1.3109285072174626
91 1.18423993252685
92 1.0151081555461767
93 1.0015987139798184
94 0.9579619187167132
95 1.15497591475226
96 1.095070913920784
97 1.0420786645066658
98 1.0021133074460662
