1 9.281162144369853
2 1.152956890222624
3 0.7591885139010152
4 1.8608865522222495
5 0.22919819024969193
6 1.0794223215492578
7 4.193982354175205
8 0.4969412199002746
9 0.15988201325411383
10 0.790818372891029
11 1.4064602645131214
12 0.4640751758942226
13 1.837853150607924
14 0.877066042389728
15 3.91294066287231
16 6.00573894581895
17 0.8095466481245843
18 1.0604365712761736
19 0.7553826268147453
20 1.3758328642535584
21 0.4658220429603162
22 1.1634736301569282
23 0.8833385567180061
24 0.6991072888232719
25 0.4718205506187523
26 1.205024299485414
27 1.0048550207897222
28 1.5059787011511399
29 0.8726856913272507
30 5.385977369294055
31 1.5463546553295773
32 2.5938276175292265
33 0.7912530394935847
34 0.3779661017903492
35 0.5658294606384242
36 1.4656587747874936
37 1.374149769577861
38 1.078704537871755
39 0.7768441098100406
40 0.5388614436796347
41 0.7404282611081446
42 0.7284530400730208
43 0.9175294123296611
44 0.6968657228369703
45 1.4456723248964458
46 1.5614789607188106
47 0.7768570869901709
48 1.6586229752614283
49 0.7975074096944376
50 0.7499352632337773
51 0.5390415547377277
52 1.8289447945091555
53 1.1279696123524323
54 1.0469594001983593
55 1.1782883566853077
56 0.7916060644655362
57 0.5979438356586685
58 1.0371078540771255
59 1.3648266715549398
60 1.7508482912847554
61 1.4129210111647432
62 1.4810207648100613
63 1.033427259730965
64 1.302124662999815
65 1.2868294131141038
66 1.1956882041698687
67 0.5706633134376916
68 1.2658316267081071
69 1.0899507741764856
70 0.43013818641901347
71 1.3784849646172193
72 0.9172462932569042
73 1.3757850973184715
74 0.7139263913847147
75 0.7584410357973672
76 1.0426426988868347
77 0.5637087494573322
78 0.6777679175819926
79 1.3149002782854076
80 1.0305544006809813
81 0.6805147385351353
82 0.7685807177177182
83 0.8896228413810596
84 1.1639714302087996
85 1.1084290924366904
86 1.1333691631173033
87 1.0370872803493723
88 1.013763296436922
89 1.0422780145168438
