1 1.2129040373787565
2 0.6262063690788481
3 0.6091371124359942
4 0.1260135676442905
5 0.8261668616371193
6 0.7212827901526612
7 0.38508067548327835
8 0.7881159881249092
9 0.2785144493156246
10 2.071231411904915
11 0.11019983198842125
12 1.600244210462987
13 0.32082643372338293
14 0.6414938972472733
15 0.9011824706174247
16 0.9919970837593451
17 0.1589642149783495
18 1.3005932948310182
19 0.40203831118808897
20 0.6453356616525574
21 0.4618793948845512
22 1.7199276877524794
23 0.3942226449234785
24 0.05204363951201771
25 0.18528969245291035
26 0.07713432171976752
27 0.05497704217429409
28 1.2427861055067106
29 0.12082617437581493
30 0.5848304578294885
31 0.29876562582535887
32 0.1305454195157186
33 0.38028592679102097
34 0.6500764472576238
35 0.10581254459345758
36 0.31704156627618707
37 0.07552143449927115
38 0.0880438628306318
39 0.03576240331591753
40 0.2813229870029914
41 0.15270751678792852
