1 0.849706093752897
2 1.5311267201682195
3 0.5342455486021427
4 0.23210886134769493
5 0.5354287937672653
6 1.5680813015971442
7 1.1123937709002978
8 0.0781956381730023
9 0.2484029147072363
10 0.3452737881922023
11 1.7675080618720342
12 0.6511082452651162
13 0.36807969422153314
14 0.9026495981037024
15 0.14712652718221592
16 1.406058687141562
17 0.6397676622297088
18 0.5275592215955802
19 0.6383947109195985
20 1.6580883288983175
21 0.06424620647126679
22 0.2189243757421192
23 0.614660499721707
24 0.0577995338753332
25 0.2080898116931366
26 0.970174414136783
27 0.28271714590317
28 0.902183052532478
29 0.22490679241747724
30 0.0821238808898693
31 0.5891551634208149
32 0.5245248840834905
33 0.250670204948386
34 0.00442826838471414
35 0.3221648320733126
36 0.5655564635764736
37 0.08987606928762587
