1 0.7740337700402763
2 0.1607316857847293
3 0.8362391228979406
4 0.7601536770512849
5 1.5429419851681783
6 0.5245682935776503
7 1.0571415569896332
8 1.4597156552115629
9 0.8042098626467382
10 0.45316119336474253
11 1.088141646617296
12 0.5940797695858291
13 0.42890063390152355
14 0.3980727280725366
15 0.9222568085200596
16 0.4880981092985726
17 0.35048865632021364
18 0.39480915004466166
19 0.4749243051656357
20 0.33698184913522794
21 0.5973240404721732
22 0.8306666376420384
23 0.43300848356935007
24 0.5206575135628366
25 0.3781745924417628
26 0.5489677087399103
27 0.15045275338321476
28 0.5053741190185375
29 0.4642270062969319
30 0.1701472108121818
31 0.5913074772381903
32 0.4078692795087015
33 0.46805120746829565
34 0.1052152729928738
35 0.4069263855221799
36 0.037570554598900824
37 0.07107805272231868
38 0.09496296571447918
