1 0.5601268295495709
2 0.6020681493791213
3 0.28506481691469104
4 1.7697781569806512
5 0.3398959413055979
6 0.2873388869909018
7 1.081610338082859
8 1.0372474252707797
9 1.3878279731152685
10 0.6682514784814754
11 0.8012610914016941
12 0.0928998557111376
13 0.3365634611167791
14 0.8294269631126255
15 1.523357378110505
16 0.10093426873926664
17 1.071193642622294
18 0.034556142950600284
19 0.2849948244972378
20 1.110425765308637
21 0.8855761253802317
22 0.17612053491607027
23 0.2580948083908977
24 0.7380701654292339
25 0.8324025409714022
26 0.5501826880647163
27 0.3633303925426527
28 0.8469424056086053
29 0.05343134440135195
30 0.32936499288772053
31 0.528950520764805
32 0.018712055100502053
33 0.7945506765252645
34 0.40916369180125894
35 0.3257613396960774
36 0.7170432430302289
37 0.688132089184087
38 0.6747293342379795
39 0.6385168164496982
40 0.04239186205345088
41 0.14906256096265294
