1 0.9063068149862574
2 1.303824151604151
3 0.32607951598715534
4 0.14825153416946868
5 0.18806709480084366
6 1.166553886402638
7 0.42536791195364415
8 0.37287024821271114
9 0.5707442332597421
10 0.08084169971484297
11 0.2154720979549116
12 0.4454172548504942
13 1.076980399392244
14 0.6764262873458695
15 0.17269915459883098
16 0.3340186877068486
17 0.44625079890250424
18 0.36933553886852327
19 0.4385647790852499
20 0.8754193951388535
21 0.3119616697751194
22 0.3113918964907922
23 0.08791551905193334
24 0.6225696122322827
25 0.36155417928430306
26 0.7652566945207286
27 0.3491642313355512
28 0.12635091543212507
29 0.3719085496947449
30 0.2653296469958642
31 0.24524380725992026
32 0.4875655586844668
33 0.3585623234117158
34 0.34634627608746993
