1 0.1822798733742015
2 0.6707898045798486
3 0.7730368543920271
4 0.20610686626682426
5 0.6400159647281977
6 1.4464774346598803
7 0.42853011499402305
8 0.23287840736484275
9 0.5512146473901743
10 0.4557394633103495
11 0.8799452907289191
12 0.5921287547872951
13 0.08777283047563
14 0.5957352136135711
15 0.3267401658690719
16 0.14022209317095874
17 0.23668552759611425
18 1.2392668856854823
19 0.22208859438603792
20 0.6301571107849255
21 0.501677256842416
22 0.05465162035574638
23 0.5350178166907369
24 0.4983125826603793
25 0.7078836825703378
26 0.6641079431171378
27 0.8377205947016855
28 0.13798587685391353
29 0.08901376727659527
30 0.2685627551919754
31 0.19649628144696143
32 0.4996130777201892
33 0.4636821035821398
34 0.2713297210763541
35 0.6905235442019969
36 0.10520461395378353
37 0.4077817724675376
38 0.22936083577191332
39 0.17401740042510677
40 0.5794499161143453
41 0.01029245329107758
