1 0.07645269274181964
2 1.424810959932062
3 1.0957884885321578
4 0.4601368188042698
5 1.030729104985681
6 1.0074566898504367
7 1.1764820358151857
8 0.7873340378358266
9 1.5740617709819869
10 0.8109435617783979
11 0.4471553445747661
12 0.7154666510879225
13 1.4155010897880251
14 0.22452056476747717
15 1.0601116299951723
16 0.3945445496217315
17 0.672152061136294
18 0.6954130584759176
19 0.2504191530279627
20 0.23484537250867374
21 0.2637371145809507
22 0.16011320948791338
23 0.10778900389800558
24 0.1678991910449321
25 0.7164567895294296
26 0.6564758056330403
27 0.06899955507451382
28 0.10331066939219581
29 0.5018997258234841
30 0.11604393637563008
31 0.12311867532598114
32 0.19703546941089958
