1 1.070243694313325
2 0.10212216774329716
3 0.6850081454276681
4 3.1274427928160455
5 0.011310151008474182
6 0.8578733329382292
7 1.5491118821888967
8 1.1350835282172498
9 0.5268092123243977
10 1.0188693988656785
11 1.0131051073879778
12 0.3975384085572467
13 1.5222832007454772
14 0.24570556748080158
15 0.2113855154037136
16 0.268485143325039
17 0.5293159543257894
18 0.8570208327804187
19 1.2809916301015039
20 0.03708165592038581
21 0.2604221350272252
22 0.4717473707020828
23 1.255592511400115
24 0.3283539171999817
25 0.8427156362870292
26 1.1339473122069956
27 1.197590110460961
28 0.9493518050095382
29 0.026840304583337363
30 0.5686515361278858
31 0.2521118848613458
32 0.9092016329264988
33 0.706034398940705
34 0.3855819118378224
35 0.04612806929808135
36 0.30915385349527313
37 0.25073593322901766
38 0.15845531024553242
39 0.13957210650616955
