1 0.4255157136588286
2 0.6550142662545467
3 0.8127617905854307
4 1.61840438330255
5 2.2126448107789805
6 0.85376096791307
7 0.06702773932438762
8 0.6054512345291573
9 1.9175667904871179
10 0.982550676787374
11 0.08467628981661475
12 0.6024474800578385
13 0.6151640958505523
14 0.5962619569575454
15 0.2820954148028853
16 0.879047973996254
17 0.2923585168669217
18 0.7513192746570311
19 0.5423434457503608
20 0.3059872679465485
21 1.1947307003972318
22 0.5270741425360423
23 0.09190019744097452
24 0.3076113527810797
25 0.08706974121583856
26 0.6646605439165444
27 0.14946244982399703
28 0.44204978742567186
29 0.7656634121307936
30 0.20315843966199768
31 0.3309195881393827
32 0.24924546553385457
33 0.10046226861940066
34 0.5036416861288359
