1 0.9158271599911167
2 2.2678042784921444
3 1.176283411719072
4 2.347134775005795
5 0.836861002859727
6 0.9609231242008904
7 1.17747678501974
8 1.0483278647885235
9 0.04743122673404623
10 1.0575245749894748
11 1.709372072843941
12 0.6571903721764606
13 1.0815984131766192
14 1.2307081265625073
15 0.61002153447084
16 1.0220303804896835
17 2.14062144718672
18 0.5601598387412184
19 0.6414294044738075
20 1.5354052930976658
21 2.25412024977391
22 1.1729312192180095
23 0.7078861208378114
24 2.429279869820146
25 0.984395277034611
26 1.682992945406695
27 1.3277246007383336
28 1.5225306777278862
29 1.027648514921513
30 0.9978384078761889
31 0.6146069804107925
32 0.7293782961285357
33 1.3555224831286437
34 0.6198126645770559
35 0.645158363966574
36 1.460638752177622
37 0.7883613729614071
38 1.3571059744886655
39 1.3482333226750178
40 1.4189301972177175
41 0.811555160380422
42 2.1238888908126903
43 1.1162075853798452
44 1.0012565882532893
45 2.4380450806709044
46 1.4073174294348179
47 1.5956194492694267
48 1.9873204202791488
49 2.258237915959402
50 1.3297955686912377
51 0.8911824218959047
52 1.3342833234005147
53 1.3341469138649447
54 1.4234354936698086
55 1.4732553334483223
56 1.1256746878434445
57 0.9684102147322611
58 1.768568173103737
59 1.9253224476925863
60 2.305014208782454
61 1.3791696039253796
62 1.4976006864454394
63 1.3636125878308565
64 1.1745366535854977
65 1.212640319218062
66 1.0294807117151241
67 1.5666507540867687
68 1.5815432331085781
69 1.093490346756317
70 1.941037153774974
71 1.161311053738777
72 1.6387328095760998
73 1.8161758978996387
74 1.310124777943457
75 2.0688690001563352
76 1.5137302692182437
77 1.438778604018976
78 1.7413987648654876
79 1.360439982801493
80 1.3126479254102121
81 1.3384328553410587
82 1.5119333203290901
83 1.4776441413359656
84 1.9367488154159058
85 1.4063278248918925
86 1.2982719646415113
87 1.4499797418980844
88 1.3522562127603592
89 1.4585449383728462
90 1.3965709577891114
91 1.7338850381061404
92 1.3323692939334346
93 1.3740321699230758
94 1.4712787634741447
95 1.7319721552175862
96 1.3647866866053253
97 1.2478631463664647
98 1.415186806115392
99 1.3154906483730122
100 1.725940296119721
101 1.3487030687941892
102 1.5779543691728442
103 1.3340437703055992
104 1.8739918947045773
105 1.3879994600520236
106 1.8680174443707718
107 2.0788329590048935
108 1.9951528262863705
109 1.9128514459080295
110 1.9904025126871085
111 1.3299694882771582
112 1.352509862062256
113 1.7265257414413826
114 1.4771933096757803
115 1.5040260336298055
116 1.3982615857137695
117 1.9142206846229428
118 1.3796121467058238
119 1.3949069393925893
120 1.3450719350741385
121 1.7972993828814363
122 1.4558228051571405
123 1.6542952792031032
124 1.3724871745905844
125 1.5713819544269065
