1 0.24957254324124428
2 1.9740421375529993
3 0.6033026920768555
4 0.424978905796753
5 0.6334489087183596
6 0.8403839795508067
7 0.9139785538270523
8 0.8884429758707123
9 2.6697483751586186
10 1.1250728244754484
11 0.3264067197352798
12 0.7712009378920772
13 0.5824490523420126
14 0.419416372414348
15 2.4984813319081636
16 1.0796829654673914
17 3.4764780336774246
18 2.2001267399710946
19 1.4076111309573942
20 1.4968477523741999
21 0.5135977206943156
22 1.6304725418074162
23 1.7714339775285726
24 1.8748186158397493
25 0.9304390973147755
26 0.48905289032698596
27 0.817969669720083
28 0.5677472864735539
29 1.3419892142287682
30 0.9023399463662203
31 0.6525205004971855
32 1.0504199449514466
33 1.7586394290560918
34 0.6844735498802492
35 1.2818570638767224
36 1.1101967981579124
37 1.1181628204540355
38 1.0956818753582689
39 1.8568193708330918
40 1.6483411431899586
41 1.8310711104894561
42 3.487802506293776
43 0.6498743631824515
44 1.1739942981522535
45 2.887843816636071
46 0.6935294087856126
47 0.9676267451009544
48 2.110974395527073
49 2.196872185818397
50 1.427531562379695
51 1.7767329519101254
52 2.960477812834346
53 1.0334250744298146
54 1.5378365408640233
55 1.318735806561486
56 0.8936984594761236
57 1.4743427560166356
58 2.475756129166755
59 1.9946088285602166
60 0.9259078229753945
61 1.42964470921038
62 1.2360238298284383
63 1.4880136277763882
64 1.55181671793675
65 1.6444987596825817
66 1.4020006786676509
67 1.6398534500610358
68 1.8351363954961493
69 1.4606384724579125
70 1.374345774890042
71 1.5444316875057331
72 1.4180627719993684
73 1.5474253169184606
74 1.3660697390666836
75 1.4539128767033613
76 1.3458087036584454
77 1.6655858645748325
78 1.3209804639014364
79 1.4066519593199087
80 1.572872557752891
81 1.4909542257896222
82 2.2737921913191226
83 1.3342493275427056
84 2.717874684522791
85 1.2242393136660574
86 1.3315960313539825
87 1.3453358544065182
88 1.3932196338064928
89 1.3957534024442069
90 1.350587012583361
91 2.1027238986238146
92 1.7270250330983494
93 2.007974190763256
94 1.389099517624384
95 1.6209279454834078
96 2.482664050264146
97 1.8444682319729173
98 1.8018529893276016
99 1.5197674902710454
100 1.4672995218688492
101 1.4601579994597038
102 1.4262725624877002
103 2.2759842576794815
104 1.6572850599319437
105 1.3864995239715403
106 2.3948431338473832
107 1.413629515152866
108 1.3391106026340485
