1 1.1154964238128322
2 0.5414997452682578
3 0.851646103115525
4 4.467533146702663
5 1.348484601624081
6 0.4509070742262041
7 1.2454687324769544
8 1.104410642574423
9 0.7763228305566702
10 2.0584271370841907
11 0.3831277886021293
12 0.8426855487159419
13 0.05580767134099458
14 1.3228720842142871
15 1.426000393792212
16 2.2743893362703895
17 0.35846764468071113
18 1.4145274088460869
19 0.9274948249148895
20 0.20731253664169422
21 1.3641371837836889
22 0.4006499504164471
23 0.8865910888239275
24 1.1961110977567455
25 0.7544785153673425
26 0.9427911030897309
27 0.8795740667302139
28 1.2042988087662327
29 1.3145730538407037
30 0.22926404230244804
31 2.0702166906062023
32 2.7890085953654165
33 1.5794538790841524
34 0.949374907960144
35 1.599251905204153
36 0.9532085972560861
37 0.9729492336551695
38 1.9140008442496073
39 2.4068774307220013
40 0.3581894361794447
41 1.7027946183729372
42 1.40068498187317
43 1.409361455807343
44 0.8617985454158396
45 2.0337215140434557
46 0.354382287842781
47 1.4453274750831118
48 1.3241415593409749
49 1.0619451491894003
50 1.6747388838743233
51 0.48425812108819244
52 0.5941017296130235
53 1.5037579913155918
54 1.5189603669994716
55 1.3414162886643586
56 1.3238122092345663
57 1.0865569477226942
58 1.5980564512606297
59 1.3697661129795402
60 1.8901291199227606
61 1.3047297217296947
62 1.4157491175714683
63 1.3034088386524623
64 1.0023787668165758
65 1.3313439982951705
66 0.45699075637190567
67 1.3188135864520378
68 1.0072966115836284
69 1.259441697250454
70 1.8150660825656246
71 1.3917714780166432
72 1.778726209557609
73 1.3694602445813329
74 1.3228026958165178
75 1.6530902263057827
76 1.9418434654173067
77 1.4368098556168658
78 1.343931044466604
79 1.3503091648558232
80 1.5188346953441332
81 1.1484840912724745
82 1.0534928704108801
83 1.6962827661092772
84 1.48292912324587
85 1.7072546332194956
86 1.632931269809257
87 1.4824438485903055
88 0.6537337868591303
89 1.4175995919980455
90 1.4759460381135936
91 1.617219130922947
92 1.3331454865946197
93 1.3413297910701645
94 1.5511372311298386
95 1.4336747657000923
96 1.3484297799827567
97 1.6616462369419716
98 1.4176226499065783
99 1.5825119603830584
100 1.337547665763519
101 1.6350651986839078
102 1.376715360771553
103 1.3479816500540227
104 1.5710964103203395
105 1.3868586561796235
106 1.255411224203321
107 1.3080559638667422
108 1.3408047185456589
109 1.3256263342132788
110 1.362452453201182
111 1.3218732018673802
112 1.4555967959162766
113 1.3407491543100696
114 1.3366610641953696
115 1.274165363944918
116 1.377156558885037
117 1.3594839134370704
118 1.449730091135536
119 1.3640198465422395
120 1.3443954184868918
121 1.336826507784333
122 1.350564957878549
123 1.345370190944173
124 1.4215374514786936
125 1.364342216349627
126 1.3680678435323426
127 1.4246804215995725
128 1.401064782132568
129 1.3405041150811505
130 1.3581317216662703
131 1.3706723654792015
132 1.3677510439611227
133 1.3346322944338729
