1 1.270999211539544
2 3.0742927977892327
3 1.8875349432712727
4 0.5074069500501563
5 0.5679418112968414
6 0.6134029942269333
7 0.9619096897723606
8 1.4575395378639209
9 0.845368160748369
10 1.5782692967819247
11 0.9091357626635277
12 1.822372003302188
13 0.5580216028368666
14 0.21096973751378592
15 1.2219649443515537
16 0.14737813624279553
17 2.6867134004497366
18 0.9733010615531025
19 1.753769170032948
20 0.7869842407477767
21 0.5048389561584082
22 2.4568145344128403
23 1.6808889966960103
24 0.74915003957534
25 1.400838256110761
26 1.5487245311906834
27 1.2059156174963557
28 1.424470343491825
29 0.8712831402286446
30 0.29187060547634597
31 1.02383528637425
32 0.6754657740266047
33 1.465367118114887
34 1.091940885949465
35 0.7813633381998185
36 0.9530069604680549
37 1.726979045675475
38 0.6906514893014079
39 1.446120350126978
40 1.531777072882548
41 1.47592318959049
42 1.9159769317263857
43 0.48193102762531226
44 2.131166900679342
45 1.4451035519516378
46 0.9921120212901468
47 1.5608383369935304
48 1.3869457916888064
49 1.2682010802225967
50 1.372715768534319
51 1.5218501567767353
52 0.7675043349857287
53 0.765742278666732
54 2.370579841140948
55 0.9541188853295027
56 2.0106733072617864
57 1.2869851611259977
58 1.7056791207572437
59 1.4273627343266906
60 1.313830632198288
61 0.9195752280469949
62 1.2930101317081235
63 1.180511994481592
64 1.2005978757966937
65 1.8706850610618573
66 1.2319869637169463
67 1.5498360586999036
68 4.140212603644317
69 1.5227850333229787
70 1.503581253074751
71 1.5793784605747516
72 1.0686446918033836
73 3.4836117346558657
74 4.009142717998615
75 1.6817566651304445
76 1.7571187669274602
77 1.3944312312077354
78 3.9669337729903638
79 4.2908255215552185
80 1.4141285269228667
81 1.3027187582250521
82 1.1686973606427753
83 1.5702800206098437
84 2.5472174295470116
85 3.522526993722892
86 3.342107325682296
87 1.4143550225594868
88 3.2526015511402924
89 1.6078128063933663
90 1.5996260502286261
91 1.5851079787632478
92 2.3591586568430025
93 1.658594492862217
94 1.6060420528906543
95 2.6905781726540985
96 1.5394556573650742
97 1.4293080358833814
98 1.351774476183452
99 1.5634108374941096
