1 0.5489274994490777
2 0.5338332414880789
3 0.0735055427239761
4 3.122379255487917
5 1.025482690900288
6 0.9183966984035441
7 0.4918965298542742
8 3.355281633553197
9 0.5720174480544483
10 2.3138048527461126
11 2.594756248395189
12 1.9053036420791145
13 1.7113214727143107
14 0.06124542124214723
15 2.0760182451081284
16 1.1330241681143514
17 1.624250924898584
18 0.3459274402994451
19 1.5154292142420247
20 0.04922356562196736
21 0.9085967068317938
22 0.866101659532065
23 1.967504081601202
24 2.1240629837710223
25 0.5844547753644953
26 0.5945576242461831
27 0.23272343788171665
28 1.199798786817233
29 0.26870399969825004
30 1.5957670727182924
31 0.17965838190128
32 1.4900311195755014
33 2.2846107236055766
34 0.29606853304760145
35 1.8697379111748722
36 1.4003183026321238
37 0.4872591021484294
38 2.974396525051937
39 0.41431920238462244
40 1.7520377012149055
41 2.124939885276468
42 1.3346569941095057
43 1.4755673770756417
44 1.0408500904036948
45 1.647603589365423
46 2.2365860117181127
47 0.8476410948605865
48 2.423881984242618
49 0.2820881275206895
50 2.0232326035694594
51 1.893028566590822
52 0.9251006572718026
53 0.9643088571882357
54 0.5080766101601639
55 0.25888294450735416
56 1.1707762844876797
57 0.8205923276860795
58 1.4468949813012473
59 1.1059747805536515
60 0.6529159978007724
61 1.2885946580810073
62 1.7658730473832687
63 1.2949442039261767
64 0.48315356167741025
65 1.6712392901570605
66 1.7337715046921638
67 2.3486481319747714
68 1.5112380812994186
69 0.6589877297241574
70 0.8499051597637237
71 1.9424648474001571
72 0.5381978868350358
73 0.2465425608735107
74 0.7717376692704917
75 1.4934930542849132
76 0.9984584013147458
77 0.5098207774732016
78 1.4819368585702923
79 0.9019678473038664
80 1.3914943589577462
81 2.265800272895813
82 1.5688853474938695
83 2.0637752487897725
84 1.5130118001160058
85 1.3500236097582443
86 1.0771606109877296
87 1.980443769544856
88 1.872757699473359
89 1.2374894723969365
90 1.4029067997739844
91 0.7490744323877975
92 1.2922322133406448
93 1.8409295207857665
94 1.4672162269774693
95 2.2261066906013705
96 1.2585589543816413
97 1.4032144982105377
98 0.9069387781744669
99 1.698288500357975
100 1.3124671329859035
101 1.1679728625420047
102 1.378247205500131
103 1.5497965032908294
104 1.4748893518201445
105 1.2632173848400323
106 1.1682149450738462
107 1.296843378451313
108 1.6741774633485063
109 1.373332156253685
110 2.134509259551253
111 1.3157566082038648
112 1.4847024502403956
113 1.5216702451090234
114 1.7074215611021584
115 1.4463466680803687
116 1.3479079079510736
117 1.3362742217610946
118 1.329186251042613
119 1.4381830127937176
120 1.3497665585339933
121 1.3648059250670035
122 1.3975404508932512
123 1.4371158933174881
124 1.5283806159316544
125 1.961227287786604
126 1.5212392735831157
127 1.9698158862765593
128 1.4446016977538672
129 1.391071151091302
130 1.4564163482765413
131 1.5345860109275378
132 1.410369466418978
133 1.375122543561538
134 1.5907972616160384
135 1.4336732918465818
136 1.330426375425819
137 1.3701737974585055
138 1.3633609431188298
139 1.7342686500225453
140 1.3586900819045125
141 1.356949880918539
142 1.4720555661156556
143 1.3656639089444975
144 1.3488529107805554
145 1.389016497215894
146 2.128377464259253
147 1.3429024947356956
148 1.4676717216125617
149 1.8099453117442215
150 1.3935108217950833
151 2.2311982246234736
152 1.4286532750299896
153 1.3577420427809637
