1 0.16114813624181906
2 1.5023007384770908
3 0.744366047914194
4 0.5701052546056959
5 1.5950071875813039
6 0.1566074745311036
7 1.4157679933180614
8 0.7158990089876849
9 0.5786529131201811
10 0.7397866388706417
11 0.6123714357318875
12 0.5672848058598658
13 0.23131140596753327
14 2.277723601213252
15 0.18126483188211484
16 0.8821604374697913
17 0.8756500651911735
18 1.6218330863903243
19 1.1499620459341282
20 1.4226127083616942
21 0.29190481582739564
22 0.9544233656879169
23 1.8491780613568174
24 0.47316784292620534
25 0.12964317188621718
26 1.1449410574858898
27 3.7251501261841384
28 0.7674203417217005
29 0.6460696354064956
30 1.20954219370758
31 0.5880592124214844
32 1.7812761092929585
33 3.0365148781034876
34 0.9730320225653831
35 2.5440473145237723
36 0.42356785764930704
37 1.0249965694931584
38 0.32317475373793064
39 0.9965882877201736
40 0.7291782374853375
41 2.0516335265304697
42 0.6453384301952649
43 0.3724004638487556
44 1.0649546597966884
45 0.09776674609556518
46 1.2764717051438055
47 2.069053979052573
48 2.301716486606923
49 1.1116517930058167
50 2.5616643269495514
51 0.48217947344135953
52 1.090971040090062
53 2.0815391951632347
54 1.71657702655478
55 0.5842532516282949
56 1.8847144329760266
57 0.8046076915667951
58 0.7213212626808901
59 1.083041012777913
60 1.0490393178013073
61 0.9786119858755457
62 1.9780125289764678
63 1.1375952015606612
64 1.2768883315401391
65 1.0241224686508086
66 1.2027488529579333
67 1.5581707427305522
68 0.6597772180563128
69 3.5778695478198554
70 1.3584359659770286
71 1.3441971239439796
72 1.3401124857648443
73 1.0996945713928576
74 1.2159766811150212
75 1.5296916618613317
76 1.374502904476825
77 1.408755989515442
78 0.9379275213415569
79 1.2330402111511594
80 1.711552822472732
81 1.2294487881303986
82 1.129213117507197
83 1.2097037664228432
84 1.182784389158328
85 1.4971666333096294
86 2.7507207087830263
87 1.3377035945401854
88 2.7875258330082553
89 2.723254020071824
90 1.3770996659686292
91 1.4208467091279775
92 1.3241166594728226
93 1.73627596166202
94 1.4776658552274151
95 1.4486078608731758
96 1.2955142305899847
97 1.4885807200078978
98 2.2975903176571717
99 1.4516392568751169
100 1.4693623048738051
101 1.5652105232253288
102 2.080573321045967
103 1.4829379072294182
104 1.4708161269500546
105 1.6336627573228357
106 1.6380581323831938
107 1.453247209877227
108 2.198591046568168
109 2.2184013890594625
110 1.4780677834366565
111 2.0946994187860675
112 2.0811151024056103
113 1.9620881645367603
114 1.375735822258509
115 1.65175933220776
116 2.158796065024023
117 1.4392111828707363
