1 1.0
2 0.5
3 0.6666666666666666
4 0.5
5 0.6
6 0.5
7 0.5714285714285714
8 0.5
9 0.5555555555555556
10 0.6
11 0.6363636363636364
12 0.6666666666666666
13 0.6923076923076923
14 0.7142857142857143
15 0.7333333333333333
16 0.6875
17 0.7058823529411765
18 0.6666666666666666
19 0.631578947368421
20 0.65
21 0.6666666666666666
22 0.6818181818181818
23 0.6521739130434783
24 0.625
25 0.64
26 0.6153846153846154
27 0.6296296296296297
28 0.6071428571428571
29 0.6206896551724138
30 0.6333333333333333
31 0.6129032258064516
32 0.625
33 0.6060606060606061
34 0.6176470588235294
35 0.6
36 0.6111111111111112
37 0.6216216216216216
38 0.631578947368421
39 0.6410256410256411
40 0.65
41 0.6585365853658537
42 0.6428571428571429
43 0.6511627906976745
44 0.6363636363636364
45 0.6444444444444445
46 0.6521739130434783
47 0.6595744680851063
48 0.6666666666666666
49 0.673469387755102
50 0.68
51 0.6862745098039216
52 0.6730769230769231
53 0.660377358490566
54 0.6666666666666666
55 0.6727272727272727
56 0.6607142857142857
57 0.6666666666666666
58 0.6551724137931034
59 0.6440677966101694
60 0.65
61 0.6557377049180327
62 0.6451612903225806
63 0.6349206349206349
64 0.625
65 0.6153846153846154
66 0.6060606060606061
67 0.5970149253731343
68 0.5882352941176471
69 0.5942028985507246
70 0.5857142857142857
71 0.5774647887323944
72 0.5694444444444444
73 0.5616438356164384
74 0.5540540540540541
75 0.56
76 0.5657894736842105
77 0.5584415584415584
78 0.5512820512820513
79 0.5443037974683544
80 0.5375
81 0.5308641975308642
82 0.524390243902439
83 0.5301204819277109
84 0.5238095238095238
85 0.5294117647058824
86 0.5232558139534884
87 0.5172413793103449
88 0.5227272727272727
89 0.5280898876404494
90 0.5333333333333333
91 0.5274725274725275
92 0.532608695652174
93 0.5268817204301075
94 0.5212765957446809
95 0.5157894736842106
96 0.5208333333333334
97 0.5154639175257731
98 0.5102040816326531
99 0.5151515151515151
100 0.51
101 0.504950495049505
102 0.5
103 0.49514563106796117
104 0.49038461538461536
105 0.4857142857142857
106 0.4811320754716981
107 0.48598130841121495
108 0.48148148148148145
109 0.47706422018348627
110 0.4727272727272727
111 0.46846846846846846
112 0.4642857142857143
113 0.4690265486725664
114 0.4649122807017544
115 0.46956521739130436
116 0.46551724137931033
117 0.46153846153846156
118 0.4576271186440678
119 0.453781512605042
120 0.4583333333333333
121 0.45454545454545453
122 0.45081967213114754
123 0.44715447154471544
124 0.4435483870967742
125 0.44
126 0.4365079365079365
127 0.4330708661417323
128 0.4296875
129 0.43410852713178294
130 0.4307692307692308
131 0.4351145038167939
132 0.4393939393939394
133 0.43609022556390975
134 0.43283582089552236
135 0.43703703703703706
136 0.4338235294117647
137 0.43795620437956206
138 0.4420289855072464
139 0.43884892086330934
140 0.4357142857142857
141 0.4397163120567376
142 0.43661971830985913
143 0.43356643356643354
144 0.4305555555555556
145 0.42758620689655175
146 0.4246575342465753
147 0.42857142857142855
148 0.42567567567567566
149 0.4228187919463087
150 0.4266666666666667
151 0.423841059602649
152 0.4276315789473684
153 0.42483660130718953
154 0.42207792207792205
155 0.4258064516129032
156 0.4230769230769231
157 0.42038216560509556
158 0.4240506329113924
159 0.42138364779874216
160 0.41875
161 0.4161490683229814
162 0.41358024691358025
163 0.4110429447852761
164 0.40853658536585363
165 0.40606060606060607
166 0.4036144578313253
167 0.40119760479041916
168 0.39880952380952384
169 0.39644970414201186
170 0.3941176470588235
171 0.391812865497076
172 0.3953488372093023
173 0.3988439306358382
174 0.40229885057471265
175 0.4
176 0.4034090909090909
177 0.4011299435028249
178 0.398876404494382
179 0.39664804469273746
180 0.39444444444444443
181 0.39226519337016574
182 0.3956043956043956
183 0.39344262295081966
184 0.391304347826087
185 0.3891891891891892
186 0.3870967741935484
187 0.3850267379679144
188 0.3829787234042553
189 0.38095238095238093
190 0.37894736842105264
191 0.3769633507853403
192 0.375
193 0.37305699481865284
194 0.37628865979381443
195 0.37948717948717947
196 0.3826530612244898
197 0.38578680203045684
198 0.3838383838383838
199 0.38190954773869346
200 0.38
