1 1.0
2 1.0
3 0.6666666666666666
4 0.75
5 0.8
6 0.8333333333333334
7 0.8571428571428571
8 0.875
9 0.8888888888888888
10 0.9
11 0.9090909090909091
12 0.9166666666666666
13 0.9230769230769231
14 0.8571428571428571
15 0.8666666666666667
16 0.875
17 0.8235294117647058
18 0.8333333333333334
19 0.8421052631578947
20 0.8
21 0.8095238095238095
22 0.8181818181818182
23 0.8260869565217391
24 0.8333333333333334
25 0.84
26 0.8461538461538461
27 0.8518518518518519
28 0.8571428571428571
29 0.8275862068965517
30 0.8
31 0.7741935483870968
32 0.75
33 0.7575757575757576
34 0.7352941176470589
35 0.7428571428571429
36 0.75
37 0.7297297297297297
38 0.7105263157894737
39 0.717948717948718
40 0.725
41 0.7317073170731707
42 0.7142857142857143
43 0.6976744186046512
44 0.7045454545454546
45 0.6888888888888889
46 0.6739130434782609
47 0.6808510638297872
48 0.6666666666666666
49 0.673469387755102
50 0.68
51 0.6666666666666666
52 0.6730769230769231
53 0.6792452830188679
54 0.6851851851851852
55 0.6909090909090909
56 0.6964285714285714
57 0.6842105263157895
58 0.6896551724137931
59 0.6949152542372882
60 0.6833333333333333
61 0.6885245901639344
62 0.6935483870967742
63 0.6984126984126984
64 0.703125
65 0.7076923076923077
66 0.7121212121212122
67 0.7164179104477612
68 0.7205882352941176
69 0.7246376811594203
70 0.7142857142857143
71 0.7183098591549296
72 0.7083333333333334
73 0.7123287671232876
74 0.7027027027027027
75 0.7066666666666667
76 0.6973684210526315
77 0.6883116883116883
78 0.6794871794871795
79 0.6835443037974683
80 0.6875
81 0.691358024691358
82 0.6829268292682927
83 0.6746987951807228
84 0.6666666666666666
85 0.6705882352941176
86 0.6744186046511628
87 0.6781609195402298
88 0.6704545454545454
89 0.6629213483146067
90 0.6555555555555556
91 0.6593406593406593
92 0.6521739130434783
93 0.6451612903225806
94 0.6382978723404256
95 0.6421052631578947
96 0.6354166666666666
97 0.6288659793814433
98 0.6224489795918368
99 0.6262626262626263
100 0.62
101 0.6237623762376238
102 0.6176470588235294
103 0.6213592233009708
104 0.6153846153846154
105 0.6190476190476191
106 0.6226415094339622
107 0.616822429906542
108 0.6203703703703703
109 0.6146788990825688
110 0.6181818181818182
111 0.6126126126126126
112 0.6071428571428571
113 0.6106194690265486
114 0.6052631578947368
115 0.6086956521739131
116 0.6120689655172413
117 0.6068376068376068
118 0.6016949152542372
119 0.5966386554621849
120 0.5916666666666667
121 0.5867768595041323
122 0.5901639344262295
123 0.5853658536585366
124 0.5806451612903226
125 0.584
126 0.5793650793650794
127 0.5748031496062992
128 0.5703125
129 0.5658914728682171
130 0.5615384615384615
131 0.5648854961832062
132 0.5606060606060606
133 0.556390977443609
134 0.5597014925373134
135 0.562962962962963
136 0.5588235294117647
137 0.5547445255474452
138 0.5579710144927537
139 0.5611510791366906
140 0.5571428571428572
141 0.5531914893617021
142 0.5492957746478874
143 0.5524475524475524
144 0.5555555555555556
145 0.5517241379310345
146 0.5547945205479452
147 0.5510204081632653
148 0.5540540540540541
149 0.5570469798657718
150 0.5533333333333333
151 0.5496688741721855
152 0.5460526315789473
153 0.5424836601307189
154 0.5454545454545454
155 0.5483870967741935
156 0.5512820512820513
157 0.5477707006369427
158 0.5506329113924051
159 0.5471698113207547
160 0.54375
161 0.546583850931677
162 0.5493827160493827
163 0.5521472392638037
164 0.5487804878048781
165 0.5515151515151515
166 0.5481927710843374
167 0.5449101796407185
168 0.5416666666666666
169 0.5443786982248521
170 0.5411764705882353
171 0.5380116959064327
172 0.5348837209302325
173 0.5317919075144508
174 0.5287356321839081
175 0.5257142857142857
176 0.5227272727272727
177 0.5254237288135594
178 0.5280898876404494
179 0.5251396648044693
180 0.5222222222222223
181 0.5193370165745856
182 0.5164835164835165
183 0.5136612021857924
184 0.5108695652173914
185 0.5135135135135135
186 0.510752688172043
187 0.5133689839572193
188 0.5106382978723404
189 0.5079365079365079
190 0.5052631578947369
191 0.5026178010471204
192 0.5
193 0.5025906735751295
194 0.5
195 0.49743589743589745
196 0.49489795918367346
197 0.49238578680203043
198 0.4898989898989899
199 0.48743718592964824
200 0.485
201 0.48258706467661694
202 0.4801980198019802
203 0.47783251231527096
204 0.47549019607843135
205 0.47317073170731705
206 0.470873786407767
207 0.47342995169082125
208 0.47115384615384615
209 0.4688995215311005
210 0.4666666666666667
211 0.46445497630331756
212 0.46226415094339623
213 0.4647887323943662
214 0.46261682242990654
215 0.4604651162790698
216 0.4583333333333333
217 0.45622119815668205
218 0.4541284403669725
219 0.4520547945205479
220 0.45
221 0.4479638009049774
222 0.44594594594594594
223 0.4439461883408072
224 0.4419642857142857
225 0.44
226 0.43805309734513276
227 0.43612334801762115
228 0.4342105263157895
229 0.43231441048034935
230 0.43478260869565216
231 0.4329004329004329
232 0.43103448275862066
233 0.4291845493562232
234 0.42735042735042733
235 0.425531914893617
236 0.423728813559322
237 0.4219409282700422
238 0.42016806722689076
239 0.41841004184100417
240 0.4166666666666667
241 0.4149377593360996
242 0.4132231404958678
243 0.411522633744856
244 0.4139344262295082
245 0.4122448979591837
246 0.4105691056910569
247 0.4089068825910931
248 0.40725806451612906
249 0.40562248995983935
250 0.404
251 0.40239043824701193
252 0.4007936507936508
253 0.39920948616600793
254 0.39763779527559057
255 0.396078431372549
256 0.39453125
257 0.39299610894941633
258 0.39147286821705424
259 0.38996138996138996
260 0.38846153846153847
261 0.38697318007662834
262 0.38549618320610685
263 0.38783269961977185
264 0.38636363636363635
265 0.3849056603773585
266 0.38345864661654133
267 0.38202247191011235
268 0.3805970149253731
269 0.379182156133829
270 0.3814814814814815
271 0.3800738007380074
272 0.3786764705882353
273 0.3772893772893773
274 0.3759124087591241
275 0.37454545454545457
276 0.37318840579710144
277 0.37184115523465705
278 0.37410071942446044
279 0.3727598566308244
280 0.37142857142857144
281 0.3701067615658363
282 0.3723404255319149
283 0.3710247349823322
284 0.36971830985915494
285 0.3684210526315789
286 0.36713286713286714
287 0.36585365853658536
288 0.3645833333333333
289 0.36678200692041524
290 0.36551724137931035
291 0.3642611683848797
292 0.363013698630137
293 0.36177474402730375
294 0.36054421768707484
295 0.3593220338983051
296 0.3581081081081081
297 0.3569023569023569
298 0.35906040268456374
299 0.35785953177257523
300 0.3566666666666667
301 0.3554817275747508
302 0.3543046357615894
303 0.35313531353135313
304 0.35526315789473684
305 0.3540983606557377
306 0.35294117647058826
307 0.3517915309446254
308 0.35064935064935066
309 0.34951456310679613
310 0.34838709677419355
311 0.34726688102893893
312 0.34615384615384615
313 0.3450479233226837
314 0.34394904458598724
315 0.34285714285714286
316 0.34177215189873417
317 0.34069400630914826
318 0.33962264150943394
319 0.3385579937304075
320 0.3375
321 0.3364485981308411
322 0.33540372670807456
323 0.33436532507739936
324 0.3333333333333333
325 0.3323076923076923
326 0.3312883435582822
327 0.3302752293577982
328 0.32926829268292684
329 0.3282674772036474
330 0.32727272727272727
331 0.32628398791540786
332 0.3253012048192771
333 0.32432432432432434
334 0.32335329341317365
335 0.32238805970149254
336 0.32142857142857145
337 0.32047477744807124
338 0.31952662721893493
339 0.3185840707964602
340 0.3176470588235294
341 0.31671554252199413
342 0.3157894736842105
343 0.31486880466472306
344 0.313953488372093
345 0.3159420289855073
346 0.315028901734104
347 0.31412103746397696
348 0.3132183908045977
349 0.3123209169054441
350 0.31142857142857144
351 0.31054131054131057
352 0.3096590909090909
353 0.3087818696883853
354 0.307909604519774
355 0.30704225352112674
356 0.3061797752808989
357 0.3081232492997199
358 0.30726256983240224
359 0.3064066852367688
360 0.3055555555555556
361 0.3047091412742382
362 0.30662983425414364
363 0.30578512396694213
364 0.30494505494505497
365 0.3041095890410959
366 0.30601092896174864
367 0.30517711171662126
368 0.30434782608695654
369 0.3035230352303523
370 0.3027027027027027
371 0.3018867924528302
372 0.3010752688172043
373 0.3002680965147453
374 0.2994652406417112
375 0.2986666666666667
