1 0.0
2 0.5
3 0.6666666666666666
4 0.75
5 0.8
6 0.6666666666666666
7 0.5714285714285714
8 0.625
9 0.6666666666666666
10 0.6
11 0.6363636363636364
12 0.5833333333333334
13 0.6153846153846154
14 0.6428571428571429
15 0.6
16 0.625
17 0.6470588235294118
18 0.6666666666666666
19 0.6842105263157895
20 0.7
21 0.6666666666666666
22 0.6818181818181818
23 0.6956521739130435
24 0.7083333333333334
25 0.72
26 0.7307692307692307
27 0.7037037037037037
28 0.7142857142857143
29 0.6896551724137931
30 0.6666666666666666
31 0.6774193548387096
32 0.6875
33 0.6666666666666666
34 0.6764705882352942
35 0.6857142857142857
36 0.6666666666666666
37 0.6756756756756757
38 0.6842105263157895
39 0.6923076923076923
40 0.675
41 0.6585365853658537
42 0.6666666666666666
43 0.6744186046511628
44 0.6590909090909091
45 0.6444444444444445
46 0.6304347826086957
47 0.6382978723404256
48 0.6458333333333334
49 0.6530612244897959
50 0.66
51 0.6666666666666666
52 0.6730769230769231
53 0.6792452830188679
54 0.6851851851851852
55 0.6909090909090909
56 0.6785714285714286
57 0.6666666666666666
58 0.6724137931034483
59 0.6779661016949152
60 0.6666666666666666
61 0.6557377049180327
62 0.6612903225806451
63 0.6507936507936508
64 0.640625
65 0.6307692307692307
66 0.6212121212121212
67 0.6268656716417911
68 0.6323529411764706
69 0.6231884057971014
70 0.6285714285714286
71 0.6338028169014085
72 0.6388888888888888
73 0.6301369863013698
74 0.6216216216216216
75 0.6266666666666667
76 0.618421052631579
77 0.6233766233766234
78 0.6282051282051282
79 0.6329113924050633
80 0.6375
81 0.6296296296296297
82 0.6341463414634146
83 0.6265060240963856
84 0.6190476190476191
85 0.611764705882353
86 0.6046511627906976
87 0.5977011494252874
88 0.6022727272727273
89 0.6067415730337079
90 0.6
91 0.6043956043956044
92 0.6086956521739131
93 0.6021505376344086
94 0.6063829787234043
95 0.6
96 0.59375
97 0.5979381443298969
98 0.6020408163265306
99 0.6060606060606061
100 0.6
101 0.6039603960396039
102 0.5980392156862745
103 0.6019417475728155
104 0.6057692307692307
105 0.6095238095238096
106 0.6132075471698113
107 0.6074766355140186
108 0.6111111111111112
109 0.6055045871559633
110 0.6090909090909091
111 0.6036036036036037
112 0.6071428571428571
113 0.6017699115044248
114 0.5964912280701754
115 0.6
116 0.5948275862068966
117 0.5982905982905983
118 0.6016949152542372
119 0.5966386554621849
120 0.5916666666666667
121 0.5867768595041323
122 0.5901639344262295
123 0.5853658536585366
124 0.5806451612903226
125 0.576
126 0.5714285714285714
127 0.5669291338582677
128 0.5703125
129 0.5658914728682171
130 0.5692307692307692
131 0.5725190839694656
132 0.5681818181818182
133 0.5639097744360902
134 0.5671641791044776
135 0.5703703703703704
136 0.5735294117647058
137 0.5693430656934306
138 0.5652173913043478
139 0.5611510791366906
140 0.5571428571428572
141 0.5602836879432624
142 0.5633802816901409
143 0.5594405594405595
144 0.5625
145 0.5586206896551724
146 0.5547945205479452
147 0.5510204081632653
148 0.5472972972972973
149 0.5436241610738255
150 0.54
151 0.543046357615894
152 0.5394736842105263
153 0.5359477124183006
154 0.5324675324675324
155 0.5290322580645161
156 0.5256410256410257
157 0.5222929936305732
158 0.5189873417721519
159 0.5157232704402516
160 0.5125
161 0.515527950310559
162 0.5123456790123457
163 0.50920245398773
164 0.5060975609756098
165 0.503030303030303
166 0.5
167 0.5029940119760479
168 0.5059523809523809
169 0.5029585798816568
170 0.5
171 0.5029239766081871
172 0.5058139534883721
173 0.5028901734104047
174 0.5
175 0.49714285714285716
176 0.4943181818181818
177 0.4915254237288136
178 0.4943820224719101
179 0.49162011173184356
180 0.4888888888888889
181 0.4861878453038674
182 0.4835164835164835
183 0.4808743169398907
184 0.4782608695652174
185 0.4756756756756757
186 0.4731182795698925
187 0.47058823529411764
188 0.46808510638297873
189 0.4656084656084656
190 0.46842105263157896
191 0.4712041884816754
192 0.46875
193 0.46632124352331605
194 0.4639175257731959
195 0.46153846153846156
196 0.45918367346938777
197 0.45685279187817257
198 0.45454545454545453
199 0.45226130653266333
200 0.45
201 0.44776119402985076
202 0.44554455445544555
203 0.4433497536945813
204 0.4411764705882353
205 0.43902439024390244
206 0.4368932038834951
207 0.43478260869565216
208 0.4326923076923077
209 0.430622009569378
210 0.42857142857142855
211 0.4312796208530806
212 0.42924528301886794
213 0.4272300469483568
214 0.4252336448598131
215 0.42790697674418604
216 0.42592592592592593
217 0.423963133640553
218 0.42201834862385323
219 0.4200913242009132
220 0.41818181818181815
221 0.416289592760181
222 0.4144144144144144
223 0.4125560538116592
224 0.4107142857142857
225 0.4088888888888889
226 0.40707964601769914
227 0.4052863436123348
228 0.40350877192982454
229 0.4017467248908297
230 0.4
231 0.39826839826839827
232 0.39655172413793105
233 0.3948497854077253
234 0.39316239316239315
235 0.39148936170212767
236 0.3898305084745763
237 0.3881856540084388
238 0.3865546218487395
239 0.3891213389121339
240 0.3875
241 0.38589211618257263
242 0.384297520661157
243 0.38271604938271603
244 0.38114754098360654
245 0.3795918367346939
246 0.3780487804878049
247 0.3765182186234818
248 0.375
249 0.37349397590361444
250 0.372
251 0.3705179282868526
252 0.36904761904761907
253 0.3675889328063241
254 0.3661417322834646
255 0.36470588235294116
256 0.36328125
257 0.36186770428015563
258 0.36046511627906974
259 0.3590733590733591
260 0.3576923076923077
261 0.3563218390804598
262 0.3549618320610687
263 0.35361216730038025
264 0.3522727272727273
265 0.35094339622641507
266 0.3533834586466165
267 0.352059925093633
268 0.35074626865671643
269 0.35315985130111527
270 0.35555555555555557
271 0.35424354243542433
272 0.35294117647058826
273 0.3516483516483517
274 0.35036496350364965
275 0.3490909090909091
276 0.34782608695652173
277 0.34657039711191334
278 0.34532374100719426
279 0.34408602150537637
280 0.34285714285714286
281 0.34519572953736655
282 0.34397163120567376
283 0.34275618374558303
284 0.3415492957746479
285 0.34035087719298246
286 0.33916083916083917
287 0.34146341463414637
288 0.3402777777777778
289 0.3391003460207612
290 0.3413793103448276
291 0.3402061855670103
292 0.339041095890411
293 0.3378839590443686
294 0.336734693877551
295 0.33559322033898303
296 0.3344594594594595
297 0.3333333333333333
298 0.33221476510067116
299 0.3311036789297659
300 0.33
301 0.3289036544850498
302 0.32781456953642385
303 0.32673267326732675
304 0.32894736842105265
305 0.32786885245901637
306 0.32679738562091504
307 0.3257328990228013
308 0.3246753246753247
309 0.32362459546925565
310 0.3225806451612903
311 0.3215434083601286
312 0.32051282051282054
313 0.3194888178913738
314 0.3184713375796178
315 0.31746031746031744
316 0.31645569620253167
317 0.31545741324921134
318 0.31446540880503143
319 0.31347962382445144
320 0.3125
321 0.3115264797507788
322 0.3105590062111801
323 0.30959752321981426
324 0.30864197530864196
325 0.3076923076923077
326 0.3067484662576687
327 0.3058103975535168
328 0.3048780487804878
329 0.303951367781155
330 0.30606060606060603
331 0.30513595166163143
332 0.3042168674698795
333 0.3033033033033033
334 0.3023952095808383
335 0.30149253731343284
336 0.3005952380952381
337 0.2997032640949555
338 0.30177514792899407
339 0.3008849557522124
340 0.3
341 0.2991202346041056
342 0.2982456140350877
343 0.29737609329446063
344 0.29651162790697677
345 0.2985507246376812
346 0.2976878612716763
347 0.2968299711815562
348 0.2959770114942529
349 0.29512893982808025
350 0.29428571428571426
351 0.2934472934472934
352 0.29261363636363635
353 0.29178470254957506
354 0.2909604519774011
355 0.29014084507042254
356 0.2893258426966292
357 0.28851540616246496
358 0.2877094972067039
359 0.28690807799442897
360 0.2861111111111111
361 0.2853185595567867
362 0.2845303867403315
363 0.2837465564738292
364 0.28296703296703296
365 0.28493150684931506
366 0.28415300546448086
367 0.28337874659400547
368 0.2826086956521739
369 0.28184281842818426
370 0.2810810810810811
371 0.2803234501347709
372 0.27956989247311825
373 0.27882037533512066
374 0.27807486631016043
375 0.2773333333333333
