1 1.0
2 0.5
3 0.6666666666666666
4 0.75
5 0.6
6 0.5
7 0.5714285714285714
8 0.625
9 0.6666666666666666
10 0.7
11 0.7272727272727273
12 0.6666666666666666
13 0.6153846153846154
14 0.6428571428571429
15 0.6666666666666666
16 0.6875
17 0.7058823529411765
18 0.7222222222222222
19 0.7368421052631579
20 0.75
21 0.7619047619047619
22 0.7272727272727273
23 0.7391304347826086
24 0.75
25 0.76
26 0.7307692307692307
27 0.7407407407407407
28 0.75
29 0.7241379310344828
30 0.7333333333333333
31 0.7096774193548387
32 0.71875
33 0.7272727272727273
34 0.7352941176470589
35 0.7428571428571429
36 0.7222222222222222
37 0.7297297297297297
38 0.7368421052631579
39 0.7435897435897436
40 0.725
41 0.7317073170731707
42 0.7380952380952381
43 0.7209302325581395
44 0.7045454545454546
45 0.7111111111111111
46 0.6956521739130435
47 0.6808510638297872
48 0.6875
49 0.6938775510204082
50 0.68
51 0.6666666666666666
52 0.6538461538461539
53 0.6415094339622641
54 0.6296296296296297
55 0.6363636363636364
56 0.625
57 0.631578947368421
58 0.6379310344827587
59 0.6440677966101694
60 0.6333333333333333
61 0.6229508196721312
62 0.6290322580645161
63 0.6349206349206349
64 0.625
65 0.6153846153846154
66 0.6060606060606061
67 0.6119402985074627
68 0.6176470588235294
69 0.6231884057971014
70 0.6285714285714286
71 0.6338028169014085
72 0.6388888888888888
73 0.6438356164383562
74 0.6351351351351351
75 0.6266666666666667
76 0.631578947368421
77 0.6363636363636364
78 0.6410256410256411
79 0.6455696202531646
80 0.65
81 0.654320987654321
82 0.6463414634146342
83 0.6506024096385542
84 0.6547619047619048
85 0.6470588235294118
86 0.6395348837209303
87 0.6436781609195402
88 0.6363636363636364
89 0.6404494382022472
90 0.6333333333333333
91 0.6263736263736264
92 0.6195652173913043
93 0.6129032258064516
94 0.6170212765957447
95 0.6210526315789474
96 0.6145833333333334
97 0.6082474226804123
98 0.6122448979591837
99 0.6060606060606061
100 0.6
101 0.6039603960396039
102 0.5980392156862745
103 0.6019417475728155
104 0.5961538461538461
105 0.5904761904761905
106 0.5943396226415094
107 0.5887850467289719
108 0.5925925925925926
109 0.5963302752293578
110 0.6
111 0.5945945945945946
112 0.5892857142857143
113 0.584070796460177
114 0.5789473684210527
115 0.5739130434782609
116 0.5689655172413793
117 0.5726495726495726
118 0.5677966101694916
119 0.5630252100840336
120 0.5583333333333333
121 0.5537190082644629
122 0.5573770491803278
123 0.5609756097560976
124 0.5564516129032258
125 0.552
126 0.5555555555555556
127 0.5511811023622047
128 0.546875
129 0.5426356589147286
130 0.5384615384615384
131 0.5419847328244275
132 0.5454545454545454
133 0.5488721804511278
134 0.5447761194029851
135 0.5407407407407407
136 0.5367647058823529
137 0.5328467153284672
138 0.5289855072463768
139 0.5251798561151079
140 0.5214285714285715
141 0.5177304964539007
142 0.5140845070422535
143 0.5104895104895105
144 0.5069444444444444
145 0.503448275862069
146 0.5
147 0.4965986394557823
148 0.5
149 0.4966442953020134
150 0.49333333333333335
151 0.4900662251655629
152 0.4868421052631579
153 0.48366013071895425
154 0.4805194805194805
155 0.4774193548387097
156 0.47435897435897434
157 0.4713375796178344
158 0.46835443037974683
159 0.46540880503144655
160 0.4625
161 0.45962732919254656
162 0.4567901234567901
163 0.4601226993865031
164 0.4573170731707317
165 0.45454545454545453
166 0.45180722891566266
167 0.4550898203592814
168 0.4523809523809524
169 0.44970414201183434
170 0.45294117647058824
171 0.4502923976608187
172 0.4476744186046512
173 0.4508670520231214
174 0.4482758620689655
175 0.44571428571428573
176 0.4431818181818182
177 0.4463276836158192
178 0.4438202247191011
179 0.441340782122905
180 0.4388888888888889
181 0.43646408839779005
182 0.4340659340659341
183 0.43169398907103823
184 0.42934782608695654
185 0.42702702702702705
186 0.42473118279569894
187 0.42245989304812837
188 0.42021276595744683
189 0.41798941798941797
190 0.41578947368421054
191 0.41361256544502617
192 0.4114583333333333
193 0.41450777202072536
194 0.41237113402061853
195 0.41025641025641024
196 0.40816326530612246
197 0.40609137055837563
198 0.40404040404040403
199 0.4020100502512563
200 0.4
