1 0.0
2 0.0
3 0.0
4 0.0
5 0.2
6 0.3333333333333333
7 0.42857142857142855
8 0.5
9 0.4444444444444444
10 0.4
11 0.45454545454545453
12 0.5
13 0.5384615384615384
14 0.5714285714285714
15 0.6
16 0.625
17 0.6470588235294118
18 0.6666666666666666
19 0.6842105263157895
20 0.7
21 0.7142857142857143
22 0.6818181818181818
23 0.6956521739130435
24 0.7083333333333334
25 0.68
26 0.6923076923076923
27 0.7037037037037037
28 0.7142857142857143
29 0.6896551724137931
30 0.7
31 0.6774193548387096
32 0.6875
33 0.696969696969697
34 0.7058823529411765
35 0.6857142857142857
36 0.6666666666666666
37 0.6486486486486487
38 0.6578947368421053
39 0.6666666666666666
40 0.65
41 0.6341463414634146
42 0.6428571428571429
43 0.6511627906976745
44 0.6363636363636364
45 0.6444444444444445
46 0.6521739130434783
47 0.6595744680851063
48 0.6666666666666666
49 0.673469387755102
50 0.68
51 0.6666666666666666
52 0.6730769230769231
53 0.6792452830188679
54 0.6851851851851852
55 0.6909090909090909
56 0.6964285714285714
57 0.6842105263157895
58 0.6724137931034483
59 0.6610169491525424
60 0.65
61 0.6557377049180327
62 0.6451612903225806
63 0.6507936507936508
64 0.640625
65 0.6307692307692307
66 0.6363636363636364
67 0.6268656716417911
68 0.6323529411764706
69 0.6376811594202898
70 0.6285714285714286
71 0.6338028169014085
72 0.6388888888888888
73 0.6301369863013698
74 0.6351351351351351
75 0.6266666666666667
76 0.618421052631579
77 0.6233766233766234
78 0.6282051282051282
79 0.6329113924050633
80 0.625
81 0.6296296296296297
82 0.6219512195121951
83 0.6265060240963856
84 0.6309523809523809
85 0.6235294117647059
86 0.6162790697674418
87 0.6206896551724138
88 0.625
89 0.6292134831460674
90 0.6333333333333333
91 0.6263736263736264
92 0.6195652173913043
93 0.6129032258064516
94 0.6063829787234043
95 0.6105263157894737
96 0.6145833333333334
97 0.6185567010309279
98 0.6224489795918368
99 0.6262626262626263
100 0.63
101 0.6336633663366337
102 0.6372549019607843
103 0.6310679611650486
104 0.625
105 0.6285714285714286
106 0.6320754716981132
107 0.6355140186915887
108 0.6296296296296297
109 0.6330275229357798
110 0.6272727272727273
111 0.6306306306306306
112 0.625
113 0.6194690265486725
114 0.6228070175438597
115 0.6260869565217392
116 0.6206896551724138
117 0.6239316239316239
118 0.6271186440677966
119 0.6218487394957983
120 0.625
121 0.628099173553719
122 0.6311475409836066
123 0.6260162601626016
124 0.6290322580645161
125 0.632
126 0.6349206349206349
127 0.6377952755905512
128 0.6328125
129 0.627906976744186
130 0.6230769230769231
131 0.6183206106870229
132 0.6212121212121212
133 0.6165413533834586
134 0.6194029850746269
135 0.6148148148148148
136 0.6102941176470589
137 0.6131386861313869
138 0.6159420289855072
139 0.6187050359712231
140 0.6214285714285714
141 0.624113475177305
142 0.6197183098591549
143 0.6153846153846154
144 0.6111111111111112
145 0.6068965517241379
146 0.6095890410958904
147 0.6054421768707483
148 0.6013513513513513
149 0.6040268456375839
150 0.6
151 0.5960264900662252
152 0.5921052631578947
153 0.5882352941176471
154 0.5844155844155844
155 0.5806451612903226
156 0.5769230769230769
157 0.5796178343949044
158 0.5759493670886076
159 0.5723270440251572
160 0.56875
161 0.5652173913043478
162 0.5679012345679012
163 0.5644171779141104
164 0.5609756097560976
165 0.5636363636363636
166 0.5662650602409639
167 0.562874251497006
168 0.5595238095238095
169 0.5562130177514792
170 0.5529411764705883
171 0.5555555555555556
172 0.5523255813953488
173 0.5491329479768786
174 0.5459770114942529
175 0.5428571428571428
176 0.5397727272727273
177 0.536723163841808
178 0.5337078651685393
179 0.5363128491620112
180 0.5333333333333333
181 0.5303867403314917
182 0.532967032967033
183 0.5300546448087432
184 0.5271739130434783
185 0.5243243243243243
186 0.521505376344086
187 0.5187165775401069
188 0.5159574468085106
189 0.5132275132275133
190 0.5157894736842106
191 0.518324607329843
192 0.515625
193 0.5129533678756477
194 0.5103092783505154
195 0.5076923076923077
196 0.5051020408163265
197 0.5076142131979695
198 0.51010101010101
199 0.5125628140703518
200 0.51
201 0.5074626865671642
202 0.504950495049505
203 0.5073891625615764
204 0.5049019607843137
205 0.5024390243902439
206 0.5
207 0.4975845410628019
208 0.4951923076923077
209 0.49760765550239233
210 0.49523809523809526
211 0.4976303317535545
212 0.49528301886792453
213 0.49295774647887325
214 0.49065420560747663
215 0.4930232558139535
216 0.49074074074074076
217 0.48847926267281105
218 0.48623853211009177
219 0.4840182648401826
220 0.4818181818181818
221 0.4796380090497738
222 0.4774774774774775
223 0.4798206278026906
224 0.47767857142857145
225 0.48
226 0.4778761061946903
227 0.47577092511013214
228 0.47368421052631576
229 0.47161572052401746
230 0.46956521739130436
231 0.4675324675324675
232 0.46551724137931033
233 0.4678111587982833
234 0.4658119658119658
235 0.46382978723404256
236 0.461864406779661
237 0.459915611814346
238 0.4579831932773109
239 0.4560669456066946
240 0.45416666666666666
241 0.45228215767634855
242 0.45041322314049587
243 0.448559670781893
244 0.44672131147540983
245 0.4448979591836735
246 0.44308943089430897
247 0.44534412955465585
248 0.4435483870967742
249 0.44176706827309237
250 0.44
251 0.44223107569721115
252 0.44047619047619047
253 0.43873517786561267
254 0.43700787401574803
255 0.43529411764705883
256 0.43359375
257 0.4357976653696498
258 0.43410852713178294
259 0.43243243243243246
260 0.4307692307692308
261 0.42911877394636017
262 0.42748091603053434
263 0.4296577946768061
264 0.42803030303030304
265 0.42641509433962266
266 0.424812030075188
267 0.4232209737827715
268 0.4216417910447761
269 0.42379182156133827
270 0.4222222222222222
271 0.42066420664206644
272 0.41911764705882354
273 0.4175824175824176
274 0.4197080291970803
275 0.41818181818181815
276 0.4166666666666667
277 0.4151624548736462
278 0.4136690647482014
279 0.4121863799283154
280 0.4107142857142857
281 0.4092526690391459
282 0.4078014184397163
283 0.40636042402826855
284 0.4084507042253521
285 0.4105263157894737
286 0.4090909090909091
287 0.4076655052264808
288 0.40625
289 0.40484429065743943
290 0.40344827586206894
291 0.4020618556701031
292 0.4006849315068493
293 0.40273037542662116
294 0.4013605442176871
295 0.4033898305084746
296 0.40540540540540543
297 0.40404040404040403
298 0.40268456375838924
299 0.4013377926421405
300 0.4033333333333333
301 0.4019933554817276
302 0.40066225165562913
303 0.39933993399339934
304 0.3980263157894737
305 0.4
306 0.39869281045751637
307 0.3973941368078176
308 0.3961038961038961
309 0.3948220064724919
310 0.3935483870967742
311 0.39228295819935693
312 0.3942307692307692
313 0.3929712460063898
314 0.39171974522292996
315 0.3904761904761905
316 0.38924050632911394
317 0.38801261829652994
318 0.3867924528301887
319 0.38557993730407525
320 0.384375
321 0.3862928348909657
322 0.38509316770186336
323 0.38390092879256965
324 0.38271604938271603
325 0.38153846153846155
326 0.3803680981595092
327 0.37920489296636084
328 0.3780487804878049
329 0.3768996960486322
330 0.37575757575757573
331 0.37462235649546827
332 0.37349397590361444
333 0.37237237237237236
334 0.3712574850299401
335 0.3701492537313433
336 0.36904761904761907
337 0.36795252225519287
338 0.3668639053254438
339 0.36578171091445427
340 0.36470588235294116
341 0.36363636363636365
342 0.36257309941520466
343 0.36151603498542273
344 0.36046511627906974
345 0.35942028985507246
346 0.3583815028901734
347 0.3573487031700288
348 0.3563218390804598
349 0.35816618911174786
350 0.36
