1 0.0
2 0.0
3 0.3333333333333333
4 0.5
5 0.6
6 0.6666666666666666
7 0.5714285714285714
8 0.625
9 0.6666666666666666
10 0.7
11 0.7272727272727273
12 0.6666666666666666
13 0.6923076923076923
14 0.6428571428571429
15 0.6
16 0.625
17 0.6470588235294118
18 0.6666666666666666
19 0.631578947368421
20 0.65
21 0.6666666666666666
22 0.6818181818181818
23 0.6956521739130435
24 0.7083333333333334
25 0.72
26 0.6923076923076923
27 0.7037037037037037
28 0.7142857142857143
29 0.7241379310344828
30 0.7
31 0.7096774193548387
32 0.71875
33 0.7272727272727273
34 0.7352941176470589
35 0.7428571428571429
36 0.75
37 0.7567567567567568
38 0.7368421052631579
39 0.717948717948718
40 0.725
41 0.7317073170731707
42 0.7142857142857143
43 0.7209302325581395
44 0.7272727272727273
45 0.7111111111111111
46 0.717391304347826
47 0.7021276595744681
48 0.6875
49 0.673469387755102
50 0.66
51 0.6666666666666666
52 0.6730769230769231
53 0.660377358490566
54 0.6666666666666666
55 0.6727272727272727
56 0.6785714285714286
57 0.6666666666666666
58 0.6551724137931034
59 0.6440677966101694
60 0.6333333333333333
61 0.639344262295082
62 0.6290322580645161
63 0.6349206349206349
64 0.640625
65 0.6307692307692307
66 0.6363636363636364
67 0.6417910447761194
68 0.6323529411764706
69 0.6376811594202898
70 0.6428571428571429
71 0.647887323943662
72 0.6527777777777778
73 0.6438356164383562
74 0.6486486486486487
75 0.6533333333333333
76 0.6447368421052632
77 0.6493506493506493
78 0.6410256410256411
79 0.6455696202531646
80 0.6375
81 0.6419753086419753
82 0.6463414634146342
83 0.6385542168674698
84 0.6428571428571429
85 0.6470588235294118
86 0.6511627906976745
87 0.6551724137931034
88 0.6477272727272727
89 0.6404494382022472
90 0.6444444444444445
91 0.6373626373626373
92 0.6304347826086957
93 0.6236559139784946
94 0.6170212765957447
95 0.6105263157894737
96 0.6145833333333334
97 0.6082474226804123
98 0.6122448979591837
99 0.6161616161616161
100 0.61
101 0.6039603960396039
102 0.5980392156862745
103 0.6019417475728155
104 0.6057692307692307
105 0.6095238095238096
106 0.6132075471698113
107 0.616822429906542
108 0.6203703703703703
109 0.6238532110091743
110 0.6181818181818182
111 0.6126126126126126
112 0.6160714285714286
113 0.6194690265486725
114 0.6228070175438597
115 0.6260869565217392
116 0.6206896551724138
117 0.6239316239316239
118 0.6186440677966102
119 0.6218487394957983
120 0.625
121 0.6198347107438017
122 0.6147540983606558
123 0.6097560975609756
124 0.6048387096774194
125 0.608
126 0.6031746031746031
127 0.6062992125984252
128 0.6015625
129 0.5968992248062015
130 0.5923076923076923
131 0.5877862595419847
132 0.5909090909090909
133 0.5864661654135338
134 0.582089552238806
135 0.5851851851851851
136 0.5808823529411765
137 0.583941605839416
138 0.5797101449275363
139 0.5755395683453237
140 0.5714285714285714
141 0.5673758865248227
142 0.5704225352112676
143 0.5664335664335665
144 0.5625
145 0.5586206896551724
146 0.5616438356164384
147 0.564625850340136
148 0.5675675675675675
149 0.5637583892617449
150 0.56
151 0.5562913907284768
152 0.5526315789473685
153 0.5490196078431373
154 0.5454545454545454
155 0.5419354838709678
156 0.5384615384615384
157 0.5414012738853503
158 0.5443037974683544
159 0.5408805031446541
160 0.54375
161 0.546583850931677
162 0.5432098765432098
163 0.5398773006134969
164 0.5365853658536586
165 0.5333333333333333
166 0.536144578313253
167 0.5329341317365269
168 0.5297619047619048
169 0.5266272189349113
170 0.5235294117647059
171 0.52046783625731
172 0.5174418604651163
173 0.5144508670520231
174 0.5114942528735632
175 0.5085714285714286
176 0.5056818181818182
177 0.5028248587570622
178 0.5
179 0.4972067039106145
180 0.49444444444444446
181 0.49171270718232046
182 0.489010989010989
183 0.48633879781420764
184 0.483695652173913
185 0.4810810810810811
186 0.478494623655914
187 0.48128342245989303
188 0.4787234042553192
189 0.47619047619047616
190 0.47368421052631576
191 0.4712041884816754
192 0.46875
193 0.47150259067357514
194 0.4742268041237113
195 0.4717948717948718
196 0.4744897959183674
197 0.4720812182741117
198 0.4696969696969697
199 0.46733668341708545
200 0.465
201 0.46766169154228854
202 0.46534653465346537
203 0.4630541871921182
204 0.46078431372549017
205 0.4585365853658537
206 0.4563106796116505
207 0.45410628019323673
208 0.4519230769230769
209 0.45454545454545453
210 0.4523809523809524
211 0.45023696682464454
212 0.4481132075471698
213 0.4460093896713615
214 0.4439252336448598
215 0.4418604651162791
216 0.4398148148148148
217 0.4377880184331797
218 0.44036697247706424
219 0.4429223744292237
220 0.4409090909090909
221 0.43891402714932126
222 0.4369369369369369
223 0.43946188340807174
224 0.4375
225 0.43555555555555553
226 0.4336283185840708
227 0.43612334801762115
228 0.4342105263157895
229 0.43231441048034935
230 0.43043478260869567
231 0.42857142857142855
232 0.4267241379310345
233 0.4248927038626609
234 0.4230769230769231
235 0.42127659574468085
236 0.4194915254237288
237 0.4219409282700422
238 0.42016806722689076
239 0.41841004184100417
240 0.4166666666666667
241 0.4149377593360996
242 0.41735537190082644
243 0.41975308641975306
244 0.4180327868852459
245 0.4163265306122449
246 0.4146341463414634
247 0.41700404858299595
248 0.4153225806451613
249 0.41365461847389556
250 0.416
251 0.41832669322709165
252 0.4166666666666667
253 0.4150197628458498
254 0.41338582677165353
255 0.4117647058823529
256 0.41015625
257 0.4085603112840467
258 0.4069767441860465
259 0.40540540540540543
260 0.40384615384615385
261 0.40229885057471265
262 0.40076335877862596
263 0.39923954372623577
264 0.3977272727272727
265 0.4
266 0.39849624060150374
267 0.3970037453183521
268 0.39552238805970147
269 0.39776951672862454
270 0.3962962962962963
271 0.3948339483394834
272 0.39338235294117646
273 0.39194139194139194
274 0.3905109489051095
275 0.3890909090909091
276 0.38768115942028986
277 0.3862815884476534
278 0.38489208633093525
279 0.3835125448028674
280 0.3821428571428571
281 0.3807829181494662
282 0.37943262411347517
283 0.37809187279151946
284 0.3767605633802817
285 0.37543859649122807
286 0.3741258741258741
287 0.37282229965156793
288 0.3715277777777778
289 0.370242214532872
290 0.3689655172413793
291 0.36769759450171824
292 0.3664383561643836
293 0.3651877133105802
294 0.36394557823129253
295 0.36271186440677966
296 0.3614864864864865
297 0.3602693602693603
298 0.3624161073825503
299 0.3612040133779264
300 0.36
301 0.3588039867109635
302 0.3576158940397351
303 0.3564356435643564
304 0.35526315789473684
305 0.3540983606557377
306 0.35294117647058826
307 0.3517915309446254
308 0.35064935064935066
309 0.34951456310679613
310 0.35161290322580646
311 0.3504823151125402
312 0.34935897435897434
313 0.34824281150159747
314 0.3471337579617834
315 0.346031746031746
316 0.3449367088607595
317 0.3470031545741325
318 0.34591194968553457
319 0.3448275862068966
320 0.34375
321 0.34579439252336447
322 0.3447204968944099
323 0.34365325077399383
324 0.345679012345679
325 0.3446153846153846
326 0.34355828220858897
327 0.3425076452599388
328 0.34146341463414637
329 0.3404255319148936
330 0.3393939393939394
331 0.338368580060423
332 0.3373493975903614
333 0.33633633633633636
334 0.33532934131736525
335 0.3373134328358209
336 0.33630952380952384
337 0.3353115727002967
338 0.3343195266272189
339 0.3333333333333333
340 0.3323529411764706
341 0.3313782991202346
342 0.3304093567251462
343 0.3294460641399417
344 0.32848837209302323
345 0.32753623188405795
346 0.3265895953757225
347 0.3256484149855908
348 0.32471264367816094
349 0.3237822349570201
350 0.32285714285714284
351 0.32193732193732194
352 0.3210227272727273
353 0.32011331444759206
354 0.3192090395480226
355 0.3183098591549296
356 0.31741573033707865
357 0.3165266106442577
358 0.31564245810055863
359 0.3147632311977716
360 0.3138888888888889
361 0.31301939058171746
362 0.31215469613259667
363 0.31129476584022037
364 0.31043956043956045
365 0.31232876712328766
366 0.3114754098360656
367 0.3106267029972752
368 0.30978260869565216
369 0.3116531165311653
370 0.3108108108108108
371 0.30997304582210244
372 0.30913978494623656
373 0.30831099195710454
374 0.3074866310160428
375 0.30666666666666664
376 0.3058510638297872
377 0.3050397877984085
378 0.30423280423280424
379 0.3034300791556728
380 0.3026315789473684
381 0.30183727034120733
382 0.3010471204188482
383 0.3002610966057441
384 0.2994791666666667
385 0.2987012987012987
386 0.2979274611398964
387 0.2971576227390181
388 0.2963917525773196
389 0.29562982005141386
390 0.2948717948717949
391 0.29411764705882354
392 0.29336734693877553
393 0.2926208651399491
394 0.2918781725888325
395 0.2911392405063291
396 0.2904040404040404
397 0.28967254408060455
398 0.2889447236180904
399 0.2882205513784461
400 0.2875
401 0.286783042394015
402 0.2860696517412935
403 0.2853598014888337
404 0.28465346534653463
405 0.2839506172839506
406 0.2832512315270936
407 0.28255528255528256
408 0.2818627450980392
409 0.28117359413202936
410 0.2804878048780488
411 0.2798053527980535
412 0.279126213592233
413 0.2784503631961259
414 0.2777777777777778
415 0.27710843373493976
416 0.2764423076923077
417 0.27577937649880097
418 0.2751196172248804
419 0.2744630071599045
420 0.27380952380952384
421 0.27315914489311166
422 0.2725118483412322
423 0.2718676122931442
424 0.27122641509433965
425 0.27058823529411763
426 0.2699530516431925
427 0.2693208430913349
428 0.26869158878504673
429 0.2680652680652681
430 0.26744186046511625
431 0.2691415313225058
432 0.26851851851851855
433 0.2678983833718245
434 0.2672811059907834
435 0.26666666666666666
436 0.26605504587155965
437 0.2654462242562929
438 0.2648401826484018
439 0.2642369020501139
440 0.2636363636363636
441 0.2653061224489796
442 0.2647058823529412
443 0.26410835214446954
444 0.2635135135135135
445 0.26292134831460673
446 0.2623318385650224
447 0.26174496644295303
448 0.2611607142857143
449 0.26057906458797325
450 0.26
451 0.25942350332594233
452 0.2588495575221239
453 0.2582781456953642
454 0.2577092511013216
455 0.2571428571428571
456 0.2565789473684211
457 0.25601750547045954
458 0.2554585152838428
459 0.2549019607843137
460 0.2543478260869565
461 0.25379609544468545
462 0.2532467532467532
463 0.2526997840172786
464 0.2521551724137931
465 0.25161290322580643
466 0.2510729613733906
467 0.2505353319057816
468 0.25
469 0.24946695095948826
470 0.251063829787234
471 0.2505307855626327
472 0.25
473 0.24947145877378435
474 0.2489451476793249
475 0.24842105263157896
476 0.24789915966386555
477 0.24737945492662475
478 0.24686192468619247
479 0.24634655532359082
480 0.24583333333333332
481 0.24532224532224534
482 0.24481327800829875
483 0.2443064182194617
484 0.24380165289256198
485 0.24329896907216494
486 0.24279835390946503
487 0.24229979466119098
488 0.24180327868852458
489 0.24130879345603273
490 0.24081632653061225
491 0.24032586558044808
492 0.23983739837398374
493 0.23935091277890466
494 0.2388663967611336
495 0.2383838383838384
496 0.23790322580645162
497 0.23943661971830985
498 0.2389558232931727
499 0.24048096192384769
500 0.24
501 0.23952095808383234
502 0.23904382470119523
503 0.23856858846918488
504 0.23809523809523808
505 0.2376237623762376
506 0.23715415019762845
507 0.23668639053254437
508 0.23622047244094488
509 0.2357563850687623
510 0.23529411764705882
511 0.23483365949119372
512 0.234375
513 0.23391812865497075
514 0.23346303501945526
515 0.23300970873786409
516 0.23255813953488372
517 0.23210831721470018
518 0.23166023166023167
519 0.23121387283236994
520 0.23076923076923078
521 0.23032629558541268
522 0.22988505747126436
523 0.2294455066921606
524 0.22900763358778625
525 0.23047619047619047
