1 1.0
2 0.5
3 0.3333333333333333
4 0.25
5 0.4
6 0.5
7 0.5714285714285714
8 0.625
9 0.6666666666666666
10 0.6
11 0.6363636363636364
12 0.6666666666666666
13 0.6923076923076923
14 0.7142857142857143
15 0.7333333333333333
16 0.75
17 0.7647058823529411
18 0.7777777777777778
19 0.7894736842105263
20 0.8
21 0.8095238095238095
22 0.8181818181818182
23 0.782608695652174
24 0.7916666666666666
25 0.8
26 0.8076923076923077
27 0.8148148148148148
28 0.7857142857142857
29 0.7931034482758621
30 0.8
31 0.8064516129032258
32 0.8125
33 0.8181818181818182
34 0.8235294117647058
35 0.8285714285714286
36 0.8333333333333334
37 0.8378378378378378
38 0.8421052631578947
39 0.8461538461538461
40 0.85
41 0.8292682926829268
42 0.8333333333333334
43 0.8372093023255814
44 0.8409090909090909
45 0.8444444444444444
46 0.8478260869565217
47 0.8297872340425532
48 0.8333333333333334
49 0.8367346938775511
50 0.84
51 0.8431372549019608
52 0.8461538461538461
53 0.8490566037735849
54 0.8518518518518519
55 0.8545454545454545
56 0.8571428571428571
57 0.8596491228070176
58 0.8620689655172413
59 0.864406779661017
60 0.85
61 0.8360655737704918
62 0.8387096774193549
63 0.8253968253968254
64 0.8125
65 0.8153846153846154
66 0.8181818181818182
67 0.8208955223880597
68 0.8235294117647058
69 0.8115942028985508
70 0.8142857142857143
71 0.8169014084507042
72 0.8194444444444444
73 0.821917808219178
74 0.8243243243243243
75 0.8266666666666667
76 0.8289473684210527
77 0.8311688311688312
78 0.8205128205128205
79 0.8227848101265823
80 0.825
81 0.8271604938271605
82 0.8292682926829268
83 0.8313253012048193
84 0.8333333333333334
85 0.8235294117647058
86 0.8255813953488372
87 0.8275862068965517
88 0.8181818181818182
89 0.8089887640449438
90 0.8111111111111111
91 0.8131868131868132
92 0.8043478260869565
93 0.8064516129032258
94 0.8085106382978723
95 0.8
96 0.8020833333333334
97 0.8041237113402062
98 0.7959183673469388
99 0.797979797979798
100 0.8
101 0.801980198019802
102 0.7941176470588235
103 0.7961165048543689
104 0.7980769230769231
105 0.8
106 0.8018867924528302
107 0.8037383177570093
108 0.8055555555555556
109 0.8073394495412844
110 0.8090909090909091
111 0.8018018018018018
112 0.8035714285714286
113 0.8053097345132744
114 0.8070175438596491
115 0.808695652173913
116 0.8103448275862069
117 0.811965811965812
118 0.8135593220338984
119 0.8151260504201681
120 0.8166666666666667
121 0.8099173553719008
122 0.8114754098360656
123 0.8130081300813008
124 0.8145161290322581
125 0.808
126 0.8095238095238095
127 0.8031496062992126
128 0.796875
129 0.7984496124031008
130 0.8
131 0.8015267175572519
132 0.803030303030303
133 0.7969924812030075
134 0.7985074626865671
135 0.8
136 0.8014705882352942
137 0.8029197080291971
138 0.7971014492753623
139 0.7985611510791367
140 0.8
141 0.7943262411347518
142 0.795774647887324
143 0.7972027972027972
144 0.7986111111111112
145 0.7931034482758621
146 0.7945205479452054
147 0.7959183673469388
148 0.7972972972972973
149 0.7986577181208053
150 0.8
151 0.7947019867549668
152 0.7960526315789473
153 0.7973856209150327
154 0.7987012987012987
155 0.7935483870967742
156 0.7948717948717948
157 0.7961783439490446
158 0.7974683544303798
159 0.7987421383647799
160 0.8
161 0.7950310559006211
162 0.7901234567901234
163 0.7852760736196319
164 0.7804878048780488
165 0.7757575757575758
166 0.7771084337349398
167 0.7724550898203593
168 0.7738095238095238
169 0.7751479289940828
170 0.7764705882352941
171 0.7719298245614035
172 0.7732558139534884
173 0.7745664739884393
174 0.7701149425287356
175 0.7714285714285715
176 0.7670454545454546
177 0.7627118644067796
178 0.7584269662921348
179 0.7597765363128491
180 0.7611111111111111
181 0.7624309392265194
182 0.7637362637362637
183 0.7650273224043715
184 0.7663043478260869
185 0.7675675675675676
186 0.7688172043010753
187 0.7647058823529411
188 0.7659574468085106
189 0.7671957671957672
190 0.7684210526315789
191 0.7696335078534031
192 0.7708333333333334
193 0.772020725388601
194 0.7731958762886598
195 0.7743589743589744
196 0.7755102040816326
197 0.7766497461928934
198 0.7777777777777778
199 0.7788944723618091
200 0.78
201 0.7810945273631841
202 0.7821782178217822
203 0.7783251231527094
204 0.7794117647058824
205 0.7804878048780488
206 0.7815533980582524
207 0.7777777777777778
208 0.7740384615384616
209 0.7703349282296651
210 0.7666666666666667
211 0.7677725118483413
212 0.7641509433962265
213 0.7652582159624414
214 0.7663551401869159
215 0.7674418604651163
216 0.7638888888888888
217 0.7649769585253456
218 0.7660550458715596
219 0.7671232876712328
220 0.7681818181818182
221 0.7692307692307693
222 0.7702702702702703
223 0.7668161434977578
224 0.7678571428571429
225 0.7688888888888888
226 0.7699115044247787
227 0.7709251101321586
228 0.7719298245614035
229 0.7729257641921398
230 0.7739130434782608
231 0.7748917748917749
232 0.7758620689655172
233 0.776824034334764
234 0.7777777777777778
235 0.7787234042553192
236 0.7754237288135594
237 0.7763713080168776
238 0.7773109243697479
239 0.7782426778242678
240 0.7791666666666667
241 0.7800829875518672
242 0.78099173553719
243 0.7818930041152263
244 0.7827868852459017
245 0.7795918367346939
246 0.7804878048780488
247 0.7773279352226721
248 0.7782258064516129
249 0.7751004016064257
250 0.776
251 0.7768924302788844
252 0.7738095238095238
253 0.7747035573122529
254 0.7755905511811023
255 0.7764705882352941
256 0.77734375
257 0.7782101167315175
258 0.7751937984496124
259 0.7760617760617761
260 0.7769230769230769
261 0.7739463601532567
262 0.7748091603053435
263 0.7718631178707225
264 0.7727272727272727
265 0.7735849056603774
266 0.7744360902255639
267 0.7752808988764045
268 0.7761194029850746
269 0.7769516728624535
270 0.774074074074074
271 0.7749077490774908
272 0.7720588235294118
273 0.7728937728937729
274 0.7737226277372263
275 0.7745454545454545
276 0.7717391304347826
277 0.7725631768953068
278 0.7733812949640287
279 0.7706093189964157
280 0.7678571428571429
281 0.7686832740213523
282 0.7695035460992907
283 0.7703180212014135
284 0.7711267605633803
285 0.7684210526315789
286 0.7692307692307693
287 0.7700348432055749
288 0.7708333333333334
289 0.7681660899653979
290 0.7655172413793103
291 0.7663230240549829
292 0.7671232876712328
293 0.7679180887372014
294 0.7653061224489796
295 0.7661016949152543
296 0.7668918918918919
297 0.7676767676767676
298 0.7684563758389261
299 0.7658862876254181
300 0.7666666666666667
301 0.7674418604651163
302 0.7682119205298014
303 0.768976897689769
304 0.7697368421052632
305 0.7704918032786885
306 0.7679738562091504
307 0.7687296416938111
308 0.7662337662337663
309 0.7669902912621359
310 0.7645161290322581
311 0.7652733118971061
312 0.7628205128205128
313 0.7635782747603834
314 0.7643312101910829
315 0.765079365079365
316 0.7626582278481012
317 0.7634069400630915
318 0.7641509433962265
