1 0.8614140242738313
2 0.8083096363141915
3 1.5220928015029618
4 18.416240583844022
5 1.270606989582702
6 1.8307043445751328
7 0.8835469400607542
8 1.303404473487126
9 0.7455893741968675
10 1.836667440365979
11 1.7425736015154982
12 1.0879552166233568
13 2.4858242812914524
14 1.13070811574113
15 50.27530812586539
16 1.4644915883872593
17 0.24656764021048652
18 1.3886180977702796
19 0.5590649721835041
20 0.6761945310618014
21 1.126857950892034
22 2.3019431498852203
23 102.47697366979042
24 24.358717748851525
25 1.4967455192531052
26 9.28727694772458
27 9.769485417762287
28 8.759907941794108
29 1.014729172934986
30 1.6891353088925145
31 1.3560307427948959
32 0.8038809460178519
33 0.5166133747321685
34 0.633830741546793
35 0.8631378472716751
36 0.8657204242713815
37 3.6499979677177556
38 5.947160767346372
39 0.6766297739174297
40 2.0075474362514347
41 3.446723817609024
42 22.791256705811424
43 1.0493153848461623
44 1.7759475180860882
45 2.0903281379732275
46 0.9903091465416419
47 5.342025997561713
48 1.0819667221462324
49 1.3161562927996553
50 0.9263030265146011
51 0.8631462994203727
52 8.68418063497727
53 0.6240249071918064
54 0.8439273202954424
55 1.6826327867657043
56 0.7833227191761204
57 0.8669595207865931
58 0.6327423149012091
59 45.41245180022848
60 1.6692067970669282
61 1.457747639641029
62 5.564904651776955
63 18.307872084620076
64 0.925151176435289
65 2.4865957693650835
66 1.4038618719882858
67 0.8404417881485647
68 1.5072529301789077
69 3.9112365283477373
70 2.179125222302892
71 0.9281532104597293
72 1.1574292889469706
73 1.3218045900111939
74 0.9114588860857513
75 0.7482712803954144
76 1.2412577381967866
77 1.9559161033729844
78 1.334282912584677
79 0.6258032077402775
80 0.8064179458625461
81 3.172507345662305
82 5.010978699367773
83 1.2415575276451911
84 1.0528889027512207
85 0.8779285942432229
86 0.770566810996529
87 0.7713551589509908
88 1.2600444358836966
89 0.7904406283697156
90 0.5955517491805592
91 0.5116952246300995
92 29.864834978700543
93 0.7256076804508572
94 0.8246550465092355
95 1.8790696843957149
96 0.7511274695046168
97 1.072117424906721
98 0.6960491413869035
99 1.20534748073058
100 0.9891215947099405
101 0.7470604518718545
102 5.339063885931869
103 1.3934587867860386
104 0.8961680648036863
105 1.0416489670262692
106 0.838207752950438
107 1.0984494944722716
108 1.0725654565549598
109 1.2893546533966336
110 1.6426087867715455
111 1.632773971731753
112 1.3950926042330478
113 0.6744347142518531
114 0.6002039354431304
115 4.372501949454873
116 0.8792287714104597
117 0.5739980862869593
118 1.256623368253079
119 1.4294319112866805
120 0.9191393925776513
121 0.8825789076339633
122 1.172866547728298
123 3.3358970410915743
124 0.7488177393211712
125 0.6687762318285895
126 0.8018970911857626
127 0.8387336274434992
128 3.6617302730317673
129 26.161174611526878
130 1.2053577077143127
131 1.069195676552354
132 1.0264517584519735
133 0.8316698912084071
134 1.4786187756043554
135 1.0189641202567548
136 6.813476478394936
137 0.5933505283903234
138 2.079961385505559
139 1.6804321744838804
140 1.1465279953486018
141 0.9377648947373125
142 0.9199271840677139
143 1.3288197891905145
144 3.294683704622531
145 0.9306595130051529
146 0.3469062241300426
147 0.6165928938004729
148 0.840857837924766
149 0.7681939240557888
150 2.2702033295518254
151 1.5208521654644656
152 1.4800796285396325
153 1.5043116225102686
154 1.3847884688642265
155 1.1844403776522479
156 1.8128761318356559
157 0.7257496338491474
158 1.192749197745707
159 1.7384458185869418
160 2.9250909418522366
161 6.63040765604968
162 0.9561247025544577
163 0.6455082035405331
164 2.38219687596954
165 1.5634688661343574
166 1.6128148897983892
167 1.820573380556769
168 1.0446966589438662
169 0.9606753347083299
170 0.7655321414779647
171 1.0722414749496796
172 1.0654988722269574
173 0.47476718875044266
174 1.8414498310906124
175 0.8402597004227469
176 1.3367770100774305
177 1.227016992962634
178 1.0387216679816569
179 0.41454059222787215
180 0.5625946567278451
181 0.9551549281589168
182 0.585767935690857
183 1.4825735892869565
184 0.8598373043715859
185 0.7120440126000886
186 0.8050981616040334
187 1.5775796280074819
188 0.8327431866561332
189 1.2004077586701898
190 0.39984118684546155
191 1.115015667832003
192 1.0697938352143395
193 1.1165992182190523
194 1.6647085773947135
195 2.068859165437719
196 2.3162203246378397
197 2.5728189811077637
198 1.248409870046526
199 1.1828192133719508
200 0.9741073816682969
201 0.49051539561145824
202 1.0799453880224892
203 1.450907455399735
204 1.075901521253095
205 1.1180480828983452
206 0.6353958701879077
207 1.2140266332666472
208 0.8278090431044525
209 1.3595522826881434
210 1.1870520101318116
211 1.1617575646756164
212 0.9514133351989669
213 0.9862060801988393
214 1.2568489187919287
215 0.7312038747834687
216 1.239676642634879
217 1.6173305448707165
218 2.591145677997055
219 1.2101836642258461
220 2.5477170178916646
221 0.6789592897258208
222 1.2508353262635863
223 2.1213176459889653
224 3.3776269773629264
225 1.7761606439074036
226 1.1272383627928595
227 1.6105577781551468
228 1.2629514173913603
229 0.6364086072301329
230 0.6127258918361115
231 0.8400613790939447
232 1.5066074274289378
233 1.1104154616411048
234 1.003429525683802
235 0.5999604310009091
236 1.1163018751748794
237 1.1593427796978548
238 0.39106320693937996
239 0.9026892665839126
240 1.8731978263812634
241 0.504360778489726
242 1.7162777377918175
243 1.4525814125644212
