1 1.0
2 1.0
3 1.0
4 1.0
5 1.0
6 1.0
7 1.0
8 1.0
9 1.0
10 1.0
11 1.0
12 1.0
13 0.9230769230769231
14 0.9285714285714286
15 0.9333333333333333
16 0.9375
17 0.9411764705882353
18 0.9444444444444444
19 0.9473684210526315
20 0.95
21 0.9523809523809523
22 0.9545454545454546
23 0.9565217391304348
24 0.9166666666666666
25 0.92
26 0.9230769230769231
27 0.9259259259259259
28 0.8928571428571429
29 0.8620689655172413
30 0.8666666666666667
31 0.8709677419354839
32 0.84375
33 0.8484848484848485
34 0.8529411764705882
35 0.8285714285714286
36 0.8333333333333334
