1 1.0
2 1.0
3 1.0
4 1.0
5 1.0
6 1.0
7 1.0
8 1.0
9 1.0
10 0.9
11 0.9090909090909091
12 0.9166666666666666
13 0.9230769230769231
14 0.9285714285714286
15 0.9333333333333333
16 0.9375
17 0.9411764705882353
18 0.9444444444444444
19 0.9473684210526315
20 0.95
21 0.9047619047619048
22 0.9090909090909091
23 0.9130434782608695
24 0.9166666666666666
25 0.92
26 0.9230769230769231
27 0.8888888888888888
28 0.8928571428571429
29 0.896551724137931
30 0.8666666666666667
31 0.8709677419354839
32 0.875
33 0.8787878787878788
34 0.8529411764705882
35 0.8571428571428571
36 0.8611111111111112
37 0.8648648648648649
38 0.8421052631578947
39 0.8205128205128205
40 0.8
41 0.7804878048780488
42 0.7857142857142857
43 0.7674418604651163
44 0.75
45 0.7555555555555555
46 0.7391304347826086
47 0.723404255319149
48 0.7083333333333334
49 0.6938775510204082
50 0.68
51 0.6862745098039216
52 0.6730769230769231
53 0.660377358490566
54 0.6666666666666666
