1 0.0
2 0.5
3 0.6666666666666666
4 0.75
5 0.8
6 0.8333333333333334
7 0.8571428571428571
8 0.875
9 0.8888888888888888
10 0.8
11 0.8181818181818182
12 0.8333333333333334
13 0.8461538461538461
14 0.7857142857142857
15 0.8
16 0.8125
17 0.7647058823529411
18 0.7777777777777778
19 0.7894736842105263
20 0.8
21 0.8095238095238095
22 0.8181818181818182
23 0.8260869565217391
24 0.7916666666666666
25 0.8
26 0.8076923076923077
27 0.7777777777777778
28 0.7857142857142857
29 0.7931034482758621
30 0.8
31 0.8064516129032258
32 0.78125
33 0.7575757575757576
34 0.7352941176470589
35 0.7142857142857143
36 0.6944444444444444
37 0.6756756756756757
38 0.6842105263157895
