0.25106769056746864
0.427714128614816
0.4283339124051817
0.3464342408062608
0.06413189678672929
0.2388495519605424
0.3986687844797739
0.024546756513446732
0.4985835925192521
0.4974697113909153
0.19026084670685364
0.08125540895864093
0.4118434646356974
0.34033111567630914
0.37386728744038217
0.2904360569262288
0.08039778332319109
0.1274925484043399
0.3889140723381301
0.049233362462426655
0.051727839744709576
0.25412540668537764
0.4929888815742924
0.2726373942606689
0.033749648630748696
0.39388710503555835
0.38633650463341845
0.4914946533120313
0.4994719336040643
0.49485822184716555
0.1891589352001997
0.4579496695171112
0.46132354184725716
0.14245595247159323
0.22129993046857482
0.47408013444749336
0.4359312306504797
0.4985171859176525
0.4864961481002195
0.16157884401950606
0.49851258602150345
0.39415744522217133
0.4618227750182125
0.07750120453093647
0.23869757599517188
0.499428691907188
0.40031753793804853
0.4474763438697308
0.4288947076995947
0.4979533700570083
0.0650673127854843
0.49998217558384
0.17135568251357777
0.2463776248502301
0.03426985902082876
0.4978034653592024
0.48723958070184065
0.46643803368048004
0.17205184204213336
0.2188899006052102
0.2173807886587171
0.49016691922049777
0.01622155837986528
0.3542381401192906
0.20441751742197392
0.324247482232704
0.031099605870330168
0.14018857644833957
0.25584135923113244
0.4047708830069698
0.005875190198142422
0.3334500082170875
0.49062308065269195
0.44432996185854157
0.2064866704001161
0.49435118072884787
0.41743442881717824
0.49596406887865185
0.3767215383785333
0.49234112573327476
0.3608164950098883
0.49338599209141265
0.19639968546501108
0.11170123636023019
0.013658148157533547
0.497101409343175
0.018749537821595455
0.479869744996882
0.24154420506380458
0.2600989395558989
0.4787566159664079
0.4650941197425814
0.4559773702301577
0.16327895562421482
0.2692199171228043
0.4477895608454197
0.04834055333584984
0.39360154685807097
0.3969001015639941
0.46647579987230064
0.12662959367249813
0.37612159335902523
0.009775493964730653
0.49967964955377814
0.21736645279782457
0.38154825962493283
0.4165757947207012
0.3902198942121838
0.08319437731551554
0.10619702445386482
0.49056109808130827
0.14484648002824416
0.4510503016335042
0.49353553534754074
0.4042090298724625
0.44276891458057305
0.43992730567061283
0.4024293465145715
0.12088328244334216
0.32210699736338355
0.19157105440972577
0.4157116225169636
0.27459196669376296
0.17485314112738137
0.4999492544111513
0.05357433971319408
0.1049590695383672
0.11011287353950172
0.4535147643053876
0.24066918756837144
0.3134748472942439
0.49130890818629325
0.07983347721948515
0.48615655755059173
0.3525431004571114
0.2940519628906403
0.36115841775209834
0.3295454852804385
0.22408103374011132
0.37357478566689756
0.2191238066510795
0.4890731481578252
0.05374763926110791
0.45122017328427383
0.4993634449854637
0.4913822265653935
0.2555166227773056
0.4896655361397699
0.48992450720630076
0.2891071580458216
0.4999977834272769
0.463348253171262
0.48901490615186005
0.4974715096933334
0.12350264417717724
0.499686441472071
0.42575491564152035
0.4643790901062469
0.4191147753735442
0.1785124591101949
0.18044382486851013
0.4611324048131775
0.24190373572791
0.4988572536070034
0.04379208058793514
0.2274818732165873
0.14895922990702343
0.08235090889365193
0.4388255719246948
0.47178519132577945
0.3513606117641122
0.29430311984381274
0.10450359425680006
0.34986586143412146
0.3840185961991844
0.4999708208084775
0.11482619701240382
0.22046088706046102
0.3719975195571528
0.2219143649375982
0.16998949099295008
0.1254241808604723
0.49552651756979016
0.49860158570598795
0.10328712140456708
0.4728736371945428
0.0909191025552689
0.16856771089246445
0.08144809673775272
0.2004902320921588
0.32027846440177515
0.06868753675390465
0.49659741802446883
0.41363073338692175
0.36599684171326197
0.4937358829485194
0.49616344963885584
0.32400372950689815
0.29106362829810634
0.14403542167334402
0.4882814007397443
0.09744361687068745
0.033834978370409864
0.13877728226387398
0.48413736447907657
0.4095036155490045
0.4837711049750516
0.33596287961977855
0.19049839368360022
0.2225492820171822
0.08686401096762211
0.21363014186473278
0.32154508022732775
0.34838580735327046
0.20149206413549067
0.49235940538188977
0.4498653615019929
0.23542652819283855
0.49976246192074447
0.3122845192272972
0.4900240523352209
0.3076724042893761
0.029524223745034616
0.49996041400277946
0.3317295321608662
0.4672135716020923
0.48232263320400126
0.26714889038772827
0.49968784892130513
0.48624148901926884
0.42463360547473045
0.2243102435751936
0.3204594275140376
0.3116829560387449
0.017106711740463486
0.06953995300878366
0.4939122322611383
0.2368514515228204
0.1799187157146615
0.2585406287866495
0.20453569060400775
0.2043244764203795
0.49958255083989944
0.4717321298513191
0.34203332028446143
0.09944073351978498
0.49964143522723187
0.24145916754225616
0.19997636233462268
0.45290041481861626
0.05342246554333989
0.48839080292422815
0.46003254021194456
0.13869616306967245
0.11753366304203625
0.0684715463044677
0.20485796001656695
0.34750878903253557
0.4648930217783336
0.31721656251238134
0.4730503567694809
0.4991822403257199
0.4198231958222629
0.16920908235418594
0.07714069372838939
0.49131583283704805
0.49468395182598296
0.14644625565825803
0.49967168173381754
0.44594847070371174
0.3100739031142246
0.46311989377205726
0.34847957611393715
0.1645781915163427
0.15657560228599526
0.49948761872775943
0.4377649838077376
0.2214460568497311
0.17946107151527307
0.2676381081716945
0.3054768632000807
0.46845758459691095
0.49021740551085685
0.4115151882022949
0.28076612926947325
0.1101798362667724
0.04917867108014134
0.22720825293050598
0.20054571967969262
0.37704889642221834
0.49943479571625243
0.10474008322013874
0.09405592280725635
0.2385428385417948
0.49937972446727424
0.18422388273220855
0.4902702668795722
0.26101884935626496
0.3606710043945147
0.4962054944669721
0.4679818784248967
0.4632809718264825
0.49999099379374895
0.30141053914781546
0.06616572950971966
0.27249312285120547
0.4346332937094446
0.4975253949198107
0.20701464761535657
0.03472249156105944
0.22737524304556292
0.3060386149056186
0.06905806040012351
0.446421298198501
0.3193247577285219
0.3215038470412777
0.3118110156484291
0.24695400175614915
0.3758581602394428
0.4893026235515727
0.49250751173129953
0.4638386191861582
0.19290201134360702
0.42275812528173884
0.4502604629260737
0.3985167197288247
0.13202652572041604
0.15819863331913464
0.49157622549686003
0.49360764210807595
0.1812208342611795
0.24534840731249502
0.26510339113863013
0.4950327313972125
0.3842197852190854
0.4472509956849126
0.23254989212062083
0.36610439432775504
0.4994499979958783
0.30419372313496684
0.4906436048738139
0.10868185698738303
0.4404172871668243
0.48786533699329954
0.28764940099411057
0.44995256015008195
0.4500799326117833
0.27689955337970396
0.25392873192870374
0.1793227602929149
0.43344050311703547
0.023000128010762483
0.1829243210434492
0.3247158341307528
0.1463441422458444
0.07305479955980351
0.18523712200429457
0.49661054421594597
0.09513438775424408
0.3908754835680539
0.49914092704554663
0.4996221594387757
0.11175515950276481
0.3035620135293796
0.4684346733261911
0.49423882303371125
0.3834199553678646
0.49845013469948835
0.1370041467322241
0.4917059154059581
0.41471190834347027
0.4579573224902054
0.14496290272203707
0.33756085521648005
0.11538682479107291
0.06252492080981245
0.328887930899757
0.49820197601149124
0.24186795200505523
0.10584427422092081
0.3367604611943953
0.044285805218084555
0.13070610595429275
0.08843020490319113
0.48005269416692387
0.4387276414277637
0.4958720395734252
0.46475656723974446
0.09314245205113951
0.4873313763960237
0.23669929041756171
0.24452364457784356
0.10896639354138768
0.49861354054127033
0.31305806815627585
0.36567761144182126
0.49211466558839495
0.18098910128516063
0.3179605767116951
0.4939416097739774
0.3356043005819933
0.31058593592344547
0.08583301005200822
0.4502223855732254
0.0800515369408493
0.4433010060268639
0.07530247656263339
0.38943537862985816
0.40530534788441497
0.49626137399385783
0.19910031882820223
0.49949682440044096
0.2394681838501286
0.13919010013451605
0.497287054921174
0.34841185910955824
0.2117010701498169
0.37981785446260724
0.25248748360895756
0.4994829869259791
0.4948778264731746
0.06842404627677177
0.49931037374972215
0.4016474165647806
0.1712219474077531
0.49884965429194916
0.35477306783887275
0.46341664481111117
0.39691938351723577
0.49988302719484606
0.23204171633425155
0.47492445968785874
0.19782541885910412
0.3729620110343022
0.1697766128444225
0.4748296894391107
0.16671907044932024
0.4639406545533444
0.4928880211745363
0.08405482955613745
0.3678169241729795
0.09520696170099266
0.16461045453114456
0.4858182558976754
0.4075087841647054
0.13303018606781933
0.25668037853352904
0.49187716434516787
0.2840486905960043
0.42645205058101826
0.06159346307590172
0.06887134320915114
0.4998817600391549
0.49999522896318344
0.4383611842832657
0.06000768644748311
0.3991810245761098
0.31642177979215863
0.13219567374535493
0.4979414444948452
0.49903314302119245
0.386789858519791
0.4763624648526535
0.4991327924036539
0.4997052282813368
0.3157914290065728
0.4405793484623729
0.33814870116602525
0.1774738610140793
0.44484184150539063
0.37454162880726627
0.4844662654218336
0.39176934571621563
0.36951618225389604
0.21660822545665667
0.232396775654138
0.060654623469660406
0.3324734582898556
0.1981225434042054
0.20525097469962378
0.024535308628209525
0.04153974530531031
0.192993395311714
0.10635095767253859
0.48372885504818786
0.26091480907784
0.30561113742466645
0.44503495348454475
0.45976935477759656
0.49997325462609926
0.0625633031376231
0.49999985076390463
0.28233302340669814
0.2508002724308947
0.48754612045335916
0.14530721640070413
0.4999848475158175
0.49818544332174786
0.09354338254276928
0.3373805479282457
0.11558151134919444
0.49287132809735407
0.44117437300411655
0.2772248536853086
0.2845054709236606
0.057477281584069874
0.17969972733336684
0.08134511455553194
0.09194505708006134
0.4997513002642479
0.35801101058905854
0.0531344640414397
0.23299542172228385
0.19554973067581768
0.16954618525687723
0.13771227332088953
0.08709817986852728
0.015221825667679942
0.4878244038512912
0.49731920516813305
0.05617747021256519
0.3523057826996381
0.2273564712459106
0.4804671965103007
0.30780714521921243
0.49114130404060796
0.49875286903464
0.12757165144209384
0.3520138575637694
0.19634820507698222
0.39113048903462216
0.322795931204207
0.13649129527558582
0.32645731502767456
0.38140808856395064
0.47145878696528404
0.4946271622427991
0.46747934134020863
0.49819435894590736
0.24143358340713184
0.48727795921032957
0.48747094937316954
0.10901050632961848
0.45667675591787704
0.4995088577363122
0.014025036330065011
0.47102623049922754
0.022012777584143474
0.15932234222420424
0.4857373405642916
0.26339382898221475
0.4999354098306607
0.49236082331745906
0.4986612957223432
0.498576812738042
0.40391424527503056
0.49966921679534504
0.47961278564705667
0.37086136257002256
0.4924063707082378
0.46714980099061626
0.05721976891800616
0.3772397647420867
0.22840843952559692
0.4979771897193743
0.1703747213420388
0.4135519425351414
0.24176833149036236
0.27360656929588256
0.4977441784070585
0.4763810455821904
0.29375716145762915
0.20789040520704077
0.23875262260987762
0.23969564499803905
0.28052624177266977
0.0939992906204379
0.13766511792075964
0.25550731928732884
0.49910451179674564
0.40538916847395984
0.4349069946883183
0.37048107774045397
0.4473077244859631
0.25432489040638245
0.4852087774986802
0.40241411579811487
0.24834598744789316
0.13004731986097814
0.24528854855232543
0.29326251520883784
0.346848913824559
0.4997382627411122
0.32949356074620745
0.16205588979474844
0.12694953437134668
0.24935386507099278
0.49974723257080667
0.21935213606072446
0.19071932971938357
0.03849211576642867
0.28417020569330936
0.49943317098383455
0.35328935634019126
0.22752007514991873
0.37830333508386277
0.18808844215107146
0.4928795701328339
0.498719684963585
0.48846061329887036
0.49090492190459534
0.10599892100917452
0.4982173452866173
0.48559665516752193
0.1118835753574275
0.25114516044346363
0.3924378451030934
0.0543604473594954
0.4990455311693995
0.1690752419928335
0.2863557174625443
0.1292309731560682
0.08328113469973421
0.49823452410423585
0.19596716928640537
0.41554203125968314
0.36059319186872135
0.21136588056533512
0.3228715897630241
0.17231519941266982
0.23476931847046859
0.032691796003707224
0.21938404315290266
0.4986574294116301
0.2638742950208661
0.1748027233159035
0.4830401788814962
0.3547238927180316
0.42143159553000215
0.42965255183211815
0.1444932092083553
0.49585256651781995
0.023560527654782358
0.4943826549910699
0.49623487823605716
0.4999165009293437
0.4811082895768299
0.1534065476882802
0.4948416874483084
0.1529819889298741
0.33503212479084976
0.49931600098117807
0.4175522340946467
0.49985521560303825
0.49995516325605327
0.2799108716489918
0.49524761151136965
0.2725456230772046
0.10677820173677254
0.16118688266530423
0.16106298681437706
0.4863962534107021
0.40980965062804997
0.1222256086582129
0.4902225443208528
0.21618554889299207
0.45405293190348983
0.48414232925642603
0.4144689790340705
0.35874426779815227
0.4969969691522453
0.33251852241160923
0.2795592294169249
0.3490336034855656
0.4539333413984548
0.0025726774058460414
0.23685472284718778
0.48272593714167483
0.4049452136666517
0.08635062497739078
0.2122850831447345
0.4816925127301987
0.17353560533494836
0.396618967627378
0.4682707783799108
0.4576451538199645
0.4945391179606686
0.4992316867311488
0.4544883391662108
0.08779103439221475
0.07610061287818434
0.4629677378601136
0.25164902523123417
0.2627580279404901
0.41165630061634195
0.35170486556813646
0.317475597872046
0.2193339081435348
0.20021036092491168
0.26227311778946294
0.48313128599363003
0.43324416772356
0.17201305631164007
0.31055162273320025
0.2858165053961091
0.49792928284874005
0.4999919487683126
0.4981026841556566
0.4013190678223899
0.3256006092654193
0.13413896474150022
0.053958776586875166
0.4791548163385504
0.3487613788376326
0.4981662648741198
0.31396997526322734
0.3101937776556827
0.49999819203646045
0.1859392129205559
0.011523159091183751
0.49997531264614836
0.06343284468318959
0.16548785217685727
0.07511341789262804
0.25578742686104805
0.455146779781597
0.4980851814914765
0.4227952465609705
0.026737878593890395
0.4909055941877474
0.49541258179234443
0.0731675583138906
0.4305414525853295
0.47024206434243565
0.4657152909653147
0.4998166692385927
0.4858470198521199
0.05648732536444042
0.13105269772341746
0.12040217119847917
0.2504201730596346
0.12891532438874834
0.2568507944779956
0.12202642345367004
0.49265069356783736
0.4867967810448449
0.24143204077426256
0.41803150355346536
0.29970686504415867
0.051853381806821655
0.49984056706408886
0.18861843128065536
0.1964706896756082
0.4941463469423465
0.41671306388030355
0.19919145459939094
0.4853980908025446
0.4727962552588064
0.043254688990587646
0.13068998982920105
0.22220392478540504
0.4696056608978781
0.4903290028103239
0.1775364252407326
0.278346971185403
0.49659943419140257
0.2243370733538154
0.34370160186356186
0.4793241476732867
0.49752976108225944
0.2358303545939903
0.4897844528325951
0.4538707653522815
0.08004970118702803
0.27354444571392394
0.1657082370037612
0.24780106501910387
0.31561053580539894
0.4275713641029638
0.19013593537611229
0.49303953727502065
0.13167842129002771
0.29075902411436505
0.22015969920182835
0.20291366359371882
0.49726656147039716
0.21209233747993067
0.035445864612782624
0.4222064274381785
0.04622500344224377
0.4008883571660322
0.19949959694132405
0.4962003699888968
0.3186763309132779
0.12072877015076722
0.4965501890490125
0.14824042253146216
0.2048145349471368
0.1625817413412546
0.4868143981170675
0.34839335474292954
0.29618086468351323
0.49669279702753005
0.4323173030245622
0.35514399255891693
0.47500314112725917
0.2526083876669675
0.2198001893951564
0.49264906027832095
0.09875479250444201
0.4975548795902657
0.012934659987714118
0.49812063967121256
0.45199195611094695
0.36203178302500916
0.22421397450474598
0.44672831355645354
0.263507274380837
0.09113648692103188
0.497030411632024
0.24064762638982953
0.47640336549127943
0.44014669662116784
0.14406200811844014
0.4028251520359253
0.21940618801909598
0.184754990361829
0.49953552996013406
0.10930254832498316
0.3258008931850272
0.10448524382330872
0.48649835006246084
0.17687843895769145
0.17360659172607829
0.19646589894182445
0.14779553838054382
0.2715758405036691
0.49943702225227776
0.4988125945053222
0.2419755561447087
0.2456021014614552
0.2585435479648497
0.49718085017829566
0.10511958006854667
0.4844851260674867
0.25111541789840236
0.49581094993002456
0.3606900704305224
0.49799028746927904
0.39602028001901923
0.3771903999183146
0.33032200303065096
0.49831873368687746
0.08304002948202667
0.2223041893746871
0.45278445682709734
0.3141905393678032
0.20906979708903556
0.37316944868408347
0.13521002408647856
0.499749026029966
0.35759285033712546
0.09532776694632908
0.3144724855950948
0.22609319788495874
0.33804118332703353
0.335577613595805
0.017648743294390784
0.07073649064814409
0.4968915682745413
0.22000337163171862
0.4869277722180646
0.22631633494490114
0.10067836447508363
0.4561737854514309
0.33064908248359975
0.49488775120218076
0.4373800827482052
0.3319967442919535
0.1442154711699929
0.30386678351573676
0.49999478143450193
0.49419844903486543
0.15398978985917292
0.4388867912690628
0.47242514279046416
0.4701901859304955
0.49673063793165745
0.12006796231973785
0.4830661917004213
0.4975144325057857
0.18403943771302203
0.45994980393831864
0.46731237930850883
0.2219014641285129
0.4944528525524507
0.11728999878631183
0.3554704474625547
0.014057890385291925
0.1839333600321813
0.44627020982101256
0.46096324772732317
0.4995473094399525
0.2368102971760362
0.40985922948190207
0.16346686876343436
0.20651441848305233
0.2280304787800491
0.24421421158782183
0.08428606118774638
0.06294779824007729
0.46287064219643204
0.4998336299761697
0.4922719061260435
0.31227699428426875
0.38152552169452586
0.4767045039811244
0.40295583364392507
0.27795716883571003
0.1839762995269797
0.2553853860961801
0.48892182706095383
0.22905790305665819
0.2411576030638056
0.1157832357308609
0.328012071151195
0.09274983086496504
0.20863616634089374
0.14193793620569467
0.22596524970311704
0.20870351615236452
0.4891502089603521
0.4822411632040975
0.07184678159281667
0.48813044917296006
0.21188703681092583
0.4756722061233159
0.4900813906808501
0.3631144271130567
0.49709158034022066
0.4828016898777821
0.3832211180887737
0.49627895547264916
0.19589030249587258
0.38768525067737075
0.49291096448981847
0.4589112896909924
0.27783730659416345
0.25368475327847523
0.2876154099689189
0.27826057078687655
0.31101270964242295
0.3658373569365189
0.3117861352439406
0.15815695242599248
0.47050625512975147
0.4583908062360448
0.34779208495231967
0.46389172817824936
0.4978486733407893
0.3492440324175346
0.4797340715157378
0.4691062950742226
0.43397470538118327
0.49979331240281677
0.20726074597442629
0.318250768214363
0.19006590548396557
0.30353753561260505
0.19023383112146386
0.3888259909270736
0.4996012002317491
0.29306959870690663
0.2253409588901033
0.08231853921593887
0.22733719083043777
0.321483094634432
0.4846210000741089
0.4999713057924304
0.2739217571005892
0.302111393737048
0.4331820221470362
0.3319971753744567
0.4999940463830311
0.49944741654433206
0.1426967652146122
0.24956015426732106
0.46922034578089805
0.4027709164908432
0.49966781285623424
0.49134571118174947
0.4675576050019789
0.13043227242497538
0.3634929612360918
0.2297833490725124
0.07249122792532967
0.14198776018182854
0.41608633989577665
0.3687154756027829
0.3262641785714885
0.32620441158231406
0.19771961911944566
0.43361788740470336
0.2093888254693536
0.31027506418950257
0.48692543618195033
0.04029303207092552
0.056669384597037194
0.1615292488320608
0.03623971786754418
0.44824819877401206
0.23213369716775226
0.3239718527144111
0.2404605384420282
0.1984900953597609
0.3127924676144166
0.28750605168270993
0.49987107212326093
0.484104548145889
0.036392030098406906
0.4925244159758189
0.163644737229969
0.49072042394951154
0.2547717961969038
0.2619469299122549
0.3670843608852129
0.3033918178906605
0.10579414217593568
0.03877150551853165
0.19507266072513868
0.49602934925141073
0.48885292375952555
0.498394713348001
0.4486815110881561
0.4738413108468237
0.4419000503157554
0.3986883177067126
0.27538484751151976
0.021683711712757413
0.2495060674333205
0.49972912579225065
0.46252717190940723
0.13442575307483043
0.4833166707672643
0.22401469803222868
0.44220494235475044
0.4851266984971459
0.3792596825024702
0.48121828912663833
0.3814035447419624
0.49975050780566294
0.41455723920873544
0.49318939465533573
0.3489129703587612
0.43669465083292386
0.244229739371227
0.41065361934101324
0.3942772186030203
0.2771704574227561
0.3449940812917523
0.4873035252034009
0.08481698101923804
0.4939445065911739
0.43407797776374574
0.1516232506102169
0.3102169725549712
0.2341472544079522
0.36927815392006424
0.492192963582412
0.4662978976811936
0.16503381588078572
0.26950320691975127
0.49952025276083556
0.3027084331073058
0.46927218481559235
0.452554353316654
0.07053546042853197
0.44813732271830914
0.4926089658790787
0.3564254171576858
0.05839241655762123
0.07062465594389372
0.39917647178395255
0.3071898049547597
0.19175279860186
0.491411434799838
0.4618947178769097
0.3619871929966239
0.060723138642697794
0.32199205839336925
0.33010455001864003
0.04925009184077939
0.29692980861317403
0.027125754888806006
0.49699287478948606
0.09530847899368013
0.09037764211783554
0.4998946921051885
0.4905491589466915
0.39580943356964643
0.21044198130278133
0.07576041705811645
0.12826595268147042
0.06535904233681948
0.48397814677715156
0.0445761313703388
0.4914542721778172
0.26344651561321647
0.16349287690574515
0.0249806943225571
0.46220892420422605
0.1920488878619342
0.1058531970563066
0.4872488074126695
0.4821222341753838
0.18430834867830131
0.4847921937393783
0.46170746245213024
0.3846413230738673
0.36698567663748294
0.2686847227541102
0.28741711608015685
0.3798253192008312
0.36609826234962745
0.2234861567526029
0.44089434219696505
0.31192288753610514
0.3630747455816441
0.3033016600591578
0.37088441440555775
0.23087737393716348
0.4157072665261445
0.49126745819675105
0.20379397663774668
0.46562280898741804
0.4972464828617161
0.4996424879694571
0.35441036676509424
0.4896243582716648
0.21617138259730218
0.2678050064280449
0.08376693409582205
0.4919740696750971
0.49877422740913896
0.4882275965462812
0.4826585551792074
0.08723399922144102
0.3689631690912808
0.28793664164526817
0.26548169071597805
0.22567020892315043
0.4710652014968052
0.4288851655274855
0.16716629672989755
0.2241567895138622
0.24364539236358287
0.07988689179501832
0.3101159692103966
0.49085677056060567
0.2424278808986848
0.12344338223643025
0.47304506326917145
0.49483724551304753
0.22361733366025993
0.16572132677023374
0.3859781197153295
0.3165244327036872
0.09455139808972937
0.4983398762390902
0.41081602196411793
0.1331616104990147
0.2496093894699964
0.2801351814034238
0.26857329244728295
0.41797026909182317
0.22427672390591388
0.494440580659828
0.3181152306357557
0.33062804150462294
0.4998903188363826
0.40481278302386076
0.20288286631949753
0.3968382996023026
0.49996508267441536
0.4998363718847259
0.3716811316283212
0.14058333152885658
0.38620088118437224
0.4981759628808305
0.4995695192767721
0.4182935358333282
0.4288505068229108
0.4818180110319345
0.14359604922460917
0.11428405813641308
0.18959212633831876
0.4942687127684031
0.4982850960299417
0.4618683789365201
0.3490542989758213
0.182800424531899
0.08422987623183027
0.4374569744628999
0.4871877170401755
0.09216180892286023
0.2811004609372739
0.1068872131415037
0.02311989984484563
0.3866710352158738
0.4919325285750788
0.17927734402852352
0.407945803033746
0.35374298215947575
0.14052276864269145
0.49853900821961983
0.34764234246946824
0.33848114216121705
0.49977626046872176
0.42394583448677964
0.4846128965590395
0.47132140775769765
0.28262206658511085
0.48762473782292093
0.12910935947492427
0.24613411310271324
0.4116496056569007
0.26563198957764006
0.4944478278061136
0.23863833686165256
0.49481594497265285
0.27829630660857785
0.26699576177122614
0.3124396126509041
0.073705341052995
0.44704268674074116
0.2576323293779138
0.4983336832239218
0.2877840578134685
0.028987789933935602
0.224139695221347
0.35774120133027965
0.3163716293143252
0.19419705923274494
0.26727102627944416
0.48192485528831935
0.012291378513817957
0.4105426214527984
0.49963235711166953
0.4999525762352911
0.36085864096478226
0.4980947882956254
0.474440433439222
0.4900811545504581
0.1292453137787138
0.22938153760730323
0.22055520437064285
0.39292800160888336
0.387629034712014
0.13989933451245587
0.2974542021389462
0.49418390753313746
0.44971720096607243
0.1943602358168194
0.14347613083232735
0.4785712973036991
0.4986978422892106
0.3084066769115139
0.09109137014237309
0.2359088007357557
0.06238180015395518
0.26274691579828474
0.4423022410837835
0.14785447060852297
0.49267083407663903
0.23955939541447183
0.3196289791076999
0.4997453049343473
0.4985740271155198
0.11097532380667682
0.4303861596622515
0.3955424347213408
0.29156136386351345
0.49988077270644954
0.3070333847325658
0.013538913466285373
0.4084860574135455
0.209892422855355
0.4141544712405837
0.18690371060487418
0.49694647408257814
0.13706458380096256
0.28248911806598404
0.37345904396706026
0.4561648954712074
0.4648982485037025
0.23062271122574765
0.4622335190186672
0.4792624362718503
0.4971433268250879
0.1988634306219658
0.02035430416119739
0.38110508875363075
0.4669303416717003
0.48497320617268935
0.41122052293516026
0.4034605840644181
0.4962121537989249
0.26076487907594903
0.3980185559934049
0.3891654141037146
0.4249145482215245
0.484953209569727
0.1300942380497442
0.1504933862037294
0.12089677586269948
0.3862479859194455
0.4239412258712397
0.14485312477591103
0.46294706882023223
0.49437806888539315
0.17722144102654727
0.38541074206106823
0.494508342850846
0.48257495595565425
0.37687700684502173
0.324258866193316
0.22440726960534466
0.38652513345808565
0.3945810266499322
0.1762904034698903
0.0510447308101254
0.4999991692853901
0.2727086745196377
0.4154545305468979
0.2813735865315546
0.015548235527719051
0.40371507608251517
0.36321629193284527
0.3338230215792988
0.49984123567054667
0.12200935820577097
0.07847131469065574
0.4952367024099297
0.44568913408234345
0.4572622303436005
0.2111101622011804
0.4311793863765616
0.38535962488015285
0.1297622488205206
0.47942021629905723
0.2508843237232517
0.029932806235185922
0.4329168714520535
0.44420640616676205
0.2516455663823885
0.29981451602101206
0.3279210237221718
0.3950469361342731
0.37351293563882876
0.489507565865878
0.05128470183606687
0.03733001699347542
0.15459984922205347
0.11500322036358382
0.257750775303642
0.2295184428342717
0.29575059211243543
0.37407998209424503
0.4985353307689025
0.4550055006051222
0.4343687567212688
0.11163345374418691
0.4771920213015811
0.4953911895258626
0.4976471306967862
0.3477456731859134
0.43726265466709086
0.016305952729707376
0.48695116560387625
0.497640314755149
0.38691704671273075
0.1329090551321287
0.3218607754583579
0.489441451962034
0.49648225508308486
0.47003427528861313
0.4731293652713208
0.10725667243329641
0.4992902919344742
0.3242520013105974
0.4993435179198743
0.25526587286638847
0.3330618672796076
0.2437918401052844
0.30317641915265353
0.4971746745605986
0.34936659414275295
0.036017207682662894
0.4994535106313818
0.30376731124846523
0.3893769748680862
0.49337647371231075
0.34568626151696624
0.47644520272653373
0.11886649714370964
0.23764579372303518
0.09597869670783477
0.3884690977423416
0.45482872627147747
0.4455473087460483
0.46925519883706557
0.49905403714091806
0.3494281407489101
0.4554571155054571
0.28705495092766314
0.2524382808671957
0.37428750020002727
0.1546597459748107
0.4731537716742759
0.1649920694122785
0.4783176424276361
0.499841874426356
0.18344436930736913
0.4973535983161182
0.35481486913664195
0.33018438711274267
0.1372000333217759
0.17034040037245057
0.21427534007479063
0.0446442129590869
0.4999686953656629
0.4424747889117395
0.290307790113812
0.4984025615508239
0.48923229089314185
0.19440414060261682
0.07020098005603509
0.26989065352620795
0.42201979644000975
0.4956980908924747
0.36914905034085527
0.0384482572309096
0.37895979173318767
0.4968790454427897
0.23373515557430308
0.31737043261618253
0.4228334503873198
0.17245768398385958
0.045297442505903694
0.01724117579201603
0.3208040577783482
0.4999524238134508
0.27029750208485415
0.3118543096050458
0.23238099901092207
0.49863160072588775
0.3001775733204816
0.11719076762156667
0.4885324061543497
0.3986503281033102
0.4774470301185189
0.499956051205095
0.3377809019251317
0.016930450043583508
0.3846291961746157
0.4467116096753726
0.3022604031999676
0.31739551833079344
0.4661941875100532
0.19588703073150174
0.4794391192636237
0.2188773957989086
0.49040531629814504
0.4725275224340931
0.10673239111444645
0.21022036323883525
0.4890613205326965
0.24751023919406087
0.11396308787232484
0.4394437719665298
0.37155563560308213
0.21102657610903142
0.4683464138238194
0.3603172233808563
0.13276323483580416
0.4893223507762302
0.36412901867998637
0.24039668497822347
0.044265876518799506
0.41903559461609424
0.4354537398788795
0.05410183223173956
0.47696709326453485
0.32671850359231797
0.47214362122230646
0.3726741756583281
0.49849996558098064
0.49962614358492435
0.2717780769363827
0.2924080874399161
0.303528831346777
0.051789385403120856
0.3581200051602457
0.1746571587476375
0.399603646656842
0.2953545841856917
0.49173161394971066
0.32808888864326946
0.4965129575990892
0.42070162847569315
0.3957702140041751
0.42746577039056305
0.46946137856998854
0.4999541818663101
0.30526900486226244
0.26519391629546124
0.44435466301710236
0.4730059978381674
0.4807397872602637
0.33091079103261606
0.32262461851316876
0.39386884427384455
0.47079327142156185
0.2545116841777921
0.22397547642763327
0.06428693014125039
0.07678288074475022
0.4962394035473175
0.340283164029981
0.4883809473588562
0.2592954014420926
0.38912362499595904
0.49670670173542486
0.2393022717480408
0.06661423559522901
0.23900151604142042
0.4630866165102008
0.3837437237786411
0.407523989120462
0.01448901625074382
0.08499577536509481
0.28640583118478075
0.2590759528177879
0.49742134315853304
0.2791673714579354
0.4999345815307463
0.4493767697540302
0.49499635129699193
0.20686656177583784
0.29587330776694026
0.49784764076078436
0.11700315068157041
0.32467292726521585
0.27875915129134293
0.18768613243128315
0.496180152160694
0.13324058235032224
0.38620792964215844
0.49971656435051615
0.2254280157530926
0.4979050570044598
0.4985677629734163
0.09517358571421855
0.4997165947847887
0.3856659956049564
0.40264232326672544
0.41796980682523754
0.211489920439216
0.3642838078844694
0.49892929530172103
0.47654099942192624
0.13331422902576237
0.4991506867699623
0.21825353362335007
0.26362446249912813
0.250842800113376
0.47468577405302614
0.3696735064751767
0.09486872598379839
0.4888432665322999
0.13784173560919968
0.1967168291552339
0.41231134000633046
0.3675188411879369
0.06932362702424294
0.32870946228419484
0.2997036995361605
0.4908763376503975
0.2173271181685651
0.48759557240208506
0.2065105701516127
0.23905924966578718
0.4385707018596225
0.4839412558134116
0.24617233772836358
0.25320188454917036
0.4712432130266457
0.05080278554759406
0.43880923162484764
0.11397847649384979
0.06294942780831607
0.4776926634154165
0.11521112831005534
0.388919673563689
0.0961465315936748
0.0908140902628149
0.40544228858131465
0.07931388714331125
0.10566719519538582
0.4998387878703136
0.04399391464126167
0.47611477625240184
0.49988261227271574
0.17920603725098722
0.4731682034736356
0.44680310154838143
0.46192917752111723
0.099833012960215
0.3404503888175718
0.4867702980535819
0.4851588241281149
0.49994877415184297
0.20367935737908785
0.28405906097080674
0.470216431443582
0.49069464072726593
0.3986658602311809
0.430687921657337
0.4989311569675004
0.32356670750292765
0.4710234846455503
0.3805339398649629
0.13539510110218922
0.4995204105287291
0.19774021989667448
0.43567378060829964
0.09887351053560994
0.49632935822232704
0.1269473316338412
0.37949855209836664
0.2987947944667239
0.03696851306733908
0.19891216623461586
0.35043172624608715
0.2798676727803534
0.09731841393811048
0.4568386470647254
0.2963680147858646
0.230465286682283
0.3143139844940284
0.26625595693622806
0.27434420548648064
0.48749648654777583
0.4831602364332281
0.1360005745688961
0.4449320286881857
0.49906852616932085
0.17457833199920084
0.499951413111923
0.372824467680416
0.45906622647468426
0.4892172680166341
0.30116623838909373
0.43906708866922145
0.3992782939412404
0.2544345494209573
0.31701657971258396
0.22163816123699345
0.28370961809470396
0.4628357774760062
0.4309231316946419
0.3308411343429384
0.4864825703470086
0.38746456092610176
0.22486912254720323
0.45379100285779556
0.15647121640981215
0.24495976961086294
0.49824283951023424
0.49271040645797226
0.44119472042563607
0.48500175194287165
0.16338072966852354
0.2716900625906014
0.040923377797143806
0.22865413412195626
0.34472995768624387
0.4691037488002786
0.2026145882108648
0.28711739345639586
0.13930916974182572
0.21065758576896035
0.46593486331095924
0.39975180532783583
0.19826954423588983
0.49896431802846186
0.45478956126758624
0.48643493852249214
0.2513023019320179
0.4309771877454353
0.1542234369847724
0.15878718775251113
0.49808466597881346
0.43307229708838085
0.08038912144107001
0.49972402740669347
0.30553991389074037
0.4811955684823651
0.49996824024266334
0.49990445294908864
0.48165969977512674
0.17523396536367178
0.49926400765916557
0.26263600191359215
0.4977774305306925
0.3044714636758382
0.4995852633695016
0.4449762988139237
0.28183309138241347
0.46998152136670673
0.40287823163589864
0.2851019376481784
0.36126092646244107
0.49623643566836206
0.2636472760473853
0.09855706998506807
0.2576625688586957
0.074690332064198
0.49966601669176475
0.462723928177085
0.27020746340027696
0.08131832163879237
0.36798670822912194
0.4800596894476372
0.09426441328364572
0.11058047527626642
0.4945264721827761
0.3139865760303535
0.3152446402162809
0.3769984422178787
0.01978884414375461
0.14305880129285617
0.285214846738331
0.25645904293777105
0.46268573439009963
0.4110526865057165
0.29391600166614107
0.31577504648191906
0.3587026503454055
0.34951746748189666
0.06622125961821623
0.46536623087325957
0.1545222792945723
0.49823496216870433
0.44911446497198104
0.4984979753424614
0.19750868496538396
0.3009912639463399
0.3872069485858916
0.4859376452168453
0.4349313092591707
0.49950915838618865
0.2620367951907808
0.48150531397257
0.3577453588057732
0.44477696908912895
0.21310634628591213
0.087510802517614
0.46732698346231755
0.3317878666362175
0.4957481413828724
0.4924875210178002
0.13271988929914044
0.03447750728595828
0.3741984060467701
0.3789616419902152
0.0825912162319266
0.49888541312284973
0.3431457641729416
0.12201724066520434
0.3712765592911963
0.06869595456828197
0.4694292688459774
0.47178977167242653
0.3147781271361537
0.08554649783197517
0.09161229767470892
0.28323439499975006
0.16987746006301777
0.247310753395421
0.32678212137095974
0.1376950390147887
0.09809511687389394
0.3536302813746392
0.4990424218154393
0.1293530707377869
0.404867522665315
0.09873657070536805
0.16507563502284733
0.45785085658049557
0.4845542275968767
0.325905841575019
0.41638360195572055
0.4712000659926298
0.22890237154529433
0.4825934063868465
0.2901294257743374
0.35309841057571323
0.46325930772708585
0.3487981096821425
0.12260892342118376
0.4263563656711985
0.4190547241465798
0.41561968508500086
0.4796968479031241
0.4966402586543822
0.23218815473037402
0.4285698910149976
0.056285704829273024
0.4824775344752607
0.13171772716224284
0.3040252458930349
0.42840416727332004
0.3816514308031709
0.28584594924287277
0.19050334091172913
0.47914750694113795
0.4418328220454846
0.3675029487083337
0.33878220795953806
0.3284587725565074
0.4115812020207059
0.32466785558338224
0.42465598796420556
0.4351466648730018
0.3985690233665642
0.2590511352656554
0.49451636108805286
0.2481841463887533
0.3073036897985396
0.4480845581823844
0.4806308822802079
0.07329387071577768
0.49213746504963624
0.3160645352485467
0.4966883350249009
0.4876181270013197
0.1502578974004901
0.35054060997941644
0.2780808951762328
0.3130057766684405
0.45305740154537255
0.22849327727955815
0.4568625646132318
0.34644972171273153
0.03856732073128725
0.47660874091283784
0.20412980950902698
0.22229895633254168
0.08480925779076723
0.16704730368800513
0.19687207007500293
0.11005200068028732
0.15432059735182746
0.47464822546477137
0.12587447092437534
0.10595460199248775
0.10004829146439417
0.0749288689314707
0.0912885992023072
0.4821369180737042
0.07926855793604184
0.48689417938961993
0.4896336211560162
0.39622158171648286
0.48076615204213125
0.2616046798400146
0.15790038052037028
0.4942434537952009
0.2612330773040077
0.07108530245241361
0.4644699956910419
0.2962606364852347
0.017706342655607606
0.4738478301862237
0.2345094059703239
0.4625129696073569
0.4984456294215035
0.2929917611501296
0.4896691526262458
0.4616238950998249
0.48886642808454983
0.49032063887576705
0.3725077968168367
0.2862844230523852
0.4995132815584559
0.17809499084666228
0.28185378069614064
0.381963540577576
0.4874127612121002
0.21598632709334112
0.3651217621727961
0.48798664958264876
0.22877966885566145
0.4958213867243478
0.21219308361844236
0.4950743210690791
0.23419227513769217
0.16052593705457754
0.4995789135950737
0.3793005950668846
0.22098282589749227
0.49019270799688974
0.43942415662427153
0.49780657311159626
0.499689902056892
0.0963732282023778
0.05649987962399194
0.3977101745855535
0.20010645871368454
0.46295601334666986
0.12965772221707836
0.22071533207355223
0.09523421126287746
0.4738166782375233
0.46953096966467195
0.0773643455820284
0.0792005338750807
0.49441315997123836
0.12146676137450832
0.34025086565763646
0.13868960038823414
0.4950258399939898
0.47862450758028713
0.16253677256056331
0.48354674443162926
0.2339066570052657
0.49472730482921423
0.27517262013690086
0.13902601958300642
0.05555299474472692
0.2255333767460674
0.4554528677531711
0.3540255848341578
0.4624693810546976
0.11483222268092284
0.19064365926014293
0.4860819250437166
0.44699324884107494
0.04357407239618935
0.238577979886564
0.4170147983334909
0.25261342804365783
0.3684083309634358
0.06699989809313481
0.4362101563911539
0.4481271410800209
0.4967139559371158
0.37355521836715394
0.036913202703107564
0.2255307966522249
0.4714699294852431
0.11172884035036247
0.27258624900930334
0.38218599303126943
0.07856953237376038
0.10760397499533328
0.37539984560675776
0.20639762344549767
0.4940454533470729
0.39082112814439146
0.15998854758076198
0.41904949775279166
0.03224478662574051
0.12681637149273453
0.49595643123305394
0.18052414431880484
0.16241199223073358
0.3018774477130425
0.4999569694695658
0.48898028027139323
0.4994588030002889
0.4935488502649781
0.12012743910685256
0.3236271993627673
0.4996944460153448
0.4972468478036481
0.34619457189699565
0.11783759793697376
0.49633044591025904
0.3177730460678449
0.26506153804953947
0.4761893107076613
0.19683534610047054
0.4934461538584259
0.32277399046059435
0.10071403350458673
0.22217884204918117
0.4929428034037448
0.4868712602429451
0.023082778806136954
0.458392159723908
0.4152850207671196
0.38390455698573794
0.09484122026206476
0.06227920273198766
0.07153055321949471
0.10149692427178203
0.49858450902026963
0.45093544875361113
0.42834345387976624
0.382798731929664
0.4754860479204002
0.1548639637005347
0.31673429584134755
0.4230317041815335
0.35983818086638314
0.4989646911206105
0.4806045822046289
0.4999713056009054
0.32010214216380717
0.4446474495052245
0.4980372750586457
0.47042560640552644
0.46432952799368454
0.384500184658569
0.39863819945975604
0.312216122455887
0.3475752338856627
0.4049454600719131
0.1520446218292549
0.4082898388243932
0.49332045697330446
0.4952644576890802
0.33997031678567724
0.43199936870513256
0.423388127361389
0.41593592090430515
0.0379001092156931
0.23430760320386795
0.4198697607271506
0.39163985363009174
0.37630899507455395
0.34150468252699767
0.36706129592528997
0.2856882883392928
0.17787603367571214
0.15376778108631126
0.45239812515335126
0.446158230081252
0.1716707696649272
0.49745122440056777
0.41338594913554055
0.43543489217214004
0.32394336892840203
0.3676365633386768
0.3716259939069742
0.12668046199698513
0.25639446205551125
0.1259030893070857
0.26211272423409876
0.2170299965402099
0.42386168693760345
0.24256235534543794
0.05148144378065775
0.4881642867826241
0.24599476884819926
0.11450477036805817
0.16977330124018306
0.49990928176424454
0.08240977898890553
0.42440179564923536
0.43262336097588866
0.04469385357876301
0.4835299635808051
0.303415465549193
0.49142514928938463
0.450501808970011
0.47457439599840023
0.4507793903095991
0.3546845688850976
0.3247782611055569
0.33998026436981654
0.4999460565196235
0.49628806821922394
0.49201716710100907
0.11450549138712553
0.17052788849534373
0.12629544671511028
0.1582978234583173
0.04607749539025106
0.4984367636104991
0.47170891881694843
0.06054332219496923
0.458497199294649
0.4980061326679246
0.43927236819945975
0.40425992826597035
0.30657309792416004
0.20128852839877384
0.4671352396107155
0.498021143658799
0.4978789698625233
0.20670932185982072
0.17028200618941225
0.17379939605784053
0.45984725838442825
0.16968562780529403
0.4316748930358104
0.310852383725701
0.49455109826146904
0.3724996612096265
0.4792061073505931
0.4591448842218277
0.49510532486031944
0.24387163140773896
0.3889493369041214
0.37489280372182904
0.07469262884834249
0.12503407180000925
0.13111861167420125
0.4724367753242258
0.3865547814949612
0.22851328264417883
0.36834229696679005
0.27606966508994013
0.15573494338030963
0.4678896676780956
0.4896113422141114
0.49942523388147875
0.3803730349085027
0.31394421391341615
0.34697223259023824
0.4863607629833198
0.036096936952514994
0.49776644516258955
0.4996472310604201
0.27516480844900215
0.33702865747869315
0.13378341982001876
0.09215730050329514
0.33617297013453123
0.4951603107315124
0.12309848105920244
0.16994425088750575
0.498541428835481
0.46768123878429324
0.2178490412118722
0.09726695334008488
0.07210942183344474
0.09906178290667267
0.14445035891115002
0.21063692135521586
0.4995081684141813
0.38692149216252464
0.39572767236870077
0.499220351809677
0.28891961215148176
0.19803132958621425
0.4397499236424484
0.04695698442114091
0.08467149271554007
0.2174828794931175
0.30406250643088345
0.19869055702258046
0.20990346629657403
0.25332105493895735
0.4993778572320579
0.07718563543303529
0.19906967601602682
0.11732616403212619
0.14821380590999625
0.48929139800443866
0.4956396038751174
0.06460814409398774
0.08444086595761753
0.4631477531150974
0.49973077178269076
0.33612531544098295
0.46416716246926654
0.17190255974987212
0.12823107505981793
0.10592107355085204
0.05304672575436338
0.16635557463850653
0.49999249580026284
0.3435873537767874
0.49800432795852556
0.48544455751732846
0.4998938087081863
0.47020719261713995
0.48693695894421196
0.48638249677312945
0.19437858464768493
0.45032284756544366
0.03763717351258638
0.450237659843385
0.4945704679648878
0.24470321326801744
0.4558209752608167
0.21489853391106087
0.11477127283028297
0.20078469426597972
0.49910584261672103
0.48481186975923085
0.47766419659341225
0.2234290257258362
0.25407810422443544
0.49518142208351273
0.4857326773919642
0.06826413572399523
0.30933746874943535
0.49843749844064955
0.32379191563700604
0.49055744406027874
0.146254601393409
0.07060378345462068
0.3667250803197913
0.48389843667907917
0.2355536713369139
0.3588448890546979
0.2873345318440866
0.4833757214570231
0.49839184064029374
0.49983028461507994
0.4996018374148637
0.4982697588949593
0.35495607764276677
0.23227638833252617
0.04942710560648389
0.3288652098881017
0.0847027549265472
0.44107462440084677
0.1661885008178034
0.4903871184286147
0.4999575030170991
0.3445724806240755
0.31429413661072597
0.2051195579769827
0.22481004831170437
0.38867094412360076
0.49999973079449356
0.42489173955941784
0.15672664835383235
0.06673652037646877
0.04886290253720576
0.22492768336389743
0.24292846540131804
0.1160679038321399
0.24259037686709237
0.4999435498871346
0.498661052335195
0.27735951592836355
0.21081064209280811
0.2788476966074764
0.39810099836073204
0.26092942556558396
0.4815107659378522
0.3975739301381088
0.38992449639997534
0.0983015662600644
0.49686325117055785
0.3955796245022907
0.25974121785393445
0.2525931603557752
0.4884611884979154
0.2601047858842469
0.19588901787762164
0.4951304877111227
0.33541642695642054
0.4988654514793956
0.39623795042334375
0.3097926281201132
0.2644977483238462
0.4225950824096266
0.4820568083889554
0.49851465288799707
0.48372365844084636
0.10794900033850527
0.22122851295432494
0.2359879338943825
0.20433513116790103
0.17218392056621676
0.45591748101401136
0.36572503825309827
0.3281584111473263
0.4877889628668207
0.18584439322301477
0.36005044923033885
0.1760014727147005
0.3902621328896753
0.49633147287120605
0.49212938342952994
0.41675618916078605
0.45082636491763023
0.38527330887819583
0.17291645703380004
0.19579564934753874
0.2650473338358114
0.20380409082149104
0.3209913393730817
0.32969539361676664
0.334199626162291
0.3325078431966073
0.49632599793919074
0.49768063266975415
0.26565894621871033
0.4960694731669866
0.1287684063631457
0.17106382476394763
0.3883188950607092
0.2636038877569288
0.47532462780932044
0.4854593186093731
0.20101298808407086
0.26589868643798664
0.35863677876752703
0.21004130345318892
0.4909904276518793
0.23483132800269269
0.40482004579698494
0.47989903695098196
0.3448274403234233
0.2602060662292209
0.11464065708917269
0.1286996403737727
0.3394538362032269
0.4999434332629462
0.3533215225030844
0.49999576720706385
0.4560314417917214
0.24856067505356316
0.36052318250899956
0.477137234851072
0.27642397740924607
0.4051942778133969
0.196877949269595
0.19958817641848756
0.4639441423345568
0.39059480356530263
0.08998175563841344
0.4916786452591293
0.41280499367124596
0.49979447075907807
0.1610869045782463
0.28500971529456415
0.31760097705961876
0.49942398254053205
0.39354289782687646
0.496046111708583
0.49324833064419116
0.49819957838398826
0.4991244852276668
0.36228403753548455
0.34732317736033297
0.4121485352188762
0.4439825559915833
0.14242795865876845
0.03937913316648347
0.24403407267457933
0.22655829244933917
0.2193030024779621
0.41570329577663906
0.2214021650469783
0.4382277000026308
0.4744582863027575
0.20493553365905745
0.11434085588957378
0.44761963960491147
0.1550434931249117
0.4345134454388254
0.19368297920062005
0.043769621079814434
0.2092864275678239
0.19710326794679767
0.49851240210995
0.4625828859956378
0.21609795014829394
0.16869646595881302
0.49951648069644905
0.34580281180578915
0.25577801241153336
0.29148297706310905
0.10606209385931673
0.49830331280235673
0.3588116819476678
0.45374394672540164
0.07515617728958666
0.21083514688648092
0.450488877882309
0.4999954741568546
0.08683707434670966
0.13670571555979258
0.472940966008032
0.49573730483447315
0.49995835430224456
0.49884530773531105
0.193123882309296
0.36805931417141197
0.49621452086849605
0.4721521466167626
0.3143648250079029
0.49635749007862634
0.11119867743095747
0.3646590891911217
0.49723799433803
0.3285585195365365
0.3337074268134645
0.4995304132920778
0.024998460032595354
0.49988807354572107
0.49905961927677533
0.24110410485138142
0.14317849014808862
0.17524214720401832
0.4997657087440361
0.34227117705171045
0.15526066260175014
0.16113808292939424
0.4978888933216423
0.32150250740640657
0.38523232643017424
0.20890375741563016
0.2794841233274324
0.34662488259657637
0.3336883359334554
0.20290844205725858
0.46134699471268686
0.07547194501680979
0.23174491353665805
0.4889804053836771
0.2901145221594324
0.05451193313828263
0.4261852702258397
0.49989865891830726
0.2971133338687814
0.42477592649375134
0.08412562912078803
0.4936547559302833
0.38774996441567433
0.4996427267900829
0.3912512971444015
0.3200786971079236
0.49199892617556473
0.4647063653201402
0.13979893232556753
0.10362660946950024
0.2321738258669348
0.465909926636478
0.2338007519829464
0.2842841736817384
0.2004739444575971
0.08243340456896152
0.38739896282406416
0.12108746071993184
0.2387000404082536
0.4873087810804353
0.4848617530872271
0.47521796039105463
0.37576127627450784
0.4685924174856205
0.49244504503293635
0.4753135549963644
0.23387616465255578
0.3737414245633708
0.4536550788519792
0.45870851066819207
0.4875886351219937
0.32201135690558785
0.4866029143069203
0.11295262996759087
0.04296210232784088
0.42641638838365836
0.025242810422810857
0.47725583179642295
0.0810587665725894
0.469095750579708
0.4905678376882977
0.48513934331550107
0.46519267705080475
0.13376157392390112
0.28138090611465094
0.035018293440321466
0.4990602284664185
0.05930849723382001
0.09101825487932796
0.3793958427711105
0.42169700220370276
0.14424258863089975
0.49490280528478114
0.4030438575261495
0.24965929942442497
0.42629618862065877
0.24893027767527603
0.48531361659203043
0.482170788524361
0.1946048000615636
0.4203025170140835
0.49714649703178626
0.10192640952790434
