0.8724557543350928	0.12754424566490719
0.21212085755866972	0.7878791424413303
0.6707731283611907	0.32922687163880926
0.3727417720068602	0.6272582279931398
0.013964038866415063	0.9860359611335849
0.15397519960230555	0.8460248003976945
0.9402478314979281	0.05975216850207189
0.1205766064254421	0.8794233935745579
0.9958413988040897	0.004158601195910288
0.15913431032076564	0.8408656896792344
0.35834068971361244	0.6416593102863876
0.26828786539099325	0.7317121346090067
0.5130085563232746	0.4869914436767254
0.9992140475738857	7.859524261142977E-4
0.2498921117381252	0.7501078882618748
0.5718659067313453	0.4281340932686547
0.7391603742679714	0.26083962573202857
0.5821415571886731	0.4178584428113269
0.11554149217801823	0.8844585078219818
0.14536049559824593	0.8546395044017541
0.6952093362892307	0.30479066371076935
0.6516462455371315	0.34835375446286854
0.6042581507100765	0.3957418492899235
0.06799467286885619	0.9320053271311438
0.5207202891136847	0.47927971088631527
0.9882074425033613	0.011792557496638672
0.8350151482589686	0.1649848517410314
0.4574492350848516	0.5425507649151484
0.08922395041523257	0.9107760495847674
0.024618521522895453	0.9753814784771045
0.9455052900643776	0.05449470993562246
0.610605226182245	0.389394773817755
0.3995075121297208	0.6004924878702792
0.4495114672083462	0.5504885327916538
0.8463845252516693	0.1536154747483307
0.8745558182772983	0.12544418172270166
0.13494178738911744	0.8650582126108826
0.6265671176808696	0.3734328823191304
0.7288635854049276	0.27113641459507243
0.19097250132417265	0.8090274986758274
0.7116149995987335	0.28838500040126647
0.6836462867309779	0.31635371326902206
0.91155502437633	0.08844497562367006
0.755933400931999	0.244066599068001
0.03350452271862814	0.9664954772813719
0.8579927915300931	0.1420072084699069
0.11931857645386446	0.8806814235461355
0.9550955732610374	0.04490442673896257
0.03912874356762175	0.9608712564323783
0.13580826313077288	0.8641917368692271
0.3406311690389576	0.6593688309610424
0.3593090323202407	0.6406909676797593
0.8322181061255618	0.16778189387443826
0.20122194805487048	0.7987780519451295
0.15904048630120504	0.840959513698795
0.6933620061572883	0.3066379938427117
0.24185912936189768	0.7581408706381023
0.12377025217258386	0.8762297478274161
0.5835726753043662	0.41642732469563387
0.6274700852323283	0.37252991476767167
0.6895325306558078	0.31046746934419217
0.3669683259242412	0.6330316740757588
0.409780412317142	0.590219587682858
0.7926011935607111	0.20739880643928882
0.4736569098004497	0.5263430901995503
0.22783414098987176	0.7721658590101282
0.9331180137451849	0.06688198625481517
0.3175289183918639	0.6824710816081361
0.8199904081747429	0.18000959182525716
0.279409093994086	0.720590906005914
0.23300673132272942	0.7669932686772706
0.6751351260990501	0.3248648739009499
0.5908740616808461	0.40912593831915384
0.3165665740777768	0.6834334259222232
0.06530507796044138	0.9346949220395586
0.9283394415381103	0.07166055846188962
0.9997154357751762	2.8456422482377094E-4
0.26759417652432105	0.732405823475679
0.5413763583275275	0.45862364167247255
0.25770505041494296	0.742294949585057
0.9927916737450027	0.007208326254997302
0.511704521776551	0.48829547822344893
0.6069066723684231	0.39309332763157684
0.8236686938054583	0.1763313061945418
0.40478662354723016	0.5952133764527698
0.19790314261549247	0.8020968573845075
0.13733709237194336	0.8626629076280566
0.9059913920177378	0.09400860798226224
0.9075626762211955	0.09243732377880459
0.5346653437736426	0.46533465622635745
0.23923521345836674	0.7607647865416333
0.8714248548346544	0.12857514516534568
0.15350429050854775	0.8464957094914523
0.6126474817371599	0.3873525182628402
0.08814190627656193	0.9118580937234381
0.8477367217274283	0.15226327827257163
0.36535541864557675	0.6346445813544233
0.1341811023016657	0.8658188976983343
0.3433900663030123	0.6566099336969877
0.9725722406200294	0.027427759379970558
0.25690520680810947	0.7430947931918905
0.47459363575862634	0.5254063642413737
0.6864250118567126	0.3135749881432874
0.5136902549869382	0.48630974501306173
0.556124501473011	0.4438754985269891
0.5278542343599588	0.4721457656400411
0.6296170557676437	0.37038294423235624
0.8675912255592682	0.1324087744407318
0.7148047769681509	0.28519522303184913
0.8781469371800976	0.12185306281990242
0.5371804962331426	0.4628195037668574
0.5405628720929936	0.45943712790700647
0.7097560369562794	0.29024396304372063
0.7776653508915865	0.22233464910841355
0.15682642102596267	0.8431735789740373
0.8894272003099429	0.11057279969005711
0.22191491862214952	0.7780850813778505
0.4858848112585431	0.5141151887414569
0.1673204072142418	0.8326795927857582
0.6972889819012176	0.3027110180987825
0.4074209181828674	0.5925790818171326
6.226260551434049E-5	0.9999377373944857
0.27335733137068097	0.726642668629319
0.8274551425790502	0.17254485742094988
0.9053934940345667	0.09460650596543334
0.5939322934281519	0.40606770657184815
0.14295702329334425	0.8570429767066557
0.19505659537621178	0.8049434046237882
0.5223212476923897	0.4776787523076102
0.5271175134128674	0.47288248658713267
0.2986779733139987	0.7013220266860013
0.6644958904009326	0.33550410959906735
0.2429345957718717	0.7570654042281283
0.8336701479960296	0.16632985200397038
0.8932832213798236	0.10671677862017641
0.01111837339125299	0.988881626608747
0.39614523712854166	0.6038547628714583
0.36280979673016034	0.6371902032698397
0.5885773000316794	0.41142269996832054
0.8345272697961115	0.16547273020388847
0.026260882443248423	0.9737391175567516
0.2283213008557573	0.7716786991442427
0.5129702031199408	0.48702979688005926
0.2787366229271142	0.7212633770728858
0.04257286987237319	0.9574271301276268
0.5252244031321125	0.47477559686788745
0.4989092776441598	0.5010907223558402
0.600880045753887	0.3991199542461131
0.882004372841802	0.11799562715819804
0.5932260562689846	0.40677394373101533
0.20486820149234652	0.7951317985076535
0.1976755394668408	0.8023244605331592
0.29051490128293944	0.7094850987170606
0.1164086825031776	0.8835913174968224
0.8492735564930799	0.15072644350692013
0.21522110461239397	0.784778895387606
0.795012883670921	0.20498711632907898
0.3145210551737171	0.6854789448262829
0.6289007383843102	0.3710992616156899
0.8602897463770844	0.1397102536229156
0.25974466430562093	0.7402553356943791
0.5473465654017828	0.4526534345982171
0.6869295416866656	0.3130704583133344
0.9207520531787529	0.07924794682124717
0.8278909934571298	0.17210900654287023
0.8209575454772181	0.17904245452278192
0.835383012338836	0.16461698766116398
0.28653467687082856	0.7134653231291714
0.2725297840359625	0.7274702159640375
0.10851606033268701	0.891483939667313
0.7370065344931129	0.262993465506887
0.4696921463847943	0.5303078536152057
0.3002569261336968	0.6997430738663032
0.3121671955877551	0.6878328044122449
0.6633862952704708	0.3366137047295292
0.8029748048031715	0.1970251951968285
0.04760859819212915	0.9523914018078709
0.9979639088428981	0.0020360911571019576
0.7125778565041205	0.2874221434958795
0.23214610437862804	0.767853895621372
0.9186919585694804	0.08130804143051965
0.7087363386185204	0.2912636613814797
0.2669755660440041	0.7330244339559959
0.35069971618250795	0.649300283817492
0.41926725849154856	0.5807327415084514
0.17637331584885374	0.8236266841511463
0.33836529702164786	0.6616347029783521
0.7777767013557798	0.22222329864422022
0.6181100842537381	0.3818899157462619
0.09394385399518834	0.9060561460048117
0.2820634270447996	0.7179365729552004
0.15098014884183253	0.8490198511581675
0.3108188945764577	0.6891811054235423
0.2603145571878611	0.7396854428121389
0.16575595305181856	0.8342440469481814
0.895434157189253	0.10456584281074702
0.8743179436303153	0.12568205636968469
0.6863782417521391	0.3136217582478609
0.8511131368033678	0.14888686319663227
0.5388317724078235	0.4611682275921765
0.8100511624616126	0.18994883753838743
0.7254685486152995	0.2745314513847005
0.6014440589160289	0.3985559410839711
0.44009499333715685	0.5599050066628432
0.15153634135383431	0.8484636586461657
0.14818707629022554	0.8518129237097745
0.048867344363794696	0.9511326556362053
0.9431638658903719	0.056836134109628074
0.5856656133168888	0.4143343866831112
0.5126311988733229	0.48736880112667713
0.6691379295793384	0.3308620704206616
0.7644581592258528	0.2355418407741472
0.6217141903126026	0.37828580968739745
0.6766725010074564	0.32332749899254365
0.8651838651743566	0.13481613482564336
0.37495128332658	0.62504871667342
0.052595652117593095	0.9474043478824069
0.6543090943647429	0.34569090563525706
0.3924813305942091	0.6075186694057909
0.7024752890967656	0.2975247109032344
0.38112391226316467	0.6188760877368353
0.41605463554975664	0.5839453644502434
0.7082973308678023	0.29170266913219767
0.6759029004175378	0.32409709958246224
0.37762934772156864	0.6223706522784314
0.748622014600868	0.25137798539913203
0.3413094970175702	0.6586905029824298
0.07445859007381661	0.9255414099261834
0.8064964999458147	0.19350350005418526
0.2903264052959661	0.7096735947040339
0.5530569040505984	0.4469430959494016
0.10668875271939715	0.8933112472806028
0.6941512603966132	0.30584873960338677
0.5295304278955028	0.47046957210449725
0.507011779299606	0.49298822070039405
0.7988943899209561	0.20110561007904393
0.8147367280232121	0.18526327197678794
0.9431031335744323	0.05689686642556769
0.5741476361039104	0.4258523638960896
0.14685330538450514	0.8531466946154949
0.34217744938641514	0.6578225506135849
0.5602624851577326	0.4397375148422674
0.28571568709000317	0.7142843129099968
0.07743204647560564	0.9225679535243944
0.8585430888438668	0.14145691115613324
0.06431976902112124	0.9356802309788788
0.794527041425587	0.20547295857441294
0.5782114363531823	0.4217885636468177
0.11858341515756088	0.8814165848424391
0.09074263174830033	0.9092573682516997
0.08059998566402371	0.9194000143359763
0.32413014240817095	0.675869857591829
0.4989082932098853	0.5010917067901147
0.2302109664923192	0.7697890335076808
0.13615917049112636	0.8638408295088736
0.29198147841701916	0.7080185215829808
0.16007274613604716	0.8399272538639528
0.0984121458645576	0.9015878541354424
0.9022710648299027	0.09772893517009724
0.39727639585229646	0.6027236041477035
0.2651794403252977	0.7348205596747023
0.09033023447779343	0.9096697655222066
0.24501958443546323	0.7549804155645368
0.7701110616785407	0.22988893832145924
0.2758145552614366	0.7241854447385634
0.9090271673970212	0.0909728326029788
0.8346421220346798	0.16535787796532025
0.43182837431874277	0.5681716256812572
0.1638053574545989	0.8361946425454011
0.5287649931437	0.4712350068563
0.3335969492315384	0.6664030507684616
0.3071559558255983	0.6928440441744017
0.07175280254943228	0.9282471974505677
0.3264708985736475	0.6735291014263525
0.06373275320386529	0.9362672467961347
0.9919473491661268	0.008052650833873227
0.13221608527216655	0.8677839147278334
0.9700109146152313	0.029989085384768785
0.9930336605091097	0.006966339490890356
0.9757319975528347	0.024268002447165267
0.49337095574145295	0.506629044258547
0.8674584631837434	0.13254153681625663
0.22381174267406945	0.7761882573259306
0.588522150723434	0.411477849276566
0.6370480032520593	0.3629519967479407
0.9845748605810088	0.015425139418991192
0.6172731904198197	0.3827268095801803
0.563535476112488	0.43646452388751206
0.5818943834469581	0.41810561655304185
0.8569935950481735	0.14300640495182654
0.9444084818935936	0.05559151810640634
0.9486253509193264	0.051374649080673525
0.5399876399330643	0.46001236006693574
0.5046998975976174	0.4953001024023826
0.17710152118451716	0.8228984788154828
0.15892115633925497	0.841078843660745
0.9879804473091008	0.0120195526908992
0.8892974802343147	0.1107025197656853
0.22587655179017752	0.7741234482098225
0.4084240052236535	0.5915759947763465
0.05944990839562736	0.9405500916043726
0.27296418006610224	0.7270358199338978
0.30739739270204314	0.6926026072979569
0.5543549279577025	0.4456450720422975
0.14248054099027962	0.8575194590097204
0.4876311475602422	0.5123688524397578
0.9624458689842599	0.037554131015740094
0.6415657583336276	0.35843424166637244
0.26710317256429195	0.732896827435708
0.6703466081658969	0.3296533918341032
0.8370707481543387	0.16292925184566126
0.8976180849816323	0.10238191501836766
0.19868584937657074	0.8013141506234293
0.6880436684266233	0.3119563315733766
0.23892086850062766	0.7610791314993723
0.23962933875534642	0.7603706612446536
0.053592673773264266	0.9464073262267357
0.2592057569325391	0.7407942430674609
0.8203101393745167	0.17968986062548326
0.2207684519015406	0.7792315480984594
0.894429974234393	0.105570025765607
0.09771681559538947	0.9022831844046105
0.2511230597759616	0.7488769402240384
0.13568750850449796	0.864312491495502
0.9945367580778657	0.005463241922134333
0.6572962386793071	0.34270376132069297
0.45070192426172206	0.5492980757382779
0.8127049696002975	0.18729503039970247
0.43684963859054327	0.5631503614094567
0.5939200458476646	0.4060799541523354
0.2527089932544839	0.7472910067455161
0.2838717169866658	0.7161282830133342
0.9158867404123067	0.0841132595876933
0.5157777478344601	0.4842222521655399
0.3525423332904899	0.6474576667095101
0.46057512745308316	0.5394248725469168
0.7717498765697672	0.2282501234302327
0.7612127431503213	0.23878725684967878
0.8312200288438645	0.16877997115613547
0.09760962436965637	0.9023903756303436
0.43226277502666455	0.5677372249733355
0.8347429906977961	0.16525700930220394
0.4627336287761411	0.5372663712238589
0.7026655503715658	0.2973344496284342
0.5370179845872893	0.4629820154127106
0.7396564375657031	0.26034356243429685
0.3937075701447368	0.6062924298552632
0.6409617483574892	0.35903825164251074
0.09571930332537237	0.9042806966746276
0.772825059917434	0.22717494008256595
0.3306175126438826	0.6693824873561174
0.08089646613927959	0.9191035338607204
0.6403330058715063	0.3596669941284937
0.47543036459274	0.52456963540726
0.2404469044791273	0.7595530955208727
0.10688590392425923	0.8931140960757408
0.969995195425702	0.03000480457429802
0.6350812495147581	0.3649187504852419
0.05580966461436243	0.9441903353856376
0.2156833946628559	0.7843166053371441
0.8392514907243062	0.16074850927569384
0.41127215101439374	0.5887278489856063
0.19348589047059261	0.8065141095294074
0.5507744819463252	0.44922551805367483
0.25359894257845206	0.7464010574215479
0.46906945939134703	0.530930540608653
0.20816561962746094	0.7918343803725391
0.1705604625722239	0.8294395374277761
0.8694108988315864	0.1305891011684136
0.099789110962209	0.900210889037791
0.9160736842199523	0.08392631578004774
0.3208753315951275	0.6791246684048725
0.5640714702709777	0.4359285297290223
0.442232000218852	0.557767999781148
0.30003425117529425	0.6999657488247057
0.24451960100615966	0.7554803989938403
0.15606514901284974	0.8439348509871503
0.333450397736732	0.666549602263268
0.11440163738587317	0.8855983626141268
0.13446981141800096	0.865530188581999
0.9751547706901654	0.024845229309834526
0.9988745754814777	0.0011254245185222693
0.13074495544504827	0.8692550445549517
0.6958214863453334	0.30417851365466664
0.982052741538968	0.01794725846103198
0.9779536633709872	0.02204633662901274
0.9563847931258438	0.04361520687415623
0.35867075369245516	0.6413292463075448
0.9515549942105542	0.04844500578944579
0.7472408149247729	0.2527591850752271
0.3178414269330766	0.6821585730669234
0.48003942536642086	0.5199605746335791
0.3744841269704622	0.6255158730295378
0.2234693251472526	0.7765306748527474
0.6299647353077015	0.3700352646922985
0.8875959304096632	0.11240406959033679
0.5568236935886066	0.4431763064113934
0.9922759908025397	0.007724009197460325
0.5689770385881212	0.4310229614118788
0.851323254033365	0.14867674596663505
0.036795630653904676	0.9632043693460953
0.8902915555472205	0.10970844445277954
0.7985226647533786	0.2014773352466214
0.6463120836284895	0.3536879163715106
0.5234296811806136	0.47657031881938633
0.9834158740532308	0.016584125946769203
0.5346251503442989	0.46537484965570103
0.1204331420825262	0.8795668579174738
0.9413252462179549	0.058674753782045154
0.8669219428058348	0.13307805719416524
0.163683241182485	0.836316758817515
0.9599165372377637	0.04008346276223632
0.29849368491950734	0.7015063150804927
0.48756876864685117	0.5124312313531488
0.4618048026518846	0.5381951973481154
0.4296892653020459	0.5703107346979541
0.5748829175985217	0.4251170824014782
0.8878537035921586	0.11214629640784139
0.24823199442028177	0.7517680055797182
0.28830819084877735	0.7116918091512227
0.08069005548228103	0.919309944517719
0.9215302008305033	0.07846979916949674
0.5525902574810715	0.44740974251892845
0.31950588083029263	0.6804941191697074
0.33854531669924914	0.6614546833007509
0.08646467466226182	0.9135353253377382
0.4909303038866276	0.5090696961133724
0.796245921218024	0.20375407878197607
0.10330652306787103	0.896693476932129
0.08930393055454189	0.9106960694454581
0.4169383191318128	0.5830616808681872
0.2686144712977987	0.7313855287022013
0.4056638762681154	0.5943361237318846
0.8648230438869494	0.1351769561130506
0.7965263683516787	0.20347363164832136
0.1596485105923885	0.8403514894076115
0.7469661232144558	0.2530338767855443
0.59997196858141	0.40002803141858995
0.6046004389953639	0.3953995610046362
0.9647246329756912	0.035275367024308814
0.7826397166621566	0.21736028333784344
0.8585377135623798	0.14146228643762018
0.8621397703935437	0.1378602296064563
0.3804053417836615	0.6195946582163385
0.010283797395201688	0.9897162026047983
0.1669871292411279	0.8330128707588721
0.2198068331496148	0.7801931668503852
0.4376637758080363	0.5623362241919637
0.12598497900243377	0.8740150209975662
0.405454047325721	0.594545952674279
0.3420384436578482	0.6579615563421518
0.3363853750740914	0.6636146249259086
0.5741832802895364	0.4258167197104636
0.5080659607586098	0.4919340392413902
0.8142389093679103	0.18576109063208962
0.2925676559045616	0.7074323440954384
0.017545580410687878	0.9824544195893121
0.9090243489131716	0.09097565108682841
0.01999187568751637	0.9800081243124836
0.18398457709974103	0.816015422900259
0.3016765762027719	0.6983234237972281
0.6884873345959117	0.31151266540408823
0.03856127800213216	0.9614387219978678
0.5271708491456539	0.4728291508543461
0.2272489555904712	0.7727510444095288
0.664270553918743	0.33572944608125693
0.5266318769782938	0.4733681230217061
0.8623389725640138	0.13766102743598613
0.4090310465009277	0.5909689534990723
0.07269901955845082	0.9273009804415492
0.08756133092202367	0.9124386690779763
0.6229257561970503	0.3770742438029498
0.9301345677042975	0.06986543229570256
0.9513101902939336	0.048689809706066435
0.4874714641171829	0.5125285358828171
0.8309437491928704	0.16905625080712955
0.7658156151672932	0.2341843848327067
0.3807936797556998	0.6192063202443002
0.7371906984076164	0.26280930159238364
0.2863196231210593	0.7136803768789407
0.682852840155354	0.317147159844646
0.14058062885968847	0.8594193711403115
0.5502713729765334	0.44972862702346655
0.9955504685332016	0.004449531466798422
0.9211132636236248	0.07888673637637526
0.8940188120871669	0.1059811879128331
0.14726620701735826	0.8527337929826417
0.3809072625403547	0.6190927374596453
0.033251439243239256	0.9667485607567607
0.7993433361918914	0.2006566638081086
0.8051591605146251	0.19484083948537495
0.3260631507660675	0.6739368492339325
0.7965742430137168	0.20342575698628312
0.44167609916969086	0.5583239008303091
0.9483067640103112	0.051693235989688814
0.3474226534482022	0.6525773465517978
0.11793900192533047	0.8820609980746695
0.19906048425129408	0.8009395157487059
0.9434572299678865	0.05654277003211353
0.13257643660438634	0.8674235633956137
0.5672627127156127	0.43273728728438726
0.3696346948024315	0.6303653051975685
0.28942781076242474	0.7105721892375753
0.5079511211968328	0.4920488788031672
0.4560444525975501	0.5439555474024499
0.6931081999460313	0.3068918000539687
0.3544675317199918	0.6455324682800082
0.5058006995163427	0.4941993004836573
0.09070678505863494	0.9092932149413651
0.02977934777766622	0.9702206522223338
0.5954456616884682	0.4045543383115317
0.5594235154461837	0.4405764845538163
0.9042084365033143	0.09579156349668566
0.627189686904585	0.37281031309541507
0.3737180976892045	0.6262819023107955
0.8911161130043277	0.10888388699567225
0.7723318842535454	0.22766811574645468
0.15387463237487364	0.8461253676251264
0.4118382278844813	0.5881617721155187
0.04296995737674736	0.9570300426232526
0.31830891751169266	0.6816910824883073
0.0037757559207809432	0.9962242440792191
0.1279594403874711	0.8720405596125289
0.8721174735218193	0.1278825264781807
0.5562893991279598	0.44371060087204023
0.9531648607007742	0.04683513929922573
0.6507405747992421	0.34925942520075787
0.08618425573761967	0.9138157442623803
0.18368157623357773	0.8163184237664223
0.3949025418131672	0.6050974581868328
0.6680439834192309	0.33195601658076906
0.8362504562448558	0.1637495437551441
0.13610265316331904	0.863897346836681
0.7222946181695036	0.2777053818304965
0.6758021273434676	0.3241978726565325
0.7586487336625412	0.2413512663374588
0.2911400256030149	0.7088599743969851
0.8509549660943123	0.14904503390568763
0.07526413237047425	0.9247358676295258
0.9496987097090487	0.05030129029095127
0.44833345131573654	0.5516665486842635
0.6470366103250231	0.3529633896749768
0.917420109905881	0.08257989009411898
0.6690019526057047	0.33099804739429534
0.922750657548183	0.07724934245181708
0.6183000422641352	0.3816999577358649
0.9127367591726541	0.08726324082734588
0.0971946496042877	0.9028053503957123
0.26823854091335764	0.7317614590866424
0.19136245559190734	0.8086375444080927
0.3530447288548195	0.6469552711451805
0.29043875014727005	0.70956124985273
0.22970825486069657	0.7702917451393034
0.43124170896458736	0.5687582910354126
0.0733296820012792	0.9266703179987208
0.030131897703219113	0.9698681022967809
0.8090696745968023	0.19093032540319763
0.16842133469545928	0.8315786653045407
0.8835408983000907	0.11645910169990921
0.7578973529096217	0.2421026470903783
0.4028636488919486	0.5971363511080514
0.8750102171810866	0.12498978281891333
0.4246472963389154	0.5753527036610846
0.46346557357826923	0.5365344264217308
0.45451237116509846	0.5454876288349015
0.7943888745604685	0.2056111254395315
0.778666995320938	0.221333004679062
0.16715900106185233	0.8328409989381477
0.5856107069037704	0.41438929309622957
0.29115703774460433	0.7088429622553957
0.6334715157068869	0.3665284842931132
0.9361949705087185	0.06380502949128149
0.3553727797219871	0.6446272202780129
0.5887990185854246	0.41120098141457534
0.4735370263604408	0.5264629736395592
0.04872300936175922	0.9512769906382408
0.7328996215382872	0.2671003784617128
0.17533219131032918	0.8246678086896708
0.9455371446322541	0.05446285536774582
0.11147475978118548	0.8885252402188145
0.9462997289656477	0.053700271034352216
0.5221716172217468	0.4778283827782532
0.9451340419861134	0.05486595801388656
0.1703020200915485	0.8296979799084515
0.379530517773946	0.620469482226054
0.018959377154226686	0.9810406228457733
0.33753455310660674	0.6624654468933933
0.8050281533901498	0.1949718466098502
0.6634146396374305	0.3365853603625694
0.14569547655899673	0.8543045234410033
0.5593397883551114	0.4406602116448886
0.8709351725028821	0.12906482749711787
0.05162083090759351	0.9483791690924065
0.6715531615869113	0.3284468384130888
0.6529269955939612	0.3470730044060388
0.9388584992490716	0.06114150075092834
0.585484908495308	0.41451509150469196
0.3182399933605592	0.6817600066394408
0.5570635664689507	0.44293643353104933
0.5942589143051711	0.40574108569482886
0.09196177452223797	0.908038225477762
0.5703159010049866	0.42968409899501336
0.8959198804374452	0.10408011956255482
0.8512865887033909	0.14871341129660912
0.986181164975962	0.01381883502403805
0.455853669578685	0.544146330421315
0.059398004079798894	0.9406019959202011
0.544544127631574	0.455455872368426
0.5178117175234008	0.4821882824765992
0.7457766163064714	0.2542233836935286
0.733100479223599	0.266899520776401
0.21214103147211083	0.7878589685278892
0.12239604633646584	0.8776039536635342
0.62806891235255	0.37193108764745
0.2710963702112511	0.7289036297887489
0.23899358254465097	0.761006417455349
0.20112328604590368	0.7988767139540963
0.20506586566921858	0.7949341343307814
0.9861587204455126	0.013841279554487454
0.30953826278771146	0.6904617372122885
0.46495642909317314	0.5350435709068269
0.19395602265003076	0.8060439773499692
0.3004340043392185	0.6995659956607815
0.7545689101623824	0.24543108983761766
0.599013200497921	0.40098679950207905
0.7565549237770106	0.24344507622298941
0.40467861595767485	0.5953213840423252
0.22874635188691805	0.771253648113082
0.13792749272655624	0.8620725072734438
0.14996999835246227	0.8500300016475377
0.5930237796924291	0.40697622030757086
0.6716304493306747	0.32836955066932527
0.9289554645572992	0.07104453544270085
0.716925275786516	0.283074724213484
0.7908165442681233	0.20918345573187672
0.8166086191450199	0.1833913808549801
0.738948160965004	0.26105183903499596
0.28041261122269934	0.7195873887773007
0.6124206497325018	0.38757935026749823
0.04236796464724557	0.9576320353527544
0.7400236121562386	0.2599763878437614
0.27198437223465244	0.7280156277653476
0.5739462778541693	0.4260537221458307
0.11058160601380684	0.8894183939861932
0.7562316304736615	0.24376836952633854
0.9064015026559534	0.09359849734404659
0.842714676861213	0.157285323138787
0.30125342886513384	0.6987465711348662
0.26971658146420674	0.7302834185357933
0.41749884077718025	0.5825011592228198
0.040484363821264635	0.9595156361787354
0.8297196233119702	0.17028037668802978
0.9017018005431923	0.09829819945680776
0.21589361923424388	0.7841063807657561
0.0899238757056473	0.9100761242943527
0.3298337686536976	0.6701662313463024
0.723994511602943	0.27600548839705696
0.7046715616333415	0.29532843836665845
0.24252911692632617	0.7574708830736738
0.6120955209770509	0.3879044790229491
0.3872399134766278	0.6127600865233722
0.22781570866274503	0.772184291337255
0.5347828231582551	0.4652171768417449
0.763276392139788	0.236723607860212
0.48646447569524454	0.5135355243047555
0.45077797716200874	0.5492220228379913
0.4999181488510187	0.5000818511489813
0.5321660456868528	0.4678339543131472
0.23299264698910627	0.7670073530108937
0.9512897935744202	0.04871020642557979
0.14005894026609533	0.8599410597339047
0.8959249238844014	0.10407507611559866
0.09656169038457596	0.903438309615424
0.26856701019130447	0.7314329898086955
0.3701378344282088	0.6298621655717912
0.9145827699892737	0.08541723001072635
0.35657756029605825	0.6434224397039418
0.8121790077478089	0.1878209922521911
0.46627680096948143	0.5337231990305186
0.4774125230493833	0.5225874769506167
0.5009570915815145	0.49904290841848553
0.5892913186167467	0.41070868138325334
0.4800250589160324	0.5199749410839676
0.059557195997334667	0.9404428040026653
0.9490889321805385	0.05091106781946155
0.7080151889614287	0.2919848110385713
0.9773107270710866	0.02268927292891345
0.8406855757956544	0.15931442420434563
0.5822810407635922	0.4177189592364078
0.8323704475062123	0.16762955249378778
0.8271732868449096	0.17282671315509038
0.4896020394055882	0.5103979605944118
0.04064851337051745	0.9593514866294826
0.20089194922729892	0.7991080507727011
0.10030506775705206	0.8996949322429479
0.5896324082666354	0.41036759173336457
0.689731566172227	0.310268433827773
0.47618286651214137	0.5238171334878586
0.44114056961731274	0.5588594303826873
0.0692584064238404	0.9307415935761596
0.754816466184953	0.245183533815047
0.5614060652928152	0.4385939347071847
0.24754707139167742	0.7524529286083226
0.723326087793768	0.276673912206232
0.6477654022621697	0.35223459773783033
0.8991239601386282	0.10087603986137188
0.9924023360057836	0.007597663994216392
0.26295451792735147	0.7370454820726485
0.03941708846224645	0.9605829115377535
0.6667298225217424	0.33327017747825755
0.7516006363673048	0.24839936363269524
0.017428491115178968	0.982571508884821
0.1330345162299592	0.8669654837700408
0.6369676220189102	0.3630323779810897
0.9939772708002862	0.006022729199713751
0.385024397845925	0.614975602154075
0.9214899918320891	0.07851000816791091
0.15130253578944708	0.8486974642105529
0.1313311272237907	0.8686688727762093
0.29040873023426195	0.709591269765738
0.4088456618411468	0.5911543381588532
0.44438852723186106	0.5556114727681389
0.47330576126173574	0.5266942387382643
0.2240898368478993	0.7759101631521007
0.061921167616918016	0.938078832383082
0.8842756224192139	0.11572437758078617
0.7558360734959383	0.24416392650406174
0.8965691418373681	0.10343085816263191
0.4356654904066758	0.5643345095933242
0.40103193361299216	0.5989680663870078
0.6996109097696792	0.30038909023032084
0.587971710637877	0.41202828936212305
0.2511112247635602	0.7488887752364398
0.04735316605293016	0.9526468339470698
0.35334342430916943	0.6466565756908306
0.9292096001013573	0.0707903998986427
0.5084002409728388	0.4915997590271612
0.024381302838854868	0.9756186971611451
0.21272426442163606	0.7872757355783639
0.724755118287751	0.2752448817122491
0.4898306525309669	0.5101693474690331
0.6143518598628406	0.38564814013715937
0.03834083450188597	0.961659165498114
0.519874133634973	0.4801258663650269
0.7490859391228029	0.2509140608771972
0.2888386229561043	0.7111613770438957
0.6401100734063436	0.35988992659365643
0.9266931367320113	0.07330686326798878
0.3927681678019549	0.6072318321980451
0.8072622632844131	0.19273773671558694
0.09627914636353219	0.9037208536364678
0.23806289139260906	0.761937108607391
0.42565334970070623	0.5743466502992938
0.30415046913307564	0.6958495308669244
0.9070578096348487	0.09294219036515124
0.7461707634444037	0.25382923655559625
0.9526893516068897	0.047310648393110236
0.8365866839169711	0.16341331608302884
0.3495403472829349	0.6504596527170651
0.29975551711780823	0.7002444828821918
0.024544334934968104	0.9754556650650319
0.21606495033243223	0.7839350496675678
0.6236597779319235	0.37634022206807655
0.2271070273198902	0.7728929726801098
0.7635052970964162	0.2364947029035837
0.7474792605585017	0.2525207394414984
0.8503811962416672	0.14961880375833275
0.4165690891675097	0.5834309108324903
0.861049482805158	0.13895051719484192
0.2935712907812309	0.7064287092187691
0.7462126432463696	0.25378735675363034
0.7006573092865926	0.2993426907134074
0.5643129967763814	0.4356870032236187
0.026681396046234873	0.9733186039537651
0.35253217512472557	0.6474678248752744
0.3254725663629049	0.6745274336370951
0.005894177147725221	0.9941058228522748
0.27139557220228994	0.7286044277977101
0.001829814143996078	0.9981701858560039
0.7976159249324415	0.20238407506755846
0.3929929470981136	0.6070070529018864
0.8508991177261247	0.14910088227387536
0.6629232748862608	0.33707672511373915
0.6967094096248856	0.30329059037511436
0.021512377911907188	0.9784876220880928
0.6301220605303715	0.3698779394696286
0.7359178734794938	0.2640821265205063
0.05627517308983643	0.9437248269101636
0.17612916348662522	0.8238708365133748
0.44778428452636176	0.5522157154736382
0.26514210398324634	0.7348578960167537
0.6491240945030732	0.3508759054969269
0.4589427456929711	0.5410572543070289
0.3472221713338215	0.6527778286661785
0.4045004380744597	0.5954995619255403
0.9655535927585295	0.03444640724147048
0.6651653216870286	0.3348346783129715
0.95240164615888	0.04759835384111995
0.8046470860859554	0.1953529139140447
0.8435525053289217	0.15644749467107827
0.9466526963885914	0.05334730361140863
0.21002613174824447	0.7899738682517555
0.7765069326242732	0.22349306737572686
0.834246500551052	0.16575349944894804
0.3134363382733101	0.6865636617266899
0.589763811011647	0.41023618898835307
0.7243768844949745	0.27562311550502544
0.31104982193354935	0.6889501780664506
0.9232826032552838	0.07671739674471625
0.5465201569268836	0.45347984307311634
0.6778263403426079	0.32217365965739214
0.33190265804841135	0.6680973419515887
0.31707813412693964	0.6829218658730604
0.7255951686524007	0.27440483134759924
0.5482961091383729	0.45170389086162704
0.7847316584707141	0.2152683415292859
0.6671749906882676	0.33282500931173237
0.26241653262758957	0.7375834673724104
0.08777031023511739	0.9122296897648826
0.896549482553985	0.103450517446015
0.36706078768310835	0.6329392123168917
0.06599326217375501	0.934006737826245
0.6053153327488605	0.39468466725113954
0.6220603369365796	0.37793966306342036
0.008930135031144926	0.9910698649688551
0.9083070700440321	0.09169292995596792
0.5077678221557733	0.4922321778442266
0.3897013065198237	0.6102986934801763
0.7374170290587232	0.26258297094127675
0.6880193417295903	0.3119806582704097
0.39110378672223134	0.6088962132777687
0.412853273533172	0.587146726466828
0.2577509100615931	0.7422490899384069
0.47026958180812317	0.5297304181918768
0.41585675322995763	0.5841432467700424
0.02360418050259383	0.9763958194974062
0.3577261542476402	0.6422738457523598
0.8564899900819363	0.14351000991806376
0.17553884400779418	0.8244611559922058
0.6679592644503378	0.33204073554966224
0.3691904540321116	0.6308095459678884
0.9090592562086652	0.0909407437913348
0.21135450182116344	0.7886454981788366
0.74920818957668	0.25079181042332005
0.5133846110679441	0.48661538893205586
0.24526677078010883	0.7547332292198912
0.7395825941184155	0.2604174058815845
0.5950984742209742	0.4049015257790259
0.2394692045012563	0.7605307954987437
0.023457518853693737	0.9765424811463063
0.46275502251839906	0.5372449774816009
0.09223933358390068	0.9077606664160993
0.3393318181830115	0.6606681818169885
0.210678994327957	0.789321005672043
0.9613648420926352	0.038635157907364805
0.9034602095766265	0.09653979042337343
0.8713316391922631	0.1286683608077369
0.401685569193204	0.598314430806796
0.3582705953558777	0.6417294046441223
0.6232725153396192	0.3767274846603808
0.36344260309968834	0.6365573969003117
0.23992261103589652	0.7600773889641035
0.19750903201187675	0.8024909679881232
0.5908826795135649	0.40911732048643507
0.36455351696927973	0.6354464830307203
0.9923564706636677	0.007643529336332255
0.7005950770896452	0.29940492291035475
0.322048618389573	0.677951381610427
0.14620455319470393	0.8537954468052961
0.1455262079389794	0.8544737920610206
0.36940888022520046	0.6305911197747995
0.9661137919082905	0.033886208091709454
0.3305823934820181	0.6694176065179819
0.8246769604559882	0.17532303954401182
0.28919351000621274	0.7108064899937873
0.8552574853114231	0.14474251468857688
0.35618344112753286	0.6438165588724671
0.5992296811890219	0.4007703188109782
0.9682118030364888	0.03178819696351116
0.8261614579200887	0.1738385420799113
0.22935750998737459	0.7706424900126254
0.15868752127085728	0.8413124787291427
0.18903042910131818	0.8109695708986818
0.6018939118824793	0.39810608811752074
0.36052881185315566	0.6394711881468443
0.6546026528605362	0.34539734713946374
0.16613271354009507	0.8338672864599049
0.5921452899147837	0.4078547100852163
0.1032285483021913	0.8967714516978087
0.9848498632257907	0.015150136774209238
0.26372622146312574	0.7362737785368743
0.5150499809743847	0.48495001902561535
0.9021579633129709	0.09784203668702904
0.4426840415292389	0.5573159584707611
0.19950593633294256	0.8004940636670574
0.837001649476619	0.16299835052338094
0.7133377232474363	0.28666227675256367
0.7306060692060286	0.2693939307939715
0.5567970055515599	0.4432029944484402
0.12622484303447945	0.8737751569655205
0.07410463518748245	0.9258953648125176
0.5075006793967765	0.49249932060322354
0.353398683609352	0.646601316390648
0.7432479977542742	0.2567520022457258
0.6152422124891191	0.38475778751088086
0.4484844540651921	0.5515155459348079
0.7480128414279709	0.25198715857202914
0.4304448040757731	0.5695551959242269
0.6891227953513956	0.31087720464860435
0.6899435534898454	0.3100564465101546
0.0335057312567284	0.9664942687432716
0.14199554682863846	0.8580044531713615
0.3561835399648232	0.6438164600351768
0.5164182243787477	0.48358177562125226
0.5929322249047745	0.4070677750952255
0.7482454207202479	0.2517545792797521
0.6745935136841464	0.32540648631585356
0.49034901163660594	0.5096509883633941
0.2515968764088726	0.7484031235911274
0.6934051500065649	0.3065948499934351
0.7982256418142268	0.2017743581857732
0.3596540632906222	0.6403459367093778
0.2829155648652183	0.7170844351347817
0.42955970933824494	0.5704402906617551
0.9226271965935852	0.07737280340641488
0.8816261639317543	0.11837383606824574
0.4066699230121946	0.5933300769878054
0.5767963138307848	0.4232036861692152
0.3382357396484411	0.6617642603515589
0.455941481533907	0.544058518466093
0.0696625200204588	0.9303374799795412
0.6822233879244821	0.3177766120755179
0.5287982397246292	0.47120176027537075
0.22421994108939236	0.7757800589106076
0.08686790252048437	0.9131320974795156
0.6996766531663261	0.3003233468336739
0.9004122347124206	0.09958776528757944
0.776976234487713	0.223023765512287
0.9780094698919013	0.021990530108098743
0.7796811598481206	0.22031884015187944
0.3428183626799196	0.6571816373200804
0.8109480572572723	0.18905194274272777
0.060078672357905205	0.9399213276420948
0.6457617533856628	0.3542382466143372
0.4095351687659954	0.5904648312340046
6.874031333284902E-4	0.9993125968666715
0.5506490277044405	0.44935097229555954
0.7384682640564592	0.26153173594354084
0.457137419167864	0.542862580832136
0.0064084336089114124	0.9935915663910886
0.5741785179976293	0.42582148200237063
0.8148431288658501	0.18515687113414994
0.3390263946056017	0.6609736053943983
0.1538700701828919	0.8461299298171081
0.5689421594972153	0.4310578405027847
0.3443557705725081	0.6556442294274919
0.22922307545485487	0.7707769245451451
0.7888328051927966	0.2111671948072034
0.6978732961688483	0.30212670383115164
0.1920308401733044	0.8079691598266956
0.2721154408259847	0.7278845591740153
0.26726442626386726	0.7327355737361327
0.31130143970168855	0.6886985602983114
0.6040366010964855	0.39596339890351445
0.42545802630753515	0.5745419736924648
0.8074988993210108	0.1925011006789892
0.06837389625655188	0.9316261037434481
0.8981525255223077	0.10184747447769231
0.07861116851812	0.92138883148188
0.5859025336476267	0.41409746635237327
0.2785616647775555	0.7214383352224445
0.38969130182199685	0.6103086981780032
0.947505692404609	0.05249430759539102
0.6302066313343144	0.36979336866568563
0.9457784160585667	0.054221583941433324
0.7807379807228509	0.21926201927714908
0.7091924710395776	0.29080752896042245
0.7066595173232184	0.29334048267678164
0.3407651287920912	0.6592348712079088
0.37815390675711935	0.6218460932428806
0.29489182963975624	0.7051081703602438
0.10892604122130212	0.8910739587786979
0.7311050005712272	0.26889499942877276
0.39544194331339677	0.6045580566866032
0.6735431520771473	0.32645684792285273
0.6306869180226435	0.3693130819773565
0.6706930821328347	0.3293069178671652
0.20196814297519705	0.798031857024803
0.3396918964151996	0.6603081035848004
0.5966628199836419	0.40333718001635815
0.04233980158546369	0.9576601984145363
0.7101826798429682	0.2898173201570318
0.5701360938056952	0.42986390619430476
0.6383124330075443	0.3616875669924558
0.3520039456704963	0.6479960543295037
0.13738234861131782	0.8626176513886822
0.8330912710378456	0.1669087289621544
0.9307261568360717	0.0692738431639283
0.8698664781453564	0.13013352185464358
0.14320423790032522	0.8567957620996748
0.32354902031914445	0.6764509796808555
0.484123552759381	0.515876447240619
0.6114098256579097	0.3885901743420903
0.5708702039677708	0.4291297960322292
0.6888963501374772	0.3111036498625228
0.8378542742340694	0.1621457257659306
0.8793400034964604	0.12065999650353969
0.37746884569684513	0.6225311543031549
0.31381199239005386	0.6861880076099461
0.4328044134946727	0.5671955865053273
0.31953802757481964	0.6804619724251804
0.7511477838820841	0.2488522161179159
0.488620597818595	0.511379402181405
0.11383422548687805	0.886165774513122
0.1342927508575279	0.8657072491424721
0.2934900802882957	0.7065099197117043
0.6492656504329748	0.3507343495670252
0.24737780135122212	0.7526221986487779
0.48302925964566745	0.5169707403543325
0.47762150337631537	0.5223784966236846
0.7621828962093863	0.23781710379061374
0.22144848012665175	0.7785515198733483
0.3093433000403626	0.6906566999596374
0.5075027786746692	0.4924972213253308
0.6506171861380147	0.34938281386198533
0.8924207346091841	0.1075792653908159
0.32711527389020156	0.6728847261097984
0.12422711320839996	0.8757728867916
0.9844736688671205	0.015526331132879457
0.5491145466096805	0.4508854533903195
0.6178217239057114	0.38217827609428856
0.2535796051846356	0.7464203948153644
0.8661266284828307	0.1338733715171693
0.9168567732928394	0.08314322670716061
0.7667480807665684	0.2332519192334316
0.8256383504237087	0.17436164957629133
0.32514660605472234	0.6748533939452777
0.39509272135729434	0.6049072786427057
0.41014264231346087	0.5898573576865391
0.7524712980668452	0.24752870193315482
0.24746331262477894	0.7525366873752211
0.11176907625521848	0.8882309237447815
0.47843732773097625	0.5215626722690238
0.9240049712358066	0.07599502876419344
0.15088587406012421	0.8491141259398758
0.48610835699539057	0.5138916430046094
0.3024969794904131	0.6975030205095869
0.1749160305542311	0.8250839694457689
0.36895850710701783	0.6310414928929822
0.8185429928555826	0.1814570071444174
0.09459621232261439	0.9054037876773856
0.6670809545311088	0.3329190454688912
0.5912633194169519	0.40873668058304813
0.1561292513818453	0.8438707486181547
0.6216124163834246	0.37838758361657543
0.2697509615454944	0.7302490384545056
0.07845111089846113	0.9215488891015389
0.7500809801404434	0.24991901985955656
0.9434603209803355	0.056539679019664515
0.7653147212038705	0.23468527879612955
0.9791823331907842	0.02081766680921583
0.16139678295985738	0.8386032170401426
0.34867387223266944	0.6513261277673306
0.09744990082393323	0.9025500991760668
0.3089672402657546	0.6910327597342454
0.03529599446817655	0.9647040055318234
0.4662442065519643	0.5337557934480357
0.8505975305410346	0.1494024694589654
0.5556308374142052	0.44436916258579484
0.714247439323204	0.285752560676796
0.83922326717523	0.16077673282477
0.7160567253402407	0.2839432746597593
0.13419492864810534	0.8658050713518947
0.31130629486058814	0.6886937051394119
0.6798221550095338	0.3201778449904662
0.6414891263209196	0.3585108736790804
0.12858642950934562	0.8714135704906544
0.1750972059958461	0.8249027940041539
0.3621259665030855	0.6378740334969145
0.7284996546680147	0.2715003453319853
0.6570552729992435	0.3429447270007565
0.541091158925341	0.458908841074659
0.38725789785937037	0.6127421021406296
0.2076089869991231	0.7923910130008769
0.486271470396328	0.513728529603672
0.9128464488627961	0.08715355113720391
0.7032865048656275	0.2967134951343725
0.8033312807191524	0.19666871928084761
0.2759068112560412	0.7240931887439588
0.6846581700098486	0.31534182999015137
0.3783804111535394	0.6216195888464606
0.5042192352329389	0.4957807647670611
0.06109250650092446	0.9389074934990755
0.7035834054882474	0.2964165945117526
0.7106763621970413	0.28932363780295867
0.17363677957922075	0.8263632204207793
0.27447992932410414	0.7255200706758959
0.8740834577724109	0.12591654222758908
0.9120370031985015	0.08796299680149855
0.5766687660531573	0.4233312339468427
0.886234418459621	0.11376558154037898
0.0571102061349531	0.9428897938650469
0.5756673462868527	0.4243326537131474
0.30441735125201974	0.6955826487479803
0.9637768110601413	0.036223188939858667
0.3861795888415941	0.6138204111584059
0.8238101410124516	0.17618985898754838
0.07733134389156937	0.9226686561084306
0.46715172056550236	0.5328482794344976
0.19518816321426258	0.8048118367857374
0.9335782622564044	0.06642173774359562
0.9828358000651131	0.017164199934886954
0.8424686377304126	0.15753136226958744
0.09335965572802307	0.9066403442719769
0.8897039408725809	0.11029605912741915
0.004256100834463261	0.9957438991655367
0.30454831421078765	0.6954516857892123
0.8776132142181251	0.12238678578187491
0.9732840532728225	0.026715946727177493
0.12536928083085708	0.8746307191691429
0.7892456683185854	0.21075433168141458
0.2856722070583002	0.7143277929416998
0.10899222919754659	0.8910077708024534
0.5626329280576676	0.4373670719423323
0.34788753810452633	0.6521124618954737
0.9851948979514252	0.014805102048574789
0.21090934966845087	0.7890906503315491
0.1167398214152795	0.8832601785847205
0.16104082470536618	0.8389591752946338
0.07843765895931398	0.921562341040686
0.4224494515447319	0.5775505484552681
0.436954077248525	0.563045922751475
0.4025376457851795	0.5974623542148205
0.5416095942336854	0.45839040576631457
0.30894407122822143	0.6910559287717786
0.06136402250956696	0.938635977490433
0.20714469800099644	0.7928553019990036
0.876475944989981	0.12352405501001897
0.6932845991244738	0.3067154008755261
0.21613323680612206	0.7838667631938779
0.9864755541447316	0.013524445855268371
0.828916209072245	0.17108379092775508
0.9256076244371931	0.07439237556280688
0.3391612115586319	0.6608387884413681
0.29770494918845425	0.7022950508115458
0.3250409399442935	0.6749590600557065
0.9473439572639496	0.052656042736050415
0.5837390387516685	0.4162609612483315
0.39835541545819386	0.6016445845418061
0.7901202845341347	0.20987971546586529
0.1425828863580294	0.8574171136419706
0.3520913913193051	0.6479086086806949
0.1876454024869596	0.8123545975130404
0.22670873331935848	0.7732912666806415
0.7431095055133654	0.2568904944866346
0.08275842733712135	0.9172415726628786
0.2980264390881884	0.7019735609118116
0.6227289082510371	0.3772710917489629
0.40120502854570506	0.5987949714542949
0.2960220991138224	0.7039779008861776
0.4324171902725338	0.5675828097274662
0.2899449209413333	0.7100550790586667
0.08841505413349748	0.9115849458665025
0.6500451838303244	0.3499548161696756
0.9787884565284191	0.021211543471580913
0.7816230714566234	0.21837692854337662
0.9607885077747423	0.03921149222525763
0.45149382213091294	0.5485061778690871
0.04942217604466903	0.950577823955331
0.5438385350742411	0.45616146492575893
0.8793481466767847	0.12065185332321524
0.5221582888598653	0.47784171114013474
0.33770818847763284	0.6622918115223672
0.09121209513760387	0.9087879048623961
0.06072533777154032	0.9392746622284597
0.9530238784494149	0.04697612155058503
0.9866869032245351	0.01331309677546488
0.3086070996619342	0.6913929003380658
0.412127658893199	0.587872341106801
0.6053807853979404	0.3946192146020596
0.5746172297451247	0.42538277025487525
0.6871058666279275	0.3128941333720725
0.7210189398037015	0.27898106019629854
0.4207097692953452	0.5792902307046548
0.8420393116025392	0.15796068839746077
0.989108145729169	0.010891854270830916
0.4548523607412913	0.5451476392587087
0.5219792914696142	0.4780207085303858
0.39192928647425984	0.6080707135257402
0.7426673864206739	0.25733261357932613
0.47990825090617484	0.5200917490938252
0.7286379829109068	0.27136201708909324
0.24163918243682392	0.7583608175631761
0.08920443202608408	0.9107955679739159
0.5307487264418158	0.4692512735581842
0.46598470435162576	0.5340152956483742
0.6499432955448492	0.3500567044551508
0.8515114417894952	0.14848855821050475
0.7530129310495387	0.24698706895046127
0.12674734256240983	0.8732526574375902
0.48806210712973175	0.5119378928702683
0.3413637287526369	0.6586362712473631
0.7780849450237411	0.22191505497625882
0.5201719978499092	0.4798280021500908
0.22147552348528543	0.7785244765147146
0.6017328860341629	0.39826711396583714
0.2503509994624781	0.7496490005375219
0.19772502107160783	0.8022749789283922
0.8154267730767399	0.18457322692326003
0.25437082681727663	0.7456291731827234
0.3539363102862253	0.6460636897137747
0.7245688452519939	0.27543115474800606
0.4540429154944692	0.5459570845055308
0.5476187937774795	0.45238120622252054
0.6598217437003033	0.34017825629969667
0.904960765409874	0.09503923459012596
0.7606363293393259	0.23936367066067407
0.5432838471804725	0.4567161528195275
0.025703761817088444	0.9742962381829116
0.6815745356999352	0.3184254643000648
0.5450476423200539	0.45495235767994613
0.5983232394471814	0.40167676055281865
0.5974646812105616	0.4025353187894384
0.8657080204577341	0.13429197954226588
0.11953798735589682	0.8804620126441032
0.0300301049080568	0.9699698950919432
0.8414568183982769	0.15854318160172307
0.987256172880108	0.01274382711989196
0.789156800319867	0.21084319968013296
0.7588792459390871	0.2411207540609129
0.04116413407879693	0.9588358659212031
0.7104635510837756	0.28953644891622443
0.14497284822869028	0.8550271517713097
0.5815905778736438	0.41840942212635623
0.32364040942717986	0.6763595905728201
0.10424459042778511	0.8957554095722149
0.7797667050292405	0.22023329497075947
0.3041159108559902	0.6958840891440098
0.3817092003841619	0.6182907996158381
0.11738250179437837	0.8826174982056216
0.9916657649881817	0.008334235011818276
0.2601531806206465	0.7398468193793535
0.6272464338582757	0.3727535661417243
0.889191714712592	0.11080828528740803
0.08254030253927469	0.9174596974607253
0.75544126026773	0.24455873973227002
0.5489526059778883	0.4510473940221117
0.025252100913474407	0.9747478990865256
0.36124684664658047	0.6387531533534195
0.7114859903941512	0.28851400960584883
0.9875427855909369	0.012457214409063161
0.5744747248111468	0.42552527518885325
0.8679988756227485	0.13200112437725156
0.6564205150172266	0.3435794849827733
0.2375161119375806	0.7624838880624194
0.22780644342496414	0.7721935565750359
0.17687162919370136	0.8231283708062986
0.023079144554853714	0.9769208554451463
0.667488652537753	0.3325113474622469
0.7450950878254989	0.2549049121745011
0.46936264520614845	0.5306373547938515
0.529478186423352	0.4705218135766481
0.6909009671270407	0.3090990328729593
0.514626755992317	0.48537324400768295
0.3201785425781648	0.6798214574218352
0.2412691641628324	0.7587308358371676
0.4100507955702396	0.5899492044297604
0.7387039865487788	0.2612960134512213
0.683323383883019	0.3166766161169809
0.7177222655122202	0.28227773448777976
0.3524630144791142	0.6475369855208858
0.6723473908954978	0.3276526091045023
0.3442351359407366	0.6557648640592634
0.7679634306280755	0.23203656937192454
0.15563067194880997	0.84436932805119
0.2705349636168236	0.7294650363831764
0.12533147311961845	0.8746685268803815
0.043224620491279064	0.9567753795087209
0.2259753366548488	0.7740246633451512
0.1299353234865388	0.8700646765134612
0.9172002554307019	0.082799744569298
0.9716678972432296	0.028332102756770502
0.3578360264823155	0.6421639735176845
0.906988543037212	0.09301145696278795
0.1770054079643224	0.8229945920356776
0.8226183997143088	0.1773816002856912
0.22700707924074137	0.7729929207592586
0.40883791529582514	0.5911620847041749
0.5737652628542584	0.4262347371457415
0.18606458430960848	0.8139354156903915
0.5708061213232569	0.429193878676743
0.28701330296179395	0.712986697038206
0.9669964778661795	0.03300352213382057
0.8710565664269575	0.12894343357304253
0.7328643605421301	0.26713563945786983
0.7159156711281733	0.2840843288718267
0.8808022976839862	0.11919770231601373
0.16315855737422358	0.8368414426257764
0.08579207646022824	0.9142079235397718
0.6090511718786809	0.3909488281213191
0.12422601189144056	0.8757739881085594
0.4940582849589842	0.5059417150410158
0.15844394659238437	0.8415560534076156
0.33869319316761715	0.6613068068323829
0.4546116652770309	0.5453883347229691
0.23171380540868258	0.7682861945913174
0.5059731390037605	0.49402686099623944
0.05651839420591298	0.943481605794087
0.8544623265171107	0.1455376734828893
0.24872585398413438	0.7512741460158656
0.5984378538490214	0.4015621461509787
0.4503061929523614	0.5496938070476386
0.4568350462943609	0.5431649537056391
0.17214828477498278	0.8278517152250172
0.7251863751556051	0.2748136248443948
0.9416806873571867	0.05831931264281335
0.8042632787898644	0.19573672121013566
0.6435416184446701	0.3564583815553299
0.6110264196386288	0.38897358036137125
0.8676137494220977	0.13238625057790235
0.5228444699677499	0.47715553003225014
0.5746460410228913	0.42535395897710876
0.09764399340428997	0.90235600659571
0.2742027797723203	0.7257972202276797
0.05224231031888893	0.9477576896811111
0.4162067797156941	0.5837932202843059
0.8754286700230722	0.12457132997692781
0.04365351682327112	0.9563464831767289
0.3676087821405084	0.6323912178594916
0.8923134898921601	0.10768651010783996
0.8105967754892208	0.1894032245107792
0.4899357888686051	0.5100642111313949
0.7143909924797622	0.2856090075202377
0.07351434148579916	0.9264856585142008
0.10683957797862842	0.8931604220213716
0.9638527701113567	0.03614722988864331
0.4306999028433769	0.5693000971566231
0.8016139264014946	0.19838607359850538
0.7038099838714518	0.2961900161285483
0.632288581351989	0.367711418648011
0.9543778710159893	0.04562212898401078
0.33746180193575614	0.6625381980642439
0.9465964990675454	0.05340350093245464
0.43917166957974074	0.5608283304202593
0.10311377487694062	0.8968862251230594
0.6801881060070221	0.3198118939929779
0.6609199934999845	0.3390800065000155
0.317215571441007	0.682784428558993
0.6759149358896834	0.3240850641103166
0.30224017503796563	0.6977598249620344
0.4642812390745019	0.5357187609254981
0.5516498669237655	0.4483501330762345
0.9535395908135231	0.04646040918647685
0.5810534167588605	0.41894658324113954
0.7699091336072091	0.23009086639279083
0.5587050077806932	0.4412949922193068
0.410567883090576	0.589432116909424
0.14115468234029405	0.858845317659706
0.2185891462208397	0.7814108537791603
0.7145336303453618	0.28546636965463823
0.38413697530915125	0.6158630246908487
0.12133080093484483	0.8786691990651552
0.6105841134218791	0.3894158865781209
0.5620953319780753	0.43790466802192474
0.3647436720819808	0.6352563279180192
0.8164055330885008	0.18359446691149914
0.8780520455838208	0.1219479544161792
0.9049185095937761	0.0950814904062239
0.034317003411954095	0.9656829965880459
0.10422830614959466	0.8957716938504053
0.39826337801757195	0.601736621982428
0.34326071182728946	0.6567392881727105
0.44565352057869667	0.5543464794213033
0.45304447742078446	0.5469555225792155
0.9476937831827915	0.05230621681720846
0.7443192823565843	0.2556807176434157
0.4465949014620927	0.5534050985379073
0.16734413671395543	0.8326558632860446
0.20174778727271447	0.7982522127272855
0.8176047830314451	0.18239521696855485
0.3625892628092412	0.6374107371907588
0.2264072001960119	0.7735927998039881
0.769827922927167	0.23017207707283302
0.3874874729354495	0.6125125270645505
0.6456136810853181	0.35438631891468186
0.4750356075387173	0.5249643924612827
0.8091769999594524	0.1908230000405476
0.09457592539087867	0.9054240746091213
0.3605207393182347	0.6394792606817653
0.549987118031382	0.450012881968618
0.2833798371420021	0.7166201628579979
0.11598491596097737	0.8840150840390226
0.9838494151371601	0.016150584862839937
0.7683983908942197	0.2316016091057803
0.9226238149334057	0.07737618506659424
0.07169870944419354	0.9283012905558065
0.3136007326315662	0.6863992673684338
0.266009012042452	0.733990987957548
0.9027768200174504	0.09722317998254956
0.580133771231594	0.41986622876840596
0.7136091961669315	0.2863908038330684
0.32203639810492246	0.6779636018950775
0.2719103728798029	0.7280896271201971
0.2547466590941505	0.7452533409058495
0.9146777153595695	0.08532228464043044
0.46353496718232434	0.5364650328176757
0.4010459509837826	0.5989540490162174
0.7713807524969672	0.22861924750303275
0.5430493549778446	0.4569506450221555
0.9752736712326926	0.02472632876730739
0.10618247408206016	0.8938175259179398
0.6315301947806902	0.3684698052193098
0.7352178313168509	0.264782168683149
0.30720286029372934	0.6927971397062707
0.422341528322679	0.577658471677321
0.7651335889253627	0.23486641107463735
0.043544725049262545	0.9564552749507375
0.20687667692306877	0.7931233230769312
0.5239033293740456	0.47609667062595434
0.15901683611731277	0.8409831638826872
0.5566017419222709	0.4433982580777292
0.24398212666331864	0.7560178733366814
0.9073951490861634	0.09260485091383662
0.8003251589840985	0.1996748410159015
0.4581181201389467	0.5418818798610533
0.2180156001242487	0.7819843998757513
0.1616733392264481	0.8383266607735519
0.986540990434045	0.013459009565954987
0.23788202323165897	0.762117976768341
0.9847759770876512	0.015224022912348771
0.5852344101016529	0.41476558989834705
0.46065372058662846	0.5393462794133715
0.7279046685777766	0.27209533142222336
0.8355332121346292	0.16446678786537083
0.47972577792503446	0.5202742220749655
0.05230177431231575	0.9476982256876842
0.06586793315944461	0.9341320668405554
0.5193613780723572	0.4806386219276429
0.9868136807671738	0.013186319232826193
0.12076879953041475	0.8792312004695853
0.5853363605266897	0.41466363947331025
0.848560356530458	0.15143964346954197
0.8424006237472073	0.15759937625279274
0.16844216445414983	0.8315578355458502
0.4984258166163865	0.5015741833836135
0.6341923351792458	0.3658076648207543
0.39777182641189535	0.6022281735881047
0.04590244538164501	0.954097554618355
0.07158183817865726	0.9284181618213427
0.9856955672433342	0.014304432756665807
0.48437632736941005	0.51562367263059
0.41825660095539663	0.5817433990446034
0.26747857453564816	0.7325214254643518
0.9429437649768034	0.0570562350231966
0.5235100834130042	0.47648991658699574
0.7128832032193235	0.28711679678067653
0.8157309253573801	0.18426907464261993
0.581906843232169	0.41809315676783093
0.42387049388287223	0.5761295061171278
0.9436445600639606	0.056355439936039455
0.40162379113970714	0.5983762088602929
0.18772133077531217	0.8122786692246878
0.33641293554755125	0.6635870644524487
0.8487719903592592	0.15122800964074085
0.8738619387749071	0.1261380612250929
0.37289460189039947	0.6271053981096005
0.6228657033611424	0.3771342966388575
0.32368220323814134	0.6763177967618587
0.9430247777878301	0.05697522221216992
0.7493825725890235	0.2506174274109764
0.04452801022711228	0.9554719897728877
0.3799365259322385	0.6200634740677615
0.12063088373857733	0.8793691162614227
0.34791006434980176	0.6520899356501982
0.5634096989568693	0.43659030104313074
0.025273961302564207	0.9747260386974358
0.4725553635758315	0.5274446364241685
0.2880072841146426	0.7119927158853574
0.30206918060805565	0.6979308193919443
0.8942646426864561	0.10573535731354393
0.85766830812121	0.14233169187878997
0.5617692045016016	0.43823079549839844
0.5747165653628339	0.42528343463716606
0.25019605936169675	0.7498039406383032
0.7981478935657593	0.20185210643424073
0.230867649669535	0.769132350330465
0.23710999407465483	0.7628900059253452
0.0018303760528752822	0.9981696239471247
0.07225804013755543	0.9277419598624446
0.021581112771633437	0.9784188872283666
0.9064843784393641	0.0935156215606359
0.6259210311947923	0.3740789688052077
0.533466526146348	0.4665334738536519
0.936939844768473	0.06306015523152701
0.8752124001773252	0.12478759982267489
0.15585830905668874	0.8441416909433113
0.5416148361075193	0.4583851638924808
0.43677416260888113	0.5632258373911189
0.7831086434206371	0.21689135657936282
0.38504582649923336	0.6149541735007666
0.0025633316168376385	0.9974366683831624
0.1355537636777071	0.8644462363222929
0.7075825114775456	0.29241748852245447
0.6886596166914849	0.31134038330851505
0.8611276463538335	0.1388723536461664
0.4440103926690091	0.5559896073309909
0.7214282272421106	0.2785717727578893
0.054511487537120096	0.9454885124628799
0.4333610989492527	0.5666389010507473
0.9015167969484023	0.0984832030515977
0.3961918692431724	0.6038081307568276
9.421078754008327E-4	0.9990578921245992
0.9084780660627068	0.0915219339372932
0.5698939353457457	0.4301060646542542
0.09141007495684239	0.9085899250431576
0.6168367124055951	0.38316328759440493
0.951694591281769	0.04830540871823093
0.12760350393329667	0.8723964960667033
0.10221634556906156	0.8977836544309384
0.2177736267700352	0.7822263732299648
0.2606085691638952	0.7393914308361048
0.43559325409458194	0.5644067459054181
0.9493558805588054	0.05064411944119458
0.8272249581897781	0.1727750418102219
0.9423569887868741	0.05764301121312583
0.4736856301663289	0.5263143698336711
0.16757423117082149	0.8324257688291785
0.15519635998770454	0.8448036400122955
0.06845309476052786	0.9315469052394721
0.7942079864870117	0.2057920135129882
0.5425448101578751	0.4574551898421248
0.8004085621702237	0.19959143782977634
0.5679176054361372	0.4320823945638628
0.5292106262781477	0.4707893737218522
0.6595858307340283	0.34041416926597173
0.39358154934961076	0.6064184506503892
0.39177895674540963	0.6082210432545904
0.5960177418655164	0.4039822581344836
0.009253544598227359	0.9907464554017726
0.8157450271298914	0.18425497287010867
0.623228318039045	0.37677168196095506
0.07300435838692809	0.9269956416130719
0.7454841574406759	0.2545158425593241
0.4590743553880825	0.5409256446119175
0.9176764346214171	0.08232356537858283
0.7633911857552664	0.23660881424473362
0.5112931745619935	0.48870682543800653
0.5280238461437163	0.4719761538562836
0.33566984928804267	0.6643301507119573
0.7294974059365009	0.27050259406349914
0.2124247525262195	0.7875752474737805
0.7254442187523745	0.2745557812476255
0.3651976034919593	0.6348023965080407
0.7154776996527676	0.28452230034723236
0.10272014945015595	0.897279850549844
0.6116819672029697	0.38831803279703025
0.6294661858871736	0.3705338141128264
0.2120026444252563	0.7879973555747437
0.423091218514711	0.576908781485289
0.1842401763141669	0.8157598236858331
0.9346207505416309	0.06537924945836918
0.3587674047792424	0.6412325952207576
0.23726977056984488	0.7627302294301551
0.2795184783708461	0.7204815216291539
0.37490196761227046	0.6250980323877295
0.9515654068568956	0.048434593143104415
0.5225535926583973	0.4774464073416027
0.8968731670312017	0.10312683296879835
0.8493051600301331	0.1506948399698669
0.6233510397697741	0.37664896023022587
0.7217968513321353	0.27820314866786466
0.06574420703191841	0.9342557929680816
0.26793590312913984	0.7320640968708602
0.5942588946965764	0.40574110530342355
0.8572969535246725	0.14270304647532753
0.16648646377398402	0.833513536226016
0.879206464931941	0.12079353506805904
0.46295817792395944	0.5370418220760406
0.8027384993597769	0.1972615006402231
0.47367270149731733	0.5263272985026827
0.4854211246488537	0.5145788753511463
0.5537159936043101	0.4462840063956899
0.5193163813587555	0.48068361864124454
0.23653596052262538	0.7634640394773746
0.13363347731184483	0.8663665226881552
0.8638167233787563	0.13618327662124377
0.24087060447249486	0.7591293955275051
0.8758656977747729	0.12413430222522717
0.15674552845497858	0.8432544715450214
0.40500811004819537	0.5949918899518046
0.7403267199347474	0.2596732800652526
0.8600718040900147	0.13992819590998531
0.19665375393587492	0.8033462460641251
0.700418283501036	0.29958171649896403
0.9259462290844628	0.07405377091553725
0.5252786027839296	0.47472139721607043
0.06683373055526243	0.9331662694447376
0.3849111189668032	0.6150888810331968
0.1008529028908477	0.8991470971091523
0.5252087810420254	0.4747912189579746
0.9535003484942177	0.04649965150578232
0.09125765153706533	0.9087423484629347
0.346438032342832	0.653561967657168
0.9634816559308242	0.03651834406917576
0.2072162675505117	0.7927837324494883
0.17262654028922064	0.8273734597107794
0.09275999873585972	0.9072400012641403
0.5285497536574698	0.4714502463425302
0.32270477802887554	0.6772952219711245
0.8779520208599255	0.12204797914007448
0.9525048930950942	0.04749510690490577
0.6752945064389497	0.3247054935610503
0.6368009766832724	0.3631990233167276
0.61755948806977	0.38244051193023
0.9835970432979081	0.016402956702091943
0.3071638438508145	0.6928361561491855
0.19203051337118338	0.8079694866288166
0.6547067145268768	0.3452932854731232
0.879672997792726	0.12032700220727399
0.5176523150663925	0.48234768493360747
0.7493480772141704	0.2506519227858296
0.5009158606417607	0.4990841393582392
0.25955869901114936	0.7404413009888506
0.5134075297603264	0.48659247023967356
0.17919925961514138	0.8208007403848586
0.908045258574772	0.09195474142522797
0.434200246199564	0.565799753800436
0.6430942347210208	0.3569057652789792
0.6968881414221234	0.3031118585778766
0.9358303635925633	0.06416963640743667
0.42404798985464087	0.5759520101453591
0.36572587264599554	0.6342741273540045
0.7786464657481168	0.22135353425188317
0.0882712358640878	0.9117287641359122
0.8026939027474075	0.1973060972525925
0.9911967341446271	0.008803265855372939
0.9922599709274885	0.007740029072511473
0.7456429781877331	0.25435702181226694
0.31704067667693403	0.682959323323066
0.24352124010771103	0.756478759892289
0.34231947468663626	0.6576805253133637
0.07105347533516482	0.9289465246648352
0.17625497801599843	0.8237450219840016
0.13381043461922082	0.8661895653807792
0.06512467202260008	0.9348753279773999
0.24137154047871978	0.7586284595212802
0.7877947692763765	0.2122052307236235
0.28528924966862035	0.7147107503313797
0.11197940677932472	0.8880205932206753
0.24199692184021437	0.7580030781597856
0.6437771455628722	0.3562228544371278
0.9822541408163749	0.017745859183625187
0.9585448253313567	0.04145517466864339
0.8044887226518274	0.19551127734817267
0.49232278388220263	0.5076772161177974
0.3554027794420299	0.6445972205579701
0.6106213475461881	0.3893786524538119
0.744787971307912	0.2552120286920881
0.04930317635377157	0.9506968236462284
0.05260135673676036	0.9473986432632396
0.610779866445414	0.389220133554586
0.233740921198213	0.766259078801787
0.1975172190629494	0.8024827809370506
0.10688869284995273	0.8931113071500473
0.2918596971525238	0.7081403028474762
0.44029206304141166	0.5597079369585883
0.6821903381609171	0.31780966183908294
0.6775621813123411	0.3224378186876588
0.24132817465127554	0.7586718253487245
0.5329665013121512	0.4670334986878489
0.8125429647483612	0.18745703525163884
0.5429267851914963	0.45707321480850377
0.789721507260582	0.21027849273941804
0.18753014335441465	0.8124698566455854
0.6885122966597006	0.31148770334029935
0.12621566483212043	0.8737843351678796
0.40154308043917286	0.5984569195608271
0.14318694038265234	0.8568130596173477
0.7792567780342899	0.22074322196571008
0.022669476698234825	0.9773305233017652
0.6541351797853094	0.3458648202146905
0.7084061797576047	0.2915938202423953
0.26503408617891244	0.7349659138210876
0.9166598483176738	0.08334015168232627
0.6843767650243526	0.3156232349756474
0.02274528455192093	0.9772547154480791
0.1077539184239722	0.8922460815760278
0.4173911092430381	0.5826088907569619
0.6461451307876951	0.35385486921230486
0.005057952970316637	0.9949420470296834
0.33796805427369736	0.6620319457263026
0.7001124909444352	0.2998875090555649
0.853316134522005	0.14668386547799497
0.26125019038145625	0.7387498096185438
0.5372712850903385	0.46272871490966144
0.9169215937076135	0.08307840629238654
0.8836626700561405	0.11633732994385952
0.7862706519722906	0.2137293480277094
0.9550473481942863	0.04495265180571377
0.13713858339746832	0.8628614166025317
0.0012042116211417042	0.9987957883788583
0.5478517335443074	0.4521482664556926
0.7229896200724741	0.27701037992752586
0.36322433806542864	0.6367756619345714
0.9312220765212886	0.06877792347871137
0.02809277188399406	0.9719072281160059
0.9598767112253148	0.040123288774685205
0.8672144936905681	0.1327855063094319
0.7102739075663502	0.2897260924336498
0.7377872818194152	0.2622127181805848
0.02726681329434555	0.9727331867056545
0.5619779186915161	0.43802208130848386
0.6633481552100904	0.3366518447899096
0.3301711185546563	0.6698288814453437
0.5872870003228907	0.4127129996771093
0.4239150208090793	0.5760849791909207
0.5658077260442831	0.4341922739557169
0.0974642957340085	0.9025357042659915
0.2824785599026952	0.7175214400973048
0.7709054401536231	0.22909455984637697
0.04183319927600693	0.9581668007239931
0.12823752934757016	0.8717624706524298
0.1179057257593763	0.8820942742406237
0.06700150650072578	0.9329984934992742
0.38491556124639015	0.6150844387536099
0.7329966457328488	0.26700335426715116
0.11245059613503594	0.8875494038649641
0.5995724692884152	0.40042753071158477
0.4598070075657811	0.5401929924342189
0.9555816348686091	0.04441836513139088
0.45844320881393485	0.5415567911860651
0.8733514995836656	0.12664850041633438
0.1502547500978455	0.8497452499021545
0.5963750582674173	0.4036249417325827
0.6844142145561669	0.3155857854438331
0.15861078325000944	0.8413892167499906
0.558053767480766	0.44194623251923404
0.5004629606452959	0.49953703935470406
0.9166852628800299	0.08331473711997006
0.4422133570851581	0.5577866429148419
0.8689154779792659	0.1310845220207341
0.9097903116748121	0.09020968832518794
0.6860558439755303	0.3139441560244697
0.060564236150377315	0.9394357638496227
0.47935967696089243	0.5206403230391076
0.4430010966165663	0.5569989033834337
0.5139311250006833	0.4860688749993167
0.5425059782368878	0.45749402176311216
0.6262988692475648	0.37370113075243516
0.7500514510488984	0.24994854895110166
0.5738396963984522	0.4261603036015477
0.44005329075706545	0.5599467092429345
0.7544377499748502	0.2455622500251497
0.749665687422902	0.2503343125770981
0.9519669489850802	0.04803305101491978
0.07279592873284513	0.9272040712671549
0.39700534337108906	0.6029946566289109
0.8747563644352803	0.12524363556471968
0.9079498278241835	0.0920501721758164
0.15074170720026592	0.8492582927997341
0.24590445462554145	0.7540955453744586
0.9320523905519151	0.06794760944808481
0.6942073648830809	0.3057926351169192
0.6097120021481139	0.3902879978518861
0.3992261804266283	0.6007738195733717
0.6954736293102521	0.3045263706897478
0.2587741320586797	0.7412258679413203
0.1480795657875863	0.8519204342124137
0.6173038549258654	0.3826961450741347
0.41802597495380545	0.5819740250461946
0.6828849838072242	0.31711501619277577
0.20288628002253173	0.7971137199774683
0.9892021209767632	0.01079787902323676
0.8377380672050418	0.1622619327949581
0.3151303488018804	0.6848696511981196
0.28606755053355204	0.713932449466448
0.2829438941269008	0.7170561058730992
0.34471474550683234	0.6552852544931677
0.2813506448695974	0.7186493551304026
0.6653715308734984	0.3346284691265015
0.9081552060977196	0.09184479390228034
0.2426262087621467	0.7573737912378533
0.6656492345895064	0.33435076541049363
0.5767108545130655	0.42328914548693447
0.14539487404035822	0.8546051259596418
0.7244753337382459	0.27552466626175404
0.2428649061692535	0.7571350938307465
0.07558161754937709	0.9244183824506229
0.4907708911498314	0.5092291088501686
0.08775920931919623	0.9122407906808038
0.196555024687047	0.803444975312953
0.2748342410063709	0.7251657589936291
0.6275318303234676	0.37246816967653246
0.8381642772588846	0.1618357227411153
0.779002053914132	0.22099794608586804
0.07447825940122865	0.9255217405987713
0.6681575179164376	0.3318424820835623
0.6737078161279313	0.32629218387206876
0.3609667741337591	0.6390332258662409
0.5663516078047399	0.43364839219526014
0.16689378533743238	0.8331062146625676
0.1775595827689399	0.8224404172310601
0.5916261999395354	0.4083738000604647
0.8450490331407187	0.15495096685928134
0.07430538267080222	0.9256946173291978
0.6344182103192695	0.36558178968073046
0.2327793232326636	0.7672206767673364
0.2921190949295379	0.7078809050704621
0.21027107892315156	0.7897289210768484
0.05313503185991719	0.9468649681400828
0.857070698813742	0.14292930118625802
0.5156488987680132	0.4843511012319868
0.6530342291405347	0.3469657708594654
0.9236801104962006	0.07631988950379942
0.2730375484561941	0.7269624515438059
0.5795910195522158	0.42040898044778424
0.1607539143251896	0.8392460856748104
0.5963358600917485	0.4036641399082515
0.9221969249481854	0.07780307505181461
0.024006656260107673	0.9759933437398923
0.3956013179416292	0.6043986820583708
0.31075249234412516	0.6892475076558748
0.6239926290651614	0.37600737093483866
0.7421161173824482	0.25788388261755174
0.23618041717632532	0.7638195828236747
0.6099205313614635	0.39007946863853654
0.1252379924450251	0.8747620075549749
0.49571536121520776	0.5042846387847922
0.35451249679271113	0.6454875032072889
0.8160321273434213	0.18396787265657866
0.5829301731147893	0.4170698268852107
0.03352092737819179	0.9664790726218082
0.5062839056971518	0.4937160943028483
0.35360085143172737	0.6463991485682726
0.03494944735971728	0.9650505526402827
0.5854967714962853	0.41450322850371474
0.22426842401092661	0.7757315759890734
0.5323585034494773	0.4676414965505226
0.9133281508764629	0.08667184912353709
0.5912866461974733	0.40871335380252666
0.8147958215343822	0.18520417846561776
0.9483453951525177	0.051654604847482306
0.7005622906944764	0.29943770930552355
0.8246963220118846	0.17530367798811541
0.7358491703873049	0.26415082961269515
0.9262595954274657	0.07374040457253428
0.6646191128985306	0.33538088710146935
0.5409107378138527	0.4590892621861474
0.5828352849188847	0.41716471508111536
0.4095284011068737	0.5904715988931263
0.4560624265244967	0.5439375734755033
0.33566480219563866	0.6643351978043613
0.1862689445514013	0.8137310554485987
0.008301957755740275	0.9916980422442597
0.22409915643965206	0.7759008435603479
0.7115601923244068	0.28843980767559324
0.9493945054807086	0.05060549451929146
0.7449426879136087	0.2550573120863912
0.053220334163455285	0.9467796658365447
0.5023146900916156	0.4976853099083844
0.39315533728846785	0.6068446627115321
0.5760767118796537	0.42392328812034635
0.6207804849151695	0.3792195150848305
0.6690735260975751	0.33092647390242497
0.19159863196688087	0.8084013680331191
0.3838177185355308	0.6161822814644692
0.7656528808479584	0.23434711915204168
0.3802008304529588	0.6197991695470412
0.03252912621784565	0.9674708737821544
0.1734042950958149	0.8265957049041851
0.5759370205880134	0.4240629794119866
0.5642398075558501	0.4357601924441498
0.5687490578075136	0.43125094219248633
0.8970254322023111	0.10297456779768892
0.7567020857198493	0.2432979142801507
0.7587397153861773	0.24126028461382268
0.8547632960567005	0.1452367039432995
0.08536580981677988	0.9146341901832201
0.010646084966639102	0.9893539150333609
0.37918710653279286	0.6208128934672071
0.36071581323847257	0.6392841867615274
0.8008511645957539	0.19914883540424613
0.7495109805719609	0.2504890194280391
0.453176359582122	0.546823640417878
0.8496599093492438	0.15034009065075618
0.37520969441710983	0.6247903055828902
0.007805771779145876	0.9921942282208541
0.5046039090737349	0.4953960909262652
0.06735028356758777	0.9326497164324122
0.5179890276149928	0.4820109723850073
0.9528495753152407	0.047150424684759315
0.6310680893806098	0.3689319106193902
0.32558127930279046	0.6744187206972095
0.7254413175965209	0.2745586824034791
0.876358232255289	0.12364176774471107
0.8948057337800646	0.10519426621993548
0.6606813729816527	0.3393186270183472
0.4807132016916308	0.5192867983083692
0.012758887813618114	0.9872411121863819
0.9433947387212496	0.05660526127875047
0.7839505066716601	0.2160494933283399
0.2323464280814701	0.7676535719185299
0.854072730419246	0.14592726958075397
0.10677615262942342	0.8932238473705766
0.6665764673966705	0.33342353260332946
0.45201654450571704	0.547983455494283
0.4459909782795066	0.5540090217204934
0.28547417385463536	0.7145258261453646
0.5393826532803239	0.46061734671967614
0.8701813259343183	0.1298186740656817
0.29017897272081594	0.7098210272791841
0.2467104976504053	0.7532895023495947
0.6470349627972789	0.3529650372027211
0.809435952239185	0.19056404776081504
0.36379224091846407	0.6362077590815359
0.8010663373752617	0.19893366262473833
0.2980359935086867	0.7019640064913133
0.7267488958264091	0.2732511041735909
0.7742778440243977	0.2257221559756023
0.6522990176877976	0.34770098231220237
0.047094085232722516	0.9529059147672775
0.039886290053419926	0.9601137099465801
0.49271525445026276	0.5072847455497372
0.5628353511909613	0.4371646488090387
0.0470550094083475	0.9529449905916525
0.8374717742613355	0.16252822573866454
0.9758201765274603	0.024179823472539663
0.806937740282837	0.19306225971716295
0.04936917418595976	0.9506308258140402
0.9367626805513471	0.06323731944865285
0.4519721439115756	0.5480278560884244
0.2462297276984552	0.7537702723015448
0.9920289068099584	0.007971093190041634
0.5491217792959517	0.45087822070404826
0.7159612051433015	0.2840387948566985
0.14254050926880368	0.8574594907311963
0.5426211816674869	0.45737881833251315
0.3278122914705459	0.6721877085294541
0.815236259835718	0.184763740164282
0.8220514402934433	0.17794855970655665
0.36160172471470053	0.6383982752852995
0.806142401910205	0.19385759808979497
0.017272714645280685	0.9827272853547193
0.522501559302207	0.477498440697793
0.21710790514737033	0.7828920948526297
0.18613348739507285	0.8138665126049272
0.9232632644484952	0.07673673555150484
0.19173162311379432	0.8082683768862057
0.4175881667962612	0.5824118332037388
0.1087854951850542	0.8912145048149458
0.6621600575138435	0.3378399424861564
0.7466773203415114	0.2533226796584886
0.3606327388217885	0.6393672611782115
0.08674069306159293	0.9132593069384071
0.6941949793510203	0.3058050206489797
0.9288018055426743	0.07119819445732571
0.7090101091743088	0.2909898908256912
0.7863358659829729	0.21366413401702705
0.8623084411830013	0.13769155881699863
0.4364229983319966	0.5635770016680034
0.5458680400913536	0.45413195990864647
0.1621206728262068	0.8378793271737932
0.4400818299458682	0.5599181700541318
0.6635736913934891	0.33642630860651085
0.46007212874606673	0.5399278712539333
0.43147894645526175	0.5685210535447383
0.7831841836559907	0.2168158163440092
0.15257987540316686	0.8474201245968331
0.642286332911921	0.3577136670880789
0.6452069500724302	0.3547930499275697
0.5978333338404611	0.40216666615953883
0.8556523691749127	0.14434763082508734
0.3392016577959509	0.6607983422040491
0.019893709570230844	0.9801062904297692
0.047337555113060925	0.9526624448869391
0.8807610117941936	0.1192389882058064
0.9206105675221581	0.07938943247784196
0.5033481969201123	0.4966518030798876
0.9276440884054842	0.07235591159451586
0.14095021469587554	0.8590497853041245
0.6178897663803038	0.38211023361969626
0.6440872483778317	0.35591275162216823
0.16528197520273324	0.8347180247972668
0.18465328893128863	0.8153467110687114
0.6242910555575716	0.37570894444242836
0.6786723041433549	0.32132769585664506
0.8822978241265035	0.11770217587349656
0.06171142136811425	0.9382885786318858
0.34802500651190815	0.6519749934880918
0.8122061539568801	0.18779384604311983
0.23274344488430887	0.7672565551156911
0.3757016073850282	0.6242983926149718
0.17845849558286309	0.8215415044171369
0.9475746242791128	0.05242537572088728
0.14398597803045377	0.8560140219695462
0.6878259289358049	0.3121740710641952
0.16383343436858566	0.8361665656314143
0.6180411017806056	0.3819588982193944
0.028735263282761547	0.9712647367172385
0.17101371127507714	0.8289862887249229
0.652807842572783	0.34719215742721704
0.34672771918619194	0.6532722808138081
0.16641467419043832	0.8335853258095617
0.059098423588684335	0.9409015764113157
0.7703061128325083	0.22969388716749173
0.22994852779799946	0.7700514722020005
0.45379584951767404	0.546204150482326
0.690488526145363	0.3095114738546369
0.125900009371686	0.874099990628314
0.763867122645523	0.23613287735447697
0.1970306017350828	0.8029693982649172
0.08180309422395526	0.9181969057760447
0.27194404790162796	0.728055952098372
0.05213486757720409	0.9478651324227959
0.9447529694463059	0.05524703055369406
0.9812701632451738	0.01872983675482619
0.8088455162638793	0.19115448373612065
0.08140528255347002	0.91859471744653
0.7842071131972601	0.2157928868027399
0.9873524136616503	0.012647586338349752
0.9943660694839631	0.00563393051603688
0.3224309263622773	0.6775690736377227
0.5768224513885225	0.42317754861147755
0.2901578734072269	0.7098421265927731
0.22558007853332385	0.7744199214666762
0.9615912571946837	0.03840874280531625
0.29287087866330674	0.7071291213366933
0.10310874415826887	0.8968912558417311
0.1292990985539194	0.8707009014460806
0.6947062876101735	0.30529371238982655
0.8367768939030289	0.1632231060969711
0.1692946474982847	0.8307053525017153
0.9254828451759957	0.07451715482400434
0.0296379184552632	0.9703620815447368
0.7927378592034259	0.20726214079657412
0.5307768448252861	0.46922315517471397
0.6256176969518783	0.37438230304812176
0.7775808449837639	0.2224191550162361
0.027147172377111728	0.9728528276228883
0.8230298417501178	0.17697015824988216
0.49425496131376556	0.5057450386862344
0.8650920961123886	0.13490790388761142
0.05989920473783772	0.9401007952621623
0.6151573947597835	0.3848426052402166
0.03686202696951435	0.9631379730304857
0.769807407506285	0.23019259249371504
0.5609908818246121	0.43900911817538796
0.6655278570535956	0.3344721429464044
0.5808503156958515	0.4191496843041485
0.7724407458920887	0.22755925410791134
0.9975851618822591	0.0024148381177408673
0.38883877628282015	0.6111612237171798
0.6816779242703346	0.3183220757296655
0.38899256337108734	0.6110074366289127
0.7120638588428676	0.28793614115713234
0.6344736637742123	0.36552633622578773
0.31860243834838764	0.6813975616516124
0.8681617191815175	0.13183828081848245
0.3872680974553284	0.6127319025446716
0.14166245918665765	0.8583375408133423
0.1662199194370343	0.8337800805629657
0.5320328205128972	0.4679671794871028
0.6447017930767973	0.35529820692320263
0.10789868946856074	0.8921013105314393
0.9698259174617644	0.03017408253823558
0.5110464169808582	0.4889535830191419
0.007103011027038031	0.992896988972962
0.7792698740770339	0.22073012592296612
0.25314839504974596	0.746851604950254
0.3740194424865	0.6259805575135
0.4520250664106552	0.5479749335893448
0.5568768076729453	0.4431231923270546
0.23826911683632157	0.7617308831636784
0.5310919354635886	0.4689080645364115
0.5772408710409673	0.4227591289590327
0.6117663820995234	0.38823361790047656
0.9538908374253605	0.04610916257463945
0.5785215589923325	0.42147844100766746
0.7905373818670941	0.20946261813290587
0.49980226445908726	0.5001977355409127
0.1784044384804513	0.8215955615195487
0.38485586777598646	0.6151441322240135
0.27142852411119356	0.7285714758888064
0.938796731401166	0.061203268598833925
0.8085455282251295	0.1914544717748705
0.37328586926879603	0.626714130731204
0.7560251935746758	0.24397480642532418
0.29987484547028953	0.7001251545297105
0.6575162450958829	0.34248375490411703
0.32900800930661633	0.6709919906933837
0.468762687688972	0.531237312311028
0.47344094428871897	0.526559055711281
0.5682842818576874	0.43171571814231263
0.1531942949482341	0.8468057050517659
0.7658962383392637	0.2341037616607363
0.5972658606719203	0.4027341393280796
0.07835617075728141	0.9216438292427186
0.29669515694380133	0.7033048430561987
0.26563651605732663	0.7343634839426734
0.6801114312950225	0.31988856870497756
0.616843775316652	0.3831562246833479
0.1979920970359268	0.8020079029640732
0.02051986636325842	0.9794801336367416
0.08049470575310302	0.919505294246897
0.24008309486086743	0.7599169051391326
0.6538701682947008	0.34612983170529915
0.7595131153659819	0.24048688463401816
0.1385309042675852	0.8614690957324148
0.18275406464202804	0.817245935357972
0.8672970389048256	0.13270296109517446
0.9631276918302021	0.036872308169797946
0.5245023103194824	0.4754976896805176
0.7395628557880853	0.2604371442119146
0.7076808293395762	0.29231917066042373
0.75754115876919	0.24245884123081
0.9135041922372459	0.08649580776275415
0.8228382070046825	0.17716179299531756
0.5807006902461593	0.4192993097538406
0.5192484055965945	0.4807515944034056
0.3048628897510245	0.6951371102489755
0.4149763812829842	0.5850236187170158
0.9879786036984428	0.012021396301557241
0.6930991226838572	0.30690087731614274
0.9045203892457191	0.09547961075428094
0.43565717552294914	0.5643428244770509
0.5642054295845138	0.43579457041548614
0.14410974223344808	0.8558902577665519
0.5161306490929514	0.4838693509070486
0.3260468184439954	0.6739531815560046
0.6023906396533989	0.39760936034660105
0.06352684140023068	0.9364731585997693
0.9941042987915747	0.005895701208425362
0.7059136706700095	0.2940863293299905
0.26779633226265787	0.7322036677373421
0.6127056306648817	0.38729436933511835
0.08589669530139787	0.9141033046986021
0.4820449485112269	0.5179550514887731
0.24671146463621163	0.7532885353637884
0.12020251233317025	0.8797974876668297
0.3084858156753534	0.6915141843246466
0.777562133524543	0.22243786647545707
0.20361286376189225	0.7963871362381078
0.7480666533482292	0.25193334665177075
0.6157532933827268	0.38424670661727317
0.9929405456747031	0.007059454325296919
0.19103697266919173	0.8089630273308083
0.11265198395273357	0.8873480160472664
0.5809513849835253	0.41904861501647467
0.38828352664741306	0.6117164733525869
0.3211694186788967	0.6788305813211033
0.8226685181916185	0.1773314818083816
0.8025387004634459	0.19746129953655417
0.6667237873725422	0.3332762126274577
0.5082819740947919	0.491718025905208
0.896607075097509	0.10339292490249102
0.6506793812177851	0.3493206187822148
0.010321171153167441	0.9896788288468326
0.8354255958385524	0.16457440416144758
0.09756200636734813	0.9024379936326519
0.9083751234532675	0.09162487654673251
0.22655480620366342	0.7734451937963366
0.9130793149168934	0.08692068508310652
0.25440602660362754	0.7455939733963725
0.7525981770482264	0.24740182295177354
0.341192374049469	0.658807625950531
0.8085473216628116	0.19145267833718832
0.23918590517252114	0.7608140948274789
0.11658797627043438	0.8834120237295656
0.9370866754170679	0.06291332458293214
0.35039747301274304	0.649602526987257
0.8103661453691626	0.18963385463083743
0.7464629730794761	0.2535370269205239
0.47195949699974205	0.528040503000258
0.11509931370641258	0.8849006862935874
0.31633913332245134	0.6836608666775487
0.8685491683675808	0.13145083163241927
0.021530903794163003	0.978469096205837
0.6789051158210577	0.32109488417894233
0.2704021350859608	0.7295978649140392
0.3152953631369164	0.6847046368630836
0.021205331636321545	0.9787946683636785
0.7440734919545406	0.2559265080454594
0.04961159049461639	0.9503884095053836
0.7847934201199609	0.21520657988003905
0.47002989306036347	0.5299701069396365
0.06006005688256644	0.9399399431174336
0.17988698968448857	0.8201130103155114
0.45482027879438225	0.5451797212056178
0.3952026058902304	0.6047973941097696
0.590571594168867	0.409428405831133
0.848446691100105	0.151553308899895
0.4369669243109455	0.5630330756890545
0.5532058075235486	0.4467941924764514
0.1264051735671028	0.8735948264328972
0.4321197160125634	0.5678802839874366
0.5398178990365348	0.4601821009634653
0.5887065539906609	0.4112934460093391
0.5117657463583942	0.48823425364160583
0.9462877196997144	0.053712280300285686
0.5122933834236811	0.4877066165763189
0.5370708582774455	0.46292914172255456
0.6445599146652186	0.3554400853347815
0.4122986279981732	0.5877013720018268
0.20806700664496847	0.7919329933550315
0.3794141892483177	0.6205858107516823
0.12370839449350768	0.8762916055064923
0.27184739692455406	0.7281526030754459
0.10094509210351998	0.89905490789648
0.5893852391844974	0.4106147608155026
0.055201984023728445	0.9447980159762716
0.49649133916295274	0.5035086608370473
0.29482993938355984	0.7051700606164402
0.008331969094425129	0.9916680309055749
0.10297543966132383	0.8970245603386762
0.0107966838263307	0.9892033161736693
0.5710234239864835	0.4289765760135164
0.6302736376982809	0.369726362301719
0.6845025747365485	0.31549742526345154
0.8212612452112795	0.17873875478872042
0.5994710985302218	0.4005289014697782
0.4912801037614182	0.5087198962385818
0.9795879254238492	0.020412074576150838
0.7585757419674946	0.2414242580325054
0.8778397783015633	0.1221602216984367
0.6237385011600238	0.3762614988399761
0.8631380699603441	0.1368619300396559
0.62594356517401	0.37405643482599
0.815995192787696	0.1840048072123039
0.5017456955601027	0.4982543044398972
0.6888843811954923	0.3111156188045076
0.13233443718006965	0.8676655628199303
0.6697065485535862	0.3302934514464138
0.6763269151261908	0.32367308487380914
0.9594265853381241	0.040573414661875966
0.8713839756577386	0.12861602434226144
0.12017841466515478	0.8798215853348452
0.5403912711290502	0.4596087288709499
0.7451158560603774	0.2548841439396225
0.9572363207881125	0.042763679211887555
0.6075336669446694	0.3924663330553307
0.3732959616800444	0.6267040383199556
0.26019402951646087	0.7398059704835391
0.7479638718105643	0.2520361281894357
0.056644773620333155	0.9433552263796668
0.009261006360538726	0.9907389936394613
0.26925402810472654	0.7307459718952735
0.37528325092738224	0.6247167490726178
0.3827338912514424	0.6172661087485576
0.4960648287228041	0.5039351712771959
0.9804853564153008	0.019514643584699273
0.786615304650595	0.2133846953494049
0.10010413969288101	0.899895860307119
0.23575561853317173	0.7642443814668283
0.26601134001051696	0.733988659989483
0.9313831563531363	0.06861684364686375
0.06557216304814872	0.9344278369518513
0.2608441224422673	0.7391558775577327
0.7379914605555424	0.2620085394444576
0.33185793400975605	0.668142065990244
0.4739961669257744	0.5260038330742256
0.09115333654153857	0.9088466634584614
0.9344992147261958	0.06550078527380425
0.6832524024542521	0.31674759754574794
0.9197560770914716	0.08024392290852848
0.2777900395369609	0.7222099604630391
0.34195213911891187	0.6580478608810881
0.44674969494295935	0.5532503050570406
0.8805354501695694	0.11946454983043069
0.46391606536857943	0.5360839346314206
0.9497692995182752	0.05023070048172484
0.9728280790369712	0.027171920963028777
0.6385820256181127	0.3614179743818872
0.8566554381981706	0.14334456180182936
0.9569459970921785	0.043054002907821506
0.855264827523144	0.14473517247685602
0.2719746162972083	0.7280253837027917
0.26597900363050864	0.7340209963694914
0.6887810138568224	0.3112189861431775
0.28169246902302714	0.7183075309769729
0.18290708128243993	0.8170929187175601
0.29354383987922483	0.7064561601207752
0.18965117772063422	0.8103488222793658
0.13053802969816752	0.8694619703018325
0.7696477234628627	0.23035227653713736
0.41755064440411915	0.5824493555958808
0.9189440538667544	0.08105594613324567
0.9238283374300457	0.07617166256995438
0.7072322340425594	0.29276776595744064
0.3515183984747311	0.6484816015252689
0.7502785716444405	0.2497214283555596
0.6668027083770063	0.33319729162299366
0.879095363854015	0.12090463614598505
0.1554613032073946	0.8445386967926054
0.07054425066930925	0.9294557493306908
0.10011103526350096	0.899888964736499
0.29774599319236705	0.702254006807633
0.14728909034492366	0.8527109096550763
0.47416975791422833	0.5258302420857717
0.2376937988389628	0.7623062011610372
0.36723801046565896	0.632761989534341
0.49516600953639167	0.5048339904636083
0.5079272305321081	0.4920727694678919
0.09076598204315278	0.9092340179568472
0.7402920451168425	0.25970795488315745
0.5090826029504328	0.49091739704956716
0.5348048407192785	0.4651951592807215
0.469155917326742	0.530844082673258
0.5909203554848736	0.40907964451512635
0.7345199223533301	0.2654800776466699
0.2787024888819506	0.7212975111180494
0.7121647367568233	0.28783526324317665
0.22674630134699125	0.7732536986530087
0.384458384932687	0.615541615067313
0.4034655541668981	0.5965344458331019
0.46513547694141	0.53486452305859
0.9927546933564901	0.007245306643509848
0.4707185300254515	0.5292814699745485
0.054302265519881265	0.9456977344801187
0.29317407959017194	0.7068259204098281
0.6304581235869181	0.3695418764130819
0.7456792218935426	0.25432077810645737
0.3489446450806254	0.6510553549193746
0.9379228070595766	0.06207719294042334
0.3916198544069214	0.6083801455930786
0.08659870992425123	0.9134012900757488
0.4061013142425295	0.5938986857574705
0.4562525317507431	0.5437474682492569
0.4658645890722958	0.5341354109277042
0.39037962679803495	0.609620373201965
0.7063369339609954	0.2936630660390046
0.27697632300221253	0.7230236769977875
0.9347924799331689	0.06520752006683105
0.6003288974168113	0.3996711025831887
0.22016287750554087	0.7798371224944591
0.8747724657700348	0.12522753422996521
0.5892363600236205	0.41076363997637955
0.9913762988893491	0.008623701110650918
0.09652116649746045	0.9034788335025395
0.892340966051004	0.107659033948996
0.2890747251795527	0.7109252748204473
0.47181973552396295	0.528180264476037
0.7819925395528207	0.2180074604471793
0.14240399690245265	0.8575960030975474
0.10653659086327327	0.8934634091367267
0.6282462090065566	0.3717537909934434
0.2369578598113945	0.7630421401886055
0.990495753398581	0.009504246601419004
0.2742085386240394	0.7257914613759606
0.6517497478525313	0.34825025214746874
0.42959069283729345	0.5704093071627065
0.40813381519056935	0.5918661848094307
0.5739470505451738	0.42605294945482625
0.4254288657200995	0.5745711342799005
0.14616328184059346	0.8538367181594065
0.9570194326451694	0.04298056735483053
0.4117855193379698	0.5882144806620302
0.8367011392051081	0.16329886079489184
0.7424468501514543	0.25755314984854566
0.7897558090234418	0.2102441909765582
0.7430110751333097	0.2569889248666904
0.0245731953048145	0.9754268046951855
0.5269279460834302	0.47307205391656976
0.42384705757171093	0.5761529424282891
0.9975886591863012	0.002411340813698728
0.06699875905753394	0.9330012409424661
0.6036344316459634	0.3963655683540365
0.13478283947959957	0.8652171605204004
0.5238509892576328	0.4761490107423671
0.09019533257559254	0.9098046674244075
0.17780501885157896	0.822194981148421
0.1692981765266638	0.8307018234733362
0.5769048463173032	0.42309515368269685
0.033226104063660555	0.9667738959363394
0.9797587768074495	0.02024122319255046
0.669668731958468	0.33033126804153196
0.5394670564364878	0.4605329435635121
0.13910567549097475	0.8608943245090253
0.8736235408116367	0.12637645918836324
0.2479762701687307	0.7520237298312693
0.07123601330437801	0.928763986695622
0.017124935230733218	0.9828750647692668
0.7658837353579848	0.23411626464201515
0.5779894996490402	0.4220105003509597
0.2997505796762534	0.7002494203237466
0.6591774444214249	0.34082255557857505
0.9277299718938105	0.0722700281061895
0.7697662895221241	0.23023371047787586
0.9479875490573217	0.05201245094267821
0.7997052148237098	0.20029478517629015
0.06296762391980792	0.9370323760801921
0.6582946109208443	0.34170538907915565
0.3749831546973278	0.6250168453026722
0.4844676388913376	0.5155323611086624
0.8897640968573959	0.11023590314260408
0.4724502835188996	0.5275497164811004
0.16055152507482262	0.8394484749251774
0.6576735002385055	0.3423264997614945
0.6597882594126265	0.3402117405873734
0.6542603603117587	0.34573963968824134
0.25482146683145945	0.7451785331685405
0.8770849247745263	0.12291507522547371
0.16742791440120797	0.832572085598792
0.774104539123036	0.22589546087696397
0.07791238426098313	0.9220876157390169
0.3509194836933227	0.6490805163066773
0.44429922544544076	0.5557007745545592
0.744559514470648	0.2554404855293519
0.16412210365853097	0.835877896341469
0.1626551562442552	0.8373448437557448
0.09094653299406286	0.9090534670059371
0.7566665437262741	0.2433334562737259
0.9182594206250315	0.08174057937496845
0.6812911374504846	0.3187088625495154
0.38544442593704153	0.6145555740629585
0.9195267988909991	0.08047320110900089
0.6122398393257589	0.3877601606742411
0.419386198440168	0.580613801559832
0.13961660284534105	0.860383397154659
0.24660959391319315	0.7533904060868069
0.26282289384178803	0.737177106158212
0.2678696429142363	0.7321303570857637
0.2823162784592834	0.7176837215407166
0.4102390843894743	0.5897609156105257
0.15071718727796257	0.8492828127220374
0.22380908519390952	0.7761909148060905
0.17341826213203027	0.8265817378679697
0.8433926254694086	0.15660737453059134
0.9260953120462185	0.07390468795378144
0.8996792860369061	0.10032071396309392
0.6174868706249714	0.3825131293750286
0.47686679053859515	0.5231332094614048
0.9682120667094669	0.03178793329053306
0.2188862389230387	0.7811137610769613
0.24823132198680908	0.7517686780131909
0.6254519191954035	0.3745480808045965
0.8533441310559389	0.1466558689440611
0.7872624828108589	0.2127375171891411
0.3757591921180373	0.6242408078819627
0.23109289732751181	0.7689071026724882
0.19054185495495768	0.8094581450450423
0.4839598150912976	0.5160401849087024
0.5282870830856665	0.4717129169143334
0.8340990537533624	0.16590094624663762
0.708707455487261	0.29129254451273906
0.8376270665359626	0.16237293346403733
0.7783655840885493	0.2216344159114507
0.27530261185643845	0.7246973881435615
0.3212877918754332	0.6787122081245668
0.7449711879861971	0.25502881201380295
0.5208245860127092	0.47917541398729074
0.8695683368112659	0.1304316631887341
0.588544599324661	0.4114554006753391
0.2273308946170599	0.7726691053829401
0.8684371813551144	0.1315628186448856
0.8223518801997957	0.1776481198002043
0.7218734315174855	0.27812656848251455
0.7076903186597479	0.2923096813402521
0.8211302520737294	0.1788697479262706
0.8797599243459574	0.12024007565404256
0.03161785262241523	0.9683821473775848
0.6577732797933453	0.34222672020665473
0.0022745408668507494	0.9977254591331493
0.009917510014873288	0.9900824899851267
0.4682555009632985	0.5317444990367015
0.34570271611129777	0.6542972838887022
0.7684465391109859	0.23155346088901405
0.23151233952124395	0.768487660478756
0.24154874003288684	0.7584512599671132
0.559165121960937	0.4408348780390629
0.7624368649442399	0.23756313505576007
0.030891476372420623	0.9691085236275794
0.5593608991935828	0.44063910080641727
0.8625321780485856	0.13746782195141435
0.14925994165603174	0.8507400583439683
0.6083333273300506	0.3916666726699493
0.008783798459228942	0.9912162015407711
0.05014973157623015	0.9498502684237699
0.21044974952496187	0.7895502504750381
0.5441110972519294	0.45588890274807053
0.7043603652197317	0.2956396347802684
0.2943570950534059	0.7056429049465941
0.7291005174844682	0.2708994825155317
0.15804398796290187	0.8419560120370981
0.38752415895230563	0.6124758410476944
0.8195751973041926	0.18042480269580738
0.8834378144571472	0.11656218554285276
0.5485445597968654	0.4514554402031346
0.39914558769845354	0.6008544123015465
0.6950075365853914	0.30499246341460867
0.04333675702311657	0.9566632429768834
0.9177504154063987	0.08224958459360128
0.035982178472842574	0.9640178215271574
0.6289351674684382	0.3710648325315618
0.8372461208764805	0.16275387912351943
0.41898015756312024	0.5810198424368798
0.40183030389325913	0.5981696961067409
0.3462914335546008	0.6537085664453992
0.556941639260933	0.44305836073906696
0.7724455629214207	0.22755443707857922
0.8119534187843168	0.18804658121568316
