1 0.9508368583263791
2 1.0897350046298708
3 0.49677958166166
4 1.5578045477728755
5 0.5060933559765136
6 1.4121784704394469
7 1.6038891053673117
8 1.9096845130636098
9 1.0543162171155016
10 1.1254475107509203
11 0.31856645743488937
12 0.8089520932482102
13 0.37881742705777244
14 1.1625563951917834
15 3.4515811452998197
16 0.753731192943305
17 1.713565050862969
18 2.1859832294669688
19 0.6009861309805464
20 1.3033368241712462
21 1.3202207276298046
22 0.21154987103925152
23 2.255832990454583
24 1.44099149657485
25 0.7488515306735081
26 1.2644578123388424
27 1.5184040809706794
28 2.889837478166566
29 1.0139714544055818
30 2.4393354427998557
31 1.5689052403080368
32 2.0244862343421692
33 0.3715247418825486
34 1.9671480464334368
35 1.2781207546770785
36 0.6865058356124132
37 1.0173064951556534
38 1.7157504456977735
39 2.422942287834477
40 0.41505939134044517
41 1.2109723789404447
42 0.4686107603301889
43 0.5932164206975321
44 1.461790350214114
45 0.6620623117681339
46 1.0662246158250324
47 0.7657159018999574
48 1.205207246952346
49 0.8589924371018036
50 0.7034885424188474
51 0.5378453542868894
52 2.092302115213553
53 2.3448118696419513
54 1.280005031806251
55 1.5985300617053841
56 0.9206912404325488
57 0.24624921236523528
58 1.0443681755310459
59 2.917440026284458
60 2.460372348200875
61 0.8457713693736129
62 1.448624180667432
63 0.7858450324659584
64 0.9513813598768137
65 1.0942529508787053
66 1.4748384635555016
67 0.7090405224981449
68 2.2099445269779974
69 1.844047401979616
70 1.2669936103615844
71 0.7686079785346891
72 0.8040937660840842
73 1.7571215700051568
74 0.6389022694561298
75 1.2342239230616865
76 0.6846430012493034
77 1.1784761836140942
78 0.9550776897772226
79 1.681025223817675
80 1.110637900337666
81 1.0295294212387722
82 0.651989314397392
83 1.8221929584691543
84 0.5484079700331462
85 1.9395695926015988
86 0.4852953755484978
87 0.4897590910951384
88 1.1305253057896028
89 0.6593984709975963
90 1.016049038176365
91 0.9412994829444139
92 1.4880799939710707
93 1.5749248995863236
94 0.9440351485344903
95 0.8213069388500475
96 0.8682519387843978
97 1.158007499645681
98 1.3224426559402092
99 0.9805690149558953
100 1.1749007094462012
101 0.9856013471366288
102 1.076909221542314
103 0.9379275564226173
104 1.0593743082721163
105 1.0036453436239186
106 1.018135588443815
