1 0.147281943264226
2 0.4785360539781222
3 0.3741247342231433
4 0.44150372647179903
5 1.234133027603846
6 0.2988873476676845
7 1.0001373250555543
8 0.6624561150675277
9 2.28519773084751
10 0.5839183136977462
11 5.248496429404356
12 0.9452063739859274
13 0.1467363689158872
14 16.84018530667113
15 0.615021691897858
16 0.19545215919706915
17 0.7487571478686009
18 4.374031832223254
19 0.951884375196633
20 2.4265337818079025
21 1.582756516949451
22 1.126132553073856
23 0.8795942171186379
24 1.873698238214642
25 1.7891595952430805
26 0.515079996034778
27 1.1544939312312594
28 0.18598924892415675
29 1.2191394157267759
30 0.6583344203967263
31 0.28938580549300874
32 0.5730378719505865
33 2.811814600880189
34 1.6916953152482381
35 0.49342435096019494
36 0.3801085003304442
37 0.7593976629002174
38 0.8247185726911535
39 0.6930894054046493
40 1.1073904890479864
41 1.2393466392769543
42 0.9598845432067188
43 3.6713010583654415
44 1.3372666898875722
45 1.5100746252313304
46 1.0010284717632967
47 1.5168679282068902
48 0.34391338171033414
49 0.4312951785858103
50 2.758135578406007
51 0.9674088391363537
52 0.25856543370799806
53 1.786029283494593
54 0.5803300737665881
55 0.6600803780507605
56 0.9646440015333321
57 0.3003926002539231
58 1.6660194681169218
59 1.5028573226753037
60 1.666425820869941
61 0.9378637064633516
62 0.6642177092252928
63 1.4560665137265003
64 0.6284332401836887
65 4.846472470165306
66 2.9954393807804567
67 0.7247116023612014
68 1.2448629035198497
69 1.1798988768151983
70 1.0731724018819786
71 0.9583524014126239
72 0.3927662289713412
73 1.4008198856401235
74 1.5908642090066238
75 1.0561337142129905
76 1.4497998360863569
77 0.6884773462453916
78 2.0581457277238777
79 0.7031202004661531
80 1.4248734837238688
81 0.376480520704697
82 1.428927347991877
83 1.4962617104168279
84 0.6449625793919544
85 0.7106884029553538
86 1.1207748261035424
87 0.9663044004813899
88 1.356937745007524
89 0.29413688225952794
90 0.9291026674647863
91 0.7084115068501008
92 0.4876853515235719
93 1.0781856895551063
94 1.2106471028369465
95 1.0716671310836883
96 0.9857321966323193
97 0.758596157291356
98 0.8755145763242687
99 0.7214953818777256
100 0.7504578476613221
101 0.8135420030868702
102 0.8380753028049494
103 1.03197853397393
104 1.0120187155209535
105 0.9826255639605043
106 1.0434872268993363
