1 0.8739374109259155
2 1.6099142752391504
3 1.3649598509086416
4 1.4397248385250458
5 0.4695245409480934
6 0.47699335266512444
7 1.3586842469364928
8 2.323919176074145
9 1.5659208974250378
10 1.7346091642601607
11 0.2708955668621973
12 0.35333685971357154
13 1.4444182061986854
14 1.3160303430843279
15 3.129857922679527
16 0.9089760027000556
17 2.1322478647249774
18 3.0250744411340107
19 0.5220027463882994
20 0.19363191060900914
21 2.719485996379271
22 0.5638279788164755
23 0.697045755369258
24 0.793533214483954
25 2.3840953603845048
26 1.9177869447271192
27 0.06703748629368947
28 1.1566175551321918
29 0.8007992294788587
30 0.7763724607191693
31 1.0736502736059845
32 0.5698851824663405
33 0.0920989283370707
34 1.6833187421682925
35 3.2421989153257877
36 0.48080579954995945
37 1.668553458316362
38 1.712841752534475
39 1.4452933348283523
40 1.4494581449554
41 1.8428528227055687
42 0.5424372844643541
43 2.2124594811802463
44 0.7491867563436793
45 0.943863519262576
46 0.6174928692151306
47 1.7130536963648713
48 1.627450493000763
49 1.5567576377858705
50 0.6042289514574093
51 1.7250227557221784
52 0.5847386819279308
53 1.3441946124812345
54 0.4388940579789918
55 1.4935154336860055
56 1.0997324685351841
57 0.6623722081888022
58 1.4575801551489047
59 0.5340608984158502
60 0.7225715984875207
61 0.7072348329765212
62 1.6499288595249517
63 1.3677346167654456
64 0.653350150482813
65 0.995687519129332
66 0.776443190953596
67 0.9140116807152884
68 1.5999240534680583
69 1.378457291797231
70 0.8222708820837634
71 1.2683498860195392
72 1.1742731941015043
73 0.9329314757129846
74 1.051934036919818
75 0.6525379174119772
76 1.0228594321870899
77 1.0165861030864507
78 1.6302280417359611
79 1.1265953669549431
80 1.4088699170138195
81 0.9311270300183034
82 0.9629567412886797
83 1.0842920482104825
84 1.0137387768871966
85 0.998302856947372
86 1.1116204949275479
