1 3.012706077431053
2 0.10656236274038428
3 0.17244097888814483
4 1.2466526416541348
5 0.0942856444832384
6 1.1383495104235404
7 1.6931890210706786
8 0.9851633594118159
9 1.5759638451912046
10 0.5762759244206316
11 1.8215611239026621
12 0.8595232618646308
13 1.4392441432894323
14 0.828460685820018
15 3.0555720728305964
16 2.1291622221175133
17 1.3789691226857583
18 2.054642073448699
19 1.114695612630786
20 0.17391226832875048
21 1.6578332526357051
22 1.6788923273987
23 1.249231425206328
24 0.9487401073291413
25 2.9299657009894275
26 0.6951591745079857
27 1.4442978737459724
28 0.7332456756210873
29 0.7474476623396069
30 0.3526857611310805
31 0.7065089102179587
32 0.8582076243259044
33 0.7763888798841022
34 0.446762100068788
35 1.5584395262554565
36 0.7246444015107945
37 0.9837308606973998
38 0.7923113482514405
39 0.7115517780865863
40 1.3345320971398602
41 1.4718551270674012
42 1.1733215071728642
43 1.1099676836464833
44 0.6913341404959403
45 1.1527531561956061
46 0.7547144955819305
47 0.7753645576380319
48 0.8786377934552855
49 1.3408628139367011
50 1.0862234626902638
51 0.7730511250055382
52 0.7837702599003579
53 0.7754962130982277
54 0.7397744743119054
55 0.8902819400695776
56 0.6848685993732709
57 1.302194811018454
58 0.8717592653812644
59 1.1680173821196347
60 1.1906240825380812
61 1.0927875129548048
62 0.8043213447542785
63 0.8537609947523719
64 1.0538911073614459
65 0.9915483259873566
66 0.9122513634022915
67 1.0127083090542683
68 1.0086207441497306
69 1.033917270772298
70 1.1142607678091554
71 1.1691393932869467
72 1.1156279267629734
73 1.0145800334409905
