1 0.9281526776315573
2 1.7059481149878364
3 6.128516563340825
4 0.5597549366081896
5 1.206954722052618
6 0.30482669584359967
7 1.1627258420754658
8 0.902005313045877
9 3.1402252022974033
10 1.073003804311624
11 1.315873194506256
12 0.9457999782923106
13 1.9506116009064898
14 0.05502249209369094
15 0.7532316321883855
16 0.8734653845089516
17 0.4500445323172629
18 0.7259899198203504
19 1.6015310783828451
20 4.357711856187492
21 0.5544201842362042
22 0.5824932974770237
23 1.2270100701297904
24 2.734390754577557
25 1.83884095777959
26 1.3711733767857257
27 0.5352375170404398
28 1.6361856608618748
29 0.25642178966274026
30 0.5158477734453654
31 4.100093597141214
32 0.2340421129763717
33 0.5516034180144209
34 1.0400526771240628
35 4.317247145242864
36 1.4926053034616866
37 1.6262188965208666
38 1.9652707345646134
39 1.3406128453020745
40 1.0475511537771263
41 0.6735226768749196
42 2.4495534089400595
43 2.4524504132715426
44 0.7882929166197613
45 0.9435594962050324
46 1.315541916191165
47 1.2064071431248822
48 3.2197372088594793
49 0.744831322360332
50 2.9880248610896616
51 0.7418269725340737
52 0.6634485145119798
53 0.8512812694163238
54 1.3935053412789495
55 0.5142273201848814
56 1.013407246513635
57 0.7325483227336368
58 1.2845340737157191
59 1.5357693581260228
60 2.544626296762204
61 0.38356753848933506
62 0.59762028739824
63 0.7341539607479478
64 2.0863267523339095
65 0.49922456088721834
66 0.8617428165584139
67 1.5033137752622892
68 1.1509357430146756
69 0.742043559483404
70 0.5891437602728455
71 0.9132527882892135
72 1.470276812048444
73 1.200468617708044
74 0.8067123167345521
75 0.701571926605353
76 0.9656608006798565
77 0.7111937261750907
78 1.0219052149224546
79 0.7636275544217009
80 0.8120119139230128
81 1.1873828912635507
82 1.4178779379401578
83 0.7422671597413665
84 1.3303481674396023
85 0.7250029439129894
86 1.134054888040464
87 0.9991048560436918
88 0.862790011353267
89 0.9067097717445625
90 0.8507801793815793
91 0.7953913189147849
92 1.3100500970632982
93 0.9164097828507999
94 1.190431861300402
95 0.9958638557257665
96 0.9703648877181676
97 0.9391080634929048
