1 3.3568600828269544
2 0.7926750895771723
3 0.21650898098307564
4 2.1036555539658637
5 0.368393324449528
6 0.6405684225329468
7 0.3872410626153507
8 0.7480130535934201
9 2.5971166885774317
10 0.5145578333940061
11 0.7931674637508292
12 0.8417195860267936
13 1.402922693030756
14 0.8534603319615963
15 0.849541341832156
16 0.8167386234627261
17 1.1177420238132496
18 0.7660032353697149
19 2.2428984896053326
20 1.2603614526759754
21 1.1738886650790745
22 1.338238853997575
23 3.557365674391663
24 0.2594608871000998
25 0.6668212366409978
26 0.999285907422637
27 0.3313561118442644
28 0.2234175009221648
29 0.8060255035830873
30 0.9103360641708462
31 1.0386294095846949
32 0.474723613002843
33 1.7870825848621072
34 0.7453984953355894
35 0.6711874242405463
36 0.48628280586809963
37 0.7546308464090011
38 3.11730645673085
39 0.2536914116114056
40 1.1016285023445596
41 0.8928938793077885
42 0.5716659687566962
43 1.0555078077852325
44 0.7819292963083746
45 0.70497195739311
46 1.818925358298128
47 0.8083767359621346
48 0.5985990462486779
49 0.5217133733584589
50 0.8023070490314469
51 1.3265304410901857
52 1.2194951508054173
53 1.158970002569038
54 1.5783591906612435
55 0.7050864507536839
56 0.45209196514001765
57 0.8158286708696336
58 0.8813117948957482
59 0.8958796946754116
60 0.7752240983729566
61 0.6332512432746543
62 1.2559681675406054
63 1.2047743267466207
64 0.7993485934157398
65 0.6212747412104339
66 0.8063327189594998
67 1.2871833832377668
68 0.9697099473248872
69 1.2023946377653705
70 1.1847972707568741
71 0.7714354653048475
72 0.893423978861865
73 0.9360346734389796
74 1.086879345710791
75 1.120909368700463
76 1.0524671180974632
77 1.1146906949269524
78 0.8532543199376463
79 0.8587913108479062
80 1.0922813381062018
81 0.9163838759312786
82 1.0878973685117963
83 0.950299314128158
84 0.9477675020257811
85 1.0060923367305104
86 1.0092774237585505
87 0.9522051215178619
