1 1.0
2 1.0
3 1.0
4 1.0
5 1.0
6 1.0
7 1.0
8 1.0
9 1.0
10 1.0
11 1.0
12 1.0
13 1.0
14 1.0
15 1.0
16 1.0
17 1.0
18 1.0
19 1.0
20 0.95
21 0.9523809523809523
22 0.9545454545454546
23 0.9565217391304348
24 0.9583333333333334
25 0.96
26 0.9615384615384616
27 0.9629629629629629
28 0.9642857142857143
29 0.9655172413793104
30 0.9666666666666667
31 0.967741935483871
32 0.96875
33 0.9696969696969697
34 0.9705882352941176
35 0.9714285714285714
36 0.9722222222222222
37 0.972972972972973
38 0.9736842105263158
39 0.9743589743589743
40 0.975
41 0.975609756097561
42 0.9761904761904762
43 0.9534883720930233
44 0.9318181818181818
45 0.9111111111111111
46 0.8913043478260869
47 0.8936170212765957
48 0.8958333333333334
49 0.8979591836734694
50 0.9
51 0.9019607843137255
52 0.9038461538461539
53 0.9056603773584906
54 0.9074074074074074
55 0.8909090909090909
56 0.8928571428571429
57 0.8947368421052632
58 0.896551724137931
59 0.8983050847457628
60 0.8833333333333333
61 0.8852459016393442
62 0.8870967741935484
63 0.8888888888888888
64 0.890625
65 0.8923076923076924
66 0.8939393939393939
67 0.8955223880597015
68 0.8970588235294118
69 0.8840579710144928
70 0.8857142857142857
71 0.8873239436619719
72 0.8888888888888888
73 0.8904109589041096
74 0.8918918918918919
75 0.8933333333333333
76 0.8947368421052632
77 0.8961038961038961
78 0.8846153846153846
79 0.8734177215189873
80 0.875
81 0.8641975308641975
82 0.8536585365853658
83 0.8554216867469879
84 0.8571428571428571
85 0.8588235294117647
86 0.8488372093023255
87 0.8505747126436781
88 0.8409090909090909
89 0.8426966292134831
90 0.8333333333333334
91 0.8351648351648352
92 0.8369565217391305
93 0.8279569892473119
94 0.8191489361702128
95 0.8210526315789474
96 0.8229166666666666
97 0.8247422680412371
98 0.826530612244898
99 0.8181818181818182
100 0.82
101 0.8118811881188119
102 0.803921568627451
103 0.8058252427184466
104 0.8076923076923077
105 0.8095238095238095
106 0.8113207547169812
107 0.8037383177570093
108 0.8055555555555556
109 0.8073394495412844
110 0.8
111 0.8018018018018018
112 0.7946428571428571
113 0.7876106194690266
114 0.7807017543859649
115 0.782608695652174
116 0.7844827586206896
117 0.7777777777777778
118 0.7796610169491526
119 0.773109243697479
120 0.775
121 0.7768595041322314
122 0.7704918032786885
123 0.7723577235772358
124 0.7741935483870968
125 0.768
126 0.7619047619047619
127 0.7559055118110236
128 0.75
129 0.7441860465116279
130 0.7384615384615385
131 0.732824427480916
132 0.7348484848484849
133 0.7293233082706767
134 0.7238805970149254
135 0.7185185185185186
136 0.7205882352941176
137 0.7153284671532847
138 0.7101449275362319
139 0.7050359712230215
140 0.7071428571428572
141 0.7021276595744681
142 0.6971830985915493
143 0.6993006993006993
144 0.7013888888888888
145 0.696551724137931
146 0.6917808219178082
147 0.6870748299319728
148 0.6824324324324325
149 0.6778523489932886
150 0.6733333333333333
151 0.6754966887417219
152 0.6710526315789473
153 0.6666666666666666
154 0.6623376623376623
155 0.6645161290322581
156 0.6602564102564102
157 0.6560509554140127
158 0.6518987341772152
159 0.6477987421383647
160 0.64375
161 0.639751552795031
162 0.6358024691358025
163 0.6380368098159509
164 0.6402439024390244
165 0.6424242424242425
166 0.6385542168674698
167 0.6407185628742516
168 0.6369047619047619
169 0.6390532544378699
170 0.6411764705882353
171 0.6374269005847953
172 0.6337209302325582
173 0.630057803468208
174 0.6264367816091954
175 0.6285714285714286
176 0.6306818181818182
177 0.632768361581921
178 0.6348314606741573
179 0.6312849162011173
180 0.6277777777777778
181 0.6243093922651933
182 0.6208791208791209
183 0.6229508196721312
184 0.6195652173913043
185 0.6216216216216216
186 0.6236559139784946
187 0.6203208556149733
188 0.6170212765957447
189 0.6137566137566137
190 0.6105263157894737
191 0.6073298429319371
192 0.6041666666666666
193 0.6010362694300518
194 0.6030927835051546
195 0.6
196 0.5969387755102041
197 0.5939086294416244
198 0.5909090909090909
199 0.592964824120603
200 0.59
201 0.5870646766169154
202 0.5841584158415841
203 0.5812807881773399
204 0.5784313725490197
205 0.5756097560975609
206 0.5728155339805825
207 0.5748792270531401
208 0.5769230769230769
209 0.5741626794258373
210 0.5761904761904761
211 0.5734597156398105
212 0.5707547169811321
213 0.5727699530516432
214 0.5700934579439252
215 0.5674418604651162
216 0.5648148148148148
217 0.5622119815668203
218 0.5596330275229358
219 0.5570776255707762
220 0.5590909090909091
221 0.5565610859728507
222 0.5540540540540541
223 0.5515695067264574
224 0.5491071428571429
225 0.5511111111111111
226 0.5486725663716814
227 0.5462555066079295
228 0.5482456140350878
229 0.5458515283842795
230 0.5434782608695652
231 0.5411255411255411
232 0.5431034482758621
233 0.5407725321888412
234 0.5427350427350427
235 0.5446808510638298
236 0.5466101694915254
237 0.5485232067510548
238 0.5462184873949579
239 0.5481171548117155
240 0.5458333333333333
241 0.5435684647302904
242 0.5413223140495868
243 0.5390946502057613
244 0.5368852459016393
245 0.5346938775510204
246 0.5365853658536586
247 0.5384615384615384
248 0.5403225806451613
249 0.5381526104417671
250 0.536
251 0.5338645418326693
252 0.5317460317460317
253 0.5335968379446641
254 0.5354330708661418
255 0.5333333333333333
256 0.53515625
257 0.5369649805447471
258 0.5348837209302325
259 0.5328185328185329
260 0.5307692307692308
261 0.5287356321839081
262 0.5267175572519084
263 0.5247148288973384
264 0.5227272727272727
265 0.5207547169811321
266 0.518796992481203
267 0.5168539325842697
268 0.5149253731343284
269 0.5130111524163569
270 0.5111111111111111
271 0.5092250922509225
272 0.5073529411764706
273 0.5054945054945055
274 0.5036496350364964
275 0.5018181818181818
276 0.5036231884057971
277 0.5018050541516246
278 0.5035971223021583
279 0.5053763440860215
280 0.5035714285714286
281 0.501779359430605
282 0.5
283 0.49823321554770317
284 0.4964788732394366
285 0.49473684210526314
286 0.493006993006993
287 0.4912891986062718
288 0.4930555555555556
289 0.4913494809688581
290 0.49310344827586206
291 0.49140893470790376
292 0.4897260273972603
293 0.4880546075085324
294 0.48639455782312924
295 0.4847457627118644
296 0.4831081081081081
297 0.48148148148148145
298 0.4798657718120805
299 0.4816053511705686
300 0.48
301 0.47840531561461797
302 0.48013245033112584
303 0.47854785478547857
304 0.4769736842105263
305 0.47540983606557374
306 0.4738562091503268
307 0.4723127035830619
308 0.4707792207792208
309 0.4692556634304207
310 0.46774193548387094
311 0.4662379421221865
312 0.46474358974358976
313 0.46645367412140576
314 0.46496815286624205
315 0.4634920634920635
316 0.4620253164556962
317 0.4605678233438486
318 0.4591194968553459
319 0.45768025078369906
320 0.45625
321 0.45482866043613707
322 0.453416149068323
323 0.4520123839009288
324 0.4506172839506173
325 0.4492307692307692
326 0.44785276073619634
327 0.44648318042813456
328 0.4451219512195122
329 0.44376899696048633
330 0.44242424242424244
331 0.44108761329305135
332 0.4427710843373494
333 0.44144144144144143
334 0.44011976047904194
335 0.4388059701492537
336 0.44047619047619047
337 0.4391691394658754
338 0.4378698224852071
339 0.43952802359882004
340 0.43823529411764706
341 0.436950146627566
342 0.43567251461988304
343 0.43440233236151604
344 0.4331395348837209
345 0.4318840579710145
346 0.430635838150289
347 0.42939481268011526
348 0.4281609195402299
349 0.4269340974212034
350 0.4257142857142857
351 0.42450142450142453
352 0.42329545454545453
353 0.42209631728045327
354 0.4209039548022599
355 0.4197183098591549
356 0.41853932584269665
357 0.42016806722689076
358 0.41899441340782123
359 0.4178272980501393
360 0.4166666666666667
361 0.4155124653739612
362 0.4143646408839779
363 0.4132231404958678
364 0.41208791208791207
365 0.410958904109589
366 0.4098360655737705
367 0.4114441416893733
368 0.41304347826086957
369 0.41192411924119243
370 0.41081081081081083
371 0.40970350404312667
372 0.4112903225806452
373 0.4101876675603217
374 0.4090909090909091
375 0.408
376 0.40691489361702127
377 0.40583554376657827
378 0.4074074074074074
379 0.40633245382585753
380 0.4052631578947368
381 0.4041994750656168
382 0.40575916230366493
383 0.4046997389033943
384 0.4036458333333333
385 0.4025974025974026
386 0.4015544041450777
387 0.4005167958656331
388 0.39948453608247425
389 0.39845758354755784
390 0.3974358974358974
391 0.39641943734015345
392 0.39540816326530615
393 0.3944020356234097
394 0.39593908629441626
395 0.3949367088607595
396 0.3939393939393939
397 0.3929471032745592
398 0.39195979899497485
399 0.39348370927318294
400 0.3925
401 0.3915211970074813
402 0.39054726368159204
403 0.38957816377171217
404 0.3886138613861386
405 0.38765432098765434
406 0.3866995073891626
407 0.3857493857493858
408 0.38480392156862747
409 0.38386308068459657
410 0.3829268292682927
411 0.3819951338199513
412 0.38106796116504854
413 0.3801452784503632
414 0.37922705314009664
415 0.38072289156626504
416 0.3798076923076923
417 0.381294964028777
418 0.3803827751196172
419 0.3794749403341289
420 0.38095238095238093
421 0.38004750593824227
422 0.3791469194312796
423 0.37825059101654845
424 0.37735849056603776
425 0.3788235294117647
426 0.3779342723004695
427 0.3770491803278688
428 0.37616822429906543
429 0.3752913752913753
430 0.3744186046511628
431 0.37354988399071926
432 0.3726851851851852
433 0.371824480369515
434 0.3709677419354839
435 0.3701149425287356
436 0.36926605504587157
437 0.3684210526315789
438 0.3675799086757991
439 0.36674259681093396
440 0.3659090909090909
441 0.36507936507936506
442 0.36425339366515835
443 0.36343115124153497
444 0.36486486486486486
445 0.36404494382022473
446 0.3632286995515695
447 0.3624161073825503
448 0.36160714285714285
449 0.36302895322939865
450 0.3622222222222222
451 0.3614190687361419
452 0.3606194690265487
453 0.3598233995584989
454 0.3590308370044053
455 0.35824175824175825
456 0.3574561403508772
457 0.35667396061269147
458 0.3558951965065502
459 0.355119825708061
460 0.35434782608695653
461 0.35357917570498915
462 0.3528138528138528
463 0.35205183585313177
464 0.35129310344827586
465 0.35053763440860214
466 0.3497854077253219
467 0.3490364025695932
468 0.3482905982905983
469 0.34754797441364604
470 0.3468085106382979
471 0.346072186836518
472 0.3474576271186441
473 0.346723044397463
474 0.3459915611814346
475 0.3452631578947368
476 0.3445378151260504
477 0.3438155136268344
478 0.34309623430962344
479 0.34237995824634654
480 0.3416666666666667
481 0.34303534303534305
482 0.34232365145228216
483 0.3416149068322981
484 0.3409090909090909
485 0.3402061855670103
486 0.3395061728395062
487 0.33880903490759756
488 0.33811475409836067
489 0.3374233128834356
490 0.336734693877551
491 0.3380855397148676
492 0.33739837398373984
493 0.33874239350912777
494 0.33805668016194335
495 0.3373737373737374
496 0.33669354838709675
497 0.33601609657947684
498 0.3353413654618474
499 0.3346693386773547
500 0.334
501 0.3333333333333333
502 0.3346613545816733
503 0.33399602385685884
504 0.3333333333333333
505 0.3326732673267327
506 0.33201581027667987
507 0.33136094674556216
508 0.33070866141732286
509 0.3300589390962672
510 0.32941176470588235
511 0.3287671232876712
512 0.328125
513 0.32748538011695905
514 0.32684824902723736
515 0.3262135922330097
516 0.32558139534883723
517 0.32495164410058025
518 0.32432432432432434
519 0.325626204238921
520 0.325
521 0.32437619961612285
522 0.32375478927203066
523 0.3231357552581262
524 0.32251908396946566
525 0.3219047619047619
526 0.32129277566539927
527 0.3206831119544592
528 0.32196969696969696
529 0.32136105860113423
530 0.32075471698113206
531 0.32015065913371
532 0.31954887218045114
533 0.31894934333958724
534 0.31835205992509363
535 0.3177570093457944
536 0.31716417910447764
537 0.3165735567970205
538 0.3159851301115242
539 0.31539888682745826
540 0.3148148148148148
541 0.3142329020332717
542 0.31365313653136534
543 0.31307550644567217
544 0.3125
545 0.3137614678899083
546 0.3131868131868132
547 0.3126142595978062
548 0.31204379562043794
549 0.3114754098360656
550 0.3109090909090909
551 0.3103448275862069
552 0.30978260869565216
553 0.3092224231464738
554 0.30866425992779783
555 0.3081081081081081
556 0.30755395683453235
557 0.3087971274685817
558 0.30824372759856633
559 0.3076923076923077
560 0.30714285714285716
561 0.3065953654188948
562 0.30604982206405695
563 0.30550621669627
564 0.3049645390070922
565 0.30442477876106194
566 0.303886925795053
567 0.30335097001763667
568 0.3028169014084507
569 0.3022847100175747
570 0.3017543859649123
571 0.30122591943957966
572 0.30244755244755245
573 0.3019197207678883
574 0.30313588850174217
575 0.3026086956521739
576 0.3020833333333333
577 0.30155979202772965
578 0.30103806228373703
579 0.3005181347150259
580 0.3
581 0.30120481927710846
582 0.3006872852233677
583 0.30017152658662094
584 0.2996575342465753
585 0.29914529914529914
586 0.2986348122866894
587 0.2981260647359455
588 0.2976190476190476
589 0.29711375212224106
590 0.2966101694915254
591 0.2961082910321489
592 0.2956081081081081
593 0.2951096121416526
594 0.2946127946127946
595 0.29411764705882354
596 0.2936241610738255
597 0.2931323283082077
598 0.29264214046822745
599 0.2921535893155259
600 0.2916666666666667
601 0.2928452579034942
602 0.292358803986711
603 0.29187396351575456
604 0.29304635761589404
605 0.29256198347107437
606 0.29372937293729373
607 0.2932454695222405
608 0.29276315789473684
609 0.2922824302134647
610 0.29180327868852457
611 0.29132569558101473
612 0.2908496732026144
613 0.2903752039151713
614 0.2899022801302932
615 0.2894308943089431
616 0.288961038961039
617 0.2884927066450567
618 0.28802588996763756
619 0.2875605815831987
620 0.2870967741935484
621 0.286634460547504
622 0.2861736334405145
623 0.2857142857142857
624 0.28525641025641024
625 0.2848
626 0.28434504792332266
627 0.2838915470494418
628 0.28343949044585987
629 0.28298887122416533
630 0.28253968253968254
631 0.2820919175911252
632 0.28164556962025317
633 0.2812006319115324
634 0.2807570977917981
635 0.2803149606299213
636 0.279874213836478
637 0.2794348508634223
638 0.28056426332288403
639 0.28012519561815336
640 0.2796875
641 0.2792511700468019
642 0.278816199376947
643 0.27993779160186627
644 0.2795031055900621
645 0.27906976744186046
646 0.2786377708978328
647 0.2782071097372488
648 0.279320987654321
649 0.27889060092449924
650 0.2784615384615385
651 0.2780337941628264
652 0.2776073619631902
653 0.2771822358346095
654 0.27675840978593275
655 0.27633587786259545
656 0.2759146341463415
657 0.2754946727549467
658 0.2750759878419453
659 0.2746585735963581
660 0.27424242424242423
661 0.27382753403933435
662 0.27341389728096677
663 0.2730015082956259
664 0.27259036144578314
665 0.2721804511278195
666 0.27177177177177175
667 0.27136431784107945
668 0.27095808383233533
669 0.2705530642750374
670 0.2701492537313433
671 0.2697466467958271
672 0.2693452380952381
673 0.2689450222882615
674 0.2685459940652819
675 0.2696296296296296
676 0.2692307692307692
677 0.2688330871491876
678 0.26843657817109146
679 0.26804123711340205
680 0.2676470588235294
681 0.26725403817914833
682 0.2668621700879765
683 0.2664714494875549
684 0.26608187134502925
685 0.2671532846715328
686 0.26676384839650147
687 0.2663755458515284
688 0.26598837209302323
689 0.2656023222060958
690 0.26521739130434785
691 0.26483357452966716
692 0.26445086705202314
693 0.26406926406926406
694 0.26368876080691644
695 0.2633093525179856
696 0.2629310344827586
697 0.26255380200860834
698 0.2621776504297994
699 0.26180257510729615
700 0.26142857142857145
701 0.26105563480741795
702 0.2606837606837607
703 0.26173541963015645
704 0.26136363636363635
705 0.26099290780141843
706 0.26062322946175637
707 0.26025459688826025
708 0.2598870056497175
709 0.25952045133991536
710 0.2591549295774648
711 0.2587904360056259
712 0.25842696629213485
713 0.25806451612903225
714 0.25910364145658266
715 0.25874125874125875
716 0.25837988826815644
717 0.2580195258019526
718 0.2576601671309192
719 0.2573018080667594
720 0.2569444444444444
721 0.2565880721220527
722 0.2562326869806094
723 0.25587828492392806
724 0.255524861878453
725 0.25517241379310346
726 0.2548209366391185
727 0.2544704264099037
728 0.2541208791208791
729 0.2551440329218107
730 0.2547945205479452
731 0.25444596443228457
732 0.2540983606557377
733 0.25375170532060026
734 0.2547683923705722
735 0.254421768707483
736 0.25407608695652173
737 0.2537313432835821
738 0.25338753387533874
739 0.2530446549391069
740 0.25405405405405407
741 0.25371120107962214
742 0.25336927223719674
743 0.253028263795424
744 0.25268817204301075
745 0.2523489932885906
746 0.2520107238605898
747 0.25167336010709507
748 0.25133689839572193
749 0.25100133511348466
750 0.25066666666666665
751 0.25033288948069243
752 0.25
753 0.249667994687915
754 0.2493368700265252
755 0.2503311258278146
756 0.25132275132275134
757 0.2509907529722589
758 0.25065963060686014
759 0.2503293807641634
760 0.25
761 0.24967148488830487
762 0.24934383202099739
763 0.2490170380078637
764 0.2486910994764398
765 0.24836601307189543
766 0.24804177545691905
767 0.24771838331160365
768 0.24739583333333334
769 0.247074122236671
770 0.24675324675324675
771 0.24643320363164722
772 0.24611398963730569
773 0.24579560155239327
774 0.2467700258397933
775 0.24645161290322581
776 0.24613402061855671
777 0.24581724581724582
778 0.2455012853470437
779 0.24518613607188702
780 0.24487179487179486
781 0.24455825864276567
782 0.2442455242966752
783 0.24393358876117496
784 0.24362244897959184
785 0.2445859872611465
786 0.24427480916030533
787 0.24396442185514614
788 0.2436548223350254
789 0.24461343472750316
790 0.24430379746835443
791 0.24399494310998734
792 0.24368686868686867
793 0.24337957124842372
794 0.24307304785894207
795 0.24276729559748428
796 0.24246231155778894
797 0.24215809284818068
798 0.24310776942355888
799 0.2428035043804756
800 0.2425
801 0.2421972534332085
802 0.24189526184538654
803 0.24159402241594022
804 0.24253731343283583
805 0.2422360248447205
806 0.24193548387096775
807 0.241635687732342
808 0.24133663366336633
809 0.24103831891223734
810 0.24074074074074073
811 0.2404438964241677
812 0.24014778325123154
813 0.23985239852398524
814 0.23955773955773957
815 0.2392638036809816
816 0.23897058823529413
817 0.2386780905752754
818 0.23838630806845965
819 0.23809523809523808
820 0.23780487804878048
821 0.23751522533495736
822 0.23722627737226276
823 0.23693803159173754
824 0.2366504854368932
825 0.23636363636363636
826 0.2360774818401937
827 0.23579201934703747
828 0.23550724637681159
829 0.23522316043425814
830 0.23493975903614459
831 0.23465703971119134
832 0.234375
833 0.234093637454982
834 0.23381294964028776
835 0.2347305389221557
836 0.23444976076555024
837 0.23416965352449223
838 0.23389021479713604
839 0.23361144219308702
840 0.23452380952380952
841 0.2342449464922711
842 0.2339667458432304
843 0.23368920521945433
844 0.2334123222748815
845 0.2331360946745562
846 0.23286052009456265
847 0.23258559622195984
848 0.23231132075471697
849 0.232037691401649
850 0.23176470588235293
851 0.23149236192714454
852 0.2312206572769953
853 0.2309495896834701
854 0.2306791569086651
855 0.2304093567251462
856 0.23014018691588786
857 0.22987164527421236
858 0.2296037296037296
859 0.22933643771827705
860 0.22906976744186047
861 0.22880371660859466
862 0.228538283062645
863 0.22827346465816917
864 0.22800925925925927
865 0.2277456647398844
866 0.22748267898383373
867 0.22837370242214533
868 0.22811059907834103
869 0.22784810126582278
870 0.22758620689655173
871 0.22732491389207807
872 0.22706422018348624
873 0.2268041237113402
874 0.22654462242562928
875 0.22628571428571428
876 0.22602739726027396
877 0.22576966932725198
878 0.2255125284738041
879 0.22525597269624573
880 0.225
881 0.22474460839954596
882 0.22448979591836735
883 0.22423556058890148
884 0.2239819004524887
885 0.2248587570621469
886 0.22460496613995484
887 0.22435174746335965
888 0.22409909909909909
889 0.22384701912260968
890 0.22359550561797753
891 0.22334455667789002
892 0.22309417040358745
893 0.22284434490481522
894 0.2225950782997763
895 0.2223463687150838
896 0.22209821428571427
897 0.221850613154961
898 0.22271714922049
899 0.22246941045606228
900 0.2222222222222222
901 0.22308546059933407
902 0.22283813747228381
903 0.22259136212624583
904 0.22234513274336284
905 0.22209944751381216
906 0.22185430463576158
907 0.22160970231532526
908 0.22136563876651982
909 0.22112211221122113
910 0.22087912087912087
911 0.22063666300768386
912 0.22039473684210525
913 0.22015334063526834
914 0.21991247264770242
915 0.21967213114754097
916 0.21943231441048036
917 0.21919302071973829
918 0.21895424836601307
919 0.21871599564744287
920 0.2184782608695652
921 0.2182410423452769
922 0.21800433839479394
923 0.21776814734561215
924 0.21753246753246752
925 0.2172972972972973
926 0.21706263498920086
927 0.2168284789644013
928 0.2165948275862069
929 0.21743810548977396
930 0.2172043010752688
931 0.21697099892588614
932 0.2167381974248927
933 0.2165058949624866
934 0.21627408993576017
935 0.2160427807486631
936 0.21581196581196582
937 0.21558164354322304
938 0.21535181236673773
939 0.21512247071352503
940 0.2148936170212766
941 0.2157279489904357
942 0.21549893842887474
943 0.21527041357370094
944 0.21504237288135594
945 0.21481481481481482
946 0.21458773784355178
947 0.21541710665258712
948 0.21518987341772153
949 0.21496311907270813
950 0.21473684210526317
951 0.21451104100946372
952 0.21428571428571427
953 0.21406086044071354
954 0.2138364779874214
955 0.2136125654450262
956 0.21338912133891214
957 0.21316614420062696
958 0.21294363256784968
959 0.2127215849843587
960 0.2125
961 0.21227887617065558
962 0.21205821205821207
963 0.2118380062305296
964 0.21161825726141079
965 0.21139896373056996
966 0.2111801242236025
967 0.2109617373319545
968 0.21074380165289255
969 0.21052631578947367
970 0.21030927835051547
971 0.21009268795056643
972 0.20987654320987653
973 0.20966084275436794
974 0.20944558521560575
975 0.20923076923076922
976 0.20901639344262296
977 0.20880245649948823
978 0.2085889570552147
979 0.2083758937691522
980 0.20816326530612245
981 0.20795107033639143
982 0.20773930753564154
983 0.20752797558494404
984 0.2073170731707317
985 0.20710659898477157
986 0.20689655172413793
987 0.2066869300911854
988 0.20647773279352227
989 0.20626895854398383
990 0.20606060606060606
991 0.2058526740665994
992 0.2056451612903226
993 0.2054380664652568
994 0.2052313883299799
995 0.2050251256281407
996 0.20481927710843373
997 0.2046138415245737
998 0.20440881763527055
999 0.2042042042042042
1000 0.204
1001 0.2037962037962038
1002 0.20359281437125748
1003 0.2033898305084746
1004 0.20318725099601595
1005 0.20298507462686566
1006 0.20278330019880716
1007 0.2035749751737835
1008 0.20337301587301587
1009 0.20317145688800792
1010 0.20297029702970298
1011 0.20276953511374876
1012 0.2025691699604743
1013 0.20236920039486672
1014 0.20216962524654833
1015 0.2019704433497537
1016 0.2017716535433071
1017 0.2015732546705998
1018 0.2013752455795678
1019 0.2011776251226693
1020 0.20098039215686275
1021 0.2007835455435847
1022 0.20058708414872797
1023 0.20039100684261973
1024 0.2001953125
1025 0.2
1026 0.19980506822612085
1027 0.19961051606621227
1028 0.20038910505836577
1029 0.2001943634596696
1030 0.2
1031 0.19980601357904948
1032 0.1996124031007752
1033 0.1994191674733785
1034 0.19922630560928434
1035 0.19903381642512077
1036 0.19884169884169883
1037 0.19864995178399228
1038 0.19845857418111754
1039 0.19826756496631376
1040 0.19807692307692307
1041 0.1978866474543708
1042 0.19865642994241842
1043 0.1984659635666347
1044 0.19827586206896552
1045 0.19808612440191387
1046 0.19789674952198852
1047 0.1977077363896848
1048 0.19751908396946566
1049 0.19733079122974262
1050 0.19714285714285715
1051 0.19695528068506185
1052 0.1967680608365019
1053 0.19658119658119658
1054 0.19639468690702086
1055 0.1962085308056872
1056 0.19602272727272727
1057 0.195837275307474
1058 0.1956521739130435
1059 0.1954674220963173
1060 0.19528301886792454
1061 0.1950989632422243
1062 0.19491525423728814
1063 0.1947318908748824
1064 0.19454887218045114
1065 0.19436619718309858
1066 0.19418386491557224
1067 0.19400187441424555
1068 0.19382022471910113
1069 0.19363891487371376
1070 0.19345794392523363
1071 0.19327731092436976
1072 0.19309701492537312
1073 0.1929170549860205
1074 0.19273743016759776
1075 0.1925581395348837
1076 0.19237918215613384
1077 0.19220055710306408
1078 0.19202226345083487
1079 0.19184430027803523
1080 0.19166666666666668
1081 0.19148936170212766
1082 0.1913123844731978
1083 0.19113573407202217
1084 0.19095940959409594
1085 0.19078341013824884
1086 0.19060773480662985
1087 0.19043238270469182
1088 0.19117647058823528
1089 0.19100091827364554
1090 0.1908256880733945
1091 0.19065077910174152
1092 0.19047619047619047
1093 0.19030192131747484
1094 0.19012797074954296
1095 0.18995433789954339
1096 0.1897810218978102
1097 0.18960802187784867
1098 0.19034608378870674
1099 0.19017288444040037
1100 0.19
1101 0.18982742960944596
1102 0.1896551724137931
1103 0.18948322756119673
1104 0.18931159420289856
1105 0.18914027149321266
1106 0.18896925858951175
1107 0.18879855465221318
1108 0.18862815884476533
1109 0.1884580703336339
1110 0.18828828828828828
1111 0.18811881188118812
1112 0.18794964028776978
1113 0.18778077268643306
1114 0.18761220825852784
1115 0.18744394618834082
1116 0.18727598566308243
1117 0.18710832587287377
1118 0.18694096601073346
1119 0.1876675603217158
1120 0.1875
1121 0.1873327386262266
1122 0.18716577540106952
1123 0.18699910952804988
1124 0.18683274021352314
1125 0.18666666666666668
1126 0.18650088809946713
1127 0.18633540372670807
1128 0.18617021276595744
1129 0.18600531443755536
1130 0.18584070796460178
1131 0.1856763925729443
1132 0.1855123674911661
1133 0.1853486319505737
1134 0.18518518518518517
1135 0.18502202643171806
1136 0.18485915492957747
1137 0.18469656992084432
1138 0.18453427065026362
1139 0.18437225636523266
1140 0.18421052631578946
1141 0.18404907975460122
1142 0.18388791593695272
1143 0.1837270341207349
1144 0.18356643356643357
1145 0.18340611353711792
1146 0.18324607329842932
1147 0.18308631211857018
1148 0.18292682926829268
1149 0.18276762402088773
1150 0.1826086956521739
1151 0.18245004344048654
1152 0.18229166666666666
1153 0.1821335646140503
1154 0.18197573656845753
1155 0.18181818181818182
1156 0.18166089965397925
1157 0.1815038893690579
1158 0.18134715025906736
1159 0.181190681622088
1160 0.1810344827586207
1161 0.18087855297157623
1162 0.18072289156626506
1163 0.18056749785038692
1164 0.18041237113402062
1165 0.18025751072961374
1166 0.18010291595197256
1167 0.17994858611825193
1168 0.1797945205479452
1169 0.17964071856287425
1170 0.1794871794871795
1171 0.17933390264731
1172 0.17918088737201365
1173 0.17902813299232737
1174 0.1788756388415673
1175 0.17872340425531916
1176 0.17857142857142858
1177 0.1784197111299915
1178 0.17826825127334464
1179 0.178117048346056
1180 0.17796610169491525
1181 0.17781541066892464
1182 0.17766497461928935
1183 0.17751479289940827
1184 0.17736486486486486
1185 0.17721518987341772
1186 0.17706576728499157
1187 0.17691659646166807
1188 0.17676767676767677
1189 0.17661900756938603
1190 0.17647058823529413
1191 0.17632241813602015
1192 0.1761744966442953
1193 0.1760268231349539
1194 0.17587939698492464
1195 0.17573221757322174
1196 0.17558528428093645
1197 0.17543859649122806
1198 0.17529215358931552
1199 0.17514595496246874
1200 0.175
1201 0.17485428809325562
1202 0.17470881863560733
1203 0.1745635910224439
1204 0.1744186046511628
1205 0.17427385892116182
1206 0.17412935323383086
1207 0.1739850869925435
1208 0.173841059602649
1209 0.17452440033085195
1210 0.1743801652892562
1211 0.17423616845582163
1212 0.17491749174917492
1213 0.17477328936521022
1214 0.17462932454695224
1215 0.17448559670781894
1216 0.17434210526315788
1217 0.1741988496302383
1218 0.17405582922824303
1219 0.17391304347826086
1220 0.1737704918032787
1221 0.17362817362817362
1222 0.1734860883797054
1223 0.1733442354865086
1224 0.17320261437908496
1225 0.1730612244897959
1226 0.1729200652528548
1227 0.17277913610431947
1228 0.17263843648208468
1229 0.1724979658258747
1230 0.17235772357723578
1231 0.17221770917952883
1232 0.17207792207792208
1233 0.17193836171938362
1234 0.17179902755267423
1235 0.17165991902834007
1236 0.1715210355987055
1237 0.1713823767178658
1238 0.17124394184168013
1239 0.17110573042776434
1240 0.17096774193548386
1241 0.1708299758259468
1242 0.1706924315619968
1243 0.17055510860820594
1244 0.17041800643086816
1245 0.17028112449799196
1246 0.17014446227929375
1247 0.17000801924619086
1248 0.16987179487179488
1249 0.16973578863090472
1250 0.1696
1251 0.16946442845723422
1252 0.16932907348242812
1253 0.16919393455706305
1254 0.16905901116427433
1255 0.16892430278884463
1256 0.16878980891719744
1257 0.16945107398568018
1258 0.16931637519872814
1259 0.1691818903891978
1260 0.16904761904761906
1261 0.168913560666138
1262 0.1687797147385103
1263 0.16864608076009502
1264 0.1685126582278481
1265 0.1683794466403162
1266 0.16824644549763032
1267 0.1681136543014996
1268 0.16798107255520506
1269 0.16784869976359337
1270 0.16771653543307086
1271 0.16758457907159716
1272 0.16745283018867924
1273 0.16732128829536527
1274 0.16718995290423863
1275 0.16705882352941176
1276 0.1669278996865204
1277 0.1667971808927173
1278 0.16666666666666666
1279 0.16653635652853793
1280 0.1671875
1281 0.16705698672911787
1282 0.1669266770670827
1283 0.16679657053780203
1284 0.16666666666666666
1285 0.16653696498054474
1286 0.16640746500777606
1287 0.16627816627816627
1288 0.16614906832298137
1289 0.16602017067494182
1290 0.16589147286821707
1291 0.16576297443841984
1292 0.16563467492260062
1293 0.16550657385924208
1294 0.16537867078825347
1295 0.16525096525096525
1296 0.16512345679012347
1297 0.16499614494988435
1298 0.16486902927580893
1299 0.16474210931485758
1300 0.1646153846153846
1301 0.16448885472713298
1302 0.16436251920122888
1303 0.1642363775901765
1304 0.16411042944785276
1305 0.16398467432950192
1306 0.1638591117917305
1307 0.1637337413925019
1308 0.1636085626911315
1309 0.16348357524828114
1310 0.1633587786259542
1311 0.16399694889397406
1312 0.1638719512195122
1313 0.16374714394516374
1314 0.16362252663622526
1315 0.1634980988593156
1316 0.16337386018237082
1317 0.16324981017463933
1318 0.1631259484066768
1319 0.16300227445034116
1320 0.16287878787878787
1321 0.1627554882664648
1322 0.16263237518910742
1323 0.16250944822373395
1324 0.1623867069486405
1325 0.16226415094339622
1326 0.16214177978883862
1327 0.16201959306706856
1328 0.16189759036144577
1329 0.1617757712565839
1330 0.16165413533834586
1331 0.1615326821938392
1332 0.1614114114114114
1333 0.16129032258064516
1334 0.16116941529235382
1335 0.16104868913857678
1336 0.16092814371257486
1337 0.16080777860882572
1338 0.16068759342301944
1339 0.16056758775205376
1340 0.16044776119402984
1341 0.1610738255033557
1342 0.16095380029806258
1343 0.16083395383469842
1344 0.16071428571428573
1345 0.16059479553903347
1346 0.16047548291233285
1347 0.1603563474387528
1348 0.16023738872403562
1349 0.16011860637509265
1350 0.16
1351 0.15988156920799407
1352 0.15976331360946747
1353 0.15964523281596452
1354 0.15952732644017725
1355 0.15940959409594097
1356 0.1592920353982301
1357 0.159174649963154
1358 0.15905743740795286
1359 0.15894039735099338
1360 0.1588235294117647
1361 0.15870683321087437
1362 0.15859030837004406
1363 0.15847395451210564
1364 0.15835777126099707
1365 0.15824175824175823
1366 0.1581259150805271
1367 0.15801024140453548
1368 0.15789473684210525
1369 0.15777940102264426
1370 0.15766423357664233
1371 0.1575492341356674
1372 0.15743440233236153
1373 0.157319737800437
1374 0.1572052401746725
1375 0.1570909090909091
1376 0.1569767441860465
1377 0.1568627450980392
1378 0.1567489114658926
1379 0.15663524292965916
1380 0.1565217391304348
1381 0.1564083997103548
1382 0.15701881331403764
1383 0.1569052783803326
1384 0.15679190751445088
1385 0.15667870036101084
1386 0.15656565656565657
1387 0.15645277577505406
1388 0.1563400576368876
1389 0.156227501799856
1390 0.15611510791366906
1391 0.15600287562904386
1392 0.15589080459770116
1393 0.15577889447236182
1394 0.1556671449067432
1395 0.15555555555555556
1396 0.15544412607449856
1397 0.15533285612025768
1398 0.1552217453505007
1399 0.15511079342387418
1400 0.155
1401 0.15488936473947182
1402 0.15477888730385164
1403 0.15466856735566642
1404 0.15455840455840456
1405 0.15444839857651246
1406 0.15433854907539118
1407 0.15422885572139303
1408 0.15411931818181818
1409 0.1540099361249113
1410 0.15390070921985816
1411 0.15379163713678243
1412 0.1536827195467422
1413 0.15357395612172683
1414 0.15346534653465346
1415 0.15335689045936396
1416 0.15324858757062146
1417 0.15314043754410728
1418 0.1530324400564175
1419 0.1529245947850599
1420 0.1528169014084507
1421 0.15270935960591134
1422 0.15260196905766527
1423 0.15249472944483486
1424 0.1523876404494382
1425 0.15228070175438596
1426 0.15217391304347827
1427 0.15206727400140155
1428 0.15196078431372548
1429 0.15185444366689993
1430 0.15174825174825174
1431 0.15164220824598182
1432 0.15153631284916202
1433 0.15143056524773202
1434 0.15132496513249652
1435 0.15121951219512195
1436 0.1511142061281337
1437 0.15100904662491302
1438 0.15090403337969402
1439 0.1507991660875608
1440 0.15138888888888888
1441 0.15128383067314366
1442 0.15117891816920942
1443 0.15107415107415106
1444 0.15096952908587258
1445 0.1508650519031142
1446 0.1507607192254495
1447 0.15065653075328264
1448 0.1505524861878453
1449 0.15044858523119392
1450 0.1503448275862069
1451 0.15024121295658166
1452 0.15013774104683195
1453 0.15003441156228492
1454 0.1499312242090784
1455 0.14982817869415807
1456 0.14972527472527472
1457 0.14962251201098148
1458 0.149519890260631
1459 0.14941740918437285
1460 0.14931506849315068
1461 0.14921286789869953
1462 0.1491108071135431
1463 0.14900888585099112
1464 0.1489071038251366
1465 0.14880546075085324
1466 0.14870395634379263
1467 0.14860259032038173
1468 0.14850136239782016
1469 0.1484002722940776
1470 0.14829931972789115
1471 0.14819850441876276
1472 0.1480978260869565
1473 0.14799728445349628
1474 0.14789687924016282
1475 0.14779661016949153
1476 0.14769647696476965
1477 0.14759647935003387
1478 0.14749661705006767
1479 0.14739688979039892
1480 0.1472972972972973
1481 0.14787305874409182
1482 0.14777327935222673
1483 0.14767363452461227
1484 0.14757412398921832
1485 0.14747474747474748
1486 0.14737550471063257
1487 0.1472763954270343
1488 0.14717741935483872
1489 0.1470785762256548
1490 0.14697986577181207
1491 0.14688128772635814
1492 0.1467828418230563
1493 0.14668452779638314
1494 0.1465863453815261
1495 0.14648829431438126
1496 0.1463903743315508
1497 0.1462925851703407
1498 0.14619492656875835
1499 0.14609739826551035
1500 0.146
1501 0.1459027315123251
1502 0.14580559254327563
1503 0.14570858283433133
1504 0.1456117021276596
1505 0.14551495016611296
1506 0.1454183266932271
1507 0.1453218314532183
1508 0.14522546419098142
1509 0.145791915175613
1510 0.1456953642384106
1511 0.14559894109861019
1512 0.1455026455026455
1513 0.14540647719762062
1514 0.1453104359313078
1515 0.14521452145214522
1516 0.14511873350923482
1517 0.14502307185234015
1518 0.14492753623188406
1519 0.1448321263989467
1520 0.14473684210526316
1521 0.14464168310322156
1522 0.1445466491458607
1523 0.14445173998686803
1524 0.14435695538057744
1525 0.14426229508196722
1526 0.14416775884665792
1527 0.14407334643091027
1528 0.14397905759162305
1529 0.14388489208633093
1530 0.1437908496732026
1531 0.14369693011103854
1532 0.14360313315926893
1533 0.14350945857795172
1534 0.14341590612777053
1535 0.14332247557003258
1536 0.14322916666666666
1537 0.14313597918022122
1538 0.14304291287386217
1539 0.142949967511371
1540 0.1435064935064935
1541 0.14341336794289422
1542 0.14332036316472113
1543 0.14322747893713544
1544 0.14313471502590674
1545 0.143042071197411
1546 0.1429495472186287
1547 0.14285714285714285
1548 0.14276485788113696
1549 0.14267269205939315
1550 0.14258064516129032
1551 0.14248871695680207
1552 0.14239690721649484
1553 0.14230521571152607
1554 0.14221364221364222
1555 0.14212218649517686
1556 0.14203084832904883
1557 0.14193962748876043
1558 0.14184852374839538
1559 0.14175753688261705
1560 0.14166666666666666
1561 0.14157591287636132
1562 0.14148527528809218
1563 0.1413947536788228
1564 0.14130434782608695
1565 0.1412140575079872
1566 0.14112388250319285
1567 0.1410338225909381
1568 0.14094387755102042
1569 0.1408540471637986
1570 0.14076433121019108
1571 0.1406747294716741
1572 0.1405852417302799
1573 0.14049586776859505
1574 0.14040660736975857
1575 0.1403174603174603
1576 0.14022842639593908
1577 0.140139505389981
1578 0.14005069708491763
1579 0.13996200126662445
1580 0.13987341772151898
1581 0.13978494623655913
1582 0.13969658659924147
1583 0.1396083385975995
1584 0.13952020202020202
1585 0.13943217665615143
1586 0.13934426229508196
1587 0.13925645872715817
1588 0.13916876574307305
1589 0.13908118313404658
1590 0.1389937106918239
1591 0.13890634820867379
1592 0.13881909547738694
1593 0.13873195229127433
1594 0.13864491844416563
1595 0.13855799373040753
1596 0.13847117794486216
1597 0.13838447088290545
1598 0.13829787234042554
1599 0.13821138211382114
1600 0.138125
1601 0.13803872579637727
1602 0.1379525593008739
1603 0.13786650031191516
1604 0.13778054862842892
1605 0.13769470404984424
1606 0.13760896637608966
1607 0.1375233354075918
1608 0.13743781094527363
1609 0.13735239279055314
1610 0.1372670807453416
1611 0.1371818746120422
1612 0.13709677419354838
1613 0.1370117792932424
1614 0.1369268897149938
1615 0.1368421052631579
1616 0.13675742574257427
1617 0.13667285095856524
1618 0.1365883807169345
1619 0.1365040148239654
1620 0.13641975308641976
1621 0.13633559531153608
1622 0.13625154130702835
1623 0.1361675908810844
1624 0.13608374384236452
1625 0.136
1626 0.13591635916359163
1627 0.13583282114320835
1628 0.13574938574938575
1629 0.1356660527931246
1630 0.13558282208588956
1631 0.1354996934396076
1632 0.13602941176470587
1633 0.1359461114513166
1634 0.13586291309669524
1635 0.13577981651376148
1636 0.1356968215158924
1637 0.1356139279169212
1638 0.13614163614163613
1639 0.13605857230018303
1640 0.13597560975609757
1641 0.13589274832419257
1642 0.13580998781973203
1643 0.1357273280584297
1644 0.1356447688564477
1645 0.13556231003039515
1646 0.13547995139732685
1647 0.13539769277474195
1648 0.13531553398058252
1649 0.13523347483323225
1650 0.13515151515151516
1651 0.13506965475469412
1652 0.13498789346246973
1653 0.13490623109497882
1654 0.13482466747279323
1655 0.13474320241691842
1656 0.13466183574879226
1657 0.13458056729028364
1658 0.1344993968636912
1659 0.13441832429174203
1660 0.13433734939759037
1661 0.13425647200481639
1662 0.1341756919374248
1663 0.13409500901984367
1664 0.13401442307692307
1665 0.13393393393393394
1666 0.13385354141656663
1667 0.13377324535092983
1668 0.13369304556354916
1669 0.13361294188136608
1670 0.13353293413173653
1671 0.13405146618791142
1672 0.1339712918660287
1673 0.13389121338912133
1674 0.13381123058542413
1675 0.13373134328358208
1676 0.13365155131264916
1677 0.13357185450208706
1678 0.133492252681764
1679 0.13341274568195355
1680 0.13333333333333333
1681 0.13325401546698393
1682 0.13317479191438764
1683 0.13309566250742721
1684 0.1330166270783848
1685 0.13293768545994064
1686 0.132858837485172
1687 0.13278008298755187
1688 0.13270142180094788
1689 0.13262285375962107
1690 0.13313609467455623
1691 0.13305736250739209
1692 0.13297872340425532
1693 0.13290017720023628
1694 0.13282172373081463
1695 0.13274336283185842
1696 0.13266509433962265
1697 0.13258691809074838
1698 0.13250883392226148
1699 0.13243084167157151
1700 0.1323529411764706
1701 0.13227513227513227
1702 0.13219741480611047
1703 0.13211978860833823
1704 0.13204225352112675
1705 0.13196480938416422
1706 0.13188745603751464
1707 0.13181019332161686
1708 0.13173302107728338
1709 0.13165593914569923
1710 0.13157894736842105
1711 0.1315020455873758
1712 0.1314252336448598
1713 0.13134851138353765
1714 0.13127187864644108
1715 0.13119533527696792
1716 0.13111888111888112
1717 0.1310425160163075
1718 0.1309662398137369
1719 0.13089005235602094
1720 0.1308139534883721
1721 0.13073794305636258
1722 0.13066202090592335
1723 0.130586186883343
1724 0.13051044083526683
1725 0.13043478260869565
1726 0.13035921205098494
1727 0.13028372900984367
1728 0.13020833333333334
1729 0.13013302486986697
1730 0.13005780346820808
1731 0.12998266897746968
1732 0.12990762124711316
1733 0.1298326601269475
1734 0.12975778546712802
1735 0.12968299711815562
1736 0.12960829493087558
1737 0.12953367875647667
1738 0.12945914844649023
1739 0.12938470385278897
1740 0.12931034482758622
1741 0.1292360712234348
1742 0.12916188289322617
1743 0.12908777969018934
1744 0.1290137614678899
1745 0.12893982808022922
1746 0.12886597938144329
1747 0.1287922152261019
1748 0.12871853546910755
1749 0.12864493996569468
1750 0.12857142857142856
1751 0.12849800114220444
1752 0.1284246575342466
1753 0.12835139760410724
1754 0.12884834663625996
1755 0.12877492877492877
1756 0.12870159453302962
1757 0.128628343767786
1758 0.1285551763367463
1759 0.12848209209778283
1760 0.12840909090909092
1761 0.12833617262918795
1762 0.1282633371169126
1763 0.1281905842314237
1764 0.12811791383219956
1765 0.12804532577903682
1766 0.12797281993204984
1767 0.1279003961516695
1768 0.12782805429864252
1769 0.12775579423403052
1770 0.12768361581920903
1771 0.12761151891586675
1772 0.1275395033860045
1773 0.12746756909193457
1774 0.1273957158962796
1775 0.12732394366197183
1776 0.12725225225225226
1777 0.12718064153066966
1778 0.12710911136107986
1779 0.12703766160764474
1780 0.12696629213483146
1781 0.12689500280741156
1782 0.12682379349046016
1783 0.126752664049355
1784 0.1266816143497758
1785 0.12661064425770308
1786 0.1265397536394177
1787 0.12646894236149972
1788 0.12639821029082773
1789 0.12632755729457798
1790 0.12625698324022347
1791 0.12618648799553323
1792 0.12611607142857142
1793 0.1260457334076966
1794 0.12597547380156077
1795 0.12590529247910864
1796 0.12583518930957685
1797 0.12576516416249303
1798 0.12569521690767518
1799 0.12562534741523068
1800 0.12555555555555556
1801 0.1254858411993337
1802 0.12541620421753608
1803 0.12534664448141986
1804 0.12527716186252771
1805 0.12520775623268698
1806 0.12513842746400886
1807 0.12506917542888765
1808 0.125
1809 0.12493090105030404
1810 0.12486187845303867
1811 0.1247929320817228
1812 0.12472406181015452
1813 0.12465526751241036
1814 0.12458654906284454
1815 0.12451790633608815
1816 0.12444933920704845
1817 0.12438084755090809
1818 0.12431243124312431
1819 0.12424409015942826
1820 0.12417582417582418
1821 0.1241076331685887
1822 0.12403951701427003
1823 0.12397147558968732
1824 0.12390350877192982
1825 0.12383561643835617
1826 0.12376779846659365
1827 0.12370005473453749
1828 0.12363238512035012
1829 0.12356478950246036
1830 0.12349726775956284
1831 0.12342981977061715
1832 0.12336244541484716
1833 0.12329514457174032
1834 0.12322791712104689
1835 0.12316076294277929
1836 0.12309368191721133
1837 0.12302667392487751
1838 0.12295973884657237
1839 0.12289287656334964
1840 0.12282608695652174
1841 0.12275936990765889
1842 0.12323561346362649
1843 0.12316874660879001
1844 0.12310195227765727
1845 0.12303523035230353
1846 0.12296858071505959
1847 0.1229020032485111
1848 0.12283549783549784
1849 0.12276906435911303
1850 0.1227027027027027
1851 0.12263641274986493
1852 0.12257019438444924
1853 0.12250404749055585
1854 0.12243797195253506
1855 0.12237196765498652
1856 0.12230603448275862
1857 0.12224017232094776
1858 0.12217438105489774
1859 0.12210866057019903
1860 0.12204301075268817
1861 0.12197743148844707
1862 0.12191192266380237
1863 0.12184648416532474
1864 0.12178111587982833
1865 0.12171581769436997
1866 0.12165058949624866
1867 0.12158543117300483
1868 0.1215203426124197
1869 0.12145532370251472
1870 0.1213903743315508
1871 0.1213254943880278
1872 0.12126068376068376
1873 0.1211959423384944
1874 0.12113127001067236
1875 0.12106666666666667
1876 0.12100213219616204
1877 0.12093766648907832
1878 0.12087326943556975
1879 0.12080894092602448
1880 0.12074468085106382
1881 0.12068048910154174
1882 0.1206163655685441
1883 0.12055231014338821
1884 0.12048832271762208
1885 0.12042440318302387
1886 0.12036055143160128
1887 0.12029676735559089
1888 0.12023305084745763
1889 0.12016940179989412
1890 0.1201058201058201
1891 0.12004230565838181
1892 0.11997885835095137
1893 0.11991547807712626
1894 0.11985216473072861
1895 0.11978891820580474
1896 0.11972573839662447
1897 0.11966262519768055
1898 0.11959957850368809
1899 0.119536598209584
1900 0.11947368421052632
1901 0.11941083640189375
1902 0.11934805467928496
1903 0.11928533893851813
1904 0.11922268907563026
1905 0.11916010498687664
1906 0.11909758656873033
1907 0.11903513371788149
1908 0.1189727463312369
1909 0.11891042430591933
1910 0.11884816753926701
1911 0.11878597592883307
1912 0.11872384937238493
1913 0.11866178776790381
1914 0.11859979101358412
1915 0.1185378590078329
1916 0.11847599164926931
1917 0.11841418883672405
1918 0.11835245046923878
1919 0.11829077644606566
1920 0.11822916666666666
1921 0.11816762103071317
1922 0.11810613943808533
1923 0.11804472178887156
1924 0.11798336798336799
1925 0.11792207792207793
1926 0.11786085150571132
1927 0.11779968863518422
1928 0.11773858921161826
1929 0.11767755313634007
1930 0.11761658031088083
1931 0.11755567063697565
1932 0.11749482401656315
1933 0.11743404035178479
1934 0.11737331954498449
1935 0.117312661498708
1936 0.11725206611570248
1937 0.11719153329891585
1938 0.11713106295149639
1939 0.11707065497679216
1940 0.11701030927835052
1941 0.11695002575991757
1942 0.11688980432543769
1943 0.11682964487905301
1944 0.11676954732510288
1945 0.1167095115681234
1946 0.11664953751284686
1947 0.11658962506420134
1948 0.11652977412731007
1949 0.11646998460749101
1950 0.11641025641025642
1951 0.11635058944131214
1952 0.11629098360655737
1953 0.11623143881208398
1954 0.11617195496417605
1955 0.11611253196930946
1956 0.11605316973415133
1957 0.11650485436893204
1958 0.11644535240040858
1959 0.11638591117917305
1960 0.11632653061224489
1961 0.11626721060683325
1962 0.1162079510703364
1963 0.11614875191034131
1964 0.11608961303462322
1965 0.11603053435114503
1966 0.11597151576805696
1967 0.11591255719369599
1968 0.11585365853658537
1969 0.11579481970543423
1970 0.11573604060913706
1971 0.1156773211567732
1972 0.11561866125760649
1973 0.11556006082108464
1974 0.11550151975683891
1975 0.11544303797468354
1976 0.11538461538461539
1977 0.11532625189681335
1978 0.11526794742163801
1979 0.11520970186963113
1980 0.11515151515151516
1981 0.11509338717819283
1982 0.11503531786074672
1983 0.11497730711043873
1984 0.11491935483870967
1985 0.11486146095717883
1986 0.1148036253776435
1987 0.11474584801207852
1988 0.11468812877263582
1989 0.1151332327802916
1990 0.11507537688442211
1991 0.1150175791059769
1992 0.11495983935742972
1993 0.11490215755143
1994 0.1148445336008024
1995 0.11478696741854637
1996 0.11472945891783567
1997 0.11467200801201803
1998 0.11461461461461461
1999 0.11455727863931967
2000 0.1145
2001 0.11444277861069466
2002 0.11438561438561438
2003 0.11432850723914129
2004 0.11477045908183632
2005 0.11471321695760599
2006 0.11465603190428714
2007 0.114598903836572
2008 0.1145418326693227
2009 0.11448481831757093
2010 0.11442786069651742
2011 0.11437095972153158
2012 0.1143141153081511
2013 0.11425732737208147
2014 0.11469712015888779
2015 0.11464019851116625
2016 0.11458333333333333
2017 0.11452652454139811
2018 0.11446977205153618
2019 0.11441307578008915
2020 0.11435643564356436
2021 0.11429985155863434
2022 0.1142433234421365
2023 0.11418685121107267
2024 0.11413043478260869
2025 0.11407407407407408
2026 0.1140177690029615
2027 0.1139615194869265
2028 0.11390532544378698
2029 0.11384918679152292
2030 0.11379310344827587
2031 0.1137370753323486
2032 0.11368110236220473
2033 0.11362518445646827
2034 0.11356932153392331
2035 0.11351351351351352
2036 0.11345776031434185
2037 0.1134020618556701
2038 0.11334641805691854
2039 0.11329082883766552
2040 0.11323529411764706
2041 0.11317981381675649
2042 0.11312438785504407
2043 0.1130690161527166
2044 0.11301369863013698
2045 0.11295843520782396
2046 0.11290322580645161
2047 0.11284807034684904
2048 0.11279296875
2049 0.11273792093704246
2050 0.1126829268292683
2051 0.11262798634812286
2052 0.11257309941520467
2053 0.11251826595226498
2054 0.1124634858812074
2055 0.11240875912408758
2056 0.11235408560311284
2057 0.11229946524064172
2058 0.11224489795918367
2059 0.11219038368139873
2060 0.11213592233009709
2061 0.11208151382823872
2062 0.11202715809893307
2063 0.11197285506543868
2064 0.1119186046511628
2065 0.11186440677966102
2066 0.11181026137463698
2067 0.11175616835994194
2068 0.11170212765957446
2069 0.11164813919768003
2070 0.11159420289855072
2071 0.11154031868662483
2072 0.11148648648648649
2073 0.11143270622286541
2074 0.11137897782063645
2075 0.11132530120481927
2076 0.11127167630057803
2077 0.111218103033221
2078 0.11116458132820019
2079 0.1111111111111111
2080 0.1110576923076923
2081 0.11100432484382508
2082 0.11095100864553314
2083 0.11089774363898224
2084 0.11084452975047984
2085 0.11079136690647481
2086 0.11073825503355705
2087 0.11068519405845711
2088 0.1111111111111111
2089 0.11105792245093346
2090 0.11100478468899522
2091 0.11095169775227164
2092 0.11089866156787763
2093 0.11084567606306736
2094 0.11079274116523401
2095 0.11073985680190931
2096 0.11068702290076336
2097 0.11063423938960419
2098 0.11105815061963775
2099 0.1110052405907575
2100 0.11142857142857143
2101 0.11137553545930509
2102 0.11132254995242626
2103 0.11174512601046124
2104 0.11169201520912547
2105 0.11163895486935867
2106 0.11158594491927826
2107 0.1115329852871381
2108 0.11148007590132827
2109 0.11142721669037459
2110 0.11137440758293839
2111 0.1113216485078162
2112 0.11126893939393939
2113 0.11121628017037388
2114 0.11116367076631978
2115 0.1111111111111111
2116 0.1110586011342155
2117 0.11100614076523382
2118 0.1109537299338999
2119 0.11090136857008023
2120 0.11084905660377359
2121 0.1107967939651108
2122 0.11074458058435438
2123 0.11069241639189825
2124 0.11064030131826742
2125 0.11058823529411765
2126 0.11053621825023519
2127 0.11048425011753643
2128 0.11043233082706767
2129 0.1103804603100047
2130 0.11032863849765258
2131 0.11027686532144533
2132 0.11022514071294559
2133 0.11017346460384435
2134 0.11012183692596064
2135 0.11007025761124122
2136 0.1100187265917603
2137 0.10996724379971923
2138 0.10991580916744621
2139 0.10986442262739599
2140 0.10981308411214953
2141 0.10976179355441383
2142 0.10971055088702147
2143 0.10965935604293048
2144 0.10960820895522388
2145 0.10955710955710955
2146 0.10950605778191985
2147 0.10945505356311132
2148 0.10940409683426443
2149 0.1093531875290833
2150 0.10930232558139535
2151 0.10925151092515109
2152 0.1092007434944238
2153 0.10915002322340919
2154 0.10909935004642525
2155 0.10904872389791183
2156 0.10899814471243043
2157 0.10894761242466389
2158 0.10889712696941613
2159 0.10884668828161186
2160 0.1087962962962963
2161 0.10874595094863489
2162 0.10869565217391304
2163 0.10864539990753583
2164 0.10859519408502773
2165 0.10854503464203233
2166 0.1084949215143121
2167 0.10844485463774804
2168 0.10839483394833949
2169 0.10834485938220378
2170 0.10829493087557604
2171 0.10824504836480885
2172 0.10819521178637201
2173 0.10814542107685228
2174 0.10809567617295308
2175 0.10804597701149425
2176 0.10799632352941177
2177 0.10794671566375746
2178 0.1078971533516988
2179 0.10784763653051858
2180 0.10779816513761468
2181 0.10774873911049977
2182 0.1076993583868011
2183 0.10765002290426019
2184 0.10760073260073261
2185 0.10755148741418764
2186 0.10795974382433669
2187 0.10791037951531779
2188 0.10786106032906764
2189 0.107811786203746
2190 0.10776255707762557
2191 0.10771337288909173
2192 0.10766423357664233
2193 0.10761513907888737
2194 0.10756608933454877
2195 0.10751708428246014
2196 0.10746812386156648
2197 0.10741920801092399
2198 0.10737033666969972
2199 0.10732150977717145
2200 0.10727272727272727
2201 0.10722398909586552
2202 0.10717529518619437
2203 0.10712664548343169
2204 0.10707803992740472
2205 0.10702947845804989
2206 0.10698096101541252
2207 0.10693248753964658
2208 0.1068840579710145
2209 0.10683567224988683
2210 0.10678733031674208
2211 0.10673903211216644
2212 0.10669077757685352
2213 0.10664256665160415
2214 0.1070460704607046
2215 0.10699774266365689
2216 0.1069494584837545
2217 0.10690121786197564
2218 0.10685302073940486
2219 0.106804867057233
2220 0.10675675675675676
2221 0.10670868977937865
2222 0.10666066606660667
2223 0.10661268556005399
2224 0.10656474820143885
2225 0.10651685393258427
2226 0.10646900269541779
2227 0.10642119443197126
2228 0.1063734290843806
2229 0.1063257065948856
2230 0.10627802690582959
2231 0.10623038995965935
2232 0.10618279569892473
2233 0.10613524406627856
2234 0.10608773500447627
2235 0.10604026845637583
2236 0.10599284436493739
2237 0.10594546267322306
2238 0.10589812332439678
2239 0.10585082626172398
2240 0.10580357142857143
2241 0.10575635876840696
2242 0.10570918822479929
2243 0.10566205974141775
2244 0.10561497326203209
2245 0.10556792873051225
2246 0.10552092609082814
2247 0.1054739652870494
2248 0.10542704626334519
2249 0.10538016896398399
2250 0.10533333333333333
2251 0.10528653931585961
2252 0.10523978685612789
2253 0.1051930758988016
2254 0.10514640638864241
2255 0.10509977827050998
2256 0.10505319148936171
2257 0.10500664599025254
2258 0.10496014171833482
2259 0.1049136786188579
2260 0.10486725663716814
2261 0.10482087571870853
2262 0.10477453580901856
2263 0.10472823685373397
2264 0.10468197879858657
2265 0.10463576158940398
2266 0.10458958517210945
2267 0.10454344949272165
2268 0.10449735449735449
2269 0.10445130013221683
2270 0.10440528634361233
2271 0.10435931307793923
2272 0.10431338028169014
2273 0.10426748790145182
2274 0.10422163588390501
2275 0.10417582417582417
2276 0.10413005272407733
2277 0.10408432147562582
2278 0.10403863037752414
2279 0.1039929793769197
2280 0.10394736842105264
2281 0.10390179745725558
2282 0.10385626643295355
2283 0.1038107752956636
2284 0.10376532399299475
2285 0.1037199124726477
2286 0.1036745406824147
2287 0.10362920857017928
2288 0.10358391608391608
2289 0.10353866317169069
2290 0.10349344978165939
2291 0.10344827586206896
2292 0.10340314136125654
2293 0.10335804622764937
2294 0.1033129904097646
2295 0.10326797385620914
2296 0.10322299651567944
2297 0.10317805833696125
2298 0.1031331592689295
2299 0.10308829926054806
2300 0.10304347826086957
2301 0.10299869621903521
2302 0.10295395308427455
2303 0.10290924880590534
2304 0.10286458333333333
2305 0.10281995661605206
2306 0.10277536860364267
2307 0.10273081924577374
2308 0.10268630849220103
2309 0.10264183629276744
2310 0.1025974025974026
2311 0.10298572046733016
2312 0.10294117647058823
2313 0.1028966709900562
2314 0.10285220397579949
2315 0.10280777537796976
2316 0.10276338514680483
2317 0.1027190332326284
2318 0.10267471958584987
2319 0.1026304441569642
2320 0.10258620689655172
2321 0.1025420077552779
2322 0.1024978466838932
2323 0.1024537236332329
2324 0.10240963855421686
2325 0.10236559139784947
2326 0.10232158211521926
2327 0.10227761065749892
2328 0.10223367697594501
2329 0.10218978102189781
2330 0.10214592274678111
2331 0.1021021021021021
2332 0.10205831903945112
2333 0.1020145735105015
2334 0.10197086546700942
2335 0.10192719486081371
2336 0.10188356164383562
2337 0.10183996576807873
2338 0.10179640718562874
2339 0.10175288584865327
2340 0.10170940170940171
2341 0.10166595472020504
2342 0.10162254483347566
2343 0.10157917200170721
2344 0.1015358361774744
2345 0.10149253731343283
2346 0.10144927536231885
2347 0.1014060502769493
2348 0.10136286201022146
2349 0.10131971051511282
2350 0.10127659574468086
2351 0.10123351765206295
2352 0.10119047619047619
2353 0.10114747131321716
2354 0.10110450297366186
2355 0.1010615711252654
2356 0.10101867572156197
2357 0.10097581671616461
2358 0.10093299406276506
2359 0.10089020771513353
2360 0.10084745762711865
2361 0.10080474375264718
2362 0.10076206604572396
2363 0.10071942446043165
2364 0.10067681895093063
2365 0.10063424947145877
2366 0.10059171597633136
2367 0.10054921841994086
2368 0.10050675675675676
2369 0.10046433094132545
2370 0.10042194092827005
2371 0.10037958667229017
2372 0.10033726812816189
2373 0.10029498525073746
2374 0.10025273799494525
2375 0.10021052631578947
2376 0.10016835016835017
2377 0.10012620950778292
2378 0.10008410428931876
2379 0.10004203446826397
2380 0.1
2381 0.0999580008399832
2382 0.09991603694374475
2383 0.09987410826689047
2384 0.09983221476510067
2385 0.09979035639412998
2386 0.0997485331098072
2387 0.09970674486803519
2388 0.09966499162479062
2389 0.0996232733361239
2390 0.099581589958159
2391 0.09953994144709327
2392 0.09949832775919733
2393 0.09945674885081487
2394 0.09941520467836257
2395 0.09937369519832985
2396 0.0993322203672788
2397 0.09929078014184398
2398 0.09924937447873228
2399 0.09920800333472281
2400 0.09916666666666667
2401 0.09912536443148688
2402 0.09908409658617819
2403 0.09904286308780691
2404 0.09900166389351081
2405 0.09896049896049897
2406 0.09891936824605153
2407 0.09887827170751974
2408 0.09883720930232558
2409 0.0987961809879618
2410 0.0987551867219917
2411 0.09871422646204894
2412 0.09867330016583747
2413 0.09863240779113137
2414 0.09859154929577464
2415 0.09855072463768116
2416 0.09850993377483444
2417 0.09846917666528755
2418 0.09842845326716294
2419 0.09838776353865233
2420 0.09834710743801653
2421 0.09830648492358529
2422 0.09826589595375723
2423 0.09822534048699959
2424 0.09818481848184818
2425 0.09814432989690722
2426 0.09810387469084914
2427 0.0980634528224145
2428 0.09802306425041186
2429 0.09798270893371758
2430 0.09794238683127572
2431 0.0979020979020979
2432 0.09786184210526316
2433 0.09782161939991779
2434 0.09778142974527526
2435 0.09774127310061602
2436 0.09770114942528736
2437 0.09766105867870332
2438 0.09762100082034454
2439 0.0975809758097581
2440 0.09754098360655737
2441 0.09750102417042196
2442 0.09746109746109746
2443 0.09742120343839542
2444 0.09738134206219312
2445 0.09734151329243354
2446 0.0973017170891251
2447 0.09726195341234165
2448 0.09722222222222222
2449 0.09718252347897101
2450 0.09714285714285714
2451 0.0971032231742146
2452 0.09706362153344208
2453 0.09702405218100285
2454 0.09698451507742462
2455 0.09694501018329939
2456 0.09690553745928339
2457 0.09686609686609686
2458 0.096826688364524
2459 0.09678731191541277
2460 0.09674796747967479
2461 0.09670865501828525
2462 0.0966693744922827
2463 0.09663012586276898
2464 0.09659090909090909
2465 0.09655172413793103
2466 0.09651257096512571
2467 0.09647344953384678
2468 0.09643435980551053
2469 0.09639530174159579
2470 0.09635627530364373
2471 0.09631728045325778
2472 0.09627831715210355
2473 0.09623938536190861
2474 0.09620048504446241
2475 0.09616161616161616
2476 0.09612277867528271
2477 0.09608397254743642
2478 0.096045197740113
2479 0.09600645421540945
2480 0.09596774193548387
2481 0.09592906086255543
2482 0.0958904109589041
2483 0.09585179218687072
2484 0.09581320450885668
2485 0.09577464788732394
2486 0.09573612228479485
2487 0.09569762766385204
2488 0.09565916398713827
2489 0.09562073121735637
2490 0.09558232931726908
2491 0.09554395824969891
2492 0.09550561797752809
2493 0.09546730846369836
2494 0.0954290296712109
2495 0.09539078156312625
2496 0.0953525641025641
2497 0.09531437725270324
2498 0.09527622097678143
2499 0.09523809523809523
2500 0.0952
2501 0.09516193522590964
2502 0.09512390087929656
2503 0.09508589692369157
2504 0.0950479233226837
2505 0.09500998003992016
2506 0.09497206703910614
2507 0.09493418428400478
2508 0.094896331738437
2509 0.09485850936628139
2510 0.09482071713147411
2511 0.09478295499800876
2512 0.09474522292993631
2513 0.0947075208913649
2514 0.09466984884645982
2515 0.09463220675944334
2516 0.0945945945945946
2517 0.09455701231624951
2518 0.09451945988880063
2519 0.0944819372766971
2520 0.09444444444444444
2521 0.09440698135660452
2522 0.0943695479777954
2523 0.09433214427269124
2524 0.09429477020602219
2525 0.09425742574257426
2526 0.09422011084718923
2527 0.09418282548476455
2528 0.09414556962025317
2529 0.0941083432186635
2530 0.09407114624505929
2531 0.09403397866455947
2532 0.09399684044233807
2533 0.09395973154362416
2534 0.09392265193370165
2535 0.09388560157790928
2536 0.09384858044164038
2537 0.09381158849034292
2538 0.0937746256895193
2539 0.09373769200472627
2540 0.09370078740157481
2541 0.09366391184573003
2542 0.0936270653029111
2543 0.09359024773889107
2544 0.09355345911949685
2545 0.09351669941060904
2546 0.09347996857816182
2547 0.0934432665881429
2548 0.09340659340659341
2549 0.09336994899960768
2550 0.09333333333333334
2551 0.09329674637397099
2552 0.0932601880877743
2553 0.09322365844104974
2554 0.09318715740015662
2555 0.09315068493150686
2556 0.09311424100156494
2557 0.09307782557684786
2558 0.09304143862392494
2559 0.09300508010941774
2560 0.09296875
2561 0.09293244826239751
2562 0.09289617486338798
2563 0.09285992976980101
2564 0.09282371294851795
2565 0.09278752436647174
2566 0.09275136399064692
2567 0.09271523178807947
2568 0.0926791277258567
2569 0.09264305177111716
2570 0.09260700389105059
2571 0.09257098405289771
2572 0.09253499222395023
2573 0.09249902837155072
2574 0.09246309246309246
2575 0.09242718446601941
2576 0.09239130434782608
2577 0.09235545207605743
2578 0.09231962761830877
2579 0.09228383094222567
2580 0.09224806201550388
2581 0.09221232080588919
2582 0.09217660728117738
2583 0.0921409214092141
2584 0.09210526315789473
2585 0.09206963249516441
2586 0.0920340293890178
2587 0.09199845380749903
2588 0.0919629057187017
2589 0.09192738509076864
2590 0.0918918918918919
2591 0.09185642609031262
2592 0.09182098765432099
2593 0.09178557655225607
2594 0.09175019275250579
2595 0.09171483622350675
2596 0.09167950693374423
2597 0.09164420485175202
2598 0.09160892994611239
2599 0.09157368218545595
2600 0.09153846153846154
2601 0.0915032679738562
2602 0.09146810146041506
2603 0.0914329619669612
2604 0.0913978494623656
2605 0.09136276391554703
2606 0.09132770529547199
2607 0.09129267357115459
2608 0.09125766871165644
2609 0.09122269068608663
2610 0.09118773946360154
2611 0.09115281501340483
2612 0.09111791730474732
2613 0.0910830463069269
2614 0.09104820198928845
2615 0.0910133843212237
2616 0.09097859327217125
2617 0.09094382881161635
2618 0.09090909090909091
2619 0.09087437953417335
2620 0.09083969465648854
2621 0.09080503624570775
2622 0.09077040427154844
2623 0.09073579870377431
2624 0.09070121951219512
2625 0.09066666666666667
2626 0.09063214013709063
2627 0.09059763989341454
2628 0.09056316590563165
2629 0.09052871814378091
2630 0.09049429657794676
2631 0.09045990117825922
2632 0.09042553191489362
2633 0.09077098366881883
2634 0.09073652239939256
2635 0.09070208728652751
2636 0.09066767830045523
2637 0.09101251422070535
2638 0.09097801364670205
2639 0.09094353921940129
2640 0.09090909090909091
2641 0.09087466868610375
2642 0.09084027252081757
2643 0.09080590238365494
2644 0.0907715582450832
2645 0.09073724007561437
2646 0.09070294784580499
2647 0.09066868152625614
2648 0.09063444108761329
2649 0.09060022650056625
2650 0.09056603773584905
2651 0.0905318747642399
2652 0.09049773755656108
2653 0.09046362608367886
2654 0.0904295403165034
2655 0.0903954802259887
2656 0.09036144578313253
2657 0.09032743695897628
2658 0.09029345372460497
2659 0.09025949605114705
2660 0.09022556390977443
2661 0.09019165727170236
2662 0.09015777610818933
2663 0.09012392039053699
2664 0.09009009009009009
2665 0.0900562851782364
2666 0.0900225056264066
2667 0.08998875140607424
2668 0.08995502248875563
2669 0.08992131884600973
2670 0.0898876404494382
2671 0.08985398727068514
2672 0.08982035928143713
2673 0.08978675645342311
2674 0.08975317875841436
2675 0.09009345794392523
2676 0.09005979073243647
2677 0.09002614867388868
2678 0.08999253174010456
2679 0.08995893990294886
2680 0.08992537313432836
2681 0.08989183140619172
2682 0.08985831469052946
2683 0.08982482295937383
2684 0.0897913561847988
2685 0.08975791433891993
2686 0.08972449739389426
2687 0.08969110532192036
2688 0.0896577380952381
2689 0.08962439568612868
2690 0.08959107806691449
2691 0.08955778520995912
2692 0.08952451708766716
2693 0.08949127367248422
2694 0.0894580549368968
2695 0.08942486085343228
2696 0.08939169139465876
2697 0.08935854653318502
2698 0.08932542624166048
2699 0.0892923304927751
2700 0.08925925925925926
2701 0.08922621251388374
2702 0.08919319022945967
2703 0.08916019237883832
2704 0.08912721893491124
2705 0.08909426987060998
2706 0.08906134515890614
2707 0.08902844477281123
2708 0.08899556868537666
2709 0.08896271686969362
2710 0.08892988929889299
2711 0.08889708594614533
2712 0.08886430678466077
2713 0.08883155178768891
2714 0.08879882092851879
2715 0.08876611418047882
2716 0.08873343151693668
2717 0.08870077291129923
2718 0.08866813833701251
2719 0.0886355277675616
2720 0.08860294117647059
2721 0.08857037853730246
2722 0.08853783982365908
2723 0.08850532500918105
2724 0.08847283406754772
2725 0.08844036697247706
2726 0.0884079236977256
2727 0.08837550421708837
2728 0.08834310850439883
2729 0.08831073653352876
2730 0.08827838827838828
2731 0.08824606371292566
2732 0.08821376281112737
2733 0.08818148554701793
2734 0.08814923189465984
2735 0.08811700182815356
2736 0.08808479532163743
2737 0.08805261234928755
2738 0.08802045288531775
2739 0.08798831690397955
2740 0.08795620437956204
2741 0.08792411528639182
2742 0.08789204959883297
2743 0.08786000729128692
2744 0.08782798833819241
2745 0.0877959927140255
2746 0.08776402039329935
2747 0.08773207135056425
2748 0.08770014556040757
2749 0.08766824299745361
2750 0.08763636363636364
2751 0.08760450745183569
2752 0.08757267441860465
2753 0.08754086451144207
2754 0.08750907770515613
2755 0.08747731397459166
2756 0.0874455732946299
2757 0.08741385564018861
2758 0.0873821609862219
2759 0.08735048930772019
2760 0.08731884057971015
2761 0.08728721477725462
2762 0.08725561187545257
2763 0.08722403184943901
2764 0.08719247467438494
2765 0.08716094032549729
2766 0.0871294287780188
2767 0.08709794000722805
2768 0.08706647398843931
2769 0.08703503069700252
2770 0.08700361010830325
2771 0.08697221219776254
2772 0.08694083694083694
2773 0.0869094843130184
2774 0.08687815428983417
2775 0.08684684684684685
2776 0.08681556195965417
2777 0.08678429960388909
2778 0.08675305975521959
2779 0.08672184238934869
2780 0.08669064748201438
2781 0.08665947500898957
2782 0.08662832494608196
2783 0.08659719726913402
2784 0.08656609195402298
2785 0.08653500897666068
2786 0.08650394831299354
2787 0.08647290993900252
2788 0.08644189383070301
2789 0.08641089996414486
2790 0.08637992831541219
2791 0.08634897886062343
2792 0.08631805157593123
2793 0.08628714643752237
2794 0.08625626342161775
2795 0.08622540250447228
2796 0.08619456366237482
2797 0.0861637468716482
2798 0.08613295210864903
2799 0.08610217934976777
2800 0.08607142857142858
2801 0.08604069975008925
2802 0.08600999286224126
2803 0.08597930788440956
2804 0.08594864479315265
2805 0.08591800356506239
2806 0.08588738417676407
2807 0.08585678660491627
2808 0.08582621082621082
2809 0.08579565681737274
2810 0.08576512455516014
2811 0.08573461401636429
2812 0.08570412517780938
2813 0.08567365801635266
2814 0.08564321250888415
2815 0.08561278863232683
2816 0.08558238636363637
2817 0.0855520056798012
2818 0.08552164655784245
2819 0.08549130897481376
2820 0.08546099290780142
2821 0.08543069833392414
2822 0.0854004252303331
2823 0.08537017357421182
2824 0.0853399433427762
2825 0.08530973451327434
2826 0.08527954706298656
2827 0.08524938096922532
2828 0.08521923620933522
2829 0.08518911276069283
2830 0.08515901060070671
2831 0.08512892970681737
2832 0.08509887005649718
2833 0.08506883162725026
2834 0.08503881439661257
2835 0.08500881834215168
2836 0.08497884344146686
2837 0.08494888967218893
2838 0.08491895701198027
2839 0.08488904543853469
2840 0.08485915492957746
2841 0.0848292854628652
2842 0.08479943701618578
2843 0.08476960956735842
2844 0.08473980309423347
2845 0.08471001757469244
2846 0.08468025298664793
2847 0.08465050930804355
2848 0.08462078651685394
2849 0.0845910845910846
2850 0.08456140350877193
2851 0.08453174324798317
2852 0.08450210378681627
2853 0.08447248510339993
2854 0.08444288717589349
2855 0.08441330998248686
2856 0.08438375350140057
2857 0.08435421771088554
2858 0.08432470258922323
2859 0.08429520811472543
2860 0.08426573426573426
2861 0.08423628102062217
2862 0.08420684835779176
2863 0.08417743625567586
2864 0.08414804469273743
2865 0.08411867364746946
2866 0.08443824145150035
2867 0.08440878967561911
2868 0.08437935843793584
2869 0.08434994771697456
2870 0.0843205574912892
2871 0.0842911877394636
2872 0.08426183844011143
2873 0.08423250957187609
2874 0.08420320111343076
2875 0.08417391304347827
2876 0.08414464534075104
2877 0.08411539798401112
2878 0.08408617095205004
2879 0.08405696422368879
2880 0.08402777777777778
2881 0.08434571329399514
2882 0.08431644691186677
2883 0.08428720083246619
2884 0.08425797503467407
2885 0.08422876949740035
2886 0.0841995841995842
2887 0.08417041912019398
2888 0.08448753462603878
2889 0.0844582900657667
2890 0.08442906574394464
2891 0.08439986163957108
2892 0.08437067773167359
2893 0.08434151399930867
2894 0.08431237042156185
2895 0.0842832469775475
2896 0.08425414364640885
2897 0.08422506040731792
2898 0.0841959972394755
2899 0.08416695412211107
2900 0.08413793103448276
2901 0.08410892795587728
2902 0.08407994486560992
2903 0.08405098174302446
2904 0.08402203856749312
2905 0.08399311531841652
2906 0.08396421197522368
2907 0.08393532851737186
2908 0.08390646492434663
2909 0.08387762117566173
2910 0.0838487972508591
2911 0.08381999312950876
2912 0.08379120879120878
2913 0.0837624442155853
2914 0.08373369938229239
2915 0.083704974271012
2916 0.08367626886145405
2917 0.08364758313335618
2918 0.08361891706648389
2919 0.08359027064063035
2920 0.08356164383561644
2921 0.08353303663129065
2922 0.08350444900752908
2923 0.08347588094423537
2924 0.08344733242134063
2925 0.08341880341880342
2926 0.08339029391660971
2927 0.08336180389477281
2928 0.08333333333333333
2929 0.08330488221235917
2930 0.08327645051194539
2931 0.08324803821221426
2932 0.08321964529331514
2933 0.08319127173542448
2934 0.08316291751874574
2935 0.08313458262350937
2936 0.08310626702997276
2937 0.08307797071842016
2938 0.08304969366916269
2939 0.08302143586253828
2940 0.08299319727891157
2941 0.08296497789867392
2942 0.08293677770224338
2943 0.08290859667006456
2944 0.08288043478260869
2945 0.08285229202037352
2946 0.08282416836388323
2947 0.08279606379368849
2948 0.08276797829036635
2949 0.08273991183452017
2950 0.08271186440677966
2951 0.08268383598780074
2952 0.08265582655826559
2953 0.0826278360988825
2954 0.08259986459038592
2955 0.08257191201353638
2956 0.08254397834912043
2957 0.08251606357795063
2958 0.08248816768086545
2959 0.0824602906387293
2960 0.08243243243243244
2961 0.08240459304289091
2962 0.08237677245104659
2963 0.08234897063786703
2964 0.08232118758434548
2965 0.08229342327150084
2966 0.08226567768037761
2967 0.08223795079204584
2968 0.08221024258760108
2969 0.08218255304816437
2970 0.08215488215488216
2971 0.08212722988892629
2972 0.08209959623149395
2973 0.08207198116380761
2974 0.082044384667115
2975 0.08201680672268907
2976 0.08198924731182795
2977 0.08196170641585489
2978 0.0819341840161182
2979 0.08190668009399127
2980 0.08187919463087248
2981 0.08185172760818517
2982 0.0818242790073776
2983 0.0817968488099229
2984 0.08176943699731903
2985 0.08174204355108877
2986 0.08171466845277964
2987 0.08168731168396384
2988 0.08165997322623829
2989 0.08163265306122448
2990 0.08160535117056857
2991 0.08157806753594116
2992 0.08155080213903744
2993 0.08152355496157701
2994 0.08149632598530394
2995 0.08146911519198664
2996 0.0814419225634179
2997 0.08141474808141475
2998 0.08138759172781855
2999 0.08136045348449483
3000 0.08133333333333333
3001 0.08130623125624792
3002 0.08127914723517655
3003 0.08125208125208125
3004 0.08122503328894808
3005 0.08119800332778702
3006 0.08117099135063206
3007 0.08114399733954107
3008 0.08111702127659574
3009 0.08109006314390163
3010 0.08106312292358804
3011 0.08103620059780804
3012 0.08100929614873838
3013 0.0809824095585795
3014 0.0809555408095554
3015 0.08092868988391376
3016 0.08090185676392574
3017 0.08087504143188598
3018 0.08084824387011266
3019 0.08082146406094734
3020 0.08079470198675497
3021 0.08076795762992386
3022 0.08074123097286565
3023 0.08071452199801522
3024 0.08068783068783068
3025 0.08066115702479339
3026 0.0806345009914078
3027 0.08060786257020151
3028 0.08058124174372523
3029 0.08055463849455266
3030 0.08052805280528053
3031 0.08050148465852854
3032 0.08047493403693931
3033 0.08044840092317837
3034 0.08042188529993408
3035 0.08039538714991763
3036 0.08036890645586298
3037 0.08034244320052683
3038 0.08031599736668861
3039 0.08028956893715038
3040 0.08026315789473684
3041 0.0802367642222953
3042 0.08021038790269559
3043 0.0801840289188301
3044 0.08015768725361366
3045 0.08013136288998358
3046 0.08010505581089954
3047 0.08007876599934362
3048 0.08005249343832022
3049 0.08002623811085602
3050 0.08
3051 0.07997377908882333
3052 0.0799475753604194
3053 0.0799213887979037
3054 0.07989521938441388
3055 0.07986906710310966
3056 0.07984293193717278
3057 0.079816813869807
3058 0.08011772400261609
3059 0.08009153318077804
3060 0.08006535947712418
3061 0.0800392028748775
3062 0.08001306335728282
3063 0.07998694090760693
3064 0.07996083550913838
3065 0.0799347471451876
3066 0.07990867579908675
3067 0.07988262145418976
3068 0.07985658409387222
3069 0.07983056370153144
3070 0.07980456026058631
3071 0.07977857375447737
3072 0.07975260416666667
3073 0.07972665148063782
3074 0.0797007156798959
3075 0.07967479674796749
3076 0.07964889466840051
3077 0.07962300942476438
3078 0.07959714100064977
3079 0.07957128937966873
3080 0.07954545454545454
3081 0.0795196364816618
3082 0.07949383517196626
3083 0.07946805060006487
3084 0.07944228274967574
3085 0.07941653160453808
3086 0.07939079714841218
3087 0.07936507936507936
3088 0.07933937823834197
3089 0.07931369375202331
3090 0.07928802588996764
3091 0.07926237463604012
3092 0.07923673997412678
3093 0.07921112188813449
3094 0.07918552036199095
3095 0.0791599353796446
3096 0.0791343669250646
3097 0.07910881498224087
3098 0.07908327953518399
3099 0.07905776056792514
3100 0.07903225806451612
3101 0.07900677200902935
3102 0.0789813023855577
3103 0.07895584917821463
3104 0.07893041237113402
3105 0.07890499194847021
3106 0.07887958789439795
3107 0.07885420019311233
3108 0.07882882882882883
3109 0.07880347378578322
3110 0.07877813504823152
3111 0.07875281260045001
3112 0.07872750642673522
3113 0.07870221651140379
3114 0.07867694283879255
3115 0.07865168539325842
3116 0.07862644415917844
3117 0.07860121912094963
3118 0.07857601026298909
3119 0.0785508175697339
3120 0.07852564102564102
3121 0.07850048061518744
3122 0.07847533632286996
3123 0.07845020813320525
3124 0.07842509603072984
3125 0.0784
3126 0.07837492002559181
3127 0.07834985609210106
3128 0.07832480818414322
3129 0.07829977628635347
3130 0.07827476038338659
3131 0.07824976045991695
3132 0.07822477650063857
3133 0.07819980849026492
3134 0.07817485641352903
3135 0.07814992025518341
3136 0.078125
3137 0.07810009563277016
3138 0.07807520713830465
3139 0.07805033450143357
3140 0.07802547770700637
3141 0.07800063673989176
3142 0.07797581158497773
3143 0.0779510022271715
3144 0.07792620865139949
3145 0.07790143084260731
3146 0.07787666878575969
3147 0.07785192246584048
3148 0.0778271918678526
3149 0.07780247697681804
3150 0.07777777777777778
3151 0.07775309425579181
3152 0.07772842639593909
3153 0.07770377418331748
3154 0.07767913760304375
3155 0.07765451664025357
3156 0.0776299112801014
3157 0.07760532150776053
3158 0.07758074730842306
3159 0.07755618866729978
3160 0.07753164556962025
3161 0.07750711800063272
3162 0.07748260594560405
3163 0.07745810938981978
3164 0.07743362831858407
3165 0.07740916271721959
3166 0.07738471257106759
3167 0.07736027786548784
3168 0.07733585858585859
3169 0.07731145471757653
3170 0.07728706624605679
3171 0.0772626931567329
3172 0.07723833543505675
3173 0.07721399306649858
3174 0.07718966603654695
3175 0.07716535433070866
3176 0.07714105793450882
3177 0.07711677683349072
3178 0.07709251101321586
3179 0.07706826045926392
3180 0.0770440251572327
3181 0.07701980509273813
3182 0.0769956002514142
3183 0.07697141061891298
3184 0.07694723618090452
3185 0.07692307692307693
3186 0.07689893283113622
3187 0.0768748038908064
3188 0.07685069008782935
3189 0.07682659140796488
3190 0.0768025078369906
3191 0.07677843936070197
3192 0.07675438596491228
3193 0.07673034763545256
3194 0.07670632435817157
3195 0.07668231611893583
3196 0.07665832290362953
3197 0.07663434469815451
3198 0.07661038148843027
3199 0.07658643326039387
3200 0.0765625
3201 0.07653858169322086
3202 0.07651467832604622
3203 0.0764907898844833
3204 0.07646691635455681
3205 0.07644305772230889
3206 0.07641921397379912
3207 0.07639538509510446
3208 0.0763715710723192
3209 0.076347771891555
3210 0.0763239875389408
3211 0.07630021800062287
3212 0.07627646326276463
3213 0.07625272331154684
3214 0.07622899813316739
3215 0.07620528771384137
3216 0.07618159203980099
3217 0.07615791109729561
3218 0.07613424487259167
3219 0.07611059335197266
3220 0.07608695652173914
3221 0.07606333436820863
3222 0.07603972687771571
3223 0.07601613403661185
3224 0.0759925558312655
3225 0.07596899224806201
3226 0.07594544327340359
3227 0.07592190889370933
3228 0.07589838909541512
3229 0.07587488386497368
3230 0.07585139318885449
3231 0.07582791705354379
3232 0.07580445544554455
3233 0.07578100835137642
3234 0.07575757575757576
3235 0.07573415765069552
3236 0.07571075401730532
3237 0.07568736484399136
3238 0.07566399011735639
3239 0.07564062982401976
3240 0.07561728395061729
3241 0.0755939524838013
3242 0.07557063541024059
3243 0.07554733271662041
3244 0.07552404438964241
3245 0.07550077041602465
3246 0.07547751078250153
3247 0.07545426547582383
3248 0.07543103448275862
3249 0.07540781779008926
3250 0.07538461538461538
3251 0.07536142725315288
3252 0.07533825338253383
3253 0.07531509375960652
3254 0.0752919483712354
3255 0.07526881720430108
3256 0.07524570024570025
3257 0.07522259748234572
3258 0.07519950890116636
3259 0.07517643448910709
3260 0.07515337423312883
3261 0.07513032812020852
3262 0.07510729613733906
3263 0.07508427827152926
3264 0.07506127450980392
3265 0.07503828483920368
3266 0.07501530924678505
3267 0.07499234771962045
3268 0.07496940024479805
3269 0.07494646680942184
3270 0.07492354740061162
3271 0.07490064200550291
3272 0.07487775061124695
3273 0.07485487320501069
3274 0.07483200977397679
3275 0.07480916030534351
3276 0.07478632478632478
3277 0.07476350320415014
3278 0.07474069554606468
3279 0.07471790179932906
3280 0.07469512195121951
3281 0.07467235598902773
3282 0.07464960390006094
3283 0.07462686567164178
3284 0.0746041412911084
3285 0.0745814307458143
3286 0.07455873402312842
3287 0.07453605111043504
3288 0.07451338199513383
3289 0.07449072666463971
3290 0.07446808510638298
3291 0.07444545730780917
3292 0.0744228432563791
3293 0.07440024293956879
3294 0.07437765634486945
3295 0.07435508345978756
3296 0.07433252427184465
3297 0.07430997876857749
3298 0.0742874469375379
3299 0.07426492876629281
3300 0.07424242424242425
3301 0.07421993335352924
3302 0.07419745608721987
3303 0.07417499243112322
3304 0.07415254237288135
3305 0.07413010590015129
3306 0.07410768300060495
3307 0.07408527366192924
3308 0.07406287787182587
3309 0.07404049561801149
3310 0.07401812688821752
3311 0.07399577167019028
3312 0.07397342995169082
3313 0.07395110172049502
3314 0.07392878696439348
3315 0.07390648567119155
3316 0.0738841978287093
3317 0.07386192342478143
3318 0.07383966244725738
3319 0.0738174148840012
3320 0.07379518072289157
3321 0.07377295995182175
3322 0.07375075255869958
3323 0.07372855853144748
3324 0.07370637785800241
3325 0.07368421052631578
3326 0.07366205652435358
3327 0.07363991584009619
3328 0.07361778846153846
3329 0.0735956743766897
3330 0.07357357357357357
3331 0.07355148604022815
3332 0.07352941176470588
3333 0.0735073507350735
3334 0.07348530293941212
3335 0.0734632683658171
3336 0.07344124700239808
3337 0.073419238837279
3338 0.07339724385859796
3339 0.07337526205450734
3340 0.07335329341317365
3341 0.07333133792277761
3342 0.07330939557151406
3343 0.07328746634759198
3344 0.07326555023923445
3345 0.07324364723467862
3346 0.07322175732217573
3347 0.07319988048999104
3348 0.07317801672640382
3349 0.07315616601970737
3350 0.07313432835820896
3351 0.07311250373022979
3352 0.07309069212410502
3353 0.07306889352818371
3354 0.07304710793082886
3355 0.07302533532041729
3356 0.07300357568533969
3357 0.07298182901400059
3358 0.07296009529481834
3359 0.07293837451622506
3360 0.07291666666666667
3361 0.0728949717346028
3362 0.07287328970850684
3363 0.0728516205768659
3364 0.07282996432818074
3365 0.07280832095096583
3366 0.07278669043374926
3367 0.07276507276507277
3368 0.07274346793349169
3369 0.07272187592757495
3370 0.07270029673590504
3371 0.07267873034707802
3372 0.07265717674970344
3373 0.0726356359324044
3374 0.07261410788381743
3375 0.0725925925925926
3376 0.07257109004739337
3377 0.07254960023689665
3378 0.07252812314979278
3379 0.07250665877478545
3380 0.07248520710059171
3381 0.07246376811594203
3382 0.07244234180958013
3383 0.07242092817026308
3384 0.07239952718676122
3385 0.0723781388478582
3386 0.07235676314235086
3387 0.0723354000590493
3388 0.07231404958677685
3389 0.07229271171437002
3390 0.07227138643067847
3391 0.07225007372456503
3392 0.07222877358490566
3393 0.07220748600058945
3394 0.07218621096051857
3395 0.07216494845360824
3396 0.07214369846878681
3397 0.07212246099499559
3398 0.07210123602118894
3399 0.07208002353633422
3400 0.07205882352941176
3401 0.07203763598941487
3402 0.0720164609053498
3403 0.07199529826623567
3404 0.07197414806110458
3405 0.07195301027900147
3406 0.07193188490898414
3407 0.07191077194012327
3408 0.07188967136150234
3409 0.07186858316221766
3410 0.0718475073313783
3411 0.07182644385810613
3412 0.07180539273153576
3413 0.07178435394081453
3414 0.07176332747510251
3415 0.07174231332357248
3416 0.07172131147540983
3417 0.0717003219198127
3418 0.07167934464599181
3419 0.07165837964317051
3420 0.07163742690058479
3421 0.07161648640748319
3422 0.07159555815312682
3423 0.07157464212678936
3424 0.071553738317757
3425 0.07153284671532846
3426 0.07151196730881494
3427 0.07149110008754012
3428 0.07147024504084014
3429 0.07144940215806357
3430 0.07142857142857142
3431 0.0714077528417371
3432 0.07138694638694638
3433 0.07136615205359743
3434 0.07134536983110076
3435 0.07132459970887918
3436 0.07130384167636787
3437 0.07128309572301425
3438 0.07126236183827807
3439 0.07124164001163129
3440 0.07122093023255814
3441 0.07120023249055507
3442 0.07117954677513073
3443 0.07115887307580598
3444 0.07113821138211382
3445 0.07111756168359942
3446 0.07109692396982008
3447 0.07107629823034523
3448 0.07105568445475638
3449 0.07103508263264714
3450 0.07101449275362319
3451 0.07099391480730223
3452 0.07097334878331402
3453 0.07095279467130032
3454 0.07093225246091488
3455 0.07091172214182344
3456 0.0708912037037037
3457 0.0708706971362453
3458 0.0708502024291498
3459 0.07082971957213068
3460 0.0708092485549133
3461 0.0707887893672349
3462 0.0707683419988446
3463 0.07074790643950332
3464 0.07072748267898384
3465 0.0707070707070707
3466 0.0706866705135603
3467 0.07066628208826074
3468 0.07064590542099193
3469 0.07062554050158547
3470 0.07060518731988473
3471 0.07058484586574475
3472 0.07056451612903226
3473 0.07054419809962569
3474 0.07052389176741508
3475 0.07050359712230216
3476 0.07048331415420023
3477 0.07046304285303423
3478 0.07044278320874066
3479 0.07042253521126761
3480 0.07040229885057471
3481 0.07038207411663315
3482 0.07036186099942562
3483 0.07034165948894631
3484 0.07032146957520091
3485 0.0703012912482066
3486 0.07028112449799197
3487 0.07026096931459708
3488 0.0702408256880734
3489 0.0702206936084838
3490 0.07020057306590258
3491 0.07018046405041535
3492 0.07016036655211913
3493 0.07014028056112225
3494 0.07012020606754436
3495 0.07010014306151645
3496 0.07008009153318077
3497 0.07006005147269088
3498 0.07004002287021155
3499 0.07002000571591883
3500 0.07
3501 0.06998000571265353
3502 0.06996002284408909
3503 0.06994005138452755
3504 0.06992009132420092
3505 0.06990014265335236
3506 0.06988020536223617
3507 0.06986027944111776
3508 0.06984036488027366
3509 0.06982046166999145
3510 0.0698005698005698
3511 0.06978068926231842
3512 0.06976082004555809
3513 0.06974096214062055
3514 0.0697211155378486
3515 0.06970128022759602
3516 0.06968145620022753
3517 0.06966164344611885
3518 0.06964184195565662
3519 0.06962205171923842
3520 0.06960227272727272
3521 0.06958250497017893
3522 0.06956274843838728
3523 0.06954300312233891
3524 0.06952326901248582
3525 0.06950354609929078
3526 0.06948383437322746
3527 0.06946413382478027
3528 0.06944444444444445
3529 0.06942476622272599
3530 0.06940509915014165
3531 0.06938544321721891
3532 0.06936579841449604
3533 0.06934616473252193
3534 0.06932654216185626
3535 0.06930693069306931
3536 0.06928733031674209
3537 0.06926774102346621
3538 0.06924816280384398
3539 0.06922859564848827
3540 0.0692090395480226
3541 0.06918949449308105
3542 0.0691699604743083
3543 0.06915043748235958
3544 0.06913092550790068
3545 0.0691114245416079
3546 0.06909193457416808
3547 0.06907245559627855
3548 0.06905298759864713
3549 0.06903353057199212
3550 0.06901408450704226
3551 0.06899464939453676
3552 0.06897522522522523
3553 0.06895581198986772
3554 0.06893640967923466
3555 0.06891701828410689
3556 0.0688976377952756
3557 0.06887826820354231
3558 0.06885890949971894
3559 0.06883956167462771
3560 0.06882022471910113
3561 0.06880089862398203
3562 0.06878158338012352
3563 0.068762278978389
3564 0.06874298540965208
3565 0.06872370266479663
3566 0.06870443073471677
3567 0.06868516961031679
3568 0.06866591928251121
3569 0.06864667974222471
3570 0.06862745098039216
3571 0.06860823298795855
3572 0.06858902575587907
3573 0.06856982927511895
3574 0.0685506435366536
3575 0.06853146853146853
3576 0.06851230425055928
3577 0.0684931506849315
3578 0.0684740078256009
3579 0.06845487566359318
3580 0.06843575418994413
3581 0.06841664339569953
3582 0.06839754327191513
3583 0.06837845380965671
3584 0.068359375
3585 0.06834030683403068
3586 0.06832124930284439
3587 0.0683022023975467
3588 0.06828316610925307
3589 0.06826414042908888
3590 0.06824512534818941
3591 0.0682261208576998
3592 0.06820712694877505
3593 0.06818814361258002
3594 0.06816917084028937
3595 0.06815020862308763
3596 0.06813125695216908
3597 0.06811231581873783
3598 0.06809338521400778
3599 0.06807446512920255
3600 0.06805555555555555
3601 0.06803665648430991
3602 0.06801776790671848
3603 0.06799888981404385
3604 0.06798002219755826
3605 0.06796116504854369
3606 0.06794231835829173
3607 0.06792348211810369
3608 0.06790465631929046
3609 0.06788584095317263
3610 0.06786703601108034
3611 0.06784824148435337
3612 0.06782945736434108
3613 0.06781068364240243
3614 0.06779192030990593
3615 0.0677731673582296
3616 0.06775442477876106
3617 0.06773569256289742
3618 0.06771697070204533
3619 0.06769825918762089
3620 0.06767955801104972
3621 0.06766086716376692
3622 0.06764218663721701
3623 0.06762351642285398
3624 0.06760485651214128
3625 0.06758620689655172
3626 0.06756756756756757
3627 0.06754893851668045
3628 0.0675303197353914
3629 0.0675117112152108
3630 0.0674931129476584
3631 0.06747452492426328
3632 0.06745594713656387
3633 0.0674373795761079
3634 0.06741882223445239
3635 0.06740027510316368
3636 0.06738173817381739
3637 0.06736321143799835
3638 0.06734469488730072
3639 0.06732618851332783
3640 0.0673076923076923
3641 0.06728920626201593
3642 0.06727073036792972
3643 0.06725226461707384
3644 0.0672338090010977
3645 0.06721536351165981
3646 0.06719692814042787
3647 0.0671785028790787
3648 0.06716008771929824
3649 0.06714168265278159
3650 0.06712328767123288
3651 0.06710490276636538
3652 0.06708652792990143
3653 0.0670681631535724
3654 0.06704980842911877
3655 0.06703146374829001
3656 0.06701312910284464
3657 0.06699480448455018
3658 0.06697648988518316
3659 0.06695818529652911
3660 0.06693989071038252
3661 0.06692160611854685
3662 0.06690333151283452
3663 0.06688506688506689
3664 0.06686681222707423
3665 0.06684856753069578
3666 0.0668303327877796
3667 0.06681210799018271
3668 0.06679389312977099
3669 0.06677568819841918
3670 0.0667574931880109
3671 0.06701171342958322
3672 0.06699346405228758
3673 0.06697522461203376
3674 0.06695699510070767
3675 0.06693877551020408
3676 0.06692056583242655
3677 0.06690236605928747
3678 0.06688417618270799
3679 0.06713780918727916
3680 0.0671195652173913
3681 0.06710133116001087
3682 0.06708310700706138
3683 0.06706489275047516
3684 0.06704668838219327
3685 0.06702849389416554
3686 0.06701030927835051
3687 0.06699213452671549
3688 0.06697396963123645
3689 0.06695581458389807
3690 0.06693766937669376
3691 0.06691953400162558
3692 0.06690140845070422
3693 0.06688329271594909
3694 0.0668651867893882
3695 0.06684709066305819
3696 0.06682900432900434
3697 0.0668109277792805
3698 0.06679286100594917
3699 0.06677480400108138
3700 0.06675675675675675
3701 0.0667387192650635
3702 0.06672069151809833
3703 0.06670267350796652
3704 0.06668466522678186
3705 0.06666666666666667
3706 0.06664867781975176
3707 0.06663069867817642
3708 0.06661272923408845
3709 0.06659476947964411
3710 0.06657681940700809
3711 0.06655887900835354
3712 0.06654094827586207
3713 0.06652302720172368
3714 0.06650511577813678
3715 0.06648721399730821
3716 0.06646932185145317
3717 0.06645143933279526
3718 0.06643356643356643
3719 0.06641570314600699
3720 0.06639784946236559
3721 0.06638000537489921
3722 0.06636217087587319
3723 0.06634434595756111
3724 0.0663265306122449
3725 0.06630872483221477
3726 0.06629092860976919
3727 0.06627314193721492
3728 0.06625536480686696
3729 0.06623759721104854
3730 0.06621983914209115
3731 0.06620209059233449
3732 0.06618435155412647
3733 0.06616662201982319
3734 0.06614890198178897
3735 0.06613119143239625
3736 0.0661134903640257
3737 0.0660957987690661
3738 0.06607811663991439
3739 0.06606044396897566
3740 0.0660427807486631
3741 0.06602512697139802
3742 0.06600748262960983
3743 0.06598984771573604
3744 0.06597222222222222
3745 0.06595460614152203
3746 0.06593699946609717
3747 0.0659194021884174
3748 0.06590181430096051
3749 0.06588423579621232
3750 0.06586666666666667
3751 0.06584910690482539
3752 0.06583155650319829
3753 0.06581401545430322
3754 0.06579648375066596
3755 0.06577896138482024
3756 0.06576144834930778
3757 0.0657439446366782
3758 0.06572645023948909
3759 0.06570896515030593
3760 0.06569148936170213
3761 0.06567402286625898
3762 0.06565656565656566
3763 0.06563911772521924
3764 0.06562167906482465
3765 0.06560424966799469
3766 0.06558682952734997
3767 0.06556941863551898
3768 0.065552016985138
3769 0.06553462456885116
3770 0.06551724137931035
3771 0.06549986740917528
3772 0.06548250265111347
3773 0.06546514709780016
3774 0.06544780074191839
3775 0.06543046357615893
3776 0.06541313559322035
3777 0.06539581678580884
3778 0.06537850714663844
3779 0.0653612066684308
3780 0.06534391534391534
3781 0.06532663316582915
3782 0.06530936012691697
3783 0.06529209621993128
3784 0.06527484143763214
3785 0.06525759577278732
3786 0.06524035921817221
3787 0.06522313176656984
3788 0.06520591341077085
3789 0.0651887041435735
3790 0.06517150395778364
3791 0.06515431284621472
3792 0.06513713080168776
3793 0.06511995781703138
3794 0.06510279388508171
3795 0.06508563899868247
3796 0.06506849315068493
3797 0.06505135633394786
3798 0.06503422854133754
3799 0.06501710976572782
3800 0.065
3801 0.06498289923704288
3802 0.06496580746975276
3803 0.0649487246910334
3804 0.064931650893796
3805 0.06491458607095926
3806 0.06489753021544929
3807 0.06488048332019963
3808 0.06486344537815127
3809 0.06484641638225255
3810 0.06509186351706037
3811 0.06507478352138546
3812 0.06505771248688352
3813 0.06504065040650407
3814 0.06502359727320399
3815 0.06500655307994757
3816 0.0649895178197065
3817 0.06497249148545979
3818 0.06495547407019382
3819 0.06493846556690233
3820 0.06492146596858639
3821 0.06490447526825438
3822 0.06488749345892203
3823 0.06487052053361235
3824 0.06485355648535565
3825 0.06483660130718955
3826 0.06481965499215891
3827 0.06480271753331591
3828 0.06478578892371996
3829 0.06476886915643772
3830 0.06475195822454308
3831 0.0647350561211172
3832 0.06471816283924843
3833 0.06470127837203235
3834 0.06468440271257173
3835 0.06466753585397653
3836 0.06465067778936393
3837 0.06463382851185823
3838 0.06461698801459093
3839 0.0646001562907007
3840 0.06458333333333334
3841 0.06456651913564176
3842 0.06454971369078605
3843 0.06453291699193339
3844 0.06451612903225806
3845 0.06449934980494149
3846 0.06448257930317212
3847 0.06446581752014557
3848 0.06444906444906445
3849 0.06443232008313848
3850 0.06441558441558441
3851 0.06439885743962608
3852 0.06438213914849429
3853 0.06462496755774721
3854 0.0646081992734821
3855 0.06459143968871596
3856 0.0645746887966805
3857 0.06455794659061447
3858 0.0645412130637636
3859 0.06452448820938067
3860 0.06450777202072538
3861 0.0644910644910645
3862 0.06447436561367167
3863 0.06471654154801967
3864 0.06469979296066253
3865 0.0646830530401035
3866 0.06466632177961718
3867 0.06464959917248513
3868 0.06463288521199587
3869 0.06461617989144482
3870 0.06459948320413436
3871 0.06458279514337381
3872 0.06456611570247933
3873 0.06454944487477407
3874 0.06453278265358803
3875 0.06451612903225806
3876 0.06449948400412797
3877 0.06448284756254836
3878 0.06446621970087674
3879 0.06444960041247744
3880 0.06443298969072164
3881 0.06441638752898737
3882 0.06439979392065945
3883 0.06438320885912954
3884 0.06436663233779609
3885 0.06435006435006435
3886 0.06433350488934637
3887 0.06431695394906098
3888 0.06430041152263374
3889 0.06428387760349705
3890 0.06426735218508997
3891 0.0642508352608584
3892 0.06423432682425488
3893 0.06421782686873877
3894 0.06420133538777606
3895 0.06418485237483953
3896 0.06416837782340862
3897 0.06415191172696946
3898 0.06413545407901487
3899 0.06411900487304437
3900 0.06435897435897436
3901 0.06434247628813125
3902 0.06432598667350077
3903 0.06430950550858314
3904 0.06429303278688525
3905 0.06427656850192061
3906 0.06426011264720942
3907 0.06424366521627847
3908 0.0642272262026612
3909 0.06421079559989767
3910 0.06419437340153453
3911 0.06417795960112503
3912 0.06416155419222903
3913 0.06414515716841299
3914 0.06412876852324988
3915 0.06411238825031929
3916 0.06409601634320736
3917 0.06407965279550676
3918 0.06406329760081675
3919 0.06404695075274304
3920 0.06403061224489796
3921 0.06401428207090028
3922 0.06399796022437532
3923 0.06398164669895488
3924 0.06396534148827727
3925 0.06394904458598726
3926 0.06393275598573611
3927 0.06391647568118157
3928 0.06390020366598778
3929 0.0638839399338254
3930 0.0638676844783715
3931 0.0638514372933096
3932 0.06383519837232961
3933 0.06381896770912789
3934 0.06380274529740722
3935 0.06378653113087675
3936 0.06377032520325203
3937 0.06375412750825502
3938 0.06373793803961401
3939 0.06372175679106372
3940 0.06370558375634518
3941 0.06368941892920578
3942 0.06367326230339929
3943 0.06365711387268577
3944 0.06364097363083164
3945 0.06362484157160964
3946 0.06360871768879878
3947 0.06359260197618444
3948 0.06357649442755826
3949 0.06356039503671816
3950 0.06354430379746835
3951 0.06352822070361934
3952 0.06351214574898785
3953 0.06349607892739692
3954 0.06348002023267577
3955 0.06346396965865993
3956 0.0634479271991911
3957 0.06343189284811726
3958 0.06341586659929258
3959 0.06339984844657742
3960 0.06338383838383839
3961 0.06336783640494825
3962 0.06335184250378596
3963 0.06333585667423669
3964 0.06331987891019172
3965 0.06330390920554856
3966 0.06328794755421079
3967 0.06327199395008823
3968 0.06325604838709678
3969 0.06324011085915848
3970 0.06322418136020151
3971 0.06320825988416016
3972 0.06319234642497483
3973 0.063176440976592
3974 0.06316054353296427
3975 0.06314465408805031
3976 0.06312877263581489
3977 0.06311289917022882
3978 0.06309703368526898
3979 0.06308117617491832
3980 0.06306532663316583
3981 0.06304948505400654
3982 0.06303365143144149
3983 0.06301782575947779
3984 0.06300200803212852
3985 0.0629861982434128
3986 0.06297039638735574
3987 0.06295460245798846
3988 0.06293881644934804
3989 0.06292303835547756
3990 0.06290726817042606
3991 0.06289150588824856
3992 0.062875751503006
3993 0.06286000500876535
3994 0.0628442663995994
3995 0.06282853566958699
3996 0.06281281281281281
3997 0.06279709782336752
3998 0.06278139069534767
3999 0.06276569142285571
4000 0.06275
4001 0.06273431642089478
4002 0.06271864067966017
4003 0.06270297277042218
4004 0.06268731268731269
4005 0.06267166042446941
4006 0.06290564153769346
4007 0.06288994260044921
4008 0.06287425149700598
4009 0.06285856822150163
4010 0.0628428927680798
4011 0.06282722513089005
4012 0.06281156530408774
4013 0.06279591328183404
4014 0.06278026905829596
4015 0.06276463262764632
4016 0.06274900398406374
4017 0.06273338312173264
4018 0.0627177700348432
4019 0.06270216471759144
4020 0.0626865671641791
4021 0.06267097736881373
4022 0.0626553953257086
4023 0.06263982102908278
4024 0.06262425447316103
4025 0.06260869565217392
4026 0.06259314456035768
4027 0.06257760119195431
4028 0.06256206554121152
4029 0.06254653760238273
4030 0.06253101736972705
4031 0.0625155048375093
4032 0.0625
4033 0.06248450285147533
4034 0.06246901338621715
4035 0.06245353159851301
4036 0.062438057482656094
4037 0.06242259103294526
4038 0.06240713224368499
4039 0.06239168110918544
4040 0.062376237623762376
4041 0.062360801781737196
4042 0.06234537357743691
4043 0.0625772940885481
4044 0.0625618199802176
4045 0.06254635352286773
4046 0.06253089471082551
4047 0.06251544353842352
4048 0.0625
4049 0.06248456408989874
4050 0.062469135802469135
4051 0.06245371513206616
4052 0.062438302073050345
4053 0.06242289661978781
4054 0.06240749876665022
4055 0.0623921085080148
4056 0.0623767258382643
4057 0.06236135075178703
4058 0.062345983242976834
4059 0.06233062330623306
4060 0.06231527093596059
4061 0.06229992612656981
4062 0.062284588872476614
4063 0.06226925916810239
4064 0.062253937007874016
4065 0.06223862238622386
4066 0.06222331529758977
4067 0.062208015736415045
4068 0.062192723697148476
4069 0.06217743917424429
4070 0.062162162162162166
4071 0.062146892655367235
4072 0.062131630648330056
4073 0.06211637613552664
4074 0.06210112911143839
4075 0.062085889570552145
4076 0.062070657507360155
4077 0.06205543291636007
4078 0.06204021579205493
4079 0.062025006128953175
4080 0.06200980392156863
4081 0.06199460916442048
4082 0.06222439980401764
4083 0.06220915993142297
4084 0.062193927522037215
4085 0.062178702570379434
4086 0.06216348507097406
4087 0.062148275018350865
