0.8947884772170137	1.146955078867251
0.19352332344502332	0.2310332056899038
1.0529273726222184	0.8575476364058127
0.13455835793123752	0.43984771176670384
1.0828503595956556	1.0188377477465187
0.40811724455201914	0.07878595513534226
0.28403671751811993	0.2641690971178438
1.116263226159577	0.8345475247577878
0.08138576694232218	0.0524807414312855
0.19380297362757465	0.355867714699418
0.679265826341845	0.7062442630739757
0.44287664918386493	0.5326496726419262
0.11145942788996842	0.07984210183723782
0.38293995484285215	0.4205003572460989
0.8573044650316364	0.34643234429532266
0.05492430735715846	0.09887947319043208
0.8869347740129772	0.8357621329784674
0.008788875572384627	0.02432353683496196
0.35562337828379303	0.34277688900927766
0.1503543572586415	0.1712064898727068
0.45921180225545444	0.5295079488303747
0.8384880145494259	0.7824483348319887
0.3373140863003837	0.30744323106411925
0.3544084150660524	0.500650060202861
0.4727811840453153	0.6496394601345559
0.6617230985557256	0.15335968082882465
0.9395935952280349	0.40964638147411747
1.0563591696437944	1.1458903335790054
0.09213531828750658	0.07954580899970604
0.7224353427994842	0.8003365649768541
0.7648596886790349	0.8105598721216699
0.6437513169537025	0.6325498514948266
0.2541211930452507	0.5189112302854713
0.9661334896993301	0.3120031782592884
0.792220639111522	0.5303701516562451
0.05978731096837431	0.07799444364194218
0.48244556809185896	1.0323231535566102
1.0271689983621404	0.9703742694197375
0.7522448545444154	1.4949070924424586
0.24221362323373252	0.1259049521083473
0.25535020149302123	0.4961736332840466
0.20311524040796575	0.27112399388003305
0.04663418649132146	0.05834350758965268
0.35086359736814077	0.12095370694261412
0.015221823813830922	0.06235879093256355
0.6563890247991884	0.7854311452299955
0.6137292233764101	0.7207992480309036
0.7780384074778474	0.7422045426447159
0.7266969486899381	0.7012181582434109
0.06183880127591329	0.3383375987147875
0.6881220517350778	0.6412627048196665
0.7493489895041475	0.9158177489810616
0.664699582048487	0.6737941719275489
0.17014641976820663	0.35529014922575886
0.16253372135801264	0.04905168030296278
0.9450120159115327	0.8667235750918663
0.3872521096942514	0.22265579415104414
0.7539599915889433	0.7426923576010568
0.11988922871271634	0.19149865679066122
0.19067561601614236	0.19088169056513246
0.2815974815389394	0.29736358174053995
0.018740207937498796	0.0029162640236144004
0.9115782439920057	0.8962700620805255
0.8399655764804408	0.8664108178880683
0.1032614220619665	0.11289956977403814
0.8208141448112317	0.8147705085294719
0.43742878332257396	0.2985783460777069
1.2291109275498633	1.176990400309052
0.037984457301348994	0.03491753440168924
0.12042423679795777	0.11693694777888027
0.338308718666194	0.35998625092856873
0.6332505406792471	0.69935880436015
0.13076423002127086	0.23839646790277774
0.7410758046413416	0.7599189411251577
1.3239751068073604	0.8970711557208011
0.05513020613606402	0.05885510490861334
0.6915852277998624	0.6485052242063452
0.4991428463451773	0.6632992621975142
0.3246508432437787	0.27798886621089713
0.5365577040378758	0.7031825326854915
0.10813603417999969	0.2843494518060581
0.45716158599709034	0.6187743126688562
1.2561111534799725	1.1310588941246122
0.548670315624871	0.6873011507196045
0.41819908179504783	0.3274041859364792
0.48597921662244736	0.1324939027633487
0.45564856176106056	0.5778090690386979
0.6500133545165866	0.4578528762927362
0.26157270417988254	0.289145180704309
0.13328215572564683	0.13344493556276849
0.7181014420475027	0.6718220803743793
0.5912415244147537	0.7538551471994925
0.4606422501732824	0.06005041632000233
0.6346592124300934	0.5970907569837296
0.5258133150979705	0.5657752795712425
0.07442909967788923	0.5394017004095
0.6073699789271368	0.712522493759497
0.19798402708598195	0.1262169781725834
0.7747783113937989	0.8822965332676793
0.7332202383594717	0.6770494820177606
0.24008272578542422	0.08966704609237645
0.7654218546030377	0.8243040298877402
0.7046537885759114	0.9280232442262883
0.28086021695451197	0.2586185127781422
0.5502217651862163	0.4938654685866045
0.9552811376227571	0.26833011266873913
0.3727204238256877	0.3045767810268833
1.0924068179907576	1.1188882938961913
1.0457049797710851	1.0598910578331875
0.5674630598999476	0.4743446433468534
0.896844987329493	0.9364268526084946
0.668856164133113	0.7018656472117413
0.46514380808660466	0.39590481336611305
0.10150156245749706	0.2347313726481446
0.6366954386169347	0.5413141041650161
0.4574014548165183	0.4663668686326261
0.15316179714024444	0.06302219103955663
0.9045411655930132	1.3621956821008998
1.0085060529735015	0.7593438551782578
0.3708235852414047	0.33703110283463367
0.21618182878338543	0.25012235181862896
0.10461345432287954	0.03217008637282285
0.16836255975538864	0.09404296270659701
0.023384092030879888	0.07346417693336828
0.4128511558688257	0.3770609261626491
0.7152242839780589	0.7529961220427268
0.2149297598852612	1.0336343125137346
0.28487721762357476	0.6635302840155157
0.14211641351504678	0.12581472547041606
0.5143877504552186	0.7300567611612232
0.8941350901209861	0.7311812726586266
0.6862094821269592	0.5805870804771329
0.8041810741190362	0.6783324898541032
0.9068247499008505	0.8235360898445673
0.013955520707951339	0.02129598246300992
0.31987934290718023	0.1084376267476928
0.1868118081035761	0.24267899322256864
0.48662848185335017	0.37962615943701855
0.6562054908352076	0.7106421950193973
1.4403018705488375	0.7982170228661535
0.49688378933776267	0.906995243698705
0.13614992915869403	0.21977180289794085
0.7426122435320675	0.8518207982128714
0.24549825968634056	0.123493367327796
0.20973519430244283	0.2667524559741123
0.0979240111821808	0.3167716857038908
0.6131071926383616	0.47382526456911345
0.010459306718746487	0.012322607100954341
0.29753341710514275	0.3038547846494968
0.71974244229214	0.6982526879486805
0.6958116209559141	0.3345847244368386
0.01215237048606798	0.019705260974118875
0.40045302472297906	0.29009605130341104
0.9756041938424765	1.0514453017283663
0.09953653376972085	0.07616031738090925
0.7968184883099113	0.7764776074832964
0.25920899447410267	0.4627967524363883
0.04089153397985981	0.059984013878516936
0.2908425306378369	0.18849787496145465
0.6192840067438413	0.5728563207218841
0.00816217290790629	0.005943367130386253
0.3321803035793412	0.3940261039804345
0.20434856228833376	0.04951313875576664
0.32655251582376565	0.2646214657066604
0.46201802902384104	0.46034466919996075
0.881568215570562	1.165180025975038
0.975758694828356	1.0440053477262168
0.8416595655099555	0.7873894735043895
0.4296750461737236	0.9083499757090947
0.4318867930741963	1.0722340441889453
0.48122316775975366	0.4532843633895246
0.14751712994144256	0.11968937494023862
1.0221630182668227	0.9133066473180229
0.7742491345459275	0.7433911207117595
0.8412276591311669	0.47261374446632265
0.3237933461520163	0.3036345052389836
0.9124648718056256	0.9488940211618658
0.6032905753587335	0.3381189872694628
0.06593821682361269	0.37752798642849317
0.7496993417258394	0.3895426420026801
0.03226438255273481	0.003895053377507833
0.28092747685415076	0.1690271343026823
0.5500245948267531	0.8838302529641402
1.2055290687961633	0.3442193574719408
0.224553535330628	0.2170602287638275
0.16870400969019614	0.06697923190807926
0.4877508576550468	0.5918463794797968
0.2834165284288168	0.22627002911442712
0.5093211694353132	0.5915152511260903
0.46034119590788125	0.7765473792344828
0.32975566208596596	0.06262096815235083
0.08659419381658134	0.07618030933519622
0.7556443369653227	0.7756787723474283
1.3096338431141883	1.1658579947349885
0.1358043026145332	0.30387074281499293
0.29450576021887837	0.40223620071919586
0.6076277222858241	0.6146168335651243
0.7124691066672638	0.8651351204895014
0.7512820480346128	0.7759859594162651
0.8078705465055155	1.0424115705725465
0.743019175506649	0.8418263530473162
0.6778385635647075	0.6931544846877293
0.20280722624064182	0.15604250944347042
0.5195975700618026	0.490153111152653
0.40314153989656626	0.36204340150485903
0.5120377606709816	0.5492950450177485
0.12344078958192295	0.06957977049804563
0.4700473568030341	0.39178790845244466
0.09323635256294649	0.04435032126258772
0.15375842557573344	0.2434092056738108
1.1602603872375972	0.9774760531695195
0.35750225504999456	0.4366320072416717
0.5778406868047529	0.5777003593990376
0.8286776312982252	0.8167822043749507
0.680917661383453	0.8785841217443957
0.4778097315622299	0.4521551045623336
0.08416217530480855	0.10330710231403195
0.45610234133906036	0.4472723692569138
0.09684711402443316	0.129435773800524
0.885886885721171	0.86234016958321
0.6253153179329248	0.5852900718079466
0.23870765158485954	0.366274075487183
0.03613947434745939	0.004023658779814799
0.04681449548356373	0.05104382530522002
0.7435487401384899	0.6350007714214003
0.04234512494810162	0.19365355138266543
1.3742227081146448	1.511969530286241
0.15600572096515597	0.1585772873022921
0.9614171920292598	0.6665231026485648
0.8953006630972508	0.8879857815799991
0.12670972849465964	0.11947730734787593
0.422031347520271	0.7022425254741684
0.33133613130065115	0.371633913087442
0.976687699243568	0.5030623783132421
0.37122075130589766	0.31313052618722015
0.15881768750412778	0.10369064022216196
0.027633549815099155	0.09285437188554509
0.7027070950143763	0.8041367251690842
0.37444968244147014	0.4274742149542803
0.7526057296582787	0.6835605902613683
0.6223272809898874	0.7684243711880109
0.40987334295718614	0.40063324756716123
0.5085317851729162	0.4667113137632893
1.0251108121899548	0.8567497465624361
0.9534238051099081	0.9433151795943823
0.9857301964881622	1.2936274451430707
0.8884577176522808	0.8997900748995769
0.1532261339507509	0.1443739566392166
0.24866668928963626	0.16863585658380706
0.33570411506849024	0.35280658296808476
0.13981348201650257	0.19254347447943246
0.9208689917616286	0.9517602427901635
0.0701613330906671	0.11052745932193417
0.7876965244078049	0.7622192521310303
0.5871951935476765	0.758658117851292
1.0214525202690299	1.0847872380887196
1.0320143026729653	1.2331995474637307
0.828314338350214	0.862909470254728
0.7234818937504042	0.3782133569060804
0.2003435289477231	0.1715401292905187
0.028026442582338384	0.08760700884273888
0.4587762201837963	0.404420901001633
0.05537871233329529	0.05529676337639956
0.49642317194967284	0.4478379289327004
0.36920760622240234	0.3672218599939227
0.8435906602016267	1.0075305038997155
0.5562274125673137	0.4083381280944399
0.8778586080050137	0.8535605432996639
0.35332663091948635	0.46089445409744
0.5925012283578919	0.6489961771579422
0.2274311334218193	0.22733141695278966
0.642926228355884	1.0208359472879747
0.4900092475737799	0.6356436894401662
0.7914777342355986	0.7049893357665599
0.5163648494137312	0.5746556686879992
0.013441186126448835	0.00858597642429113
0.6543116720073583	0.5535425777519111
0.42817112006684466	0.3848398014568599
0.14778323394604254	0.541743656653201
0.26692868218788757	0.1911394373631453
0.9479748478488221	0.10026118242574655
0.14019098860265877	0.11000562498351062
0.14847127548085964	0.07006294272077766
0.31440839575038904	0.5381477402881012
0.40608662961222786	0.0914965337987422
0.9461150070589808	1.047784312658902
0.7831990100934243	0.7006769549310554
0.4101246259214068	0.36364726469222475
0.7151970851714229	0.758177824206162
0.33344848739305527	0.26848667775367985
0.731933840775626	0.7905747599172287
0.8018181475058255	0.5803300153831896
0.42044900780964095	0.22376545572730616
0.6158157717401059	0.6629186848215043
0.01983669821569657	0.01903722315655973
0.5159901230319728	1.0668609058467768
0.11243735496631753	0.08763794957316749
0.13196583649444293	0.13851601673223854
0.8518811329492272	0.7935197773043375
0.5311518441050491	0.4967220880196632
1.1103790761819554	0.8475085625696099
0.32045949757887726	0.30797013546683005
1.0681213836870587	1.2055897404292364
0.21970339173132414	0.3341230369638754
0.13881304129349697	0.11079987845037594
0.054819076631522176	0.03279791022761179
0.3718620022800541	0.0693129130559918
0.23439090840076504	0.947630193980747
0.9208802179060078	0.9980594699872145
0.25867677150747836	0.16873734123834105
0.07322929962523231	0.14327838656798064
0.18121654444471264	0.2543144331827381
0.3533398673063826	0.1980169335089908
0.9495813310298348	0.8032681836868049
0.40817934621069807	0.5827806667013912
0.7694318217359085	1.2470387537155674
0.6382767804543289	0.8789632586220074
0.16906180040148194	0.15051238434357023
1.0977933004958889	1.0045840791926561
0.7255747042928467	0.6135890726527142
1.1288838003442303	1.3197459616873344
1.504853879235743	0.6334770420317943
0.5340133856261629	0.5242737451239803
0.05026661801899487	0.04848145261534201
0.1243235306431219	0.14605454613151697
0.5975546659027212	0.5479412966626146
0.8782693052209622	0.8626069258985593
0.016863790021592044	0.05547228870798821
0.013491290169430506	0.035258722930945736
0.8526963817078848	0.7602477639928915
0.2550906030056924	0.44868951377945443
0.10592540197866104	0.05958729347247091
0.1358093282546113	0.38619605170124843
0.6990881204826934	0.7180262400116095
0.025835342991248143	0.03363342157918051
0.03812611556946183	0.2694459062578778
0.9442193537090556	0.8445455361120738
0.862767465981098	0.8824238718740345
0.8210646329443548	0.9256928959704348
0.12920872681943452	0.16552540701719198
0.7570302637718125	0.831804714633509
0.3652371296280053	0.45609796679910175
0.11282217039136097	0.06186290864540015
0.8618925189951048	0.8592654045329844
0.552871301076	0.322253401121458
0.07016647198850684	0.1129665403218941
0.08445004946524125	0.10251041466434795
0.4569170701786608	0.7915870182058166
1.4265584544750172	0.5549767156554801
0.5299126682072772	0.34047369731721244
0.05768702470743731	0.20745312550160028
0.3358134940028022	0.2588544103418266
0.06335745442579402	0.03566795277035026
0.06301776438206351	0.09782990783937263
0.23809999936102783	0.19590772929048117
0.024091592099561118	0.024033892171631065
1.0403393362109776	0.9555431735030046
0.8135507664567729	0.7797622818708767
0.05385362088862193	0.013029871897455907
0.06786142478946068	0.06811404571273387
0.2948152139748889	0.24207359997953629
0.5379608614456116	0.6181414254907358
0.8975814037093724	0.7353132535425313
0.5532597323975277	1.1326998675727986
0.14133910521845272	0.2739719519153152
0.23346072806862223	0.1084464250854726
0.5828216892623974	0.5803914690033667
1.1167868002542982	1.479836703249962
0.014758421085254492	0.009461761052194356
0.3457983049618916	0.5084426464672683
0.06290699242472782	0.18745124723140816
0.9391582004789213	0.9686880237229863
1.0115164260337326	0.8875485613200155
0.9605747578282724	0.8402122600936048
0.3567693279404548	0.15847309847472305
0.028636871510746977	0.02957473716866804
0.7887063159757668	0.7142533365070026
0.7745170041726347	0.916442478114733
0.5528209049003462	0.38570911745614667
1.0251690412801762	1.161203396147187
0.02410212753277461	0.0058366208916101996
0.24390074024181005	0.33387132181916745
0.8343942881860492	0.5490807604267739
0.48293560448309547	0.561620395109737
0.8971378411338559	0.8796688515949561
0.7606041688181149	0.7536791135312724
0.08723714112259957	0.09715858836431038
1.2226589310441076	0.5406435007197528
0.27195253982248085	0.46621010567495835
0.2097056458612776	0.047867418338114226
0.749729045320621	0.7323552928378311
0.7438940527145248	0.7560440745253696
0.6306132736251595	0.6183379542523963
0.40673518074141707	0.4066781765976841
0.30267748909319514	0.46539901586683974
0.9212404614177517	0.9383498884751139
0.5403028313423897	0.3508316452747989
0.6150938197205406	0.5015551579615034
0.6634981481843083	1.0427197503546048
0.4145560893453132	0.3775606168882125
0.5963155037092198	0.24505692267365267
1.2206798371106302	0.4176447823412344
0.3146631291621868	0.3052361449245619
0.004281788432773088	9.877999883053192E-4
0.9256552339654018	0.285745612570282
0.1164875204656356	0.134754957748253
0.5824154939825554	0.6503142155829484
0.8606616004868834	0.9607976566408793
0.22518303819548902	0.222311946329187
0.1508668971884888	0.12576499763331725
0.5077040980534174	0.8717322111742449
0.7936795509282649	0.803591343894829
0.29074978792931294	0.26685074710357914
0.3576401725141815	0.6826787255340624
0.16771847047749577	0.3484341169731807
0.023037439662616586	0.029522125340027426
0.8373891285703402	0.8578894111987763
0.9244215014981294	0.7187354512287248
0.6621962842313862	0.9173056782249486
0.49814533672971095	0.29170099948806744
0.08523493620977368	0.08511550523761827
0.27761538933645225	0.6645041883703477
0.9139533832697116	0.962053020160099
0.2735862482671961	0.10407437939923883
0.4737473230449252	0.5038962849472505
0.8192407829131274	0.7623689473114797
0.45957259203260753	1.2288011277443696
0.8255408086255915	0.6990639863681956
0.5726098655788311	0.0837020434252341
0.048078866331065416	0.07684099252432276
0.01806947941691792	0.00904447809304746
0.43378405383421703	0.4818781050621443
0.02778209237157048	0.0620326908522504
0.13273387301738268	0.1379774092836063
0.963000536002929	0.33597491084408515
0.4743139490838003	0.24383539755800188
0.26265276796758513	0.3974131909314722
1.0447907973407025	0.9269427029809008
0.5461163099052437	0.5424745018333281
0.25335026829690904	0.32444858092393025
0.8182531067483345	0.8252661141201953
0.22328286985915013	0.5279403579342004
0.11260552465947798	0.5178211149246714
1.2083941268225389	1.3305642005158984
0.9889447145788928	0.4720608951734222
0.7470001822004337	0.9558322663165089
0.2969551490970372	0.9111376480053109
1.2315717733247922	1.2234986073530525
0.09725452165669161	0.15177696019954637
0.3100718949119936	0.31460354501320514
0.5764070882774585	0.34738970197729624
0.07392681452945393	0.05853000764996153
0.713139936458146	0.5668963253116266
0.4151052556614086	0.4151648054466472
0.6429089564779928	0.6419465580209447
0.408784627704634	0.7154398889056828
0.7522737389576856	1.158132501375287
0.40297498153027816	0.5206782092818824
0.2356324205024257	0.17563811973820048
0.06251732541563727	0.035272693943069235
1.0491970337225036	0.6230753700310572
0.22599230581136728	0.18948667435093364
0.7831293246370712	0.6968139551377514
0.4487683439782035	0.5358136558786021
0.5560442362919886	0.5423952465700465
0.6922998378709724	0.654486039607243
0.50735844096603	0.4602035706167334
0.03593902703964649	0.023828121485618914
0.7079006649402753	0.7645030364937344
0.9507869214803115	1.2948433850077743
0.8181199199104907	0.9087227682665627
0.21534896296781952	0.09234559913736601
0.28714392658822996	0.0558584981594773
0.2849790499421773	0.2850108645753426
0.6934469102890135	0.6361334940385409
0.02353944805258902	0.04011323796762974
0.9896161159375005	1.2344384316480734
0.3575702883000431	1.1031892418863176
1.0701691508664677	0.6763731405146206
0.7362520715841134	1.1075623892039237
0.5603304011251594	0.11972025485502405
0.1706433083221924	0.21265657151378484
0.33869380747682415	0.3305817470253892
0.6150371467394351	0.608401574969207
0.33523464483119364	0.2810839809355563
0.18251475484821583	0.19528439835712297
0.5039871403928329	0.4972704010139976
0.11596152472568105	0.15722234390471151
0.7767352056180374	0.7758717261813124
0.1803763124584933	0.13296770569039684
0.7089806508596396	0.18364946691810352
0.8609466982612469	1.253512682461293
0.9832919921659175	0.9183813096505901
0.48697690096890023	0.32886427791025075
0.37997793455344614	0.229731763943199
0.7092408171894498	0.7444589482950618
0.5679583177772601	0.49627454992246284
0.022770557492851357	0.025607077209724972
0.5884447033767116	0.6165959927549903
0.19462405412458225	0.3315776942598669
0.048156180041007815	0.12631547848569424
0.24194211516691166	0.21199961594761482
0.9977121182305221	1.067231691373296
0.3658482923307173	0.345349570014246
0.6916444471359173	0.7605214693510997
0.4907041833412055	0.6603662859207066
0.9642886137571185	1.1295975382252015
0.5293816720326028	0.5224121709379175
0.1088290696209113	0.06677734900116457
0.8115391452544262	0.8133974253661994
1.1837326501527892	1.1283549706048592
0.05827764160282321	0.03296107376310957
0.17723464019745333	0.40351833400878345
0.4505401999682728	0.40323490564285164
0.4974427325357538	0.4495323699192223
0.048972757094736585	0.03829308151425849
0.6048789998107703	0.6056061086778
0.2740176272785768	0.2856636370953872
0.05098698803737582	0.04751722354686418
0.44105644168950325	0.5645810399861381
0.8182047647785458	0.7107132915809363
0.6255272422249376	0.6811622762402545
0.035673789037775294	0.07976948256995782
0.23066546642901153	0.5122097857674619
0.40276292391782637	0.4638594576864254
0.6085559727228513	0.45590741426369075
0.26026738508783853	0.44985478390539263
0.24687754036768256	0.16091384034516446
0.016430629516113418	0.05921350803262769
0.5486124181557802	0.5624316460801637
0.5201624937122924	0.5201903753660291
0.3280429678520072	0.33058121956608116
0.9680895963649689	0.8603782196245281
0.3375966057900323	0.07640966877736213
0.10821879258107245	0.0973553990021187
0.0734710288006407	0.10231919770426116
1.0333814732036906	0.9752366533742838
0.8842616535477086	0.7886821957798331
0.08515176027433512	0.04687581497343423
1.0484260386153796	0.9794914109925297
0.7895292653526456	0.12224104796314349
0.5720504333295063	0.8969440432203275
0.5541452100651377	0.5730949995040997
0.9000641664660715	0.7840915428022651
0.45637689883724974	1.0647749372490667
0.8001434376685383	0.5513110802676648
0.2734990868945909	0.20465561114049263
0.7768699968617887	0.7176097723444307
1.1498614599326893	1.0688236823800725
0.5098929863318876	0.43966630211349533
0.4420396386058689	0.4099985668274101
0.35888905831216006	0.3338573584039487
0.16663508011226522	0.1621603472413013
0.7347073361635111	0.4785435628436038
1.1816696932677253	0.8319669191957798
0.13073008497964983	0.14557664763228811
0.1112276199058041	0.23875772225006855
0.4931410449660437	0.6754757017436163
0.4359053819800271	0.7058920909546458
0.6115894655596349	0.6473623726356073
0.16445581269943219	0.48020056437332925
0.6245146796730714	1.0109559490210287
0.24388595092516782	0.32514285442457713
1.3787593148049133	1.0491756932724872
0.08130304235904703	0.08736812597936479
0.420207729273921	0.3590038497512157
0.1443612289116303	0.014587886099426198
0.1307285607820619	0.2632153814592253
0.02296138455713098	0.07189402737783135
0.5333111823356141	0.6660390574307
0.3982628864667146	0.20038050737713853
0.279580029079349	0.5166335492524678
0.048318468704169615	0.044803810481394056
1.5638207822063823	0.871241029943919
0.4895565495352248	0.4896077340463727
0.17878101109862704	0.16148150664253375
1.0879908198327968	1.1667714867731862
0.21950074915784468	0.09131194789646369
0.4512028732505288	1.0624775191602085
0.9422287490107314	1.0048186387887397
0.045972724518707014	0.0726625710283445
0.5027436172578961	0.33771914899601796
0.06920529473974366	0.32149928924158105
1.0264866536798452	1.3866214678568218
0.5253070729617753	0.38396733329906074
0.3920021960007788	0.6285306763884158
0.6365974501737652	0.4911307769756955
0.7367973210948844	0.626508157812746
0.6391208111859022	0.6141329244857338
0.23216990772521914	0.16415934709899233
0.8473631214973651	0.30127541170902994
0.5365597156281061	0.4376172621601548
0.6873915493981237	0.7533269348730702
0.5972886711169292	0.638908696905065
0.8466302112376319	0.24540086315278176
0.7677112702030588	1.0763376204878219
0.7968910237093106	1.0420304381077194
0.4361690346590653	0.4406265041281893
0.16155485135588682	0.11849401966022818
0.4457712933389484	0.35234814635265627
0.8262638700478255	0.6864062999023848
0.6417086817885405	0.5610415020328353
0.09842325957234083	0.028484662759666893
0.8744351193043407	1.18868693845794
0.9954524271378147	1.0406098559098154
0.14299262088341266	0.06561239773996855
0.12180570959671211	0.20925310008203699
0.5667101932699006	0.5667685048249436
0.9295441859894915	0.6756639895737049
0.026051609316026764	0.031101197919584024
0.3484141720177442	0.36399383228988574
0.2273574792232761	0.2254555726690835
0.7775667593039686	0.8416836396812586
1.0173135315962756	1.0001253522249054
0.20395870022462398	0.18458975218257886
0.64781116532129	0.5030720058204272
0.7024692958330746	0.8606522038984286
0.3494783425222504	0.12275841888585812
0.7583439484754297	0.5282405795034314
0.506449606613756	0.47936272142628944
0.23078825511001524	0.26405911971488016
0.7574204904178391	0.7831223699662505
0.024732861098253824	0.032925862345936335
0.31423106942735646	0.590596928697242
0.09575748079646448	0.07813902212760256
0.9917874079399212	0.5192965864619711
0.33889531798694394	0.3086561769359845
0.9311083235687735	0.8474102577493647
0.13721121834113661	0.1461489720376875
0.3567443165401951	0.3584401746728175
1.420976554404028	1.251784863209491
0.09971732586426227	0.20304232161192667
0.34865257427732244	0.42301742779280105
0.3774485765796277	0.6373208826484725
0.13004985921162523	0.12982582526900124
0.5160842921055255	0.655776540428599
1.2581434778395246	1.2703713384797797
0.019434793777104734	0.17118829318108672
0.41265992414116726	0.15906141422623102
0.15020023092603008	0.1588268736742409
0.2097296011846056	0.09266683722224912
0.40175108359522055	0.2212500708447041
0.6071444045203478	1.0570949586436404
1.143696651953487	0.9072892030607881
0.3992036745305311	0.539790983188618
0.5960296641141188	0.8882312536560681
0.732219872992137	0.49572643098971914
0.07127262607952069	0.20763072151800493
0.4432626441384335	0.7277241905728422
0.7210947485003784	0.7100215712869807
0.7135956795336105	0.8297736810269236
0.28487520380958886	0.6760501915151722
0.0959236081630928	0.0692298002280749
0.8816037556176299	0.7816608622549696
0.05006736363188157	0.13878859981330435
0.7271379046800568	0.41694710863829365
0.4189484388900327	0.3465339869812302
0.6740108246499911	0.35007707358451834
0.4810967291997603	0.46306502731999005
0.3554497520227524	0.48279785036605816
0.28286273504247683	0.5768679580850717
0.1794060939555852	0.07382962658896122
0.4491528519866229	0.38627588276147173
0.1866935581954397	0.16266418521014436
0.566958425472786	0.41263220604593254
0.42756209602331685	0.7363549805508616
0.21408742944514025	0.0014263927555657613
0.3703765603082373	0.18108808287595418
0.10885698874065802	0.14026340077061356
0.802809924529152	0.9082965834780583
0.2646038006310325	0.6082460579532818
0.734728183561004	0.5356887078967284
1.1781744276558894	1.0062703162110203
1.1285184340229368	1.2239677071708153
1.4549722972129981	1.378762191572719
0.7067488462430029	0.7019762034957806
0.5264777525309321	0.4738407790987799
0.021620329364845498	0.056636151884994934
1.2642402733942255	0.5581904194811911
0.601011701649511	0.6008830631645828
0.10581721256846285	0.034472823111084516
0.965461252811126	0.9839957296749312
0.677295651922466	0.73878963045825
0.11141909389028531	0.12909454999556383
0.2552858717918689	0.7947711104580314
0.701550876395278	0.5512404529477715
0.82482201491808	0.7477084724521842
0.031564909348701764	0.07887376245861301
0.10509619500370836	0.13793922586703594
0.22226803218243332	0.22942758820464604
0.014978734119321494	0.04810518775611816
0.043550325754313175	0.12780005735966582
0.6526234775623642	0.6675927243279924
0.7906711242068306	0.803872623856827
0.7691504805439241	0.6402969523238944
0.40437834581007076	0.6118458716955724
0.6589135996433896	0.7506317908717853
1.0932561762863306	1.1587381234936514
0.3780032142420124	0.394696905341029
0.04132144083483892	0.09102133856428987
1.0484311161634894	0.7434087491554224
0.8661460607416094	1.2305807892298395
1.0207826591084275	0.940707680322975
0.3844885439266121	0.5213248589712436
0.6210885294525894	0.6201216583475361
0.06160706096657241	0.16291299595786216
0.6242198660746776	0.6509817685435816
0.6416831221619541	0.48770207984636205
0.5228032686419124	0.7439268475069233
0.6052135509918879	0.9765381426630085
0.29191768778324756	0.05596046939697219
0.49213690199017174	0.5469166326960091
0.2667913913034222	0.2096534396459221
0.5560325166561263	0.8262843383724265
1.1261273748686749	1.1211784422218782
0.2109988783120474	0.14176687144277053
1.1577257118725968	1.0099690947110427
0.2506873907334875	0.2511804569461753
0.3915063517300973	0.6158292329833998
0.07056742518847421	0.06730559006126359
0.22631532419591832	0.3133175763088649
0.2361047263855731	0.5129273817483426
0.19400260898130334	0.18660031559884618
1.0670455759339668	0.9946730756513442
0.00565957115834476	0.038706726028956556
0.5217052937764634	0.6144425935396755
0.5848760054971464	0.6662258717516122
0.06677948720928768	0.09064705598502706
0.6804549461406235	0.7682695800203185
0.7352788004811304	0.8266142976139255
0.9248401260820139	0.7561682474089044
0.4215772915104967	0.422228448187225
1.0393312474972602	0.9534918705531954
0.7977132627650233	0.517388112453364
0.7694239297013483	0.672219265522332
0.17102315028904527	0.14140315027680392
0.0803118364645092	0.048964489047808986
0.8256935389400221	0.811019562572237
0.0022873540337352274	0.05213684084696332
0.6671802758466305	0.07984794359617342
0.05863239157718451	0.05519860234007708
0.7033883563929213	0.14340243590215462
0.33156803841067367	0.4053928014901487
0.12423060153615544	0.06560288449394794
0.5880713745835933	0.49883077771103057
0.19018956379169222	0.12574569094923016
0.7740542690260864	0.8246868775057545
0.1453041174271672	0.1596112640783736
0.4422979132785989	0.9362322438236025
0.41370361241800463	0.39375387797114414
0.6496654212300548	1.0288899762695427
0.03291894997723849	0.035191879687005295
0.25658313188416004	0.5310629376443488
0.7904453351705576	1.218897903398509
0.6722198742915224	0.7930013695260184
1.2158109227635059	0.41713775250636
0.36585747354595055	0.2840961265031451
0.061233295210668004	0.034730822285767
0.21407857004702294	0.22031589699524817
1.2697256742580967	1.3304020183184737
0.06035635473482144	0.020821133071538017
0.12087974430276797	0.03862685304013887
1.1042662946460988	0.9719022179471797
0.05266192383300145	0.0062071893680786475
0.9096014976775803	0.822473520057636
0.9122326438764661	0.8787890254461158
1.3250657530065175	0.8402829903144302
0.3652050563827641	1.1378925722419195
0.6566971345072734	0.5635418597397627
0.3090012004759912	0.31546770563353477
1.2508878503780272	0.61977445615199
0.2543886171175714	0.5877491614577035
0.03903549371659423	0.06002894773450611
0.42927239866787514	0.1901265182254811
0.12171862270122613	0.4575106122877717
0.11919340943785806	0.027148124362936565
0.13263066608372878	0.3364538829630339
0.22666423106627975	0.27779465219786836
1.1500503211466564	1.074993079417509
1.4851518641466241	1.1655632072025073
0.10163506355375589	0.1511140630438485
0.3005754778007661	0.7000056517661695
0.3761663753111607	0.42578431563032026
0.1707436447651534	0.06966730430818871
0.22343082542348658	0.33956652413528593
0.6146360711137066	0.7269776839207909
0.7562972945574836	0.19146060492967976
0.44133898554086265	0.40276395675872084
0.3391045507328906	0.4097561194212187
0.02482847301847759	0.0060396667014021915
0.004732775818952203	0.030545095861914486
0.40560884081625065	0.5370554286209466
0.8873338364637702	0.9077336416181934
0.16577708653090772	0.06580073899555719
0.5694452718711536	0.687121003773799
1.065921398524686	0.9501107169301766
1.0023317305797663	1.0259053541917131
0.27826689841921265	0.29279400435836134
0.6339715549424815	0.722964678811895
0.08435411793057901	0.06995905422575287
1.3856072371537502	0.4363068879626013
0.9506009607173855	1.1371959292265597
0.8882072623742848	1.112830434264837
0.7655242682910994	0.9734782208225625
0.40932415546374157	0.4467643291199723
0.40254993469319317	0.4135534415941952
0.7112170555483852	0.30204608287976586
0.053233064547898196	0.06354634002591615
0.47631508316704835	0.44963312392654786
0.29556027587065414	0.25865181857418496
0.13034460903206965	0.26790540185151934
1.1723724647881293	0.8283413532518882
0.6455124218259128	0.6203459125043879
0.6640933391001471	0.7178179728611647
0.7805172540983725	0.8202940854253518
0.15768134454850735	0.15356417878226913
0.21554211242271992	0.6712059018007306
1.0686217263426845	1.0248631764648064
0.612351842134931	0.520686822834785
0.9336196554788982	0.9788936430532985
0.5506934967603285	0.71942560885963
0.60179791904258	0.5839118930095137
0.964822871515187	0.8971607835866366
1.0732029839933979	1.148236221437599
0.3630400965101673	0.28764609686526743
0.0381729831455024	0.0321730903907918
0.25609223539177683	0.9144049790649943
0.6277287803640099	0.6074251333216774
0.12073992384533203	0.04486351419359076
0.5193701547701061	0.4696524589630131
0.0886341440739396	0.008844437819018218
0.5920960674385379	0.5296498329817522
0.7280085821789011	0.7742729922574487
0.36932253493623873	0.3550257904441392
0.026104982797676438	0.023347800052833087
0.6715450850359518	0.5941265013814352
0.7452552718852606	0.7418990338747796
0.7366749504268508	0.6803625420523806
0.028729533812277573	0.03293176967103702
0.42915010157004363	0.6780682101053805
0.0768481321619753	0.10021854834869756
0.41865460688119016	0.2941048090195689
0.1036589586247087	0.11978705190252038
0.09794728168051864	0.34562338261449294
0.35789068526776197	0.34816489972630216
0.40406301806267425	0.42725229518301844
0.1989090549565013	0.08960485713379965
0.2390281166129971	0.13341128172166122
0.24251279896043942	0.28323492573147246
0.6105085796973532	0.5372442010582076
0.47843323706935503	0.6028250392993495
0.6428952995350072	0.7120871385433193
0.656864850681733	0.5788412908971206
0.673353768740626	0.06233129418891975
0.03060678320768151	0.2240178180019039
0.38830225648514216	0.1571744164536041
0.0320411715818192	0.03706633633297949
0.8397997810473437	0.7196076866992864
0.30987768433982926	0.21993481475741236
0.38711095771714743	0.16555143033425687
0.8042553555859858	0.3188673592575526
0.06989429936206476	0.09159269453730502
0.05418745603351778	0.11526423457172197
0.3088209488796593	0.24727120487979276
0.046824655467429574	0.1117540317279214
0.6523647697932968	0.9001766803281485
0.44867445414404045	0.7041867676013058
0.9560210187915961	0.4690782091239375
0.7796384296837178	0.6808564277393846
0.3404748999870481	0.323208636891012
0.1602053845548282	0.3185310120089665
0.7420889837156093	0.32132596436046285
0.4780133496678172	0.543396835231539
0.8050008587314014	0.7858323482612138
0.44276339833098766	0.536384087590495
1.0362757986906788	1.018110576257768
0.7076834350545508	0.9787377011615299
0.3278096118279643	0.4697881918410175
0.7533562178012905	0.33049704951991865
0.38809406341713404	0.6844339109278221
1.3061270596717374	1.109350581753653
0.3852112600611587	0.35854093645038326
0.7347463805605834	0.7660732424638607
0.14833693116536173	0.05978129363971692
0.32423165189773706	0.20835689524236894
0.26581895464736066	0.5345487931787283
0.017692415109513596	0.01701988696745236
0.6116548796343182	0.8810922305886009
0.6136758083630451	0.5883953948053738
0.9276357995723667	0.8199661082271238
0.18468187894546126	0.47463592140218014
0.6773418131666852	0.9827984146484512
1.3587959345979321	1.660104510476347
0.21446389239770058	0.0847905438601814
0.1849807168780867	0.14566929532470801
0.33845921257848066	0.37674514172003043
0.6173428865773296	0.5930633983397896
0.6446529133992466	0.7001402141514856
0.45559499405360987	0.7426721370485034
0.2468214367959822	0.46752387038409093
0.27574934561104175	0.8651959804580853
0.10969906969913354	0.08695316775200053
0.6415717742762626	0.5535646110937084
0.5618116280156074	0.5088259232180551
0.6898346582033705	0.5977036229504534
0.19857173112548754	0.22708778511660446
0.43036805484656615	0.7135318971038603
0.7154908958535221	0.6552856000132639
0.43981697278875126	0.40170462621878267
0.404262872364041	0.06396934333648213
0.9225756389386931	0.3999190546226253
0.6926496057557481	0.11454440064521537
0.4556278955274199	0.4609457872612534
0.6615602211383846	0.4997024451609054
0.2253047187383152	0.134783616773493
0.013304414036432776	0.018021609042337128
0.7665276020462479	0.6386196482192359
0.032395602135679644	0.026702927532647292
0.7558748889688786	0.960047702734182
0.6975289026688714	1.0947471835282756
0.6871620856089252	0.690543292516747
0.31100791641638437	0.2205115377925599
0.3630371129755293	0.3924413741041475
0.874128170401811	1.0743567470352169
0.5394108723614985	0.39661316734961183
0.6189508081702862	0.7764363996919805
0.6833420771321296	0.7546644214386022
0.48684746944330576	0.305475735883752
0.468644967734563	0.5074215625698006
0.6820530662016614	0.7392154596843782
0.7179143093383195	0.720805305934878
0.3033658527923113	0.36603286982353056
0.5118339732322756	0.7567617155966446
0.33787869018161987	0.19189013479663342
0.24790744087029576	0.4400231806452203
0.6777598282131816	0.6712765865651802
0.7285463949062132	1.1389281738208807
0.4238805246580055	0.3923225078304128
0.4964311047126412	1.0007696030916586
0.6879731297213296	0.7390695621374718
0.5653551803380555	0.5290794415664684
0.5915424479366418	0.34573764452667305
0.05243489706313757	0.062240453039266945
0.4847748844966441	0.5528135524057756
0.5560245777510024	0.46154742750069855
0.2830240420480186	0.2908090366194319
0.7162507629218804	0.568233169908832
0.6718921115454597	0.12230198401976217
0.4683840229222067	0.7270343544913868
0.0717147851662021	0.04278666483093786
0.0320977031550143	0.024738640597249638
0.8924876679709653	0.775771957684317
0.38268419818729177	0.46350753905844433
0.27971763011465567	0.5246291772496869
0.9968401794708169	0.8836279486473494
0.3776907617094779	0.280639215280419
0.5942665265917635	0.6044419550644111
1.033549583004501	1.3785323249923542
0.04389966641535023	0.03583889042068643
0.8770680467130282	0.7768457375217258
0.5446546033992383	0.5375186420278392
0.8263698248512256	0.820531489815807
0.02370681747720991	0.023299237935645076
0.06629940908096577	0.009106522484359038
0.5613116210772753	0.9003064849425946
0.2246474601669029	0.2739405666433997
0.3586993430140297	0.21979538521515862
0.4524788067859646	0.43864433438095474
0.012886006717888886	0.05015349175215647
0.6678748821907186	0.46695229821837614
0.7618256554064571	0.7466928789034599
0.6055963430983425	0.3421124043595582
0.8460735972816115	0.8913147866192747
0.5289056162818784	0.5880286797705518
0.1605374132727404	0.1510305387937116
0.4767771438108706	0.5412129845713192
0.4997606967731691	0.4916578658967573
0.16993391507378988	0.2062094089090545
0.10699135648882821	0.14158280242116722
0.600080490182026	0.7359141119955992
1.0221753470111887	0.6052156646440898
0.8295422134547393	0.44570753479929776
0.10871009934494727	0.09294468866771474
0.8788032402307189	0.6759878997095237
0.5973049222334537	0.4591328931811112
0.5787765628636568	0.482406502717704
0.062404993537972325	0.1277887284537203
0.9682607271713589	0.9429253068112878
0.1702088755470808	0.21418554790886424
0.5648013731961788	0.9493075298110065
1.038574714735617	0.9310120365020497
0.7705535026731026	1.0187925640623252
0.6478211713150009	0.6670722519443884
0.021159979318754157	0.15616534231036422
0.15197574144432394	0.1783095277188494
0.8618860694983679	0.8151672302787819
0.44413423915084504	0.34570112583546414
0.7613916665991003	0.8360857905604823
0.10527305461930454	0.30089217850991123
0.4105285402902952	0.43062135339967034
0.0699004996081811	0.11539319017287675
0.06905080621486417	0.06924752178179877
0.9059971743792241	0.3292868396242387
0.710200889987437	0.7182233158450936
0.04412842591173167	0.031731524644856866
0.6975811769662733	1.0061470116578097
0.43055887632850737	0.500622461211546
1.157872922704582	1.157477337776201
0.7382853022508937	0.7585465696863719
0.5580798617864259	0.6151611251509195
0.6116707875421225	0.6363150078384812
0.15468345255433694	0.09498041525926783
0.7995255469909034	0.46005085152978265
0.2442594107511199	0.35359170018615943
0.013567009861559015	0.04119527895314619
1.0793528674370985	1.0262099593136218
0.5811142116316417	0.7606530882945649
0.6073554153814644	0.915329212963151
0.12681137602522424	0.0978708399251465
0.12260430005182127	0.6505539782917431
0.10966767370303081	0.04541419143244964
0.48659724011738054	0.4446849244905887
0.7237392293207539	0.6556997204029817
0.32596618407441236	0.4996808912964118
0.08953971984330565	0.15135788391440408
0.8076139314480404	0.9067668660683146
0.8109965799346535	0.7450381011680693
0.972756471821326	0.8777742521692609
0.8548082203338316	0.8746578636039473
1.067277939688823	0.6050735729560626
0.3649628747038478	0.10235650803851201
0.3123353956721252	0.05044993717088672
0.7307904577030262	0.9044091930587557
1.0580020006247808	0.9157195811626838
0.6793124267511255	0.5473694550761204
0.47667905255692516	0.7004686196228248
0.036796435184149406	0.05126844932012095
0.053575844418538625	0.05898901354360149
0.012030352578594868	0.024164766850441975
0.38602210634468026	0.38977099742016136
0.12258651830002029	0.05715193283712134
0.7078611859662975	0.7083322827591213
0.654703919130111	0.7864744157870945
0.38522339620550283	0.3925897804295599
0.4846558302201973	0.588779451457097
1.1694905970083633	0.854445163519589
0.3979654046640132	0.36448838418671303
0.4619272128450457	0.5615509972658608
0.4764467079331713	0.47190677801247644
0.05706877653850638	0.3245787948719966
0.3397130634286691	0.3383487833767746
0.43020882291494633	0.1630512843109652
0.12582489047035275	0.1257205805107104
0.8295609979791121	1.0373932513751805
0.7060889237944918	0.8553621166026173
1.4641226332132065	0.6809911640085224
0.08183407818067806	0.02546401245250838
0.24878941927132792	0.8690589385789089
0.31905602053142856	0.25764715350727047
0.5997879091904257	0.6987963167196154
0.2028367950168657	1.1352204866358129
0.9507892430778344	0.6171715608626656
0.17101088598890776	0.14646673962870912
0.34919056051403263	0.28608862542822494
0.7290950145287987	0.5257694476486146
0.13088734601773902	0.418246772930734
0.7792401270631417	0.7847031992539898
0.27490155978348785	0.4958548417993714
0.5983284324580173	0.6017615865110939
0.5331868461444774	0.48937407487166573
0.23348966709855823	0.08644457118440341
0.031078254931280136	0.04703428173324196
1.370318551135845	0.6718119781539396
0.9283566315108436	1.091812389638749
0.7206521945787094	0.65530020189477
0.06966345514539805	0.01931530989459129
0.21867045125165657	0.22915680470812752
0.7325453751621228	2.2103022589861565
0.7663924834910523	0.8886689819564204
0.022803706762113782	0.0257187996089469
0.3529605609215554	0.295914722245265
0.8721171352893146	0.8335961215972274
0.8294858758724019	0.460391974466892
0.45589751191991856	0.32248815624813193
0.5532850294824112	0.49599105976441704
0.5632325612430968	0.5632489470915959
0.40422767124549874	0.45255820444494155
1.0265664550233031	1.036463246325945
0.7911414827871894	0.324421733693726
0.16360439729796664	0.1390806352736133
0.08406356265867489	0.043029665643852896
0.12799124309452897	0.20433664886423838
0.3862366857208365	0.3979228350645212
0.9214438923221084	0.8303916691054457
0.5325195124741606	0.4059309077459998
1.3074976569479007	0.40335315714969905
0.048276967831316964	0.31477740395622356
0.472176330793651	0.8398478205413948
0.0773032668796172	0.07313809932856191
0.07154785955903123	0.08506047667500113
1.066994776279942	0.7428460496002818
0.6727308029297113	0.5270371067334032
0.08926174863744099	0.07314574368277636
0.05607064329246192	0.30285646065791844
0.2412324077307174	0.22550744265033673
0.9220333485481063	0.4580897830488052
0.28972737370582297	0.22985603930865325
0.14962278066021478	0.05918609451260022
0.24563992834191964	0.2520274726073405
0.40171854253856837	0.051949370276826765
0.07229804520348398	0.05518393840607518
0.9014082233371443	0.9135137470367836
0.19625252683077765	0.1316544898705542
0.6263539328490915	1.5052157422703911
1.1034494196095475	0.9815011659289913
0.3510511990618396	0.16555662535582355
0.2792253028709922	0.12593128600987835
0.6518281074483219	0.751506754950261
1.2280493329662232	0.8418481378189653
1.116769873837691	0.8701713760691716
0.6334962170420839	0.4853893754709567
0.35878194405334685	0.22403527658220182
0.121770064961182	0.08751352808952634
0.9101426033600478	1.3691991805659884
0.7432511116950977	0.7825519476491627
0.6130966208161829	0.770284062770062
0.7688861067736101	0.6073002210330468
0.08912071280351308	0.5968775231276773
0.09460453601434157	0.22660095257731794
0.1127958382652413	0.24521453996053402
0.40132783709856856	0.46783819752655487
0.24176046751868635	0.1262226341525866
0.9024917329788864	0.9216174868051378
0.2300318633174711	0.4873767544194402
0.801826142922902	0.750251298166241
0.804700110947252	1.2632666420079985
0.2860195500377381	0.1389088701794746
1.0826611612211279	1.010655919546618
0.5902687714189278	0.6567293250808872
0.6874229567668011	0.7350737388062171
0.12575505110764612	0.16018557819767137
0.7704058107855379	0.6407996224969265
0.6857522173437287	0.4500788732021292
0.45236788108156184	0.41112038878233426
0.9859032679988622	1.093819876826298
0.13806864113684342	0.1478782041345827
0.4465736697139362	0.6727491697385094
0.013317247845134423	0.015925475791718872
0.012657499890827624	8.192384475252169E-4
0.23302404640289728	0.18913127106883332
0.8104700247892188	0.6211299061810757
0.7170137811989984	0.727928055881308
0.45901747924457426	0.45558788846590503
0.7381004759924735	0.495502916726287
0.740459384551953	0.7132645052423234
0.5645979502887181	0.686670889884037
0.6257461100790431	0.5541309736484127
0.6177065942584059	0.6178066610356914
0.10111299428417403	0.2885410826094396
0.06566287528380767	0.03121215386481399
0.41549835507676414	0.4586145173439601
0.6807451092968809	0.7414015617431822
0.287702156818697	0.22535641473315415
0.8230651061248759	0.6051443119477503
0.6976920201676697	0.6284444121350926
0.17263259247913126	0.16571177939089615
0.8220134103576179	0.8238416748836644
0.669024347300635	0.6539586393788961
0.38508584091813614	0.48591266233066643
0.03995367649219266	0.025950528984733896
0.4929402656770753	0.44081421527965425
0.5350232288887347	0.569722547067208
0.18719893007022645	0.18065034821590664
0.2610773830776696	0.2611540021892114
0.13827503923090825	0.08781278010457777
0.998571009328185	0.7698640032321479
0.8114732398060861	0.8376501946533114
0.048286644840475096	0.001955595319019468
0.6664419616328499	0.8884505186641567
0.2964048142938642	0.2679661649305196
0.692809437186765	1.0017512363354295
0.4223481494911121	0.4365345443731885
0.5289492137307162	0.6586093645036726
0.3833165221698693	0.4139729151293733
0.8014803477386061	0.6681314519454227
0.13664747384211748	0.14122640332607048
0.5699033577797871	0.5734758692947532
0.6515383928282119	0.7014425385645005
0.44575136524878045	0.6632980838575503
0.44168707818340863	0.5532879296453675
0.6873937324987426	0.7526960223941741
0.07571825783196746	0.13343414930685066
0.40967721668635204	0.3870896157278511
0.7807921431125563	0.6349119103411781
0.3788038191674506	0.3063754070700629
0.7076477266823481	0.6645379301276855
0.5052895990459828	0.31319136836082234
0.37481016635347775	0.40305501146318157
0.4444679741470607	0.5580299183638238
0.6919752244246443	0.7227964238020389
0.6435154338778415	0.6699713959262419
0.07175923733289039	0.16518937244627965
0.23265094362551625	0.2763912338581751
0.45285342524457717	0.5382554500316354
0.08183874369286694	0.21655069738028213
0.7047292244085896	0.6037489436076076
0.640561583453215	0.4757394137456635
0.196450548969393	0.21516167293198443
0.4951062109184278	0.4522620698366893
0.07433554464363248	0.053375481373535705
0.9105256213426344	1.0730322743110803
0.10541908980871534	0.11714146619655107
0.6762558027170193	0.7709288331010361
0.08539090594585022	0.46422924746076266
0.8648827610319653	0.5782483672176579
0.8407129249937416	0.8002291857553927
1.0010228794066949	0.9388280113172014
1.1611224866304986	1.1845339075193342
0.7770884638985548	1.0049615938572287
0.34018464635007933	0.1317841024852571
0.5629895420155092	0.7657555793340317
0.1637821512701208	0.15833259457840063
0.5288964138801323	0.6033066701935401
0.7250994764713918	0.6610099958149744
0.03736311056567822	0.0399617840621847
1.002085143258705	1.0179684937134224
0.8559077414071307	0.842507410302529
1.08314888206164	0.9893066345923149
0.2716773192788753	0.2560038498118597
0.9208664812559647	0.8278841624892859
0.248795887087513	0.24441073489604193
0.17713233978422438	0.2207713625536134
0.33949785694925055	0.05007252682910963
0.6248742705065801	0.7277593851762998
0.5648583209818815	0.5941048447114147
0.2692862370791543	0.3746975752242395
0.25608094049864855	0.2817335797907932
0.8450553377875203	0.8972089528863579
1.1605964339512096	0.723987346699654
0.3461270684478365	0.2594257159978083
0.853610310290165	0.7150882683331805
0.040942044481744176	0.030346652773993676
0.4602651386461136	0.39278338268956353
0.03852355676234668	0.06546374765029743
0.524906336455159	0.4669682950501479
0.41991805758423567	0.39262932519267124
0.007204192662235558	0.0795435122894406
0.5516017890087844	0.5262553631199187
0.3593934104383089	0.3507677458550657
0.40310773083923324	0.7133817870282522
0.040604351624786726	0.03763756764331932
0.2470525904090256	0.27313389095877444
1.0609740170243525	0.6146071642847172
0.5863731185384952	0.25698599814809125
0.3989207081996605	1.1087642855858477
0.4186547958636566	1.0485986755685297
0.7401225032890011	0.6285595276238846
0.5335621696924588	0.4893998342243126
0.13368386566844587	0.0814672027071841
0.564559419844378	0.5978855896402396
0.42247504975353906	0.5095691635200164
0.21801997559122138	0.33335071921215964
0.6121681161241663	0.37833153314980245
0.5505916734323761	0.35285808683976333
1.048693999372308	0.7148110730018424
0.9116350973934044	0.8160572265639401
0.544646166512504	0.3375078607634325
0.46672065971563054	0.5802766049370164
0.031463536153347155	0.12367629633727778
0.5195559899712953	1.4605099634627337
0.9046024831046994	0.9173493103139163
1.4289611744028072	0.4205721560259592
0.6294725786966588	0.28284630822408036
0.049199507353233196	0.025039983415349666
0.24001391399252991	0.7067352586893614
0.5545517900052535	0.5978368146086812
0.3037843351265684	0.6449867172910353
0.3947192215733898	0.49112577465126905
1.0240732806730932	0.4821672565213111
0.07017815457190137	0.15855415256060362
0.8810336502637848	0.9344915763728325
0.42414224862881894	0.32697792361867345
0.0989289974170602	0.14565759845872597
0.13976504821373828	0.23598343714438977
0.2213837639407935	0.17239180049200295
0.5942310655808826	0.6253696694068948
0.5727658869669967	0.49962107703083464
0.5692532645765279	0.6840673098447629
0.912461854758522	0.6668058211131442
0.12905219398735485	0.276432904088892
0.5315995850081392	0.7257349002961646
0.5968763580771775	0.51730908087
0.2676827349642404	0.5739140011082029
1.4476253250618603	1.5127922017750166
0.8474636606738898	0.9014329306978508
0.0997836431218951	0.06710641759134692
0.25587196383806143	0.2219960460072761
0.36811974232215267	0.1787112847294429
0.34741425822134453	0.24658152443539552
0.04451051070256004	0.015420498443709435
1.069634792280219	0.42836742003816786
0.7504685273567835	0.8826177897421426
0.7906815688692665	0.6679872723785476
0.11872387200666142	0.12652620479707968
0.9773204748936858	1.0328708774737627
1.037241485243039	1.1535625415161486
0.8445860480274977	0.8550504935862573
0.5312918133172442	0.4240662274827895
0.0731644048430497	0.09204188599728014
0.7594878879630244	0.4699026310944859
0.34665659917697916	0.44831735846247267
0.6405412931139283	0.6392389114511378
0.10356146434951925	0.08996191358944661
0.6409201908811325	0.7692788151762511
0.1763670689354431	0.2575610683862872
0.14157337831321493	0.14462353103942643
0.7327836364151146	1.0622429366461614
0.7269361894771125	0.4417256376575551
1.105562768941704	1.1498364418702824
1.0310017512476202	0.9760170236894097
0.5676537232857164	0.4763994726330727
0.036785577266590194	0.009869914409868001
0.4383725104058407	0.12338673537671574
0.15952738732520466	0.41581988160039884
0.8853006992871787	0.6658240899751195
1.3439318653152088	1.21410012283129
0.18764770066041972	0.18601118867111288
0.17454834538730243	0.17846533189985284
0.29486467131387506	0.34243021150636765
0.018994063440690285	0.015318545236910565
0.637945682836742	0.7183366629139734
0.4749454852123909	0.2989020889162224
0.5095550099027897	0.5043322774196434
0.16992747999045232	0.18456029450668449
0.3890589216851049	0.4850175684361234
0.8144176095977562	0.27485640333505856
0.27478054138075875	0.7115743986539109
0.4690234020961382	0.4771345151861406
0.14398646122138237	0.155208286617202
0.047532130933790856	0.07504993167050666
0.12126159141928339	0.8336583761039575
0.11126594306250562	0.11988566476268131
0.25325848205927126	0.18917492100681677
0.667068816194295	0.6439779518847049
0.6849999227108222	0.8788802940034091
0.23636656567456107	0.19961910714473785
0.47075798512366246	0.6887796349373763
1.1793489148372178	1.1741611983292275
0.6182808629746702	0.5838444413503152
0.020086431746141362	0.0636235066055028
1.2566142200056944	1.518605138483147
0.09078699248980658	0.022362920041254827
0.049018258811371805	0.07466335996891671
1.3517902761266964	1.2764217655350283
0.6876076237166373	0.6716143592791135
0.8134022891516871	0.7145883632299502
0.33767305105380335	0.11200218986749019
0.5345661299324608	0.624751320494567
0.38770229961532776	0.32750192669204414
0.08743882717211239	0.0984166850546887
0.9357218621481794	1.2527313445703963
0.043962596477612845	0.0019932472791631337
0.8539301072201948	0.9541506775215258
0.516961589196214	0.20081863061011085
0.904377347746858	0.7402568196683994
0.10462826518168318	0.31066944694768434
0.14480153716473054	0.13341222338926115
0.5140080872787895	0.5087866125502991
0.06251065679866753	0.068018735709925
0.2946137609008069	0.32088100524774377
0.1413121195019741	0.1525997588590903
0.8901474553345642	0.959068464822638
0.6210582382816576	0.3793034321849275
0.1538191276323111	0.3678791344656294
1.144190372160777	0.992021328022438
0.1455519123417918	0.07818584180858769
0.5930046406554635	0.5839505960668699
1.1190559911668312	1.2689974358183993
0.12325274145684442	0.3767992857500792
0.7905613484772651	0.6115219931378473
0.06873384667823368	0.07271485558712015
0.6668027724354801	0.6564959031876657
0.6222311711600015	0.28720512133785925
0.12220295959315347	0.23181956445653512
0.39315295796775046	0.268549528915505
0.04538300137321631	0.05569690769665334
0.37219825642882953	0.03360480800936079
0.7650003516754781	0.7249433165855692
0.6954625617467216	0.5393035682245633
0.4872546194218955	0.5546853591834199
0.5202580815362408	0.5242604584394552
0.8359326481436993	0.9422340154029679
0.09589972852226822	0.0686142543061033
0.8988176165996307	0.8388680368331555
0.20346937869848603	0.29383530917628664
0.6881823146769196	0.8075580085097223
0.7077956827912687	1.331369833623406
0.4665634397754831	0.575041541127933
0.5671648391819508	0.45142732721569945
0.08342404639447928	0.03879823910379962
0.19434419486116963	0.21866159185372827
1.1536419806286986	0.9989335722915174
1.0816076384331161	0.8811739731100072
1.1038704190428275	1.2427518750088025
0.022789508950036983	0.03839279906204988
0.11875740101217194	0.17794940918557417
0.5084469375278994	0.5170077150590583
0.09071201789298933	0.09876362890494529
0.7489121923736572	0.4268759472006534
0.28236015754571525	0.3243424631135642
0.6753177467061786	0.9376009691792679
1.1705065757024422	0.546631183592986
0.08455292882692232	0.09664303705169161
0.4097219686656655	0.4760839822531305
0.7051832693484157	0.7641623329241504
0.654653854924439	0.436406600508137
0.17793214635680465	0.2982312220465152
0.24628994693228815	0.284274473668242
0.4375570922383227	0.3115409526108518
0.07766802732040451	0.19725349857146043
0.8679066725364917	0.4915091501234382
0.9135321322600722	0.7702115830238094
0.8571001952613208	0.7733869879501905
0.7428219554604103	0.519206004852245
0.6881269570497831	0.6244489449252134
1.0768797975942102	1.0257473642318828
0.6015058041171626	0.685272590412475
0.08124855322152857	0.3478741621676823
0.18106613431128438	0.4212861191435716
0.01840822563764865	0.005001212347168502
0.04828058136819216	0.05571623567668885
0.7182183827873758	1.052483759671912
0.5451957780034415	0.40606330565501114
0.2575845646510554	0.2299146065375136
0.34772015721500127	1.1989999608527002
0.9407279508086115	0.8183239148868162
0.11632562232904577	0.23407486418415824
0.6944620100478416	0.8304842867965271
0.2904757963000569	0.40083802520885636
0.8822923931238765	0.7332832190076023
0.4659510757050085	0.565510484315484
0.23928497092971523	0.2088872381454871
0.6846490397731895	0.9120212377625855
0.7860063110093551	0.7658787649609614
0.1005827345930285	0.07789055834803588
0.03157136252247894	0.07801661995746367
0.09464412863406745	0.18143167250652847
0.05338745765428608	0.1953882623507009
0.6837062146436671	0.2714218414219792
1.04551103516063	0.8457457953789754
0.8943500859101103	0.8500391462517921
0.5318211866738238	0.5665028240927829
0.01905621973334252	0.019248864821970697
0.8111522888016998	0.8392899652338961
0.47279779957009255	0.4627819498354469
0.08437431964358315	0.1670649058726284
0.2928425420441243	0.2766606164714298
0.5998162876892772	0.659690342627381
0.7726119828166268	0.6092346765875933
0.5355281487141588	0.9692449729279974
0.8104892587947636	0.6098215035243908
0.7459720872488749	0.6699195973799383
1.1484690199897296	0.4502121205639791
0.04812978201687461	0.17007704663322137
0.2301749516563307	0.5190799640589031
0.45730245853844453	0.7545047369413445
0.0033689697781749254	0.0034737541022164817
0.3670945172209341	0.4853318085165039
0.7559712872351805	0.7446982020511315
0.5535051242577317	0.5911846072447824
1.2628855958220628	0.9084524396646568
0.5372771267720069	0.4612711919347704
0.03174087387583989	0.02984623299660115
0.15809090348783664	0.40997029164678667
0.43670087911179756	0.512913322529221
0.9296435544456048	1.21302923497942
0.6712490392481442	0.9453946440429039
0.25090895358526744	0.2948911101672106
0.4267336886298344	0.0816315981071973
0.744011167485279	0.6382106076542614
0.6145068449822358	0.6942652167016202
0.22406081665596156	0.16396541443891732
0.10137715381078204	0.09927422268056543
0.36058766624819505	0.1609346556625978
0.477972149311946	0.4464239908506773
0.01419378047347302	0.02378137327036451
0.7598731539535981	0.9397572749091395
0.12650183139450574	0.15416371217987568
0.9917245372414717	1.0078004019723603
1.3121858741501369	1.0259627629678205
0.3332589259863004	0.6908725875069055
0.07796065968661645	0.024991845169864586
0.29680663893349746	0.3642164747463147
0.12173524658358166	0.23991953757676276
0.718033152599082	0.4522828868694946
0.4455084948107576	0.09798651390792687
0.10940405866269537	0.11441674101964107
0.463130898642762	0.6999725813270317
0.6047046599861051	0.8914097176373382
1.2624033550887475	0.7939298091424198
0.05586999890315386	0.0696080243690374
0.5639837578801012	0.7498747437865433
0.68372469699733	0.6438140446443179
0.842832065135569	0.8959700753780497
0.4242022901297433	0.43316431672842515
0.4379623214488531	0.42889044801263776
0.7783191344957587	0.7218752341958864
0.5111619705299354	0.3679049194279622
0.7620985389338193	0.6796081333076824
1.0320568039651714	0.6887628292163193
0.06655200172631984	0.05356156662789294
0.6137347352090954	0.8628152883658615
0.4614414048033489	0.48558390905458354
0.27529614834730187	0.27454121514894936
0.09666834893500544	0.089191054623394
0.5678810223133155	0.8228937542689707
0.6677510482641038	1.0550609125934889
0.6459712607581876	0.5926089005003216
0.930065855593559	0.6633255869641304
0.07532605991633409	0.09973483685172935
0.6223533744591143	0.5994302327927317
0.6219326665257032	0.7521840454728529
0.01277265386532761	0.054093713776616266
0.06908704850381821	0.0661393699161282
0.5750335061549817	0.6686421122582541
0.38557049523078424	0.1286892791449793
0.8019660411655803	0.6001189429911169
0.5341537468426354	0.5157527061904948
0.104491267474089	0.1600415636132505
0.1419676720599931	0.170363342075331
0.6757740594310998	0.6756957912585462
1.1890485149711472	0.948849778288579
0.10314976420550394	0.07594625415369578
0.9432587600415304	0.8209566005832789
0.926044334151298	0.9074164693879323
0.5467351707007218	0.6828195881368944
0.6685817531284426	0.6695382864300832
0.9851673303661302	0.7861413787111741
0.4324758532601928	0.4515656067406444
0.07944205129261214	0.07241652340164406
0.522753335283733	0.7389642071410969
0.43572188132990414	0.48298245795408684
0.4213603016880546	0.2511367455030337
0.05752481614012933	0.016834899788852976
0.5800000723600061	0.5308874939822039
0.04561407626636693	0.13847708909063483
0.6111393573904796	0.6411842047570923
0.5888974502899461	0.6765149682040051
0.4560670839568238	0.4005912690511944
0.3690160971778457	0.6368352851373831
0.6388100480317578	0.625094504020521
1.0060352918755022	1.0632663217864566
0.15117961191746387	0.2816889108147237
0.008590492409158032	0.04453003674535322
0.28375555703275734	0.34105657613346946
0.9437327732189261	0.8554501622267425
0.019595135788292008	0.055517799103092555
0.3759022702282828	0.29079235210533266
0.2494653544392935	0.289731953855493
0.8686382651911536	0.8761117742585506
1.1040667943731715	1.0627664775268204
1.2189447075218047	0.44142168989639463
0.5730338346389875	0.525664936561459
0.62812627014114	0.5013574862247216
0.6360940660434998	0.6301019074217622
0.6489771989356395	0.6454125741195601
0.15419226074212286	0.18199091151928648
0.20830525080297077	0.10787489364188016
0.43501733788326385	0.2570041423132815
0.1145920522419205	0.2960636728333942
0.29080445317726294	0.27836340110369395
0.5151011630194366	0.7053145850702872
1.196251511528734	0.5596529799221914
0.3086576821907456	0.5803636131692859
1.0333161534329294	0.6619312384754079
0.5312430386797147	0.9745062316118047
0.601589009180107	0.5557551557651547
0.8094281911354635	1.3704341461410643
0.4339587939528095	0.15319270338802976
0.09274853035023499	0.10631270742486888
0.5376147086199473	0.06516468391861574
0.6766216526419588	0.47924404585511293
0.020844879417908708	0.00990740587111107
0.03479296313004951	0.034743539497927335
0.022590452559894336	0.014075135917225576
0.29825998905813345	0.28307894690486407
0.6755080732308117	0.884237194003995
0.7659098761205557	0.6288110771499682
0.3505294278912888	0.7835849558967828
0.37969542349401264	0.3126250970829924
0.5035897973357044	0.4966719776252492
1.0417516156971933	0.9927697445412893
0.6846531712228625	0.7298912054901595
0.622566189803072	0.6759913321809532
0.1310691806398384	0.17990722936281495
0.6657582168941006	0.8793758406705382
0.19175995291701842	0.7081355772406482
0.12536380702382166	0.14364016233930685
0.4651665368682858	0.7625233716953022
0.7258009853289993	0.6168956315750524
0.5162231836939342	0.5431212823926984
0.13900291701876583	0.019735770475860392
0.33964601400019495	0.2816941378061839
0.00891072206895529	0.008290779862884247
0.4401310931036636	0.28791558180846194
0.24238908475740667	0.24410648782287866
0.02228199649704693	0.021692077009913616
0.848673292654486	0.8083558030080136
0.16831723232565274	0.05370549195129887
0.8286502228543181	0.92340688770594
0.1232101670125116	0.10214034694750437
1.0518040097858026	1.1009123320480718
0.04937532111475254	0.060537728102553055
0.1864965212772293	0.14047538695015352
0.7142003187909641	0.7117354384511329
1.1340357667942507	1.2703975239873482
0.7127510368458833	0.6009317779172283
0.4933648342163355	0.29393874647183754
0.5609522012187962	0.3784399661030753
0.11803886659484299	0.10985401865296028
1.0909771133558106	0.33593966736359937
1.0860465432120028	0.9077114849597617
0.8878338779118751	1.009200869777262
0.5243669446263396	0.3852687464307134
0.5253656301027638	0.7830044492369427
0.08729689493058394	0.14112419813140176
0.9253292539197223	0.9479818221827482
0.04521843914173614	0.11890256454295303
0.17414001746808597	0.04915524704687739
0.7316804393853604	0.6705719918898494
1.0496265728702239	1.0525984724038706
0.9523850018912594	0.976410077118948
0.42682763349204583	0.522545492967659
0.17354396334084535	0.11746897518574995
0.17162759295181512	1.1293030641361375
1.0054096938881465	0.8367263862235989
0.6596883755108518	0.4188738102624803
0.32889715168943656	0.3281812986152295
0.4080871821914242	0.39211470773525026
0.01894224072391456	0.04065337175752785
0.3322371953573874	0.5778810806590519
0.6896041195812144	0.8374668496659493
0.5253571042994912	0.4039995648696701
0.812707127318798	1.3377642920880795
0.0890853922907634	0.06716162484029925
0.4551153971404751	0.5445254241299281
0.5196839732989826	0.2631064950472407
0.3820863424349033	0.6375036721652928
0.7847019029639624	0.7614684716581533
0.4376760800839774	0.44399826143178406
0.9523243291512145	0.659858533926676
0.8831580302531172	0.7273588005063113
1.281624277686873	0.8800110300435514
0.8696491568391314	0.9512447043947615
0.41904055689984604	0.21441781696838785
0.8905033372949159	0.9249607485039275
0.3802798722262738	0.380398343350083
0.3869352434490112	0.5722042268013903
0.6992458561788027	0.7340994471470449
0.5952580838764517	0.5034286942312843
0.7856095121951483	0.7455623320301769
0.6523964598624619	0.7128570047960081
0.8490895639632402	1.0084205086325533
0.13551651762057304	0.18465962251478357
0.11265502469705463	0.1716105295189002
0.534822950836747	0.5557370278730183
0.6788994101270223	0.587024974580636
0.859875898152718	0.877025573141276
0.8746094292864132	0.8584255911780139
0.29239696917911223	0.2899980305342405
0.44009912109832594	0.49228379527959465
0.3351000384605042	0.3053109096722306
0.7599065231704014	1.1361272013479053
0.5843681551769371	1.0024110677279212
0.04372475062968733	0.1327892377727829
0.9919439100757661	0.8879083675198541
0.15704526451931908	0.17519904027278838
0.15646386758661662	0.21313222894791928
0.345330957933904	0.34079284122005193
0.6581960275257648	0.6465716235819813
0.08123994181165661	0.05350433969334617
0.016570176984057668	0.06221723259732921
0.15497741979222404	0.09620148701182199
0.30332216337613577	0.29559836761096253
0.19349702726837237	0.1878518931573312
0.1907355341557495	0.3737180599991406
1.1201538812548153	0.8850833854872374
0.8203491217941876	0.8804975773851584
0.28457020387909904	0.3523441804607096
0.16188926421139585	0.2848533007154317
0.06810564075326508	0.004996884952749907
0.994335847516044	0.8449403318970735
1.3486191437038586	0.6431243406376459
0.3729020575046338	0.42603521161917496
0.18940075204482826	0.23240445984188363
0.44381932789989154	0.3940400881966948
0.04293723493311603	0.053625854051334805
0.19103792647156506	0.09212400295765216
0.29526432135684905	0.4691824641237682
0.1202039173349081	0.4958266835874936
0.6944880480775646	0.606091489073323
0.02830843198955994	0.033866805839323
1.0184388883862863	1.0545266090510106
0.06186727154666821	0.10010911429612689
0.08378644866392082	0.3072014461246021
0.8140444935972111	0.7716296370658988
0.6729180297592158	1.115875640868783
0.011775853999645858	0.010727653662475401
0.6453435883777432	0.43015953519424033
0.007327291277204112	0.004133355031970178
0.40575082872093143	0.46581892897246246
0.743432580214407	0.931649308568121
0.8108064719283853	0.6770774901701967
0.7647901333655105	0.733944814177182
0.36976025052900074	0.1622522155910603
1.0684286344712812	0.8187504963928512
0.43773335946293884	0.5636547751351646
0.06308847735009328	0.010924544009746897
0.45531704538376433	0.5350095281609201
1.0118256939706383	0.8750848029425551
0.19515963790487212	0.268824378753525
0.9629085996378666	0.9443724383366191
0.5269441653930746	0.3587785799573985
0.2155270364994597	0.11078079088136461
1.0406417093054197	0.9258788753544961
0.8683588431645907	0.858950267815306
0.6862071682447497	0.6685351131768227
0.09483544518128639	0.09405851367239469
0.13370739398624626	0.1328545807332707
1.0146375115172923	0.9868067623449154
0.06588318554845993	0.03532663956307254
0.7867994939188848	0.8014536438138772
0.03345097213478195	0.13629062403961406
0.9491681705834525	1.1336138096675037
0.17396152407417348	0.08215454036640772
0.04784536249593911	0.05805499845406358
0.5877146290186195	0.621573473191234
0.6754899501970303	0.6371368521866637
0.2287321256455947	0.20214362980801462
0.29341335537036706	0.27383095655620865
0.4224684528357737	0.4763047447533837
0.79015340399799	0.6491431461560366
0.5039241803024911	0.5424393844508255
0.6822633820421284	0.704457811787295
1.0813764691272423	1.0509384353533389
0.8127452871787995	0.6745358373536939
0.32527628929173397	0.24666096811102825
0.1373491246537011	0.4944018926080848
0.4513500322181845	0.6070040818941251
0.042475277457823715	0.014206038531402697
0.4852952209827787	0.7047920173086386
1.0034265741609216	0.927825936872984
0.6619771846383204	0.580060487941326
1.003577571813206	1.0040448994340512
0.13224270336598754	0.1294319896132023
0.9458420454141698	0.6761858338774149
0.30289874551066154	0.6476373051223341
0.023714013083816717	0.017910699380135786
0.7590505059550506	0.7520656604597816
0.01160251466962708	0.025130254234029165
0.6198511920471722	0.965126271173179
0.703657535263175	0.6119481865931575
0.7639669146522075	0.7428488947959245
0.09780390066012304	0.048999570171375274
0.7946458096935821	0.7520645943583115
0.02181619525018365	0.07727114795547056
0.9144379315385148	1.4223176078905841
0.43927456320061065	0.2461093093705078
0.2594587293885422	0.02657543065507234
0.04849221390327037	0.034434105431856335
1.18388534139637	1.0999279627857292
0.9070585010324522	0.8075374119953053
0.548375141164595	0.4597018013108663
0.1095337360808411	0.15463368159435903
0.15389641689607883	0.07185704721739615
0.41093069377859165	0.3909372797361826
0.04718633769787116	0.04846051166296023
0.8599706862982385	1.1301262527169655
0.35938749556401156	0.3210464253774793
0.8652294610284497	0.8550270432254783
0.8429768322674775	0.4835865673069056
0.17517408904081913	0.3104002006163783
0.6952554285895792	0.7460019730219879
0.8863983526984882	1.0672333732281343
0.1394573536837268	0.10496501389954255
0.2584433348858268	0.25844689563890105
0.7091845933312969	0.5712488681826502
0.050600036032333026	0.21341821705668723
0.07919904648120178	0.09868819790575031
0.8057160367093801	0.7139281529083549
0.8476629767362894	0.8843690623464483
0.6088866208875895	0.6657007484914775
0.4833072092806673	0.3467542908599301
0.8958510953330457	0.8862737057470278
0.22221283617963258	0.23559570485359685
0.680869290130494	0.5836124937256242
0.3781078761150508	0.044200847373676994
0.3771417417210487	0.5821285202719801
0.03232662839156083	0.028130537133891128
0.3927427453750742	0.4432810091689906
0.7259940655535724	0.7234938550802414
0.1604045679271196	0.05201803748288626
0.6354630962556246	0.7326174301128079
0.4258547219364239	0.37342728739617126
0.9123729889826232	0.84498056261365
0.19757000269442038	0.08719310800971737
0.6032418286424137	0.6414662749631586
0.9116200141620253	0.926105004015563
0.7372811867146378	0.48515868100673076
0.1030003384197169	0.0807669249774407
0.15035923527611772	0.16675432799577136
0.019193781451040524	0.05827300782835263
0.28929089254733253	0.48547277034690817
0.35718238035574545	0.3816073195616922
0.8528105200986	0.7891574551865652
0.5923211339541292	0.6644715265974608
0.9226378274419276	0.8859981688570725
0.31145086761801555	0.7171062710450813
0.7049638365014883	0.44480617774144104
0.8348992144906487	0.6539005698026255
0.030469382176553733	0.03664494197653267
0.5737189517275894	0.9570945044739514
0.1590458816316757	0.2711253786176121
0.8214133664852566	0.5207565251040337
1.0459010477921558	1.2172833934616671
0.33715026280605626	0.6143063069158177
0.061722669585757645	0.0269150024107622
0.7806517462266208	0.5019657124670484
0.9293099566825458	1.0467337481367125
0.9735210577226286	0.6613427388930905
0.38727972384087067	0.39845730959509584
0.8370304346040768	0.6873769968056206
0.941917480292368	0.9512835146128108
0.6526518922260209	0.7270175882057422
0.12370558231907529	0.22633632856949898
0.7048619741095921	0.9868443324875998
0.6690163745349982	1.0238570194409524
0.23041080475491169	0.06143869159250877
0.25187880120962697	0.38032355490189534
0.4151836481655498	0.15876410845588318
0.10893637123277858	0.23592432643453315
0.2593727539342012	0.10082273816266653
0.7127829342888099	0.715136604524445
0.5357132434566779	0.4337809918729402
0.4420231650979407	0.40158881514510625
0.11346260343359212	0.10588287380705286
0.7401610630944211	0.7529254865048249
0.12438085914159813	0.28114048876144987
0.0990067570232202	0.17161604540395567
0.48940670937921305	0.15053917163684483
0.12220408451504494	0.16633562626311313
0.20949106285273683	0.13724131472718834
0.3972493965857456	0.40296946202451345
0.44223464805337387	0.3967328530316109
0.07369190920896501	0.025825157288381247
0.418811364668592	0.3994456148237757
0.3341683427833979	0.4940304868389309
0.3269863990938152	0.34398542289980316
0.8990788849655829	0.7805683826727898
0.7480766943638578	0.7715782608949151
0.9825701097447255	0.8879965920634023
0.7163035798620462	0.8134448271545643
0.8417341276357051	0.9067206706809559
0.5133088285004439	0.9615091500230026
0.35449882677398037	0.21924407638879476
0.742693192519492	0.8183279403243411
1.032931115272398	0.3650822860747628
0.6174428204309934	0.39280523605852
0.32115142778438954	0.5107619499070228
0.021031260046290592	0.17292138085771908
0.6510581121759448	0.8690509304821953
0.06236811560780898	0.03869956029441034
0.7494322674097996	0.3780179335633979
0.3493401205933665	0.23344804710071276
0.09893183401859823	0.14063283581054709
0.09954147335130899	0.29853316933376134
0.2355178779119147	0.3349696615791929
0.7852166379052086	0.9404926704328522
0.1834386782689883	0.11898105474805995
0.5279377577142413	0.5272333964270053
0.7775515401651609	0.7905925315200438
1.0526322988239518	0.8761271079190631
0.014518479090621669	0.01665665340127886
0.2953840756398879	0.9682831950098034
1.0263811504564646	0.758667799266078
0.05083235318424137	0.12820089976858093
0.6598205622699774	0.6509045864679194
0.9803068584556757	1.0225177471960658
0.09139876853875835	0.16192444663889316
0.47335426586239404	0.5448870559632408
1.4485203966228082	0.5830123455873191
0.19721764855345392	0.2688172490537786
0.8552716964840532	0.6468053036965956
0.47664729804118866	0.44692524156295294
0.7665996436684315	0.6085869810580606
0.046958364583395404	0.01323086672410333
0.44683699439373836	1.1428590182205454
0.06350607871147541	0.021922932099098028
0.23093614825514447	0.34762713698184516
1.186884427580415	1.1538649510944952
0.03857299711432245	0.04615864731542543
0.14056273881233747	0.17085186058482701
0.2897940821638711	0.3091648443345606
0.6336030702492463	0.6737130683975515
0.7240964366825887	0.5122717199602512
0.4243327232201796	0.6086464471477687
0.132264131026276	0.5440830079460196
0.5155922227884437	0.6808838713827068
0.02649822470756666	0.029387644147355202
1.2415189319042435	0.6571934012782952
0.5705123733594375	0.4173874985589403
0.28393791319701656	0.08897698767175383
0.4781669016728365	0.31017913080371307
0.6564200574074619	0.8058735186552015
0.9030416319887644	0.7568043463223965
0.1668539628435332	0.16254589201092218
0.3693058874455971	0.44109027903216125
0.7636281565180076	1.1627267649432065
1.0175339756213335	1.0587724840493933
0.5915090248594028	0.14329518737581254
0.038248244542723575	0.29948434464414164
0.42380188852935796	0.4395845720042707
0.6538794472451127	0.6303039299368147
1.2054219189649822	1.259816773542375
0.44905291743784825	0.4431530899064597
0.4634710519195823	0.5983512025504251
0.4133709397119268	0.38628913643764307
0.009812703651951377	0.015287010485750116
0.8337395582574979	0.6745204489912775
0.4790285903031856	0.4847951391807087
1.0394555147862368	1.4618078631988471
0.2223519367257759	0.19877002170490599
0.06278609563629012	0.07885798065680248
0.2788793099656964	0.3201772173876608
0.36283515251280246	0.37592212394372215
0.548613389105093	0.5068901921837106
0.5012458023898105	0.6234623330983653
0.7020516378420376	0.6488538413354255
1.0630983845374102	0.8171195370584994
0.8271300767439046	0.7759714806811946
1.016924258350051	0.9222081605261785
0.4543331470718601	0.4614189794319459
0.037516417013222454	0.03863826881867552
0.17972939683590095	0.14683193111076429
0.5093840525739082	0.6926959729275242
0.2729023677717712	0.2574781845044975
0.10167711518055965	0.09120321733489867
0.6250486634980081	0.6983577192048758
0.07000278094896592	0.09684465268077651
1.1864617963640587	0.9748980726126019
0.8170244546214279	0.7426640504238993
0.1708330540460407	0.17381241540445508
0.4294056761804386	0.29205628661917094
0.6761651886902327	0.6772562475523903
0.06614585010310169	0.19221235127007674
0.5000179257313867	0.3602126188626761
0.7386685360324154	0.615632348782303
0.4544002384097897	0.41767228185231936
0.9140834522433766	0.9032626839236613
0.6825746189258857	0.6782314608580156
0.6677089548415907	0.6424872005142291
0.26222327293896996	0.19972905879982059
0.539110866448283	0.6739378576515144
0.23621526165642143	0.13812679916323517
1.2393539073364437	0.5816315237937364
0.5528059221594448	0.528918609760328
0.1832623043530574	0.07293257898403922
0.24691062689544804	0.37907673894361654
0.8503023560955254	0.8895113249831857
0.7395564991638734	0.7541109151205886
0.880130313666471	1.0148299642626668
0.688431203971066	0.7500352663460882
0.6182383514115626	0.7263932785110337
0.7460656001385794	0.7847428757754468
0.9577943038333073	0.9480009527900364
0.8541348501851175	0.9297159841468965
0.2887257002920593	0.054473666679475036
0.10739375185861519	0.015324983494833737
0.5361148278453364	0.5361227730842483
0.1095560007739996	0.03619571200734927
1.3605945569901003	1.3597348872014323
0.4600471248233343	1.1421886668526324
0.16586974075483463	0.1430581649786029
0.07691705232735002	0.11682167595862666
0.6829386652980541	0.888312336223955
0.190123462492974	0.19817362876263467
0.8161137854467098	0.4446144615054586
0.8033080089058429	1.0126242998739454
0.10158642814367279	0.04250434866261271
0.02789895871863255	0.024398312051274858
0.8178205356194467	1.5380268793379615
0.17041410832542653	0.1649958783102156
0.08570411067709169	0.09510819794365152
0.29231004172666586	0.42257668360950174
0.6089240452297988	0.21145228265527038
0.956492128004449	0.705699178982843
0.030075442543441605	0.1638550519970166
0.10111419598261273	0.08672388703370662
0.43221190571263085	0.5068355004159648
0.0661818314276655	0.02298486728135493
0.31920157025386764	0.12254567963742255
1.2388818637139538	1.23093455128878
0.3924736620360013	0.41889987009887325
0.5022359006384102	0.5372429016921931
0.5795199896360694	0.9306850670499455
0.9230380499556408	1.2781689008831387
0.030833437993730478	0.020124985340502263
0.14579170865633043	0.054124473511284944
0.10874860498765011	0.046644079419497275
0.930265544811668	0.41560635273583957
0.3968142983329588	0.5867555433680922
0.36628062430462544	0.5791632689376878
0.17080484370539556	0.2532283555274174
0.8572724033718437	0.5731200295333045
0.28790136334488975	0.41692346780287654
1.6295924863866673	1.2464015525579424
0.2222063129863529	0.22994366459221122
0.9707154370185408	0.9728147225809352
0.15908435718665342	0.34238404891766494
0.34232673268094754	0.3875089966175426
0.8701496299229353	0.24812728166316322
0.6672863086419029	0.7028924222043027
0.39007397874957267	0.3064642850623106
0.6747118010456155	0.9200654041093119
0.04514540333766871	0.04943375570144451
1.530705788547791	1.5672068812017639
0.8910623647682699	0.9533206091320582
0.6367838068928933	0.6971453451803004
0.4419053376135359	0.23824218709936582
0.3753090312377084	0.5079693993134572
0.023866561649824727	0.04687400653533805
0.13192758080739841	0.10444670832461732
0.13179657250075333	0.1359874482444299
0.08115259315898957	0.24745749549795915
0.2613353451951512	0.18683512710065314
0.1439025982459697	0.15487748447783084
0.6434819131961262	1.010893722935679
0.14159301095517313	0.05757107616402303
0.4609739902065349	0.48285120350467114
0.28552852993348415	0.5721404080660055
0.4302290950070267	0.45350828357920636
0.6315364694926888	0.5564501611535115
0.3865147390340199	0.2030715119258717
0.41721802952859743	0.544814780353794
1.0233553515710172	0.9534632502709479
0.8829412759223647	0.25762314183568147
0.840155371593911	0.9919446376595629
0.08352595573875024	0.17888637119171888
0.18488724528787087	0.3703380698934621
0.7169551282142612	0.6558770285244009
0.26836486054396036	0.4785110944810133
0.12280725170289183	0.14316983187862797
0.02866052089381696	0.30847621610913045
0.07401828478127156	0.19612133308447036
0.6924911086478855	0.6417656309625565
0.2826631174773613	0.1978778110664724
0.23729251500197135	0.2575456142653788
0.945086937232497	0.9076987792593258
1.0610341231406297	1.326127559107879
0.5790677216240133	0.5239415371496569
0.5930160591282253	0.7429834075714593
0.7498245680444602	0.7816232014242798
0.400496579489353	0.38932301046392404
0.10999903232358638	0.14137840627442191
0.5910052678460169	0.49021609283485357
0.5559370262111948	0.6431161558671595
0.4723764160583279	0.47759361427347036
0.43727806487598453	0.8635490109114057
0.170430192377854	0.1852649168836877
0.6320882832237418	0.43358026606190553
0.7710472560922007	0.7518599554649807
0.6757208126472767	0.5424902131935647
0.19931739565976264	0.11535202678123276
0.737470406414773	0.5762855474375771
0.9262569392326057	1.1409632127526153
0.3317289001927988	0.17093524681751515
0.014012034054494605	0.15850669969836303
0.3479441562960032	0.05864887522270851
0.3875792156922081	0.1432624037041664
0.056693353412239626	0.1373656135736334
1.1261418060251587	1.0517491415224363
1.1573193136526927	0.8945584614339208
0.3693432306967437	0.41933176546194245
1.2478766282782574	1.0634023496881801
0.027832771753733145	0.04391493294571434
1.043029346805989	1.203638445144398
0.43461265480190686	0.32601400386890333
0.8405654580261258	0.8461836184898636
0.75901209797739	0.633386069810911
1.0399935731052123	0.6222929337380928
0.018356581356113094	0.04075558784754226
0.15259575550883298	0.16198057201705504
0.767537529799854	0.724871770146573
0.6784359149565342	0.7172671789720412
0.477042159758749	0.29062069096834453
0.0070110894317299425	0.005037601395952165
0.18326726867145435	0.38817796591732256
0.4458949977444213	0.786295570655039
0.16661235830788823	0.42137136506865047
0.6058110630218067	0.4336166903296803
0.4076688882208655	0.22782341460155137
0.1851720101491859	0.39591284651076847
0.9721940481043921	1.155507492990672
0.24571196882837604	0.6704731707080451
1.0069658081609407	0.6676265655609758
0.47088569763943966	0.4708570332814873
0.24578345978447705	0.6508649805544449
0.45099290019240174	0.6422687641224099
0.4160095222798744	0.361533801847774
0.13022338217104878	0.13020366846508763
0.014044734083740785	0.010398207987254236
0.08243897588855369	0.04380734357210633
0.11531246068474058	0.06704486982236602
0.14101569127470334	0.2304614543442871
0.2943143055083211	0.05587001676929293
0.75269139701565	0.562089491832856
0.635371174201249	0.6722650388382734
0.5964440559955664	0.6180914193010464
0.4121076901616405	0.17743621879956478
0.9826888402212729	1.153109665560454
0.25974113348400985	0.2869106258604204
1.0291905321586674	0.8917931359713923
0.10085480521290657	0.0855594436926469
0.4447931234201621	0.22663928942269118
0.7016006302614612	0.9235939845072736
0.8205270628104925	0.5661030254885456
0.20479500922333221	0.20581763438241624
0.7131089185562853	0.69759802554116
0.4124691240886653	0.44971595022118915
0.3536001148778016	0.45346984095232895
1.0434580920446277	0.6323406604975859
0.47263271022560566	0.7417431737552372
0.593207923964505	0.12584019685440434
0.8426821888662286	0.6583168747418017
0.15308977173885957	0.13285440544519114
0.03476317769734273	0.03063788870841736
0.14531335714118465	0.044837724674059234
0.1659575735342701	0.2260322707082149
0.4103978174616345	0.49185828161532963
0.6159626303929858	0.25969487159188953
0.15442647848788008	0.47532819233717677
0.2022462951343128	0.1860299404300444
0.849286999132986	0.5046102466826325
0.573491444318803	0.5105410973206439
1.379027885106573	1.3102620293843719
0.7270539109347125	1.2056852424915006
0.6604423722969474	0.7280765711635395
0.7140222935131244	1.0222584398152141
0.6934537050904979	0.8277344191380782
0.9703659082566888	1.13447105113389
0.39925707097660684	0.525648577337535
0.23635748142015028	0.32447125170893215
0.05772422053194493	0.01874861548707861
0.9217615969991931	0.7786184518249581
0.48275705743494896	0.49007760251614996
0.5269407367134215	0.5860655624136225
0.9477395181238767	0.820340677996806
0.45474552476376107	0.8238116437999989
0.8629730584186204	0.5631206923587143
0.8404953109761345	1.3684404475597876
0.3014920539405543	0.5144280405566705
0.8449816202703347	0.5444312510919039
0.463733956095715	0.4860963539003049
0.19582492063432896	0.16011149308194925
0.9237003371182722	0.466154008649776
0.34964780270403434	0.3785992370177178
0.5516196994043778	0.5329179570448224
0.7053535515161781	0.7521513996969318
0.37561558880152857	0.3831809436203943
0.037627463630105724	0.13907748562465783
0.3915916772464066	0.30751627469251686
0.01876820178939179	0.007317463855344057
0.06384128761650751	0.21889601379656048
0.230011868377179	0.12758660681539374
0.8449592159216368	0.5618242870428805
0.7476673127468343	0.8053155664220301
0.44343656599889236	0.4029170517562588
0.5381028535495183	0.49417303984017935
0.22956953682023698	0.028885237722049588
0.7890502096384803	0.7455723475864233
0.14324587951313494	0.1264663396351774
0.5525038207605704	0.6311774487151172
0.8040715727677462	0.8225496305844938
0.8924167619197748	1.0139362814303208
0.10283969367228994	0.13574005107119888
1.0860704472368656	0.839276507327518
0.18903968119776082	0.21753624914708863
0.21825422930335708	0.19036073087402602
0.6100669766688355	0.750445408120489
0.33233907379029526	0.22032160567614778
0.748368979100053	0.8269097477876192
0.013109505804566022	0.011015638294119827
0.4545731337731602	0.4398831298457851
0.10636550452613762	0.1722828618974846
0.5869219031169657	0.5573128254135102
0.7057934522344581	0.7550443287177544
0.9974274013146939	0.9328428020041192
0.9515766878715498	0.7663159240000208
0.048629784356627924	0.04892077726814509
0.6790382108919855	1.185166129371515
0.19264040736726384	0.7454575798244573
0.8082439696595582	0.7817377978287978
0.2723618007427849	0.2771493210085437
0.338484662617448	0.17228958587006526
0.9195724066929015	0.9769676838452005
1.1469729669083861	1.084533506030519
0.38127736210406105	0.5172071098800122
0.6657954849057095	0.6218021201406819
0.8709000135107313	0.3843252152047898
0.0259883051125031	0.025555147550005194
0.2356280923562247	0.44978242410209623
0.37993104823584845	0.5314730710437112
0.19415869279013628	0.164690171992838
0.05125738651738432	0.256129921065993
0.5402678084619617	0.43104638863844613
0.7825617511263436	0.2623492941895976
0.09175498213009106	0.14001174844979555
1.1096441300595694	1.1510016626289175
1.0432015794315663	1.1158352334990496
0.696550312054642	0.692710598884804
0.20525062613914044	0.1940171659455098
0.7980527461022422	0.8888739577927812
0.5143610309806221	0.5073147324402667
0.447422237907262	0.4473496453150974
1.3347137532754456	0.5160120099926148
0.08583409249427161	0.07735552860855704
0.6014072198265251	0.8004224117090272
0.47720694102181493	0.5653855917357944
0.11130693976244671	0.12964015743292134
0.039906349144973846	0.17202901033546253
0.5089562130074752	0.6740086521210558
0.5096166602085586	0.40893227315713804
0.6394526933377529	0.7025214443180414
0.7058366339931047	0.913431577466486
1.076202163136679	0.7148248672389912
0.33886442740978745	0.3283295414513011
0.7570267111637425	0.7413658790315736
0.03564589402466842	0.08194476739956759
0.48329702689122084	0.4126251027173954
0.6798251569538327	0.688071575491065
0.327980573974622	0.28140376729290983
0.05229560216670681	1.0156794193616596
0.6328256972315742	0.6409805964475477
0.4244742013850076	0.23788191167460948
1.0905030165938459	0.8121229960755698
0.2815610660069529	0.1651440562220343
0.01375939960693717	0.06553672438530338
0.0899181549009975	0.0936864500391211
0.7272628143045696	0.7459595115069788
0.26204079426210813	0.19509309361529217
0.3544615793187855	0.4092283062687635
0.1734063374309593	0.05478291794749027
0.6376175788839135	0.6615301212415177
0.660644000044381	0.4678903515162306
0.6419857886950122	0.682291161037335
0.2149012296090381	0.1821010701537807
1.2161210823982007	0.4385933485134724
0.6455033452294763	0.43868213505246795
0.48971190622099847	0.5960800826109774
0.5122336168423323	0.5017273746610735
0.4480842017534322	0.7833236910897372
0.2389636448214867	0.25811872596173757
0.20894050174978923	0.4797438483776634
0.2956494208126991	0.2552740077203161
0.060631093459252994	0.02724048230982677
0.16298897674933222	0.1628828684343573
0.2687079359878008	1.0196695669973668
0.15315902739325202	0.06566692063839472
0.43653816755449115	0.5576254026778581
0.37315527576192514	0.18922090110941708
0.7733496673038919	0.7787591129643916
0.38278914631880984	0.46756215831653425
0.08607608033733191	0.17046956284171794
0.4635999886299527	0.20439926177219153
0.5790391808225441	0.6243172539241627
1.4996171419036521	0.5881350792230806
0.5286168875946197	0.5079063581658956
0.18698387199358613	0.1306696004843904
0.547016850613723	0.5608909600104004
0.6672312906880753	0.6473529864932518
0.6809919882423596	0.6468537027029995
0.4190805369574081	0.32054293459339467
1.1066213014943143	0.9030495947560353
0.7175150421143354	0.9498710781165289
0.3466662727311992	0.3694326770409338
0.5133772783324887	0.5282963915021844
0.7439947713430963	1.228209146861201
0.3929942508206599	0.5737458758117199
0.9744954590647924	1.6951297834021917
0.7243051071185723	0.799143928546884
0.04086055602230537	0.04503778282770233
0.6339616703906439	0.6596304073709247
0.6337753802397398	0.5454123131263571
0.8274983783427586	0.8197826969342394
0.7869019334307625	0.7108496093551067
0.5092773662037156	0.41862868676378057
0.5992139556012085	0.5280435717556615
0.08133978055246406	0.09050176983334517
0.0251970590119167	0.023728543299907347
0.33420709506250845	0.2319738868831055
0.6332473026587226	0.6331504005299948
0.4502795698913068	0.3918603601427969
0.41046856453183733	0.5508182287280965
0.08178978955752866	0.012890706067233498
0.06712956960270161	0.08214085896763923
0.39567795454971	0.3133709808565211
1.1169850344110728	0.7434258480170602
0.7008007092262157	0.5205027369290732
0.3423012183942436	0.4590875066034308
0.8474735195872335	1.1772951772611437
0.5507532373108507	0.5766614926376296
0.49567766473197905	1.1067283560190246
0.055398728937994926	0.05558923574298692
0.4630372269447266	0.4445962128195316
0.6946565604131918	0.6995125983514349
0.4161841001451826	0.5590444815121558
0.4302011581987402	0.5115872831315235
0.5127586455746242	0.5647776017790104
0.1545293191903173	0.1185244224819845
0.8449267109831878	0.5805675402969136
0.024855431362030854	0.012866043271661475
0.0325307692573311	0.03711783112076937
0.33162962524865613	0.3386909768729215
0.7368795285835493	0.6718148752561833
1.1504115878290468	0.28847329682394435
0.6455692207710816	0.6867196722398349
0.39431757787888955	0.15991660716506279
0.1823250231050338	0.28364801118822636
0.9152753638879005	1.1500540907792987
0.33485754197044376	0.5266807192655835
0.8008010890462004	0.44955921970445234
0.3031283391656262	0.3190881236416162
0.6265797045061101	0.20559935696423493
0.5586648064710007	0.37015439114172954
0.6594478636946725	0.6677846854762431
0.987605099197183	0.9603929442472667
0.2870164970514802	0.42828649152706616
0.21260219101006617	0.9564210512974793
0.3789828112871479	0.36938467841443784
0.7422713598526871	0.7867957785374309
0.06395962538402976	0.066395442332846
0.6281122490323843	0.7201148503645071
0.40830611313269316	0.6855500713822867
0.9037997041040284	0.9137887588920834
0.5091453912844603	0.8115053661673265
0.3289218586506119	0.33019127921786556
0.7751969206459269	0.6754163897930248
0.14693850848872034	0.135435892961407
0.20248572693173733	0.032421044611332564
1.0631058863279033	0.857600030466691
0.7057602328810956	1.0289283487255265
0.707632435963606	0.6326365012356244
0.633287886992878	0.31410709466658954
0.03425879304709226	0.0036331289172195323
0.6455874493686734	0.6704049751273248
0.8045224616660962	0.6657409576398207
0.7393081820333385	0.17525333293436518
0.5735666266787132	0.9470412247041391
0.10287970079552573	0.09949353703087882
0.44715627729397023	0.958416387962601
1.2059344990419052	0.9661371040344163
0.023586524906029804	0.09566879834712659
0.519013623869872	0.5713072884338546
0.14718085214313176	0.7636515734427289
0.43581896469246384	0.16279711041056089
0.013646436558786737	0.030938721324939612
0.023510149590477435	0.011115790953231295
0.14826557142795677	0.3798972458697436
0.06614193722503228	0.06686941008730729
0.9519358691665439	0.4739744120728643
0.7076429356057905	0.5690662409348224
1.0431514966649074	1.3438450591043076
0.41365713872382653	0.6062603885371981
0.7822573903852694	0.7916496015361792
0.6391125089691362	0.6260498107493451
0.10961693196255312	0.11647247883800171
0.4790713880923329	0.46859958246859057
1.0604383177283716	0.9428880307947113
0.5532042807576166	0.6520734585709114
0.07691971646141962	0.07520187229410755
0.7162891405927342	0.8534319181743165
0.32137118193971675	0.27350905245028084
0.542298205733895	0.6316705802827027
0.6990241090531946	0.7200435805254484
0.04600195142112033	0.04365393062969985
0.6801156819357046	0.6240584960646424
0.8981344406751339	0.9142749497046634
0.22879017490855863	0.2080651228583691
0.9172212361994139	0.5952392988363031
0.5108591743175356	0.5025311188422045
0.318147935248134	0.29292981602561985
0.17976082825636872	0.19362529856609967
0.4587377346987014	0.4807051829813078
0.46905103813725757	0.4401732754673523
0.30471863742217054	0.30469801660470275
0.7457998045846072	0.6436500196073535
0.3354727508666586	0.13868043209569628
0.3856684777664232	0.136092625053738
0.6508909823882958	0.9854287784303902
0.7975799331599563	0.8074190390500806
0.35848040110988344	0.238841203758406
1.0175927897225587	1.3448781304257653
0.6966390971105052	0.5638453585193831
0.24121917655270905	0.6892687431340991
0.36041830334845665	0.29983051049107623
0.8755418095370124	0.7430581560884411
0.7774650842590238	0.5694710283395035
0.052640268171860974	0.05444072808620345
0.27051409663808407	0.33327904941897746
0.29315989088984634	0.3058998154660547
0.23014745188736677	0.2325750583730521
0.8829797071415381	1.2774769300411524
0.7441397211963363	0.5844209904133866
0.294057518470343	0.18405228145659208
0.11966998031014256	0.22571312059283
0.49621516375382413	0.4447406768261742
0.3794161250432021	0.758788129503347
0.8320596848175223	0.8103527231012768
0.006652384234846013	0.023587245095932165
1.1751387101620763	1.2272763194010319
0.548672078851713	0.3019850366218548
0.06165081537925884	0.042975455432205344
0.11565717983589333	0.10280140057808415
0.8068688325024383	0.8830243083562794
0.417024259340971	0.3810337212123697
0.433040025833291	0.4696285869350519
0.9468577191172179	0.9281841301431515
0.315192891904862	0.26126815931114616
0.12031690541420875	0.13323344717291918
0.11090202861647147	0.015942046887296175
1.1889516608336193	1.0214299499903252
0.10529916980715082	0.06005308609565782
0.3685992878282256	0.39693639484956217
0.0523498862667123	0.07001010425661332
0.09882931231026099	0.04548535770829654
0.24221148612467247	0.3023408327900459
1.0206858258330136	0.8826740173118072
0.14539494885603985	0.24691520392600536
0.3019550083069305	0.2213305833014873
0.23522414195866836	0.09194658359604801
0.7017529663180028	0.7784862847298617
0.6330878443238456	0.8514361923501577
0.7977879364371421	1.073703043595888
0.07595010484627321	0.08102915299755738
1.2305460499235579	1.2159993800763416
0.010196667411014252	0.02575266027917723
0.9071720553236013	1.0496435036003606
0.7605885064242541	0.7431366280198036
1.3652152378323799	0.6932298059879745
0.7778718018811678	0.7165887433539873
0.3937962843707391	0.27773488535521584
0.09106057799249215	0.13867611174009686
0.03277114360965881	0.08679222506784473
0.4238292229008501	0.5117457531694477
0.15197050887707497	0.13795851235973614
0.5054469074393131	0.4931580125184877
0.5095372364497263	0.5529944149216651
1.1532888567332273	1.1690537842225477
0.8674397143874222	0.6719902558322035
0.2720243850569708	0.2414175417626141
0.1963119719804418	0.3526603093598437
0.9540269972642371	0.984751257121385
0.2483484029644671	0.2170993534791146
1.0799619296304581	0.9884209605689515
0.8616010894449286	1.157623782830797
0.8214081201278344	0.7548246737692489
0.467972481588746	0.3587751129488237
0.19795185521063136	0.33910523948016524
0.04646793447652524	0.08431348835459171
0.8019244313634597	0.839614740808714
0.6230291376260915	0.23290295280202306
0.8857522934229849	0.7728389680680808
0.26261196608434756	0.5211272354812769
0.3473999977655625	0.3306879008700191
0.10086381695224256	0.05553790940544369
0.19162446674717437	0.11729154677729572
0.13627793564270474	0.07853666205141963
0.10379334556259526	0.1806314711346198
0.1507427781092376	0.3460362090362711
0.6108338584604719	0.7521944861108643
0.46621504228310656	0.1234408195660156
0.6153374874538684	0.7808306881123266
0.5370715417167808	0.5872914477540878
0.06467650404797388	0.01004805419926811
0.7112294598833263	0.7151273000330207
0.6259193949393205	0.47439427234853837
0.7651881793410903	0.6798047306135118
0.19323054068843315	0.02811688823540541
0.7711724666799172	0.9742378693037351
0.5480225538344503	0.6961440401777645
0.5251389812511684	0.46304449404807047
0.6463799293521716	0.5853753378224429
0.30154940692354	0.18387150079005565
0.19330888690116563	0.17529975278882326
0.3557986648078373	0.3461561025346075
1.2683550811475586	1.2089690098684747
0.42817391256109455	0.5958228561714746
0.8280999367761431	0.7746270412754305
0.8469475361049018	0.7887282900324675
0.8181148450635276	1.0621737469156751
