0.9779409721767992
1.2890074570545786
0.9800141301884295
0.9967480884909725
1.0684143425387989
1.0
0.9820550349705561
1.081422860518194
1.0
0.6844848382021467
1.0879321464850276
1.0199858698115705
1.438530765434682
0.9183326128224623
0.947947126280214
1.0550710225461413
1.0571049506500467
0.957012339719075
0.8481399257958753
0.9428950493499533
1.0179449650294439
1.2546618809072934
0.9613082764904683
1.0
1.0429876602809252
1.0276725756202834
0.7109925429454212
0.9185771394818061
0.9723274243797166
0.5614692345653179
1.0220590278232007
1.0386917235095317
1.1518600742041247
1.3155151617978533
1.0436295417618853
0.9449289774538587
0.9563704582381147
1.0158503601138544
0.9120678535149724
0.7453381190927066
0.9841496398861456
1.0816673871775377
1.052052873719786
0.9315856574612009
1.113573322272969
1.0
0.8864266777270312
1.1254125179208534
0.8745874820791466
1.0032519115090275
1.16598057551792
1.0526346512203997
0.8501107533935423
1.1162463635399993
1.1238810854940173
0.6377065305590874
1.034448286687078
0.974896685615569
0.9803517998573064
0.6389662334157179
0.9105000166944732
1.0196482001426936
0.9068232933761959
1.0
0.9585302646873833
1.0
1.0
1.0397936693819707
1.0921765073869933
0.9972218296701467
1.0023878918237608
0.9078234926130067
1.0
0.8837536364600008
1.0894999833055268
1.3622934694409126
0.83401942448208
1.0164213744223507
0.954034597190022
0.8761189145059827
1.0005062813342485
0.9976121081762392
1.0
1.0552558894940434
1.0
0.9447441105059566
1.0251033143844308
0.9835786255776492
1.3610337665842822
0.9994937186657517
1.0
0.9473653487796003
0.9602063306180293
0.9655517133129222
1.093176706623804
1.045965402809978
1.0
1.0027781703298533
1.1498892466064579
1.0414697353126168
1.0050223137259393
0.987760042322202
1.2339987776858035
0.790567463786669
1.0122399576777978
1.0479374150438476
0.8082651826233115
0.8495880704257133
0.9949776862740607
1.1967002965617697
0.9970829842173797
1.3366676459869788
1.0116200977543448
1.0
0.9874227965965303
1.1969118175438194
1.1256631063758407
1.01276042144361
1.0507958825915853
1.0029170157826202
0.8032997034382303
0.9492041174084147
0.9886079287491655
1.0043615696439647
1.1042951464171369
0.7660012223141964
0.9739420996182355
1.257538077324815
1.1917348173766884
1.1504119295742867
1.0
0.7462927921725875
1.2094325362133311
1.0913132860625936
0.742461922675185
0.663332354013021
1.0260579003817645
0.8743368936241593
1.2537072078274125
0.9591684538259854
0.8030881824561805
1.0113920712508344
1.0408315461740145
0.9086867139374063
0.9520625849561524
0.988379902245655
0.8957048535828631
0.9956384303560354
0.9872395785563901
1.0125772034034697
1.1780770016251498
1.0042150868144475
1.0684402319545665
1.0105117248616708
0.9969900722874614
0.904699904994795
1.197404103635566
0.8025958963644342
1.1210433244018043
1.0703742826242197
0.8219229983748501
1.145677213397648
1.03913644175464
0.9688994811107454
1.0077535815704914
0.8789566755981956
1.0154718155048321
1.0901234296879765
0.9894882751383293
0.9296257173757803
0.9957849131855525
0.9981650209667285
1.095300095005205
1.056119713451967
1.299225496886293
1.0023236605193955
0.6019820202829004
0.9663766531013955
0.9908123670224163
0.9997033307829967
1.0
1.0002966692170032
1.0030099277125386
1.0091876329775837
0.7007745031137068
0.96086355824536
0.9098765703120237
1.1837546797934615
0.9845281844951679
0.9315597680454335
0.9976763394806045
1.0
0.8543227866023522
1.3980179797170997
0.8162453202065385
0.9922464184295084
1.0018349790332715
0.943880286548033
1.0311005188892546
1.0336233468986045
1.1741086402933538
1.054785731873642
0.9979815817791728
0.8671023035236862
0.9407626538949458
0.8549548797246964
1.1927458765293701
1.0811017968247325
0.9188982031752675
1.033133151254601
0.9531050757442034
1.1344298629332705
1.0177823966048445
0.8072541234706299
1.0769835771410727
1.0
0.9011846036876459
1.0173609146973335
0.9833902132184631
0.8655701370667295
0.9826390853026665
0.8025388828422758
1.0
1.0468949242557966
1.0412490070873508
0.878253176247048
1.0020184182208272
0.9590225986599388
1.0
0.9230164228589273
1.1328976964763138
0.8258913597066461
1.0
0.9822176033951554
1.0409774013400612
1.0
1.0988153963123541
1.016609786781537
0.9989964913112058
0.9587509929126492
1.1450451202753036
1.0047647966674162
1.001003508688794
0.9668668487453991
1.197461117157724
1.121746823752952
1.0
0.945214268126358
1.0592373461050542
0.9952352033325838
1.0432162949330417
0.8506504748602377
1.0
0.9688763146776488
0.7713734998263518
1.1297972933018767
0.9980272648683522
0.9616944721830416
0.9391139276387847
0.9283617061624534
0.982902991438874
1.0
1.0279794783130107
1.0226024603714765
1.2193761651758181
1.0311236853223513
0.9951169952559857
1.0608860723612152
0.7806238348241819
1.0254902814517262
0.962372489815155
0.9859716385859374
1.006073807382601
0.9939261926173989
0.9720205216869892
1.0376275101848451
1.0801542187465527
1.0
0.974509718548274
0.7005948668727586
1.0
1.1628154932536416
1.017097008561126
1.0716382938375466
1.228626500173648
1.1493495251397623
1.0
1.0
1.2994051331272414
0.9198457812534472
1.0140283614140626
1.0019727351316479
1.0383055278169584
0.8702027066981233
1.0
0.9567837050669584
0.8371845067463581
0.9773975396285235
1.0
1.0048830047440143
1.0
0.8742275375740003
1.0
0.9603542198945447
0.9826716883284627
1.1956974788182286
1.158665626773435
1.017328311671537
1.0104239985973633
0.8413343732265649
0.9955941254246308
0.9895760014026366
1.0013959816304685
0.9689706993384233
1.0670801861185688
1.0062213027456228
1.0044058745753695
1.1041783155485088
0.9937786972543772
1.083526792602914
1.0199100152208236
0.9800899847791764
0.8954585866287594
0.9997545067273814
0.9886018967271367
1.0
1.0
0.9874723622592317
1.0113981032728634
0.9986040183695315
0.877408406366563
1.0770109209220675
1.122591593633437
1.0
0.9229890790779325
1.0
0.985882265342149
1.0002454932726186
0.8958216844514916
1.014117734657851
1.006609223794753
0.9933907762052471
1.1257724624259997
1.0396457801054553
0.9329198138814311
0.916473207397086
1.1045414133712406
1.0125276377407684
1.0310293006615767
0.8043025211817714
1.1349941315651864
1.0
1.1167811065740707
0.9734125754020893
1.0123576961382856
1.0290227504951588
1.0138521899963817
1.026587424597911
1.0049768602811582
0.9193280355147697
0.8998876993775556
1.105437207426884
1.0126642879937116
0.9949243032749004
1.0
0.8945627925731161
1.0
0.9244884170608934
0.9890784860473268
0.9873357120062884
0.8650058684348136
0.9709772495048413
1.1149399740761892
1.0127706170390105
1.0
1.1001123006224445
0.8409982366767372
0.9872293829609896
0.8832188934259292
0.9797461277340338
0.9950231397188418
1.0109215139526733
0.8657119236306399
0.98619083268112
1.0755115829391066
1.01380916731888
1.0050756967250998
0.9861478100036184
0.9876423038617144
1.1342880763693604
1.1590017633232628
1.0628102430108042
1.0202538722659662
0.9801173151333156
0.9371897569891958
0.9933846335168471
1.0806719644852303
1.006615366483153
0.8850600259238108
1.0198826848666847
1.0121600576901115
1.3224926736288292
0.8231032839143523
0.8828860943140779
1.0
1.0119851837050822
0.9228471920760055
0.9833598493619534
1.0281449054039318
0.5714880211288108
1.0058185275615037
1.0
1.0166401506380465
0.9339408268291269
1.117551399536321
0.9953625720152335
1.066059173170873
0.967205038625133
0.7631484639976229
1.1583412070711119
1.032794961374867
0.9941814724384963
0.951295156334656
0.882448600463679
1.0
1.117113905685922
1.4303267347459139
1.236851536002377
0.6775073263711706
0.9972235910306486
1.4285119788711893
1.0
1.0046374279847665
0.9464071931222853
0.9718550945960683
1.0535928068777147
1.1768967160856478
1.0027764089693514
0.5696732652540859
0.9880148162949178
0.9878399423098886
0.7626641298173108
0.8416587929288882
1.0425602449512037
1.4229992593384537
0.5770007406615463
1.2373358701826893
1.0771528079239945
0.9574397550487963
1.048704843665344
0.9999440323267017
0.9539821021934075
1.000736224880915
1.194130380472932
1.2026597693643897
0.805869619527068
0.9758174470542027
1.0519301930704368
1.0223708291676241
0.9788992214060106
0.9857129977460007
1.0580103402553966
0.9586199391785407
0.8921848228651357
0.9992637751190852
0.7973402306356103
1.0020764857444642
1.0041708485333058
0.9419896597446035
1.0211697006604201
1.0169809076546552
1.0000559676732983
1.0071176810180587
1.0142870022539994
1.0
0.704210933159156
1.0460178978065926
0.9928823189819413
1.0
0.9979235142555359
1.0413800608214592
1.2709457071052324
0.8558940027352103
0.9095545114476259
0.7140076677301064
1.000102960052872
1.1078151771348643
1.1441059972647896
0.9998970399471283
0.9788302993395799
1.0241825529457973
0.9480698069295634
0.7290542928947676
1.295789066840844
0.9958291514666942
1.090445488552374
0.9830190923453448
1.2859923322698936
1.0211007785939894
0.9776291708323759
1.2008132080927063
1.1239349169318023
0.9762802703077083
1.0
0.996095463143629
0.9301328387125075
1.0
0.9707706074560079
1.0828385393752733
0.9963968427040708
0.8522706394191727
0.9292225576333523
0.9878125492528009
0.8760650830681979
1.0292293925439921
1.1477293605808274
0.9719147237893165
0.9171614606247267
1.0707774423666478
1.0237197296922917
1.0
1.0038344212163997
0.9733416750879915
0.9432129580444093
0.7991204325229793
1.0094910885989392
1.0
1.0266583249120087
0.9961655787836003
1.0007322190808896
0.8547193809217528
0.9905089114010608
0.9960268149462254
1.1452806190782474
1.0567870419555907
1.0036031572959292
0.9992677809191104
0.940071979233193
1.012187450747199
1.0698671612874926
1.0039731850537748
1.0599280207668071
1.0280852762106836
1.003904536856371
0.7136915075565036
1.2008795674770207
1.2863084924434964
0.7991867919072936
1.0326582192165252
0.9673417807834748
0.9541914765671455
1.0063766354231283
1.0743021674230424
0.8531230006201787
1.1468769993798213
1.0741740518286076
1.0435676020485523
0.9348729375313896
1.1240228603509668
1.1433329489646764
0.9564323979514479
1.0
1.0
0.8957846197667777
0.9790813500490805
1.0
0.9731722091559024
0.9113859676831337
1.000390965760598
1.0651270624686102
0.9071041089402972
1.0458085234328545
0.8566670510353236
0.8759771396490332
0.6932883188760077
1.0
0.9980873237372498
1.143311638024344
1.0268277908440977
0.979755191986517
0.999609034239402
1.3067116811239923
1.0264502233738395
1.0886140323168663
1.0167329749091758
1.0928958910597029
1.1042153802332224
1.020244808013483
1.0
0.9735497766261605
1.0209186499509195
0.9832670250908243
0.8702346873467074
1.1297653126532925
0.9258259481713924
0.9936233645768717
0.856688361975656
1.0
1.0019126762627502
0.9256978325769575
0.6893203967922839
0.9174087714547503
0.9749977819141464
1.004669869299562
1.17625222132647
1.0089287427860374
0.9212745302337396
1.0124293314675326
0.990447947147612
0.9671867582027622
0.9490811930124152
1.0446703637348258
1.0250022180858536
0.9875695612310986
0.82374777867353
1.0124304387689014
1.0328132417972378
1.0
1.0
0.9953301307004381
0.9910712572139626
0.9368184347502058
1.3106796032077161
1.0825912285452497
1.009552052852388
0.9991107306498235
0.9875706685324674
1.0
1.1142086841952477
0.9703336239743925
1.0008892693501763
1.0
0.8739658871457548
0.8763214828446587
1.1236785171553412
1.0
1.0787254697662605
1.3256265892773686
1.0127013861065826
0.9872986138934174
0.9946472721781208
0.8857913158047523
1.1260341128542453
1.0296663760256075
1.0053527278218792
0.6743734107226314
1.0509188069875848
0.9553296362651744
1.0
1.0631815652497942
0.8391718567436302
1.177701495353004
1.1801398862501329
1.0
1.0141880933433574
0.836216898615831
1.003439673723534
0.996560326276466
0.9948332562978998
1.0536355228949317
1.0214641451625717
1.0433325897132721
1.0045799037407641
0.8575047456517216
1.304784887497184
1.1637831013841688
1.037980184716221
1.0084030868386427
1.0249238803584078
1.3051447148714175
0.9260764690070675
0.9463644771050683
0.8222985046469959
0.8753662042301324
0.9954200962592359
1.1246337957698676
0.9750761196415925
1.1424952543482783
1.0562067674875375
0.9785358548374282
0.9858119066566425
0.994907323300088
1.118179081167047
0.915805679287925
1.0
0.9437932325124624
0.9620198152837788
1.0739235309929325
0.9915969131613575
0.819860113749867
0.881820918832953
1.0
1.1608281432563698
1.084194320712075
0.6952151125028162
1.0050926766999118
0.6948552851285825
1.0
0.9566674102867279
1.0051667437021001
1.0113198225356623
0.998323483356546
1.0
1.0532126201155
1.1175495812637657
0.9998823933771506
1.0423910514881558
1.0555666941916286
0.7677200534240376
0.9773034019085657
0.9612107676572297
0.947800723359304
0.9467873798844999
0.7979799044252374
1.052199276640696
0.9592560880155003
1.2020200955747629
0.8758264900845874
1.0446295976747133
1.2497346059630166
1.0000637054105623
1.1241735099154126
1.1154374444665545
1.0387892323427703
1.2322799465759624
1.0215365643443313
1.001676516643454
0.9999362945894376
1.0226965980914344
0.9444333058083716
1.0461811767454663
0.8634552579881405
1.0
0.9538188232545337
1.0
1.0001176066228492
0.9576089485118443
1.0407439119844997
1.0110888077119948
1.0794215462907035
1.0
0.9889111922880052
1.1365447420118595
0.8824504187362342
0.9886801774643377
0.7502653940369834
0.8845625555334455
0.9553704023252869
0.9205784537092965
0.9784634356556687
0.9951699667545245
1.0048300332454754
0.7149252347167575
1.0705167522071335
1.047223108852276
0.6592720880430736
1.016287023424876
1.456442071135998
0.9689071864282648
0.983712976575124
0.92623409018485
1.0
1.0361465381868866
1.0570401482606337
1.1148216494529553
1.0
0.9429598517393663
0.9277634492419392
0.9981503767693007
1.000190614652464
1.0
1.059257450364139
1.002652208497149
0.940742549635861
0.9638534618131135
1.0722365507580607
1.0
0.9782841517376143
1.0217158482623856
1.1674254844150087
1.0310928135717352
1.2850747652832424
1.352318294487006
1.0576849521959595
0.5435579288640021
0.9923366704322618
0.9294832477928665
0.8851783505470447
0.9423150478040407
0.9904464607533715
1.007663329567738
0.8325745155849914
0.952776891147724
1.3407279119569266
0.999809385347536
0.647681705512994
1.07376590981515
1.0018496232306993
0.997347791502851
1.0095535392466286
0.9935390171289826
1.0959576078542352
1.3335675079572047
1.1354958008304987
0.9612462881539271
1.0157777957564527
0.9977990110185602
1.0
1.0263484041852682
1.0
1.0148468065211573
0.9919853229358184
1.2855920991793788
1.0064609828710174
0.8247083858006213
0.9851531934788426
1.0
0.9860584270590048
1.0552257930414723
0.9040423921457647
0.9889274619927322
0.7144079008206212
0.9335668996428874
0.8535252309201471
1.0
0.8678139105339163
0.9769442730493954
1.00220098898144
0.9736515958147318
1.1375807417057038
0.9974203099272754
0.8624192582942962
0.9842222042435471
0.6664324920427952
1.000416127735785
1.1321860894660838
1.0139415729409953
1.0664331003571124
1.146474769079853
0.8645041991695013
1.1752916141993786
0.9447742069585277
1.0025796900727246
0.999583872264215
1.0080146770641818
1.038753711846073
1.0
1.0230557269506046
1.0
1.0110725380072676
1.183930135668087
0.9759854711135769
0.9371064814233013
1.0
0.8812159474792972
0.9907865753053952
0.8814676311975412
0.8160698643319132
1.0133058927257987
1.0
1.1187840525207027
1.0
1.0109061546924683
0.9566577819168112
0.9991527999024178
0.8725506205402955
0.9879006677357889
1.0197326839917484
1.1185323688024589
1.3537529772665446
0.913004985563501
0.9802673160082517
1.0
1.21550132681321
0.7844986731867899
1.0117966944267256
1.024014528886423
1.0
0.9866941072742013
1.2849378308259864
1.1274493794597045
1.0628935185766986
1.0
0.9207971951715321
1.0092134246946047
0.9882033055732744
1.0008472000975823
0.9943252895877541
1.0056747104122459
0.9890938453075317
0.7150621691740133
0.9280630662517059
1.0120993322642113
1.0792028048284679
1.048062829623905
1.0433422180831888
0.951937170376095
1.086995014436499
0.6462470227334555
1.0719369337482942
1.133738117784587
0.8662618822154128
0.9771875208396252
1.0
1.06240647601462
1.0274910053525261
0.8983801121905166
0.995406119086832
0.9972332093488537
0.776309573141766
0.972508994647474
0.8112396246277431
0.9620974754797146
1.1701609436171838
1.0852277480097958
1.0
1.0080030037939367
0.9040027340067608
1.0
1.0228124791603745
1.0
1.0
0.9919969962060634
0.7830757806643026
1.223690426858234
1.0379025245202853
0.9863833660408088
0.9737293547949845
1.0
1.0262706452050154
1.0
1.233629558690509
1.0136166339591912
0.896375928850058
1.1887603753722569
1.0
0.6359323834762608
1.0
1.0027667906511462
0.9375935239853801
1.364067616523739
1.004593880913168
1.1016198878094834
0.9147722519902042
1.095997265993239
1.0
1.2169242193356975
0.829839056382816
0.766370441309491
1.1036240711499419
1.012228921669742
0.9854466268812079
0.9663021617107732
1.062094584670998
0.9385956823606622
0.9902239621718125
1.1572241764678375
0.8236422916688906
1.0466635563036426
1.0568220347975137
0.987771078330258
0.9431779652024865
0.982577753269154
1.0
0.9743552814187089
0.8387775555063244
1.0072890030446833
1.0256447185812911
1.061404317639338
1.0145533731187921
1.307380973480545
1.0581127803631123
0.9418872196368876
0.9998597004824126
1.2933145971141848
1.0097760378281873
1.1461458308831902
1.0159795719774203
0.9927109969553167
1.0
1.1763577083311094
1.1566176040873484
1.0001402995175872
0.9418662004707283
1.0
0.9533364436963574
1.1612224444936756
1.017422246730846
1.0581337995292717
0.9840204280225797
0.8538541691168097
0.692619026519455
1.0
1.0
0.9379054153290021
0.7066854028858153
1.0336978382892268
0.8427758235321625
1.0
0.8433823959126514
0.9021416245047025
0.9908909008821614
0.8378609907113929
1.0212431328117115
1.2144829049481274
1.062962771012777
1.0836254782126453
1.1211031112552825
1.0866216592480302
0.980121586679923
1.0091090991178386
0.984255755441081
1.1814316940342364
1.0021012136075158
1.0157442445589189
0.5942763493252418
1.08858631419307
1.0059201109842026
1.0
1.0
0.9940798890157974
0.7855170950518726
0.9793627152372806
0.8185683059657636
0.9133783407519698
1.0173922495489374
1.4057236506747581
0.9163745217873546
0.9787568671882886
1.0198784133200771
1.1092215127328378
1.0206372847627194
1.0218515341450694
0.8907784872671622
1.0
0.9781484658549308
0.947301366455323
0.8788968887447175
0.9978987863924841
0.9826077504510626
1.162139009288607
0.9950002042559605
1.0
1.2709404171123189
1.0978583754952975
1.052698633544677
0.9370372289872231
1.0049997957440395
0.7290595828876811
0.91141368580693
1.0041742060443832
0.9906302600387992
1.154871831088744
1.0195812378446096
1.1085679643375492
0.7391069863367331
0.9208060834222687
1.0631883227861831
0.9983909113857485
1.046838790887931
0.845128168911256
0.9861692013126713
1.0529482937306907
0.9136318264580449
1.0093697399612007
1.0387559415337209
1.0536601754042674
1.41372492959551
1.134651788124797
0.9970199432509764
0.9531612091120688
1.0042218015825837
1.0722321719238441
1.015674527410771
1.1828371994006142
1.2335181433645306
0.9368116772138169
1.2608930136632668
0.8171628005993858
0.8653482118752029
0.666868014215774
1.0138307986873287
1.0016090886142515
1.0451445819613006
1.333131985784226
0.9804187621553904
0.9612440584662791
0.9957781984174164
0.9470517062693093
0.9958257939556168
0.984325472589229
0.8914320356624507
1.0791939165777316
1.0863681735419553
0.9463398245957328
0.9277678280761557
1.0029800567490237
0.9548554180386993
0.5862750704044899
0.7664818566354694
1.0222445462820953
1.0054025002259823
0.7823620795855918
0.9913531485235887
0.9992768517918503
1.0007231482081496
0.9617942360744222
1.0055533436721682
0.9706139640097996
1.028188390660494
1.0172825198649882
0.9850186606030376
0.9827174801350117
1.217637920414408
1.0132350067657852
1.104028393966077
0.992001094204059
1.0009773382479032
0.9944466563278319
1.0149813393969624
0.7378106116764711
0.7792334544757351
0.9990226617520965
1.2621893883235287
0.9777554537179048
1.008646851476411
1.0
0.8902964615901479
0.9953829073525498
0.8959716060339229
0.9303832059298722
1.0696167940701278
0.9945974997740177
1.007998905795941
0.7122616178820336
1.0293860359902005
1.038205763925578
0.9047274937523456
1.0046170926474502
0.9538784525682322
1.001184348182607
1.0
1.220766545524265
1.2877383821179667
1.1097035384098524
0.998815651817393
1.0952725062476545
0.9867649932342148
0.9718116093395059
1.0461215474317678
1.1128881732383917
1.074116881223266
1.0005454981135309
1.1434117014023855
0.8460665711293645
0.9817694934232617
1.0086704927730066
0.9916205870390695
0.999646274658021
0.9939709694549118
1.0182305065767383
1.0083794129609305
1.0399134553068703
1.3217881013673305
1.000353725341979
1.0417638939618226
1.0292887390357688
1.097818666480634
1.0
1.0
1.01781808829724
1.0
1.0028583821640544
0.9671589037556831
1.0841492734334883
1.1306260304187985
0.9582361060381775
1.018950281043515
0.8693739695812015
1.0328410962443169
0.9501367566059954
0.9821819117027598
0.9971416178359457
0.8565882985976145
1.0498632433940047
0.9600865446931298
0.9258831187767341
1.1539334288706353
0.9707112609642312
0.6782118986326694
0.8871118267616083
1.0
0.9021813335193662
1.0
0.9913295072269934
0.999454501886469
0.9158507265665117
0.9810497189564851
1.0
1.006029030545088
0.9751584856434408
0.8843434254645219
0.988055802734479
0.998312730164512
1.0
1.0000383101814665
0.9388161735723796
1.0
1.0
0.9892539826908417
1.0611838264276203
1.134059650466332
1.115656574535478
1.011944197265521
0.9253239316017698
1.0
1.2787183552971286
1.0888702918973283
1.2513171160322658
0.865940349533668
1.0248415143565592
0.9111297081026715
0.9999616898185335
0.9897261283567127
1.101849862020877
1.0
0.9765348523484622
1.0144671194160018
1.263639159922806
0.7486828839677343
1.0107460173091583
1.0
1.0
0.8145738358755619
1.1854261641244381
0.6729920505818648
0.8736601174025498
0.8981501379791228
1.0234651476515377
0.7363608400771938
1.07467606839823
1.0
1.0102738716432873
1.0016872698354882
1.0
1.0
1.1263398825974502
0.9855328805839982
0.7212816447028715
1.3270079494181353
0.988487405187729
0.6217410471248368
0.8064295719900325
0.985013190418329
1.076280846002257
1.011512594812271
0.923719153997743
0.9857000095574137
1.054621781108372
1.0367536226691612
0.838120277269875
0.7114601678947332
1.1843428292654483
0.9855571875301048
0.9453782188916281
0.8474210188300283
0.8790650732787119
1.0
1.1618797227301252
0.9995515733276272
1.157286597077833
1.2885398321052668
1.1498812430216434
0.8653994713480612
1.0144428124698952
1.1525789811699716
0.8501187569783567
1.0
0.9799995154672794
1.038195523789885
1.0004484266723728
0.842713402922167
1.3782589528751632
1.134600528651939
0.961804476210115
1.014986809581671
1.0142999904425865
1.0
0.9632463773308388
1.0
0.9973592714791126
1.0
1.1935704280099675
1.0200004845327206
1.1209349267212882
1.0026407285208874
1.0198468651257335
0.8156571707345519
0.9801531348742665
1.0
1.0224255676225846
0.9606650484839305
1.1702849031415858
0.8104282894209909
0.9585496922176091
1.041450307782391
0.9660992856614997
0.8928035246535444
0.9776473751715566
1.1376462697143275
1.0
1.3270782201897915
0.93366775844984
1.1580707774164651
0.8234145275735658
1.1765854724264342
1.0
1.0615125391136977
1.0057855078082039
1.06633224155016
1.0
1.1936268167410198
1.0393349515160695
0.9775744323774153
0.8419292225835349
1.003792855340688
0.9127858687894346
1.0339007143385004
0.9555367831089682
1.0041911534246184
0.9962071446593119
0.8063731832589802
0.8623537302856724
1.0223526248284436
1.2671261152051525
1.189571710579009
1.0872141312105654
1.024497787518667
0.9988363730334915
1.0
1.1071964753464556
1.0011636269665085
0.9942144921917961
0.8297150968584142
0.9958088465753817
1.0444632168910317
0.7328738847948477
0.6729217798102085
0.9384874608863025
0.9755022124813332
1.2081106545077378
0.8952140430222122
1.0099547766570176
1.1425624344663303
1.0
1.4189163078806935
0.9900452233429824
0.901099328322355
1.107350377516462
1.0128479528025736
1.0
1.1047859569777878
1.0055529307618982
1.230789573975358
0.9711961025916608
1.024634633902711
0.5810836921193065
0.9384421892393553
1.0
1.1100227209176643
0.9944470692381018
0.8899772790823356
1.009265843537246
1.0
0.9853720955824173
0.9795694536106365
1.0204305463893635
0.9871520471974266
1.054423165969785
0.7918893454922622
0.9907341564627542
1.0146279044175825
0.9455768340302151
1.098900671677645
0.8041150016859422
0.9750220259117084
0.7692104260246421
1.3265388935347606
1.0249779740882916
1.0615578107606447
1.0
0.8926496224835382
1.028803897408339
1.0424041069983443
0.975365366097289
0.9575958930016556
1.0
0.8574375655336697
1.1958849983140576
0.6734611064652392
0.8769015915106448
0.9729440657434912
1.0867247817972587
1.094122245432093
0.9058777545679069
1.2717083327952672
1.0
1.0696599511659275
1.0238411223300714
0.9532131680332521
0.9303400488340724
0.9516819759101106
1.0254418846325422
0.9873041342678136
0.909310584762569
1.0126958657321863
1.022030297269449
1.0
1.0140565917087523
0.828678285932917
1.0483180240898893
1.046786831966748
1.0906894152374311
1.259569295744482
0.9132752182027412
0.9745581153674578
1.1315370290317117
0.9761588776699285
1.0777578421567213
0.9779697027305511
0.9859434082912478
0.8684629709682883
1.0
1.0092590916272506
1.0
0.9446025980985067
1.0553974019014933
0.740430704255518
0.9623858687776432
1.0270559342565089
0.9222421578432788
1.1306976013757963
1.0004179111000848
0.7282916672047326
1.1230984084893552
0.9907409083727494
0.9995820888999152
1.037614131222357
1.1713217140670829
0.8693023986242037
1.131557979004267
0.8684420209957331
1.0058854977530085
0.9687504358465032
0.9479236547911063
0.786811285653666
0.9941145022469915
0.9534255384496395
1.0110669583309138
1.2760781723292123
1.27734224954777
0.9583363068078153
0.9760495826654838
0.9034926148970219
0.9564486382291165
1.0143950888873987
1.0165642562310295
0.9739962437171105
1.0239504173345164
0.9834357437689702
1.047085705470532
0.9856049111126012
0.6709748164148022
0.9963822731904355
0.952914294529468
0.9889330416690862
0.7239218276707875
1.096507385102978
1.000679109055025
0.7810139619577238
1.2026296044315874
1.0435513617708834
1.3290251835851978
0.9707986298632101
0.7609343307160003
1.0416636931921848
1.0520763452088937
0.7973703955684125
0.9993208909449749
1.2189860380422761
1.0036177268095645
1.0260037562828894
1.0312495641534967
1.2390656692839999
0.9823509656865624
0.72265775045223
1.213188714346334
1.02920137013679
1.0465744615503605
1.0176490343134375
0.9936392591627436
0.8668296024637074
1.08397503389269
1.003745983212757
0.9751174739342388
1.0
0.985318331842491
0.8537961072112633
0.9808162013533451
1.0
0.9997034700199815
1.2124473379367249
1.0067908754738653
0.9252419969257926
1.070962813579519
1.0465524806012827
1.2087448370288758
0.996773528668363
1.0063607408372566
1.0191837986466548
1.0248825260657612
0.9962540167872429
0.7875526620632751
1.1331703975362926
1.0
1.0146816681575088
1.0747580030742072
0.9160249661073101
0.9534475193987173
0.9290371864204809
1.0
0.7912551629711243
0.9018783762005378
1.0981216237994622
1.003226471331637
1.1462038927887366
0.8815984320545793
1.0096405830358433
1.0017365388616533
1.1184015679454204
0.9982634611383467
1.129923284543802
0.9273189202782957
0.8700767154561978
0.9932091245261347
1.0726810797217041
0.9903594169641567
1.0002965299800186
1.0
1.0
1.1020907216947458
1.0690651530026474
0.989112976118771
1.0118972863006324
0.9711864953573137
0.9472667848914134
0.9022599165533354
1.0531669223158522
0.9550257123695516
0.946833077684148
0.8747422527881663
0.9890666260705393
0.9309348469973526
1.0546668606986187
1.4366867270904464
0.9909259897203304
1.0109333739294608
0.9881027136993674
1.0288135046426863
0.9453331393013812
1.1252577472118337
1.0977400834466646
0.9285163612614226
1.3703606659382
0.9919192050240777
1.0090740102796696
1.0
0.892032995060306
0.9868023055618778
0.8979092783052544
1.1079670049396941
1.0476739264225177
0.9523260735774823
1.0714836387385775
0.981029472767115
0.9758920242662943
0.6296393340618001
1.0976527996815513
1.0080807949759223
1.0449742876304484
0.9830708092290699
1.0169291907709301
1.0108870238812289
1.0241079757337057
0.9023472003184487
0.5633132729095536
1.0527332151085866
1.018970527232885
1.0131976944381222
1.0
0.6526117343055382
1.0082774645206976
1.0182097994762977
0.9002888541623404
0.970603534555899
0.8411082650826144
1.0022763881895267
1.0293964654441008
1.0975199633014316
0.9923265996426941
0.793009120296341
1.0283508373900432
1.116542546806929
1.3013425590124696
1.0076734003573058
1.3199349627190704
1.1834628126900686
0.9581445856962263
0.9716491626099568
1.0
0.9900591742470025
0.9024800366985685
1.0900969517531727
0.9977236118104733
1.0219794394828638
1.0997111458376594
0.8886512473900022
1.206990879703659
0.9266107526902011
1.0
0.9817902005237023
0.8165371873099313
1.1588917349173857
0.9099030482468271
1.0418554143037737
0.6986574409875304
0.6800650372809296
1.0316693137717483
0.883457453193071
0.9683306862282516
1.1113487526099979
1.1213365167293534
1.0099408257529974
0.9917225354793027
0.8786634832706466
1.1955238898979093
0.8044761101020909
0.9780205605171359
1.3473882656944618
1.0733892473097988
0.9701769771847482
0.9781710657973223
1.007071776308483
1.1280550604319686
1.0829674143126158
1.0298230228152518
1.0
0.9794845901530306
0.999242768563332
1.0
1.1664451946048162
1.088594167793433
1.0
0.9999259062449561
0.9114058322065671
0.9746730351156349
0.8164528958696575
1.0425356648377997
1.0623033284109091
0.9735242114729119
0.8335548053951839
1.250864449965003
1.0218289342026778
1.1835471041303425
1.0000740937550439
1.4460061137253093
0.5539938862746908
1.026475788527088
1.0
1.0007572314366677
1.025326964884365
0.749135550034997
0.9476142989010021
0.9929282236915169
1.1156336900148989
1.0523857010989979
0.8719449395680312
0.9574643351622004
1.1038594873035172
0.9958397621720929
0.8961405126964828
1.019493163986342
0.8843663099851011
0.9376966715890909
0.9805068360136577
0.9170325856873842
1.0
1.0205154098469693
1.0
1.004160237827907
0.944067658035938
1.1203648212577249
0.7730785274679076
0.926292834228325
0.8932625918062971
0.9391461098436604
1.1114676960405745
1.0269776212133352
0.9993948868061492
1.0737071657716752
0.9730223787866645
1.055932341964062
0.9828968681190471
1.0246154442038982
1.0006051131938507
1.0291050276243667
0.699182939716371
1.017103131880953
1.0009222748891164
0.9667354748513658
0.9975171044007485
0.9878241110833726
0.9998941566746669
1.0608538901563396
1.0024828955992515
0.9544923629487497
0.9990777251108834
1.106737408193703
0.8796351787422751
0.8107136849507177
1.0332645251486343
1.0121758889166275
1.0
0.8049755140705589
1.0
0.9708949723756332
0.9753845557961016
1.0455076370512502
1.0160673662099813
1.300817060283629
1.0001058433253331
0.8617662378724988
1.1892863150492823
0.8635143362674484
0.8885323039594255
0.9839326337900187
1.2269214725320923
1.1950244859294412
1.1364856637325516
1.1382337621275012
1.0216810381296413
0.8532468131730575
0.9891545806599034
1.1467531868269427
0.7449902679697988
1.0270678479535222
0.9729321520464775
1.0108454193400966
0.8833166011841606
0.9017019974656713
1.0
0.9783189618703587
1.0
1.0
0.9453838554625826
0.9632546834146141
1.0
1.0
0.9962734473649351
0.873076415551583
1.0037265526350652
1.1538172393964996
1.057075768438998
1.1269235844484171
0.930281163824904
1.069718836175096
0.9978296799444335
0.8461827606035005
1.031254500466903
1.0610085515943877
1.0
1.0021703200555665
1.1667603353359413
1.036745316585386
0.9687454995330972
0.9089941405617437
1.0056016986993992
0.9943983013006009
1.0216537416896854
1.2550097320302012
1.0546161445374176
1.0982980025343287
0.8332396646640589
1.0910058594382566
1.1166833988158396
0.9783462583103147
1.0
1.0
0.9429242315610019
0.9389914484056123
1.002088672480395
1.0225076780693165
1.0
1.0028157077880526
0.7191645798018247
1.0068765454968467
1.089509027580939
0.997911327519605
0.95911196971297
1.1104864612142686
0.9433047264341164
1.0727054626677464
1.04088803028703
0.9811240240346811
1.139148099416256
0.9774923219306835
0.9217520610466037
0.9698268506630422
1.0
0.8895135387857315
1.0
1.0
0.9971842922119474
1.018875975965319
1.005622093231241
0.9640332946825206
1.0518028526842704
1.0359667053174793
1.2808354201981755
0.9104909724190611
0.9931234545031533
0.9272945373322539
1.0782479389533963
1.0
1.062636880342154
1.0
0.937363119657846
0.9921051327000313
1.0
1.0888899460240562
0.9943779067687591
1.0
1.0
1.0078948672999686
1.0301731493369577
0.9481971473157296
0.9111100539759438
1.0
0.8608519005837442
1.0566952735658837
1.0
1.0
1.0
1.218253817819257
1.032396288507971
0.9965699435127702
0.9800776797449108
1.0981586503280976
1.0352281235706546
1.0
1.2265264522759098
1.029029126622762
0.9709708733772381
0.9756634555375576
0.7734735477240902
1.2169774117097112
1.0199223202550893
0.9964188114438967
1.0
1.0243365444624424
1.0
0.9868535747987747
1.0
1.0749047193480787
0.9740867729052294
0.9987000982525589
0.9942432497839013
1.0131464252012252
1.001299901747441
0.7830225882902887
1.0020534156535323
0.9979465843464679
0.9676037114920288
0.9018413496719025
1.0035811885561035
0.961003888897677
1.0034300564872298
0.7817461821807431
1.0
1.0393535804461513
1.0057567502160984
1.000459614186947
0.9606464195538486
1.0
0.9647718764293454
0.9995403858130529
1.038996111102323
0.9250952806519215
1.0259132270947706
1.0
0.9995295318222595
1.1733820117145375
1.093721238673858
1.056251585481475
0.9924495942571943
1.0
1.0001778069918266
0.9292574207386113
0.8266179882854624
0.9973462368673015
0.9414051230402407
1.0585948769597593
0.8920345733549694
1.0683020779372447
1.0154916830979122
1.1786913887810464
0.8891388749478236
1.0075504057428057
0.9316979220627555
0.9845083169020878
0.9998221930081734
1.04818752704049
1.0004704681777405
0.6616831705051371
1.0707425792613887
1.1256749470829936
0.8778603526457609
1.1311125501758577
1.0387591329135737
1.122139647354239
1.1108611250521765
1.0761560453785752
0.9518124729595101
1.3383168294948629
1.0133736600444307
1.0026537631326984
0.9062787613261423
0.9866263399555693
0.9238439546214248
0.8136888110450173
1.1863111889549827
0.8743250529170064
0.8213086112189536
0.9437484145185252
1.1079654266450305
0.9872163065565747
1.0127836934434253
1.0
0.8688874498241423
0.9612408670864262
1.0799266214439602
1.0305177837517647
0.9694822162482353
1.1613205328249228
0.8386794671750774
0.9286948719985911
1.2992993324781872
1.0064334497008807
0.9484354275458365
1.2492747188699318
1.028737499283657
1.0012025612654916
0.9384191094422389
0.8307892897075931
0.9653770959083641
0.9925056728179802
1.0018104451988248
0.971262500716343
1.0068637423999083
1.0976352112637213
1.0788056438134865
1.0713051280014088
0.9935665502991193
1.0074943271820198
1.2110899346731627
0.9931362576000917
1.061580890557761
0.7507252811300684
1.0246848989438617
1.067053684940722
1.0515645724541636
0.9211943561865135
1.1692107102924068
0.8762680873924825
0.7007006675218129
1.034622904091636
1.1237319126075176
0.9987974387345084
0.9753151010561383
0.932946315059278
0.9981895548011753
1.0
1.2607073489278828
0.9200733785560399
1.013733032406729
0.7392926510721172
0.9862669675932708
0.9023647887362787
0.7889100653268373
1.0
1.083081005787115
1.0212295269103686
0.8394196848977347
0.9634849159841956
1.003310939412762
0.7458276273560067
0.9953920958416459
1.1736147693338959
0.9587351483892537
1.102990605167764
0.826385230666104
0.7266778237286968
0.9998147882979082
1.0412648516107463
0.9532618927209402
1.1754658220502094
0.9037835686610433
0.9169189942128851
1.0
0.996689060587238
1.1605803151022656
0.9130663008839126
1.2541723726439935
0.9982505167881933
0.9017875237174497
1.0943392840820865
1.0962164313389569
0.9056607159179135
1.0470810036611269
1.0869336991160874
1.0046079041583542
1.2007552859955286
0.7484237544261544
0.8245341779497906
1.0
1.2515762455738457
1.2733221762713032
1.0982124762825503
0.9787704730896312
0.897009394832236
0.9319998898233854
1.0467381072790598
0.9717587077999938
0.7992447140044714
1.0282412922000064
0.9529189963388731
1.0680001101766146
1.0365150840158044
1.0017494832118066
1.000185211702092
0.9007524091379768
0.9545550429052159
0.999934146930263
1.3668749539415521
1.0
1.003856384164374
0.8185679045299615
1.099247590862023
0.9940829379959595
0.9598310217135197
1.0056467758312388
1.0652902523816763
0.9241886348971033
1.0153600038380386
0.750632659087671
1.0271986931296904
1.0275135602111416
1.0233348960631168
0.9963127955587325
0.9526414311980542
1.249367340912329
1.0036872044412675
0.9112554933259163
0.9943532241687612
1.0059170620040403
0.9852831223023458
0.9846399961619614
1.193991047327922
0.8026221429702461
1.0600436726051998
1.1607802622968943
0.8392197377031057
1.1973778570297537
1.0758113651028967
1.0
1.0401689782864803
0.9724864397888584
1.0454449570947841
0.996143615835626
1.000065853069737
1.047358568801946
0.9399563273948002
0.9728013068703099
0.6331250460584479
1.0887445066740837
0.9347097476183237
0.9766651039368833
1.014716877697654
0.8060089526720777
1.1814320954700386
1.0915201786693642
0.8144599251868186
1.152734644549423
0.8801256739192751
1.3115786845049888
0.9166821097523773
0.9680268816134282
0.8515074822697846
0.6977511462794885
1.0411140921139364
1.0407514277814591
0.8537203675983474
0.9956406069942859
0.9279108692196631
0.8472653554505769
1.0833178902476228
0.8987215061234363
1.0135159629324602
1.119874326080725
1.0
0.8047847816385804
0.9592485722185409
0.6884213154950112
0.9588859078860636
1.003613508153573
0.9864840370675398
1.1484925177302154
1.031973118386572
1.0002138664416949
1.0720891307803369
1.0000274585609823
1.0
1.1855400748131815
1.1012784938765638
0.9997861335583051
1.0
1.1462796324016526
0.996386491846427
1.0
1.004359393005714
1.0120791656893158
1.0702098519434586
0.9999725414390177
1.0
0.9879208343106842
0.9297901480565414
1.1952152183614198
1.0
0.9084798213306357
1.3022488537205115
0.9496672799554069
1.0554329363352837
0.9966428673268785
1.1209232882013
0.787323101671313
1.0
0.8949958298854375
0.9989130100061299
0.9747147766720278
1.0010869899938701
1.0076213604604785
1.0209034569455737
1.0737887822097787
1.1667632869716222
0.8555437602981422
0.9810531320744046
0.9790965430544263
1.0009838394134438
0.8332367130283778
1.091083666297198
1.0105701698849303
1.050332720044593
1.0
1.0101630318044381
1.0203737195425864
0.9089163337028017
0.9845692497198664
1.0991499677300651
1.1444562397018578
1.0252852233279723
0.9008500322699349
1.0033571326731214
0.8790767117987
1.1050041701145625
1.2164122395365622
0.6540211586452545
0.9262112177902211
0.9990161605865561
0.9923786395395214
0.9445670636647163
0.7835877604634376
0.9898369681955619
1.0154307502801339
1.212676898328687
1.3459788413547458
0.9894298301150696
1.0189468679255955
0.9796262804574135
1.0440739246518644
0.9559260753481357
1.0020101236324006
1.2099014814956952
0.8042533490963147
0.9853556056065436
0.8783706478566423
0.7746967421108728
1.2253032578891272
1.0
1.2171598016605403
0.7512578523056449
0.9247861934959493
1.0850209583338148
1.1957466509036854
0.8220525568509254
1.0752138065040509
1.0030341204407498
1.1038597482247465
1.0011694748048876
1.0322230929749416
1.0146443943934567
0.9988305251951125
0.9639062260717747
0.9642443688125121
0.7828401983394598
0.9969658795592502
1.0348108163724397
1.028299125849816
0.9677769070250583
1.0
1.211051781366828
0.7889482186331722
1.0348663511677096
1.0097246284563393
0.9149790416661852
0.9979898763675994
1.1779474431490748
0.9930224472874507
0.9717008741501838
0.8961402517752534
0.7900985185043048
1.0360937739282252
1.1216293521433578
0.9902753715436607
1.035755631187488
1.0
1.006977552712549
0.9651891836275603
1.248742147694355
1.0
0.9651336488322905
1.0062263225356065
0.9574247497660323
1.0352287210143896
0.9645642801604968
0.9973799711858807
1.0908322590257862
0.9438586446804687
1.0561413553195313
1.206603447589958
1.0
1.0116996853945137
1.0269211339290734
1.0
0.8713908505371973
1.0121988337422485
1.0
0.9091677409742137
1.0171871362720761
1.0425752502339676
0.9937736774643936
0.9456741544523681
1.0847333954973148
0.9730788660709266
0.7933965524100419
0.9878011662577515
0.7846384255834646
0.9646275055429567
1.0353724944570433
1.2153615744165354
1.1922794369858003
0.9647712789856104
0.9883003146054864
0.9998688795911287
1.035435719839503
0.9152666045026852
1.0001311204088714
1.0
0.9791927849524787
0.9961455597821264
1.0208072150475211
0.81248566839938
1.1286091494628028
0.9828128637279238
1.0038544402178737
0.9656815131418228
1.0343184868581772
1.18751433160062
1.054325845547632
0.8077205630141996
1.0026200288141194
1.0149471871204294
1.1141782667341797
1.0760560114199103
0.9729469761127723
1.0071824974652497
1.0098043733397348
1.1479498593583082
0.8700525479049401
0.979049805878931
0.7594301296121594
1.0083290812839343
0.815928753637332
1.1207821287786923
1.1840712463626681
0.8520501406416917
0.7710784690805997
1.043187810070579
0.8858217332658203
0.968350316699074
1.0738061501365663
0.9568121899294211
0.9936013937023747
1.0270530238872277
0.9361444376247616
0.9850528128795706
0.9261938498634337
1.013644482946269
0.9239439885800896
1.0638555623752384
0.9174736835787886
0.9916709187160658
0.9162308606335638
0.8952253696099802
0.9901956266602651
1.2289215309194002
0.8792178712213077
1.0209501941210692
0.6091704829593055
1.0316496833009259
1.0063986062976253
1.0825263164212116
1.2405698703878407
1.3908295170406944
1.1047746303900197
1.0837691393664362
0.9928175025347503
0.980158614809981
1.1299474520950599
1.019841385190019
0.9863555170537309
0.9758224987949011
0.9318877548251706
0.8206434358912722
1.0541242838556009
1.0297721801434836
0.8852368971619938
1.156636463269063
0.7670167600340008
0.882197701651216
1.1153365527598298
1.1793565641087278
1.0425940467294796
0.9458757161443991
1.0241775012050987
0.9574059532705204
1.114763102838006
1.0963113506239344
0.8000981125177529
0.9589441208876195
0.7846789097099123
0.8846634472401702
1.2759543290747524
0.7888820102341716
1.1716657211089978
0.9702278198565163
0.8283342788910024
1.0410558791123807
1.2329832399659992
0.8433635367309367
1.1999018874822471
1.0663116965459065
1.2111179897658284
1.117802298348784
0.9036886493760656
1.0031667392350485
1.2153210902900877
0.9968332607649515
0.9336883034540935
0.7240456709252476
1.127258116555216
0.872741883444784
1.0
0.8780658068694256
1.0681122451748295
1.031910380683371
1.007104456369312
0.968089619316629
1.0
0.9928955436306883
1.1219341931305744
1.0560935534844123
1.3504759557950492
0.8303354459856197
1.001467114827095
1.0100199961658647
0.9829888514985554
0.9656306175317844
1.021318999059445
0.9341814875487496
0.9414716347957501
0.9985328851729051
1.0422490666188193
1.1293714932167123
1.1095417699384067
0.9922812163853276
0.991964111287446
0.8904582300615933
1.2946498421019361
1.0080358887125542
1.0585283652042499
0.8763195076527457
1.0141670440284092
1.0658185124512505
0.8706285067832875
1.1236804923472543
0.9996457711779222
0.8825098939174774
1.0077187836146724
1.0343693824682156
1.0003542288220777
0.9786810009405551
1.3264005810494306
0.8129174931538239
1.0043663209610292
0.9858329559715908
0.9577509333811807
0.9930356257712327
0.9956336790389708
1.0262047107520336
1.1174901060825226
1.0170111485014446
0.9899800038341354
1.1696645540143802
0.7053501578980639
0.6495240442049508
0.6735994189505694
0.9439064465155877
1.187082506846176
1.0069643742287673
0.9737952892479664
1.017675090076838
0.9729068781473387
0.9969852051620436
1.0928227364810246
1.0
0.9992494839542976
1.1303351740093421
1.1335760605101723
0.9846729349231447
1.1425650395223585
1.0484108193324437
1.035813284615943
0.9220440683344843
0.8664239394898277
0.9996285645877941
1.015327065076855
1.1613306141276558
1.1178800968031493
1.012058769805421
1.0270931218526613
1.0030147948379564
0.9119391116176402
0.9730305579595137
0.9841220953608589
1.0880608883823597
1.0269694420404862
0.8574349604776415
0.8696648259906579
1.1913028279543796
0.9308493625104809
1.0
1.0003714354122057
1.0007505160457024
0.9641867153840569
0.9879412301945789
1.0161719293281568
1.0182000336352206
1.0779559316655156
0.8821199031968506
0.9071772635189754
0.9823249099231619
1.2104399547323161
0.9817999663647793
0.7895600452676839
0.9515891806675563
0.8386693858723441
0.8086971720456203
1.015877904639141
1.069150637489519
0.9838280706718432
