1 0.14589198815340723
2 0.671104538105674
3 0.08386550071386693
4 0.7031512842659878
5 0.7151769650441723
6 26.49438139553349
7 0.5373035661221544
8 14.44078770290339
9 0.09529037575789791
10 0.21725227957464815
11 4.0899771105853375
12 14.981278052266205
13 0.8324864990610398
14 1.0594877150927566
15 1.0115619951704067
16 2.938850652023029
17 0.4747344260959132
18 0.9018640958612855
19 0.5204690287453214
20 2.006332085912058
21 4.752194236728741
22 0.5197935656777136
23 2.424285486463693
24 0.7304163565525456
25 0.5713145622996482
26 0.6995403843537299
27 0.5572252310152964
28 2.959362968949511
29 1.4213785583083791
30 0.6854988075370921
31 0.7135847584053959
32 0.6179399871305602
33 0.4033376252025058
34 0.5413813880352302
35 9.650404910088756
36 0.2069664089505956
37 1.9304011980985862
38 1.3212330031116528
39 2.410026348979798
40 1.6606065635959912
41 0.6660374444928211
42 1.0269590819463907
43 5.2679165591927495
44 0.6653774970152225
45 0.9335119086822461
46 4.094070348050575
47 1.458491692598513
48 0.6245718089929301
49 0.44750983469386474
50 0.28788011235271116
51 0.783731936223998
52 1.4668796861620752
53 1.5894225921335743
54 3.7066696173856615
55 0.4331735672072128
56 1.7094409355381817
57 0.47589729621434557
58 1.391112403144654
59 1.1834375896610476
60 2.301392778153961
61 1.4738201010505003
62 1.0764081384866895
63 0.6152837150613941
64 1.2193892220966533
65 1.3406093764993445
66 0.7208952531051099
67 1.048615016984312
68 0.9899588235603642
69 1.4269077120034028
70 0.9408178240788431
71 0.8497911789757477
72 1.2317863543196932
73 1.1575570801955775
74 1.3111168288018988
75 1.19727329772299
76 1.0113976566336966
77 1.0234679269841207
78 0.934437998975918
79 0.9534753874757371
80 1.131845885573072
81 1.2599856299272987
82 0.9985545732187998
83 1.1071144793089394
84 0.886508324970079
85 1.1771043991172419
86 1.1405619615346119
87 1.0652095188097637
88 0.9871750312313233
89 0.9814257308022378
