1 0.3202228670209359
2 0.5833263336692931
3 1.648375634075592
4 12.377143378989146
5 1.8919868322596032
6 0.9952217416681577
7 2.565358438961445
8 1.9297697241016418
9 2.943504511231373
10 1.219727527460845
11 0.7515160515167473
12 0.7279258047208481
13 0.3367883486143113
14 0.6982994796033234
15 1.285196638160792
16 0.3433472779317478
17 0.18954455881130003
18 0.5777655077245424
19 0.745182301778773
20 1.507829261524778
21 3.194814170814008
22 2.442414840872851
23 0.706659744912387
24 2.378762442042756
25 0.8350204389852275
26 0.7732943351858226
27 0.9778486068143036
28 1.6100352381204728
29 1.1021657127383604
30 0.5533242643064837
31 1.6745025922099002
32 0.6575144045969041
33 0.8303208408519325
34 0.898127596853187
35 1.7198132034833202
36 2.485967750055187
37 0.5111176814674833
38 0.8531405591780118
39 0.4262158396306052
40 0.311325536090276
41 0.2562973803876973
42 1.281461363874546
43 3.011075710344565
44 2.2276845735524358
45 1.3639760640147092
46 0.5535951838442356
47 0.4723865057232484
48 0.3433137978632621
49 3.0200801651674265
50 0.8023625973735024
51 0.5100244340981648
52 2.887481556158923
53 1.4676740379783635
54 0.6369673444581238
55 0.3805071634912831
56 0.8486193133385499
57 0.5181470971273158
58 0.8032229428422348
59 2.187753404186183
60 1.7254387064674062
61 1.1505241750858528
62 0.9327687070780247
63 0.69522008065717
64 1.4046024780479893
65 3.473655903817869
66 0.780016178037849
67 1.3151705058254808
68 1.0327957704557411
69 0.9732691442965903
70 1.400057446463922
71 1.3649440166910651
72 1.0462650123756938
73 1.5664105907950765
74 3.44117823010982
75 0.9548477901594403
76 1.4217959945467813
77 1.0155226482413904
78 3.3599189675374883
79 1.0497473151692338
80 2.154591847082965
81 0.5133832429874614
82 2.327603388203236
83 1.2880450874332756
84 2.695570032114373
85 0.9066669776631963
86 0.7369083107956583
87 1.156736586157317
88 0.8304372875041223
89 1.1071651113350918
90 0.5618233599584647
91 1.2194274395573756
92 1.9315315879838886
93 0.6708073958378745
94 0.831983403687772
95 0.7542577051037179
96 1.6924275041543153
97 0.6469269612861398
98 1.4431244580282938
99 0.7624404861776692
100 0.5910126727598517
101 0.9975095233473873
102 1.2255746271222423
103 0.7717201104485225
104 0.6723939784137187
105 1.038565652289149
106 0.7071088817372955
107 1.0413053998615687
108 1.4188201064651584
109 1.2419815265181058
110 0.8940495075209474
111 1.0517265801355682
112 0.9719440238965203
113 0.954200600168604
114 0.8978654828314448
115 0.90561222381189
116 0.957213713222561
