1 0.5482550253593684
2 0.4860028806153446
3 2.772976628205853
4 0.2220346459612883
5 3.1652074816387135
6 0.6326786039452059
7 0.6145226764272237
8 1.5432476771912056
9 0.7494440770927902
10 0.3053013072270528
11 0.2768801495977527
12 4.7770499438715115
13 3.8458968793291968
14 0.6811634342095778
15 1.186050322865077
16 0.291087040082916
17 1.8290787288981103
18 0.4580916476204133
19 0.1558500445683786
20 0.6304575433645626
21 0.34115053540909246
22 1.3907790867325003
23 3.5610566341611745
24 5.687423190401292
25 1.0310046822980496
26 0.546876759038721
27 1.4747118048175094
28 0.046199142850435596
29 0.45796629464350397
30 0.3889108595139124
31 2.4183808766751556
32 1.4877420041558962
33 0.7473791094252799
34 0.9840755611993229
35 0.37559722540395213
36 0.7961451215241137
37 0.3732637694533981
38 0.4651085383905591
39 0.9721434907258838
40 0.6355104175161149
41 2.473074982037384
42 0.42757387981796124
43 1.7604624426543782
44 0.7653292357600634
45 0.6887825496730551
46 0.4673863735335424
47 7.55900724632491
48 1.0598684456973309
49 0.5441277669214233
50 0.18955103117896435
51 0.5759646329749423
52 1.0979603474517183
53 0.3175164512687766
54 1.92136772370792
55 1.124714089290414
56 1.407022059409111
57 0.35777243531409925
58 3.645856340661605
59 0.39573423697513876
60 6.252292269308201
61 4.133500201285764
62 0.8554924282386951
63 1.5127510076488626
64 1.6523476985628855
65 0.5828548230590563
66 0.27786129474729254
67 0.8505117043147951
68 1.3218098809373735
69 1.43055639241855
70 0.905946359632691
71 2.270851745889712
72 0.7697602570933396
73 1.1166123728861341
74 1.6424747845900618
75 0.8684905916929047
76 0.3080335425693457
77 1.5318617654000097
78 2.225007553458
79 1.919264197576677
80 0.8930541892587595
81 0.21489724349338601
82 0.7719899701222052
83 0.16650552021798057
84 1.0016011730514527
85 1.062202410665096
86 0.9939703246626487
87 0.2609716064781686
88 1.6644340680201553
89 2.7749465032342773
90 2.2274238895315928
91 1.4721393536095104
92 0.4670537149986364
93 1.0095052516400216
94 0.4510308891645941
95 1.656510875833868
96 2.2460301331363324
97 1.6211326182364632
98 0.54134494018115
99 1.2285001078410334
100 1.2210010440202388
101 1.1202112611346822
102 1.1765242411720052
103 1.0308529002871574
104 1.1829910632177605
105 1.1064524094109223
106 1.0158065264185752
