1 1.0
2 1.0
3 1.0
4 1.0
5 1.0
6 1.0
7 1.0
8 1.0
9 1.0
10 1.0
11 1.0
12 1.0
13 1.0
14 1.0
15 1.0
16 1.0
17 1.0
18 1.0
19 1.0
20 1.0
21 1.0
22 1.0
23 1.0
24 1.0
25 0.96
26 0.9230769230769231
27 0.9259259259259259
28 0.9285714285714286
29 0.9310344827586207
30 0.9333333333333333
31 0.9354838709677419
32 0.9375
33 0.9090909090909091
34 0.9117647058823529
35 0.9142857142857143
36 0.9166666666666666
37 0.8918918918918919
38 0.8947368421052632
39 0.8717948717948718
40 0.875
41 0.8780487804878049
42 0.8809523809523809
