1 1.0
2 1.0
3 1.0
4 1.0
5 1.0
6 1.0
7 1.0
8 1.0
9 1.0
10 1.0
11 1.0
12 1.0
13 0.9230769230769231
14 0.9285714285714286
15 0.9333333333333333
16 0.9375
17 0.9411764705882353
18 0.9444444444444444
19 0.9473684210526315
20 0.95
21 0.9523809523809523
22 0.9545454545454546
23 0.9565217391304348
24 0.9583333333333334
25 0.96
26 0.9230769230769231
27 0.9259259259259259
28 0.8928571428571429
29 0.896551724137931
30 0.8666666666666667
31 0.8709677419354839
32 0.84375
33 0.8181818181818182
34 0.8235294117647058
35 0.8285714285714286
36 0.8333333333333334
37 0.8378378378378378
38 0.8421052631578947
39 0.8461538461538461
40 0.825
41 0.8048780487804879
42 0.7857142857142857
43 0.7906976744186046
44 0.7727272727272727
45 0.7555555555555555
46 0.7391304347826086
47 0.723404255319149
48 0.7083333333333334
49 0.6938775510204082
50 0.68
51 0.6666666666666666
52 0.6538461538461539
53 0.660377358490566
54 0.6666666666666666
