1 1.0
2 1.0
3 1.0
4 1.0
5 1.0
6 1.0
7 1.0
8 1.0
9 1.0
10 1.0
11 1.0
12 1.0
13 1.0
14 0.9285714285714286
15 0.9333333333333333
16 0.9375
17 0.9411764705882353
18 0.9444444444444444
19 0.8947368421052632
20 0.85
21 0.8571428571428571
22 0.8636363636363636
23 0.8695652173913043
24 0.8333333333333334
25 0.84
26 0.8076923076923077
27 0.8148148148148148
28 0.8214285714285714
29 0.8275862068965517
30 0.8333333333333334
31 0.8387096774193549
32 0.84375
33 0.8484848484848485
34 0.8529411764705882
35 0.8571428571428571
36 0.8611111111111112
37 0.8648648648648649
38 0.8421052631578947
39 0.8461538461538461
40 0.825
41 0.8048780487804879
42 0.8095238095238095
43 0.813953488372093
44 0.8181818181818182
45 0.8222222222222222
46 0.8043478260869565
47 0.8085106382978723
48 0.8125
49 0.8163265306122449
50 0.8
51 0.803921568627451
