1 1.0
2 1.0
3 1.0
4 1.0
5 1.0
6 1.0
7 1.0
8 1.0
9 1.0
10 1.0
11 1.0
12 0.9166666666666666
13 0.9230769230769231
14 0.9285714285714286
15 0.9333333333333333
16 0.9375
17 0.9411764705882353
18 0.9444444444444444
19 0.9473684210526315
20 0.9
21 0.9047619047619048
22 0.9090909090909091
23 0.8695652173913043
24 0.875
25 0.84
26 0.8076923076923077
27 0.8148148148148148
28 0.8214285714285714
29 0.7931034482758621
30 0.7666666666666667
31 0.7419354838709677
32 0.75
33 0.7272727272727273
34 0.7352941176470589
35 0.7142857142857143
36 0.6944444444444444
37 0.6756756756756757
38 0.6842105263157895
39 0.6666666666666666
40 0.65
41 0.6341463414634146
42 0.6428571428571429
43 0.6511627906976745
44 0.6590909090909091
45 0.6666666666666666
46 0.6521739130434783
47 0.6595744680851063
48 0.6458333333333334
49 0.6530612244897959
50 0.66
51 0.6666666666666666
52 0.6730769230769231
53 0.6792452830188679
54 0.6666666666666666
55 0.6727272727272727
56 0.6607142857142857
57 0.6491228070175439
58 0.6551724137931034
59 0.6610169491525424
60 0.65
61 0.639344262295082
62 0.6290322580645161
63 0.6190476190476191
64 0.609375
65 0.6
66 0.5909090909090909
67 0.582089552238806
68 0.5735294117647058
69 0.5652173913043478
70 0.5571428571428572
71 0.5492957746478874
72 0.5416666666666666
73 0.5342465753424658
74 0.527027027027027
75 0.52
76 0.5131578947368421
77 0.5064935064935064
78 0.5
79 0.4936708860759494
80 0.4875
81 0.48148148148148145
82 0.47560975609756095
83 0.46987951807228917
84 0.4642857142857143
85 0.4588235294117647
86 0.45348837209302323
87 0.4482758620689655
88 0.4431818181818182
89 0.43820224719101125
90 0.43333333333333335
91 0.42857142857142855
92 0.42391304347826086
93 0.41935483870967744
94 0.4148936170212766
95 0.4105263157894737
96 0.40625
97 0.4020618556701031
98 0.3979591836734694
99 0.3939393939393939
100 0.39
101 0.38613861386138615
102 0.38235294117647056
103 0.3786407766990291
104 0.375
105 0.37142857142857144
106 0.36792452830188677
107 0.3644859813084112
108 0.3611111111111111
109 0.3577981651376147
110 0.35454545454545455
111 0.35135135135135137
112 0.3482142857142857
113 0.34513274336283184
114 0.34210526315789475
115 0.3391304347826087
116 0.33620689655172414
117 0.3333333333333333
118 0.3305084745762712
119 0.3277310924369748
120 0.325
121 0.32231404958677684
122 0.319672131147541
123 0.3170731707317073
124 0.31451612903225806
125 0.312
126 0.30952380952380953
127 0.30708661417322836
128 0.3046875
129 0.3023255813953488
130 0.3
131 0.29770992366412213
132 0.29545454545454547
133 0.2932330827067669
134 0.291044776119403
135 0.28888888888888886
136 0.2867647058823529
137 0.2846715328467153
138 0.2826086956521739
139 0.2805755395683453
140 0.2785714285714286
141 0.2765957446808511
142 0.2746478873239437
143 0.2727272727272727
144 0.2708333333333333
145 0.2689655172413793
146 0.2671232876712329
147 0.2653061224489796
148 0.2635135135135135
149 0.26174496644295303
150 0.26
151 0.2582781456953642
152 0.2565789473684211
153 0.2549019607843137
154 0.2532467532467532
155 0.25161290322580643
156 0.25
157 0.2484076433121019
158 0.2468354430379747
159 0.24528301886792453
160 0.24375
161 0.2422360248447205
162 0.24074074074074073
163 0.2392638036809816
164 0.23780487804878048
165 0.23636363636363636
166 0.23493975903614459
167 0.23353293413173654
168 0.23214285714285715
169 0.23076923076923078
170 0.22941176470588234
171 0.22807017543859648
172 0.22674418604651161
173 0.2254335260115607
174 0.22413793103448276
175 0.22285714285714286
176 0.2215909090909091
177 0.22033898305084745
178 0.21910112359550563
179 0.21787709497206703
180 0.21666666666666667
181 0.2154696132596685
182 0.21428571428571427
183 0.21311475409836064
184 0.21195652173913043
185 0.21081081081081082
186 0.20967741935483872
187 0.20855614973262032
188 0.2074468085106383
189 0.20634920634920634
190 0.20526315789473684
191 0.20418848167539266
192 0.203125
193 0.20207253886010362
194 0.20103092783505155
195 0.2
196 0.1989795918367347
197 0.19796954314720813
198 0.19696969696969696
199 0.19597989949748743
200 0.195
201 0.19402985074626866
202 0.19306930693069307
203 0.1921182266009852
204 0.19117647058823528
205 0.1902439024390244
206 0.18932038834951456
207 0.18840579710144928
208 0.1875
209 0.18660287081339713
210 0.18571428571428572
211 0.1848341232227488
212 0.18396226415094338
213 0.18309859154929578
214 0.1822429906542056
215 0.1813953488372093
216 0.18055555555555555
217 0.17972350230414746
218 0.17889908256880735
219 0.1780821917808219
220 0.17727272727272728
221 0.17647058823529413
222 0.17567567567567569
223 0.17488789237668162
224 0.17410714285714285
225 0.17333333333333334
226 0.17256637168141592
227 0.17180616740088106
228 0.17105263157894737
229 0.1703056768558952
230 0.16956521739130434
231 0.16883116883116883
232 0.16810344827586207
233 0.16738197424892703
234 0.16666666666666666
235 0.16595744680851063
236 0.1652542372881356
237 0.16455696202531644
238 0.1638655462184874
239 0.16317991631799164
240 0.1625
241 0.16182572614107885
242 0.16115702479338842
243 0.16049382716049382
244 0.1598360655737705
245 0.15918367346938775
246 0.15853658536585366
247 0.15789473684210525
248 0.15725806451612903
249 0.1566265060240964
250 0.156
251 0.1553784860557769
252 0.15476190476190477
253 0.1541501976284585
254 0.15354330708661418
255 0.15294117647058825
256 0.15234375
257 0.1517509727626459
258 0.1511627906976744
259 0.15057915057915058
260 0.15
261 0.14942528735632185
262 0.14885496183206107
263 0.1482889733840304
264 0.14772727272727273
265 0.1471698113207547
266 0.14661654135338345
267 0.14606741573033707
268 0.1455223880597015
269 0.1449814126394052
270 0.14444444444444443
271 0.14391143911439114
272 0.14338235294117646
273 0.14285714285714285
274 0.14233576642335766
275 0.14181818181818182
276 0.14130434782608695
277 0.1407942238267148
278 0.14028776978417265
279 0.13978494623655913
280 0.1392857142857143
281 0.1387900355871886
282 0.13829787234042554
283 0.13780918727915195
284 0.13732394366197184
285 0.1368421052631579
286 0.13636363636363635
287 0.13588850174216027
288 0.13541666666666666
289 0.13494809688581316
290 0.13448275862068965
291 0.13402061855670103
292 0.13356164383561644
293 0.13310580204778158
294 0.1326530612244898
295 0.13220338983050847
296 0.13175675675675674
297 0.13131313131313133
298 0.13087248322147652
299 0.13043478260869565
300 0.13
301 0.12956810631229235
302 0.1291390728476821
303 0.12871287128712872
304 0.12828947368421054
305 0.12786885245901639
306 0.12745098039215685
307 0.1270358306188925
308 0.1266233766233766
309 0.1262135922330097
310 0.12580645161290321
311 0.12540192926045016
312 0.125
313 0.12460063897763578
314 0.12420382165605096
315 0.12380952380952381
316 0.12341772151898735
317 0.12302839116719243
318 0.12264150943396226
319 0.12225705329153605
320 0.121875
321 0.12149532710280374
322 0.12111801242236025
323 0.12074303405572756
324 0.12037037037037036
325 0.12
326 0.1196319018404908
327 0.11926605504587157
328 0.11890243902439024
329 0.11854103343465046
330 0.11818181818181818
331 0.11782477341389729
332 0.11746987951807229
333 0.11711711711711711
334 0.11676646706586827
335 0.11641791044776119
336 0.11607142857142858
337 0.11572700296735905
338 0.11538461538461539
339 0.11504424778761062
340 0.11470588235294117
341 0.11436950146627566
342 0.11403508771929824
343 0.11370262390670553
344 0.11337209302325581
345 0.11304347826086956
346 0.11271676300578035
347 0.11239193083573487
348 0.11206896551724138
349 0.11174785100286533
350 0.11142857142857143
351 0.1111111111111111
352 0.11079545454545454
353 0.11048158640226628
354 0.11016949152542373
355 0.10985915492957747
356 0.10955056179775281
357 0.1092436974789916
358 0.10893854748603352
359 0.10863509749303621
360 0.10833333333333334
361 0.10803324099722991
362 0.10773480662983426
363 0.10743801652892562
364 0.10714285714285714
365 0.10684931506849316
366 0.10655737704918032
367 0.10626702997275204
368 0.10597826086956522
369 0.10569105691056911
370 0.10540540540540541
371 0.10512129380053908
372 0.10483870967741936
373 0.10455764075067024
374 0.10427807486631016
375 0.104
376 0.10372340425531915
377 0.10344827586206896
378 0.10317460317460317
379 0.10290237467018469
380 0.10263157894736842
381 0.10236220472440945
382 0.10209424083769633
383 0.10182767624020887
384 0.1015625
385 0.1012987012987013
386 0.10103626943005181
387 0.10077519379844961
388 0.10051546391752578
389 0.10025706940874037
390 0.1
391 0.09974424552429667
392 0.09948979591836735
393 0.09923664122137404
394 0.09898477157360407
395 0.09873417721518987
396 0.09848484848484848
397 0.0982367758186398
398 0.09798994974874371
399 0.09774436090225563
400 0.0975
401 0.09725685785536159
402 0.09701492537313433
403 0.0967741935483871
404 0.09653465346534654
405 0.0962962962962963
406 0.0960591133004926
407 0.09582309582309582
408 0.09558823529411764
409 0.09535452322738386
410 0.0951219512195122
411 0.0948905109489051
412 0.09466019417475728
413 0.09443099273607748
414 0.09420289855072464
415 0.09397590361445783
416 0.09375
417 0.09352517985611511
418 0.09330143540669857
419 0.09307875894988067
420 0.09285714285714286
421 0.09263657957244656
422 0.0924170616113744
423 0.09219858156028368
424 0.09198113207547169
425 0.09176470588235294
426 0.09154929577464789
427 0.09133489461358314
428 0.0911214953271028
429 0.09090909090909091
430 0.09069767441860466
431 0.09048723897911833
432 0.09027777777777778
433 0.09006928406466513
434 0.08986175115207373
435 0.0896551724137931
436 0.08944954128440367
437 0.08924485125858124
438 0.08904109589041095
439 0.0888382687927107
440 0.08863636363636364
441 0.08843537414965986
442 0.08823529411764706
443 0.08803611738148984
444 0.08783783783783784
445 0.08764044943820225
446 0.08744394618834081
447 0.087248322147651
448 0.08705357142857142
449 0.08685968819599109
450 0.08666666666666667
451 0.08647450110864745
452 0.08628318584070796
453 0.08609271523178808
454 0.08590308370044053
455 0.08571428571428572
456 0.08552631578947369
457 0.08533916849015317
458 0.0851528384279476
459 0.08496732026143791
460 0.08478260869565217
461 0.08459869848156182
462 0.08441558441558442
463 0.08423326133909287
464 0.08405172413793104
465 0.08387096774193549
466 0.08369098712446352
467 0.0835117773019272
468 0.08333333333333333
469 0.08315565031982942
470 0.08297872340425531
471 0.08280254777070063
472 0.0826271186440678
473 0.0824524312896406
474 0.08227848101265822
475 0.08210526315789474
476 0.0819327731092437
477 0.08176100628930817
478 0.08158995815899582
479 0.081419624217119
480 0.08125
481 0.08108108108108109
482 0.08091286307053942
483 0.08074534161490683
484 0.08057851239669421
485 0.08041237113402062
486 0.08024691358024691
487 0.08008213552361396
488 0.07991803278688525
489 0.07975460122699386
490 0.07959183673469387
491 0.07942973523421588
492 0.07926829268292683
493 0.07910750507099391
494 0.07894736842105263
495 0.07878787878787878
496 0.07862903225806452
497 0.07847082494969819
498 0.0783132530120482
499 0.0781563126252505
500 0.078
501 0.07784431137724551
502 0.07768924302788845
503 0.0775347912524851
504 0.07738095238095238
505 0.07722772277227723
506 0.07707509881422925
507 0.07692307692307693
508 0.07677165354330709
509 0.07662082514734773
510 0.07647058823529412
511 0.07632093933463796
512 0.076171875
513 0.07602339181286549
514 0.07587548638132295
515 0.07572815533980583
516 0.0755813953488372
517 0.07543520309477757
518 0.07528957528957529
519 0.07514450867052024
520 0.075
521 0.07485604606525911
522 0.07471264367816093
523 0.0745697896749522
524 0.07442748091603053
525 0.07428571428571429
526 0.0741444866920152
527 0.07400379506641366
528 0.07386363636363637
529 0.07372400756143667
530 0.07358490566037736
531 0.07344632768361582
532 0.07330827067669173
533 0.07317073170731707
534 0.07303370786516854
535 0.07289719626168224
536 0.07276119402985075
537 0.07262569832402235
538 0.0724907063197026
539 0.07235621521335807
540 0.07222222222222222
541 0.07208872458410351
542 0.07195571955719557
543 0.0718232044198895
544 0.07169117647058823
545 0.07155963302752294
546 0.07142857142857142
547 0.0712979890310786
548 0.07116788321167883
