1 1.0
2 1.0
3 1.0
4 1.0
5 1.0
6 1.0
7 1.0
8 1.0
9 1.0
10 1.0
11 1.0
12 1.0
13 1.0
14 1.0
15 1.0
16 1.0
17 1.0
18 0.9444444444444444
19 0.9473684210526315
20 0.95
21 0.9523809523809523
22 0.9545454545454546
23 0.9565217391304348
24 0.9583333333333334
25 0.96
26 0.9615384615384616
27 0.9259259259259259
28 0.9285714285714286
29 0.9310344827586207
30 0.9333333333333333
31 0.9354838709677419
32 0.90625
33 0.9090909090909091
34 0.9117647058823529
35 0.9142857142857143
36 0.8888888888888888
37 0.8648648648648649
38 0.8421052631578947
39 0.8461538461538461
40 0.85
41 0.8292682926829268
42 0.8333333333333334
43 0.8372093023255814
44 0.8409090909090909
45 0.8444444444444444
46 0.8478260869565217
47 0.8297872340425532
48 0.8333333333333334
49 0.8163265306122449
50 0.8
51 0.803921568627451
52 0.8076923076923077
53 0.7924528301886793
54 0.7962962962962963
55 0.7818181818181819
56 0.7678571428571429
57 0.7543859649122807
58 0.7586206896551724
59 0.7627118644067796
