1 1.0
2 1.0
3 1.0
4 1.0
5 1.0
6 1.0
7 1.0
8 1.0
9 1.0
10 1.0
11 1.0
12 1.0
13 1.0
14 1.0
15 1.0
16 1.0
17 0.9411764705882353
18 0.8888888888888888
19 0.8947368421052632
20 0.9
21 0.9047619047619048
22 0.9090909090909091
23 0.9130434782608695
24 0.875
25 0.84
26 0.8461538461538461
27 0.8518518518518519
28 0.8571428571428571
29 0.8620689655172413
30 0.8666666666666667
31 0.8387096774193549
32 0.84375
33 0.8181818181818182
34 0.8235294117647058
35 0.8285714285714286
36 0.8333333333333334
37 0.8108108108108109
38 0.8157894736842105
39 0.7948717948717948
40 0.775
41 0.7560975609756098
42 0.7619047619047619
43 0.7674418604651163
44 0.7727272727272727
45 0.7555555555555555
46 0.7608695652173914
47 0.7659574468085106
