1 1.0
2 1.0
3 1.0
4 1.0
5 1.0
6 1.0
7 1.0
8 1.0
9 1.0
10 1.0
11 1.0
12 1.0
13 1.0
14 1.0
15 0.9333333333333333
16 0.9375
17 0.9411764705882353
18 0.9444444444444444
19 0.9473684210526315
20 0.9
21 0.9047619047619048
22 0.9090909090909091
23 0.8695652173913043
24 0.875
25 0.88
26 0.8461538461538461
27 0.8518518518518519
28 0.8571428571428571
29 0.8620689655172413
30 0.8666666666666667
31 0.8709677419354839
32 0.84375
33 0.8181818181818182
34 0.8235294117647058
35 0.8
36 0.7777777777777778
37 0.7837837837837838
38 0.7631578947368421
39 0.7692307692307693
40 0.775
41 0.7804878048780488
42 0.7857142857142857
43 0.7906976744186046
44 0.7954545454545454
45 0.7777777777777778
46 0.7608695652173914
47 0.7446808510638298
48 0.75
49 0.7346938775510204
50 0.74
51 0.7254901960784313
52 0.7115384615384616
53 0.6981132075471698
54 0.7037037037037037
55 0.7090909090909091
56 0.7142857142857143
57 0.7192982456140351
58 0.7241379310344828
