0.25106769056746864
0.427714128614816
0.4283339124051817
0.3464342408062608
0.06413189678672929
0.24809160074387523
0.3986687844797739
0.024546756513446732
0.4985835925192521
0.4974697113909153
0.19026084670685364
0.08125540895864093
0.4118434646356974
0.34033111567630914
0.37386728744038217
0.2904360569262288
0.08039778332319109
0.1274925484043399
0.3889140723381301
0.049233362462426655
0.051727839744709576
0.25412540668537764
0.4929888815742924
0.2726373942606689
0.033749648630748696
0.39388710503555835
0.38633650463341845
0.4914946533120313
0.5005566374204695
0.5250895464373041
0.1891589352001997
0.4579496695171112
0.46132354184725716
0.14245595247159323
0.22129993046857482
0.47408013444749336
0.4359312306504797
0.4985171859176525
0.4864961481002195
0.16157884401950606
0.49851258602150345
0.39415744522217133
0.4618227750182125
0.07750120453093647
0.23869757599517188
0.499428691907188
0.4127862010912415
0.4474763438697308
0.4307104987052148
0.4979533700570083
0.08548744172142941
0.5020278670837502
0.17135568251357777
0.2463776248502301
0.03426985902082876
0.5434503837141416
0.6282255998827669
0.46643803368048004
0.17222001158231232
0.2188899006052102
0.2173807886587171
0.49016691922049777
0.08630072891904145
0.3542381401192906
0.3125811014353352
0.324247482232704
0.031099605870330168
0.14049523226348565
0.25584135923113244
0.4047708830069698
0.005875190198142422
0.3334500082170875
0.5720039045202296
0.44432996185854157
0.2064866704001161
0.5110808760862462
0.41743442881717824
0.49596406887865185
0.378148519917253
0.49234112573327476
0.3608164950098883
0.49338599209141265
0.26873056788515104
0.11170123636023019
0.013658148157533547
0.4972068169986223
0.018749537821595455
0.479869744996882
0.24154420506380458
0.26027953196745873
0.7292684710912842
0.4650941197425814
0.4559773702301577
0.16327895562421482
0.34328859403462125
0.4477895608454197
0.04834055333584984
0.39360154685807097
0.3969001015639941
0.46647579987230064
0.12662959367249813
0.38846466151862336
0.009775493964730653
0.49967964955377814
0.21736645279782457
0.38154825962493283
0.4165757947207012
0.39640590006589915
0.08319437731551554
0.10619702445386482
0.49056109808130827
0.19120162485847386
0.4510503016335042
0.6200829964776244
0.4042090298724625
0.44276891458057305
0.43992730567061283
0.41518010604607697
0.12088328244334216
0.32210699736338355
0.19157105440972577
0.4157116225169636
0.27459196669376296
0.17485314112738137
0.4999492544111513
0.05357433971319408
0.1049590695383672
0.11011287353950172
0.47398912705738744
0.24066918756837144
0.3134748472942439
0.49130890818629325
0.21066098215886284
0.48615655755059173
0.3525431004571114
0.2940519628906403
0.36115841775209834
0.3295454852804385
0.22408103374011132
0.37357478566689756
0.2191238066510795
0.5618756845305812
0.14387509570792717
0.45122017328427383
0.5193486354683617
0.6293608736766098
0.2555166227773056
0.5176438046612618
0.591617253794928
0.2891071580458216
0.5044485487163487
0.463348253171262
0.48901490615186005
0.4974715096933334
0.12350264417717724
0.5042677386517592
0.4316405202086518
0.4643790901062469
0.4191147753735442
0.1785124591101949
0.18044382486851013
0.4611324048131775
0.2431547888896158
0.5129097691232277
0.04379208058793514
0.22962741655584212
0.17218294012234386
0.08235090889365193
0.4388255719246948
0.7212516824274162
0.3541342387886065
0.29430311984381274
0.10450359425680006
0.39191948072589655
0.39156764356211565
0.5826087843032377
0.11691296598763344
0.22046088706046102
0.3719975195571528
0.2219143649375982
0.16998949099295008
0.1254241808604723
0.49552651756979016
0.49860158570598795
0.10328712140456708
0.4728736371945428
0.0909191025552689
0.16856771089246445
0.09673228242866601
0.2004902320921588
0.32027846440177515
0.06868753675390465
0.5573125819127731
0.41363073338692175
0.36599684171326197
0.5292278268983671
0.49616344963885584
0.325486315314198
0.29106362829810634
0.14403542167334402
0.6116029957768138
0.09744361687068745
0.033834978370409864
0.23154195066480998
0.48413736447907657
0.4095036155490045
0.4837711049750516
0.33596287961977855
0.19049839368360022
0.28307925693503855
0.08686401096762211
0.21363014186473278
0.33556458342026835
0.354912571750894
0.20149206413549067
0.49235940538188977
0.4498653615019929
0.23542652819283855
0.5103149330334843
0.3122845192272972
0.555850758344979
0.3076724042893761
0.029524223745034616
0.49996041400277946
0.3317295321608662
0.4672135716020923
0.5908811235091591
0.26714889038772827
0.49968784892130513
0.48624148901926884
0.42463360547473045
0.23018289260107427
0.3204594275140376
0.3116829560387449
0.2645323551997931
0.06953995300878366
0.5487035172541569
0.2368514515228204
0.1799187157146615
0.2585406287866495
0.20453569060400775
0.2043244764203795
0.5650387861745939
0.4717321298513191
0.34203332028446143
0.10141239715210877
0.5008302000032334
0.24145916754225616
0.19997636233462268
0.45290041481861626
0.05924675908343655
0.48839080292422815
0.46003254021194456
0.13869616306967245
0.11753366304203625
0.0684715463044677
0.20485796001656695
0.34750878903253557
0.4648930217783336
0.36104777450955367
0.6523417605552071
0.4991822403257199
0.4198231958222629
0.16920908235418594
0.1418828209431772
0.5329058793127036
0.6505126950886448
0.17104976155697363
0.49967168173381754
0.47227388327810327
0.3100739031142246
0.46311989377205726
0.34847957611393715
0.1645781915163427
0.15657560228599526
0.49948761872775943
0.44169005627556146
0.2214460568497311
0.17946107151527307
0.2676381081716945
0.3632724745095797
0.46845758459691095
0.611226082111617
0.4115151882022949
0.28076612926947325
0.1101798362667724
0.04917867108014134
0.22720825293050598
0.20054571967969262
0.37704889642221834
0.5647062917197064
0.10474008322013874
0.09405592280725635
0.2385428385417948
0.49937972446727424
0.18422388273220855
0.4902702668795722
0.26772661019308247
0.36517235706049894
0.4962054944669721
0.4679818784248967
0.4632809718264825
0.49999099379374895
0.30141053914781546
0.06616572950971966
0.27249312285120547
0.4346332937094446
0.4975253949198107
0.20701464761535657
0.03472249156105944
0.22737524304556292
0.3060386149056186
0.06905806040012351
0.446421298198501
0.3193247577285219
0.3215038470412777
0.3118110156484291
0.24695400175614915
0.3758581602394428
0.4893026235515727
0.49250751173129953
0.4638386191861582
0.19290201134360702
0.42275812528173884
0.4502604629260737
0.3985167197288247
0.1621718670749024
0.15819863331913464
0.49157622549686003
0.5926987443031808
0.1812208342611795
0.24534840731249502
0.26510339113863013
0.4950327313972125
0.3842197852190854
0.4472509956849126
0.23254989212062083
0.38027454016695206
0.506174572565961
0.30419372313496684
0.7045730259707698
0.10868185698738303
0.4404172871668243
0.48786533699329954
0.32106359323858774
0.44995256015008195
0.4500799326117833
0.27689955337970396
0.25392873192870374
0.1793227602929149
0.44863949734735376
0.023000128010762483
0.18998374767756876
0.3247158341307528
0.1463441422458444
0.07305479955980351
0.22782764767200075
0.6366347115359924
0.09513438775424408
0.3908754835680539
0.4993143144765109
0.4996221594387757
0.11175515950276481
0.3035620135293796
0.4684346733261911
0.49423882303371125
0.3834199553678646
0.5361766293502159
0.19950576366722553
0.6491337978724259
0.41471190834347027
0.4579573224902054
0.14496290272203707
0.33756085521648005
0.11538682479107291
0.06252492080981245
0.328887930899757
0.5701557871207186
0.2613556177279603
0.2411878958938071
0.3367604611943953
0.044285805218084555
0.13070610595429275
0.08843020490319113
0.48005269416692387
0.4387276414277637
0.512285873332888
0.46475656723974446
0.09314245205113951
0.5468820727870712
0.23669929041756171
0.24452364457784356
0.10896639354138768
0.6276663913542564
0.31305806815627585
0.36567761144182126
0.49283801320685694
0.2081858565285873
0.3181376143415283
0.4939416097739774
0.3356043005819933
0.31058593592344547
0.08583301005200822
0.4502223855732254
0.16881066377923815
0.4433010060268639
0.07530247656263339
0.38943537862985816
0.40530534788441497
0.6574168283391645
0.19910031882820223
0.49949682440044096
0.2394681838501286
0.13919010013451605
0.497287054921174
0.34841185910955824
0.2117010701498169
0.37981785446260724
0.25248748360895756
0.5081455397772245
0.4948778264731746
0.06842404627677177
0.5906518377245479
0.4016474165647806
0.1712219474077531
0.5574303390212402
0.35477306783887275
0.46519274508655195
0.39691938351723577
0.49988302719484606
0.23204171633425155
0.47492445968785874
0.2404285131689815
0.3729620110343022
0.1697766128444225
0.4748296894391107
0.16671907044932024
0.4639406545533444
0.4928880211745363
0.12525079943799608
0.3678169241729795
0.09520696170099266
0.16461045453114456
0.4858182558976754
0.4075087841647054
0.13303018606781933
0.25668037853352904
0.49187716434516787
0.2840486905960043
0.42645205058101826
0.06159346307590172
0.06927744445765018
0.5016830670530856
0.5042897395459659
0.4383611842832657
0.07737892674490081
0.39949874958056186
0.31642177979215863
0.13219567374535493
0.5131593094263325
0.4990404193572305
0.386789858519791
0.4763624648526535
0.4991327924036539
0.4997052282813368
0.3157914290065728
0.4405793484623729
0.33814870116602525
0.1774738610140793
0.44753767837721903
0.37454162880726627
0.48452793398341193
0.39176934571621563
0.36951618225389604
0.21660822545665667
0.28255403668580464
0.060654623469660406
0.3324734582898556
0.19845049862765698
0.20525097469962378
0.024535308628209525
0.04153974530531031
0.192993395311714
0.10635095767253859
0.48372885504818786
0.26091480907784
0.30561113742466645
0.44503495348454475
0.45976935477759656
0.5049290896732458
0.0625633031376231
0.5020321824767706
0.28233302340669814
0.2508002724308947
0.48754612045335916
0.147072212275389
0.5474471266841555
0.49818544332174786
0.09354338254276928
0.3373805479282457
0.17111884837681568
0.675183055002743
0.4567871051305133
0.2772248536853086
0.3051311895093531
0.057477281584069874
0.17969972733336684
0.08134511455553194
0.09194505708006134
0.5082935415726304
0.36684596175886974
0.0531344640414397
0.23299542172228385
0.19554973067581768
0.16954618525687723
0.13771227332088953
0.08709817986852728
0.015221825667679942
0.6719425935264988
0.51285921272647
0.05617747021256519
0.3523057826996381
0.2273564712459106
0.5159072289986556
0.3120976383920457
0.49114130404060796
0.5091709478066149
0.3150770981534869
0.3520138575637694
0.19634820507698222
0.4125602333156096
0.322795931204207
0.16802811858920993
0.32645731502767456
0.38140808856395064
0.47145878696528404
0.4946271622427991
0.46747934134020863
0.5267303181522328
0.24143358340713184
0.49628326417016916
0.6343034255057086
0.10901050632961848
0.45821271808427066
0.4995088577363122
0.014025036330065011
0.47102623049922754
0.022012777584143474
0.18015944104690565
0.4857373405642916
0.26339382898221475
0.4999354098306607
0.49236082331745906
0.4986612957223432
0.498576812738042
0.40391424527503056
0.49966921679534504
0.47961278564705667
0.37086136257002256
0.4924063707082378
0.46714980099061626
0.05721976891800616
0.3772397647420867
0.22840843952559692
0.4979771897193743
0.21406708857448695
0.4135519425351414
0.24176833149036236
0.27360656929588256
0.5073873891126471
0.47963392593991794
0.29375716145762915
0.20789040520704077
0.23875262260987762
0.23969564499803905
0.28052624177266977
0.0939992906204379
0.13766511792075964
0.25550731928732884
0.49910451179674564
0.40538916847395984
0.4349069946883183
0.37048107774045397
0.4473077244859631
0.25432489040638245
0.4852087774986802
0.40241411579811487
0.24834598744789316
0.13004731986097814
0.24528854855232543
0.29326251520883784
0.346848913824559
0.4997382627411122
0.32949356074620745
0.16205588979474844
0.12694953437134668
0.26222839848905405
0.5201172290618499
0.21935213606072446
0.19071932971938357
0.03849211576642867
0.28417020569330936
0.5029052431904166
0.35328935634019126
0.22752007514991873
0.37830333508386277
0.18808844215107146
0.4928795701328339
0.498719684963585
0.48857971649934956
0.49254826704694854
0.10599892100917452
0.5454694035900755
0.48559665516752193
0.1118835753574275
0.253498598356357
0.3924378451030934
0.0543604473594954
0.6287544545162894
0.1690752419928335
0.2863557174625443
0.13169367975964844
0.08328113469973421
0.49823452410423585
0.19596716928640537
0.41554203125968314
0.36059319186872135
0.21136588056533512
0.3228715897630241
0.17231519941266982
0.23476931847046859
0.04415960499846266
0.21938404315290266
0.4986574294116301
0.2638742950208661
0.1748027233159035
0.4830401788814962
0.3575573140075861
0.42143159553000215
0.42965255183211815
0.1444932092083553
0.49585256651781995
0.023560527654782358
0.4943826549910699
0.49623487823605716
0.602630125081039
0.4811082895768299
0.1534065476882802
0.4948416874483084
0.1529819889298741
0.33503212479084976
0.5061221180351232
0.4175522340946467
0.5130914079556635
0.49995516325605327
0.2799108716489918
0.49648740223413756
0.2725456230772046
0.14934381354203413
0.16118688266530423
0.16106298681437706
0.4863962534107021
0.40980965062804997
0.1222256086582129
0.4902225443208528
0.21618554889299207
0.45405293190348983
0.48414232925642603
0.4144689790340705
0.35874426779815227
0.4969969691522453
0.33251852241160923
0.2795592294169249
0.3490336034855656
0.4539333413984548
0.0025726774058460414
0.2376933425511733
0.48272593714167483
0.4049452136666517
0.08635062497739078
0.2122850831447345
0.4816925127301987
0.17353560533494836
0.396618967627378
0.4682707783799108
0.4576451538199645
0.4945391179606686
0.5315435818574903
0.4544883391662108
0.08779103439221475
0.07610061287818434
0.4629677378601136
0.26148060557189584
0.2627580279404901
0.41165630061634195
0.35170486556813646
0.340319200480808
0.2193339081435348
0.20021036092491168
0.26227311778946294
0.48313128599363003
0.43324416772356
0.17201305631164007
0.31055162273320025
0.2858165053961091
0.5080758394658867
0.4999919487683126
0.4981026841556566
0.4013190678223899
0.3256006092654193
0.13413896474150022
0.053958776586875166
0.48978079045066775
0.3487613788376326
0.4981662648741198
0.31396997526322734
0.3101937776556827
0.49999819203646045
0.1859392129205559
0.07278544348319775
0.5139762676572547
0.06343284468318959
0.16548785217685727
0.07511341789262804
0.2559992798907569
0.455146779781597
0.4980851814914765
0.4227952465609705
0.026737878593890395
0.4909055941877474
0.49541258179234443
0.0731675583138906
0.4305414525853295
0.47024206434243565
0.4657152909653147
0.4998166692385927
0.4858470198521199
0.05648732536444042
0.13105269772341746
0.12040217119847917
0.2504201730596346
0.12891532438874834
0.2568507944779956
0.12202642345367004
0.49265069356783736
0.4867967810448449
0.24143204077426256
0.41803150355346536
0.29970686504415867
0.051853381806821655
0.49984056706408886
0.18861843128065536
0.20487715918477736
0.4941463469423465
0.4347628900708909
0.19919145459939094
0.6459889221216397
0.4727962552588064
0.046098082923131244
0.13068998982920105
0.23890333069989803
0.4696056608978781
0.6706049187879263
0.1775364252407326
0.2855199028332293
0.5491156727115257
0.2243370733538154
0.34370160186356186
0.6183237822175511
0.4977099888285839
0.2358303545939903
0.5326013519007927
0.4538707653522815
0.08004970118702803
0.27354444571392394
0.2581329121205639
0.24780106501910387
0.31561053580539894
0.4275713641029638
0.20081747859973917
0.49303953727502065
0.13167842129002771
0.29075902411436505
0.35373987455549016
0.20657057019967542
0.6483359219504513
0.2705939347227481
0.035445864612782624
0.4222064274381785
0.04622500344224377
0.4008883571660322
0.19949959694132405
0.5407058744702381
0.3186763309132779
0.12072877015076722
0.4965501890490125
0.17117644880587626
0.2048145349471368
0.1625817413412546
0.49547177649932883
0.3588921127063599
0.29618086468351323
0.49669279702753005
0.4323173030245622
0.35514399255891693
0.47500314112725917
0.2555526334362736
0.2198001893951564
0.49264906027832095
0.09875479250444201
0.4975548795902657
0.012934659987714118
0.5539370174517378
0.45199195611094695
0.36203178302500916
0.22421397450474598
0.45102482089521173
0.263507274380837
0.09113648692103188
0.6249576023093655
0.24064762638982953
0.47640336549127943
0.44014669662116784
0.14406200811844014
0.40395775451300653
0.2223799108744677
0.184754990361829
0.49953552996013406
0.10930254832498316
0.3258008931850272
0.10448524382330872
0.48649835006246084
0.17687843895769145
0.17360659172607829
0.19646589894182445
0.14779553838054382
0.2715758405036691
0.5297188719846743
0.4988125945053222
0.2419755561447087
0.2456021014614552
0.2585435479648497
0.5185699625629163
0.10511958006854667
0.4846309418011996
0.25111541789840236
0.49581094993002456
0.3606900704305224
0.49799028746927904
0.3963071678017606
0.3771903999183146
0.33032200303065096
0.49831873368687746
0.08304002948202667
0.2223041893746871
0.45278445682709734
0.3141905393678032
0.20906979708903556
0.37316944868408347
0.20297653640955524
0.6602419033262698
0.3578017106538693
0.15908158943332149
0.3144724855950948
0.22609319788495874
0.3578010547073643
0.3404132457637713
0.06308991721132441
0.19221930755288263
0.4968915682745413
0.22020414438984695
0.4869277722180646
0.22631633494490114
0.10067836447508363
0.4561737854514309
0.33064908248359975
0.6774310904932449
0.4373800827482052
0.3319967442919535
0.1442154711699929
0.30386678351573676
0.5024262665348596
0.590486488630734
0.3345750369325396
0.4388867912690628
0.47242514279046416
0.4728639017472183
0.49673063793165745
0.12006796231973785
0.5013401712795742
0.6461314416431583
0.18403943771302203
0.45994980393831864
0.46731237930850883
0.2219014641285129
0.4944528525524507
0.11728999878631183
0.3554704474625547
0.014057890385291925
0.1839333600321813
0.449478999925967
0.46096324772732317
0.4995473094399525
0.2368102971760362
0.40985922948190207
0.16346686876343436
0.20651441848305233
0.2280304787800491
0.24421421158782183
0.08428606118774638
0.06294779824007729
0.46287064219643204
0.5076052145471448
0.5280805218893676
0.31227699428426875
0.38152552169452586
0.49164159803513285
0.40295583364392507
0.27795716883571003
0.1839762995269797
0.27036069973894716
0.6816960701570401
0.22905790305665819
0.24460084972297377
0.1157832357308609
0.328012071151195
0.09274983086496504
0.20863616634089374
0.14193793620569467
0.22596524970311704
0.20870351615236452
0.4891502089603521
0.4822411632040975
0.1312768176010803
0.48813044917296006
0.21188703681092583
0.4756722061233159
0.4900813906808501
0.3631144271130567
0.49709158034022066
0.5983250930696183
0.3832211180887737
0.49627895547264916
0.19589030249587258
0.38768525067737075
0.49291096448981847
0.4589112896909924
0.27783730659416345
0.25368475327847523
0.2876154099689189
0.27826057078687655
0.31101270964242295
0.3658373569365189
0.3117861352439406
0.15815695242599248
0.47050625512975147
0.4583908062360448
0.34779208495231967
0.46389172817824936
0.4978486733407893
0.3492440324175346
0.4797340715157378
0.4691062950742226
0.43397470538118327
0.5102922139556921
0.20726074597442629
0.318250768214363
0.19006590548396557
0.30353753561260505
0.19023383112146386
0.3888259909270736
0.4996012002317491
0.29306959870690663
0.2253409588901033
0.08231853921593887
0.2439086819216758
0.321483094634432
0.4846210000741089
0.4999713057924304
0.2739217571005892
0.302111393737048
0.4331820221470362
0.33217284527753826
0.5035247495560906
0.5144402597411889
0.1426967652146122
0.24956015426732106
0.46922034578089805
0.4027709164908432
0.49966781285623424
0.49134571118174947
0.4675576050019789
0.13043227242497538
0.3634929612360918
0.2297833490725124
0.12680934737964925
0.14198776018182854
0.41608633989577665
0.3687154756027829
0.3262641785714885
0.3273393065605072
0.19771961911944566
0.4454071404595027
0.2093888254693536
0.31027506418950257
0.5674898107622961
0.04029303207092552
0.056669384597037194
0.1615292488320608
0.03623971786754418
0.44824819877401206
0.23213369716775226
0.3239718527144111
0.2404605384420282
0.1984900953597609
0.31447507392050006
0.28750605168270993
0.5043574526946875
0.6157197969368414
0.036392030098406906
0.4925244159758189
0.163644737229969
0.49072042394951154
0.2547717961969038
0.2619469299122549
0.3670843608852129
0.3033918178906605
0.10579414217593568
0.03877150551853165
0.19507266072513868
0.5197021299204784
0.4891784966942023
0.5116288616309846
0.4486815110881561
0.4738413108468237
0.4419000503157554
0.3986883177067126
0.27538484751151976
0.021683711712757413
0.31457370977672683
0.49972912579225065
0.4655606700183949
0.13442575307483043
0.5982959762070916
0.22401469803222868
0.44220494235475044
0.4851266984971459
0.3792596825024702
0.48121828912663833
0.39482734436409433
0.49975050780566294
0.41455723920873544
0.49318939465533573
0.3489129703587612
0.43669465083292386
0.24950838778512793
0.41065361934101324
0.3942772186030203
0.28542782089592783
0.3449940812917523
0.4873035252034009
0.08481698101923804
0.4939445065911739
0.43407797776374574
0.1516232506102169
0.3102169725549712
0.2341472544079522
0.36927815392006424
0.49463270637614615
0.4662978976811936
0.16503381588078572
0.26950320691975127
0.49952025276083556
0.3027084331073058
0.46927218481559235
0.452554353316654
0.07053546042853197
0.4503963972608721
0.5147962183758098
0.3564254171576858
0.05839241655762123
0.07062465594389372
0.39917647178395255
0.3071898049547597
0.19175279860186
0.491411434799838
0.4618947178769097
0.3619871929966239
0.060723138642697794
0.32199205839336925
0.33010455001864003
0.05598600967366961
0.29692980861317403
0.027125754888806006
0.49699287478948606
0.09530847899368013
0.09037764211783554
0.4998946921051885
0.5344385113423907
0.39580943356964643
0.21044198130278133
0.11229484513827426
0.12826595268147042
0.07017297727802353
0.48397814677715156
0.0445761313703388
0.5068556000938901
0.26344651561321647
0.16349287690574515
0.05646364358702993
0.46220892420422605
0.1920488878619342
0.15028455800095303
0.4872488074126695
0.545651053047712
0.19363763781890472
0.4847921937393783
0.46170746245213024
0.3846413230738673
0.36698567663748294
0.2686847227541102
0.29267197958044067
0.3798253192008312
0.36609826234962745
0.2234861567526029
0.44144988967861853
0.31192288753610514
0.3630747455816441
0.3033016600591578
0.3726502966120134
0.23087737393716348
0.4157072665261445
0.525533448907324
0.20379397663774668
0.46562280898741804
0.5860899485599991
0.5713218483975366
0.35441036676509424
0.4896243582716648
0.21617138259730218
0.2678050064280449
0.10442870614702533
0.4919740696750971
0.6499322654251507
0.5936070663757033
0.4954510442366703
0.2635532693316918
0.3689631690912808
0.28793664164526817
0.26548169071597805
0.22567020892315043
0.4710652014968052
0.4288851655274855
0.16716629672989755
0.2241567895138622
0.24364539236358287
0.07988689179501832
0.3101159692103966
0.49085677056060567
0.2424278808986848
0.12357097428192351
0.47304506326917145
0.49483724551304753
0.22361733366025993
0.16572132677023374
0.3859781197153295
0.3165244327036872
0.09455139808972937
0.5770428506731679
0.41081602196411793
0.1331616104990147
0.2496093894699964
0.2801351814034238
0.26857329244728295
0.41797026909182317
0.22427672390591388
0.494440580659828
0.3181152306357557
0.33062804150462294
0.4998903188363826
0.40481278302386076
0.20288286631949753
0.3968382996023026
0.49996508267441536
0.5280257379436927
0.37197043038476846
0.14058333152885658
0.38620088118437224
0.4981759628808305
0.5061815350119839
0.4182935358333282
0.4288505068229108
0.4818180110319345
0.14384947747670546
0.11428405813641308
0.1967259472479096
0.4972666308000091
0.4982850960299417
0.4729339365811028
0.3490542989758213
0.182800424531899
0.08422987623183027
0.47281091125028213
0.5054236191127095
0.09216180892286023
0.28853438954558547
0.1068872131415037
0.07426723691367393
0.3931855377200006
0.6139629325595912
0.21636239139042665
0.407945803033746
0.35374298215947575
0.14052276864269145
0.49853900821961983
0.34764234246946824
0.33848114216121705
0.49977626046872176
0.439058188079261
0.531667476492091
0.47132140775769765
0.28262206658511085
0.7392428835216637
0.12910935947492427
0.24613411310271324
0.4123671827045771
0.26563198957764006
0.4944478278061136
0.23863833686165256
0.49481594497265285
0.27829630660857785
0.26699576177122614
0.3124396126509041
0.073705341052995
0.44704268674074116
0.258704061594468
0.5182740855386563
0.2877840578134685
0.028987789933935602
0.224139695221347
0.35774120133027965
0.3163716293143252
0.19419705923274494
0.26727102627944416
0.48192485528831935
0.012291378513817957
0.4105426214527984
0.49963235711166953
0.4999525762352911
0.3651371918109676
0.5100984643384489
0.4752628383733656
0.4900811545504581
0.1292453137787138
0.22938153760730323
0.22055520437064285
0.39292800160888336
0.387629034712014
0.16200451914869105
0.3113077241197353
0.49418390753313746
0.44971720096607243
0.2098271269448773
0.14347613083232735
0.4785712973036991
0.575144237576768
0.31035126638887583
0.09836316185229228
0.2359088007357557
0.06238180015395518
0.26274691579828474
0.4423022410837835
0.14785447060852297
0.49267083407663903
0.23955939541447183
0.3196289791076999
0.5075351153441465
0.5018981797196033
0.11097532380667682
0.4303861596622515
0.3955424347213408
0.29156136386351345
0.5013376333246644
0.3070333847325658
0.013538913466285373
0.4084860574135455
0.209892422855355
0.4141544712405837
0.18690371060487418
0.5770898709495483
0.13706458380096256
0.28248911806598404
0.37345904396706026
0.4561648954712074
0.4648982485037025
0.23062271122574765
0.4622335190186672
0.4792624362718503
0.4972743672309391
0.1988634306219658
0.02035430416119739
0.38110508875363075
0.4669303416717003
0.48497320617268935
0.41689184329806467
0.4034605840644181
0.4962121537989249
0.26076487907594903
0.3980185559934049
0.3891654141037146
0.4249145482215245
0.484953209569727
0.1300942380497442
0.21649321921705952
0.12089677586269948
0.3862479859194455
0.4239412258712397
0.14485312477591103
0.46294706882023223
0.5588850433561576
0.17722144102654727
0.3861284030572262
0.56733956595534
0.48257495595565425
0.37733731688772687
0.324258866193316
0.22440726960534466
0.38652513345808565
0.3945810266499322
0.1762904034698903
0.0510447308101254
0.4999991692853901
0.2727086745196377
0.4154545305468979
0.2813735865315546
0.015548235527719051
0.40371507608251517
0.36321629193284527
0.3338230215792988
0.5086141348134369
0.12200935820577097
0.07847131469065574
0.5491755271256161
0.44568913408234345
0.4572622303436005
0.2111101622011804
0.4311793863765616
0.38535962488015285
0.1297622488205206
0.47942021629905723
0.2508843237232517
0.029932806235185922
0.4329168714520535
0.44420640616676205
0.2516455663823885
0.29981451602101206
0.3279210237221718
0.3950469361342731
0.37351293563882876
0.489507565865878
0.05128470183606687
0.03733001699347542
0.15459984922205347
0.11500322036358382
0.257750775303642
0.2295184428342717
0.29575059211243543
0.37407998209424503
0.4985353307689025
0.4550055006051222
0.4343687567212688
0.11163345374418691
0.4771920213015811
0.4953911895258626
0.4976471306967862
0.3477456731859134
0.43726265466709086
0.016305952729707376
0.48695116560387625
0.497640314755149
0.38691704671273075
0.1329090551321287
0.3218607754583579
0.489441451962034
0.49648225508308486
0.47003427528861313
0.4731293652713208
0.10725667243329641
0.4992902919344742
0.3242520013105974
0.4993435179198743
0.25526587286638847
0.3330618672796076
0.2437918401052844
0.30317641915265353
0.4971746745605986
0.34936659414275295
0.036017207682662894
0.4994535106313818
0.30376731124846523
0.4023673270500602
0.49337647371231075
0.34568626151696624
0.47644520272653373
0.23342677818408766
0.23764579372303518
0.09631796484898728
0.3884690977423416
0.45482872627147747
0.44618387297291456
0.46925519883706557
0.6618587748408429
0.3494281407489101
0.4554571155054571
0.28705495092766314
0.2524382808671957
0.37428750020002727
0.16421423476052846
0.4731537716742759
0.1649920694122785
0.4783176424276361
0.499841874426356
0.18344436930736913
0.5272027958799314
0.35481486913664195
0.33018438711274267
0.22340990767149563
0.17034040037245057
0.21427534007479063
0.1221325956914382
0.5215726160356384
0.4424747889117395
0.290307790113812
0.5584832071337095
0.65457395363882
0.19440414060261682
0.07020098005603509
0.2722391627835878
0.42201979644000975
0.6206189457175595
0.3732997807983348
0.0384482572309096
0.37895979173318767
0.5253450417708626
0.23373515557430308
0.31737043261618253
0.4228334503873198
0.18163390991312173
0.045297442505903694
0.01724117579201603
0.3208040577783482
0.4999524238134508
0.28747376948870546
0.3118543096050458
0.23238099901092207
0.5107025514040571
0.3001775733204816
0.11719076762156667
0.4885324061543497
0.3986503281033102
0.4774470301185189
0.5371406496450633
0.3377809019251317
0.016930450043583508
0.3846291961746157
0.4467116096753726
0.3022604031999676
0.31739551833079344
0.4661941875100532
0.19588703073150174
0.4794391192636237
0.2188773957989086
0.49040531629814504
0.474536532292876
0.10673239111444645
0.21361356993884278
0.4890613205326965
0.24751023919406087
0.11396308787232484
0.4394437719665298
0.37155563560308213
0.21102657610903142
0.4683464138238194
0.3603172233808563
0.13276323483580416
0.4893223507762302
0.36412901867998637
0.24039668497822347
0.044265876518799506
0.41903559461609424
0.4354537398788795
0.05410183223173956
0.47696709326453485
0.32671850359231797
0.47214362122230646
0.3726741756583281
0.49849996558098064
0.5193220635091192
0.2717780769363827
0.2924080874399161
0.303528831346777
0.05259604810067434
0.3581200051602457
0.1746571587476375
0.40393774316072
0.2953545841856917
0.49173161394971066
0.32808888864326946
0.5155372552301845
0.42070162847569315
0.3957702140041751
0.42746577039056305
0.46946137856998854
0.5054586219513327
0.30526900486226244
0.26519391629546124
0.44435466301710236
0.4730059978381674
0.4807397872602637
0.33091079103261606
0.32262461851316876
0.39386884427384455
0.47079327142156185
0.2562402763184069
0.22397547642763327
0.06428693014125039
0.07678288074475022
0.5007024906559522
0.340283164029981
0.4899647667281823
0.2592954014420926
0.38912362499595904
0.5530718297678031
0.2393022717480408
0.06661423559522901
0.2488356979464076
0.4657618224222491
0.3837437237786411
0.407523989120462
0.015071071661737222
0.08499577536509481
0.28640583118478075
0.2590759528177879
0.6270328997756428
0.2791673714579354
0.5596910204315535
0.45566064236018106
0.49499635129699193
0.20686656177583784
0.3284385233623138
0.49784764076078436
0.11700315068157041
0.32467292726521585
0.32988398701316796
0.18768613243128315
0.5080887350877543
0.13324058235032224
0.38620792964215844
0.49971656435051615
0.2254280157530926
0.4979050570044598
0.4985677629734163
0.09517358571421855
0.4997165947847887
0.3856659956049564
0.40264232326672544
0.41796980682523754
0.211489920439216
0.3642838078844694
0.5241253060371349
0.6026967278022127
0.13331422902576237
0.5001400837617276
0.21825353362335007
0.26362446249912813
0.250842800113376
0.47468577405302614
0.3696735064751767
0.09486872598379839
0.4888432665322999
0.13784173560919968
0.22991125109858285
0.41231134000633046
0.3675188411879369
0.06932362702424294
0.3291715394210755
0.2997036995361605
0.49135420446436745
0.2173271181685651
0.48759557240208506
0.2065105701516127
0.23905924966578718
0.4385707018596225
0.4839412558134116
0.24617233772836358
0.25320188454917036
0.4712432130266457
0.05080278554759406
0.43880923162484764
0.11397847649384979
0.06294942780831607
0.4776926634154165
0.11521112831005534
0.388919673563689
0.0961465315936748
0.1292123224922205
0.40544228858131465
0.07931388714331125
0.2500083597676734
0.4998387878703136
0.04399391464126167
0.5523786851121291
0.49988261227271574
0.17920603725098722
0.4731682034736356
0.45964038357681875
0.46192917752111723
0.09993261833713363
0.3404503888175718
0.6059476192291002
0.5199076119442201
0.5880790327521168
0.20367935737908785
0.28405906097080674
0.470216431443582
0.5247809956273213
0.3986658602311809
0.430687921657337
0.4989311569675004
0.32356670750292765
0.4710234846455503
0.3805339398649629
0.13539510110218922
0.4995204105287291
0.19774021989667448
0.43567378060829964
0.09887351053560994
0.49632935822232704
0.12924258951560155
0.37949855209836664
0.2987947944667239
0.03696851306733908
0.19891216623461586
0.35043172624608715
0.2798676727803534
0.10684162778577377
0.4568386470647254
0.2963680147858646
0.230465286682283
0.3143139844940284
0.26625595693622806
0.27434420548648064
0.48749648654777583
0.4831602364332281
0.1360005745688961
0.4449320286881857
0.49906852616932085
0.17457833199920084
0.499951413111923
0.372824467680416
0.45906622647468426
0.4892172680166341
0.30116623838909373
0.43906708866922145
0.3992782939412404
0.2544345494209573
0.31701657971258396
0.22163816123699345
0.28370961809470396
0.4628357774760062
0.4309231316946419
0.3308411343429384
0.4864825703470086
0.38746456092610176
0.22486912254720323
0.45379100285779556
0.15647121640981215
0.24495976961086294
0.49824283951023424
0.49271040645797226
0.44119472042563607
0.48500175194287165
0.16338072966852354
0.2716900625906014
0.040923377797143806
0.22865413412195626
0.34472995768624387
0.4691037488002786
0.2026145882108648
0.28711739345639586
0.13930916974182572
0.21065758576896035
0.46593486331095924
0.39975180532783583
0.19826954423588983
0.49896431802846186
0.45478956126758624
0.48643493852249214
0.2513023019320179
0.4309771877454353
0.1542234369847724
0.15878718775251113
0.7233284849028963
0.43307229708838085
0.08038912144107001
0.5032297475166464
0.30553991389074037
0.4811955684823651
0.5013687364373564
0.49990445294908864
0.48165969977512674
0.17523396536367178
0.49926400765916557
0.26263600191359215
0.4977774305306925
0.3044714636758382
0.4995852633695016
0.4507160081939864
0.28183309138241347
0.4707519057049904
0.40287823163589864
0.2851019376481784
0.36126092646244107
0.49623643566836206
0.2636472760473853
0.09855706998506807
0.2576625688586957
0.074690332064198
0.49966601669176475
0.462723928177085
0.27020746340027696
0.08131832163879237
0.36798670822912194
0.4800596894476372
0.09426441328364572
0.11058047527626642
0.4945264721827761
0.3139865760303535
0.3152446402162809
0.3774885574149992
0.03182440287880091
0.14305880129285617
0.285214846738331
0.25645904293777105
0.46268573439009963
0.4110526865057165
0.29391600166614107
0.31577504648191906
0.3587026503454055
0.34951746748189666
0.06622125961821623
0.5247378769804572
0.1545222792945723
0.49823496216870433
0.44911446497198104
0.4984979753424614
0.1975300549959369
0.3009912639463399
0.3970675545511229
0.6356064121423438
0.4458145650198619
0.5001000007325573
0.2620367951907808
0.4872656737681128
0.3577453588057732
0.44477696908912895
0.21310634628591213
0.087510802517614
0.46732698346231755
0.3317878666362175
0.5138881835912665
0.6873345473099898
0.13271988929914044
0.03447750728595828
0.3741984060467701
0.3789616419902152
0.0825912162319266
0.49888541312284973
0.3431457641729416
0.12201724066520434
0.46526612426601677
0.06869595456828197
0.5947390917699901
0.47178977167242653
0.3147781271361537
0.08554649783197517
0.1547812112598754
0.2869971601593047
0.16987746006301777
0.247310753395421
0.32678212137095974
0.1376950390147887
0.09809511687389394
0.3536302813746392
0.5157292798438227
0.1293530707377869
0.4088902305711267
0.10777026919032599
0.16507563502284733
0.5195078330352088
0.4845542275968767
0.325905841575019
0.41638360195572055
0.4712000659926298
0.22890237154529433
0.4825934063868465
0.2901294257743374
0.35309841057571323
0.46325930772708585
0.3487981096821425
0.12260892342118376
0.4263563656711985
0.4190547241465798
0.41561968508500086
0.4796968479031241
0.4966402586543822
0.23218815473037402
0.4285698910149976
0.056285704829273024
0.4824775344752607
0.13171772716224284
0.3040252458930349
0.42840416727332004
0.3816514308031709
0.28584594924287277
0.19050334091172913
0.47914750694113795
0.4418328220454846
0.3675029487083337
0.33878220795953806
0.3284587725565074
0.4115812020207059
0.32466785558338224
0.42465598796420556
0.4351466648730018
0.3985690233665642
0.2590511352656554
0.49451636108805286
0.2481841463887533
0.3073036897985396
0.4480845581823844
0.4806308822802079
0.07329387071577768
0.49213746504963624
0.3160645352485467
0.4966883350249009
0.4876181270013197
0.1502578974004901
0.35054060997941644
0.2780808951762328
0.3130057766684405
0.45305740154537255
0.22849327727955815
0.47801702817145764
0.34644972171273153
0.15849788739144033
0.47660874091283784
0.20412980950902698
0.22229895633254168
0.08480925779076723
0.16704730368800513
0.20202912579531437
0.11005200068028732
0.15432059735182746
0.47464822546477137
0.23100919346269347
0.10595460199248775
0.10004829146439417
0.0749288689314707
0.0912885992023072
0.6974779249500461
0.07926855793604184
0.5983135006568069
0.4934208932612595
0.39622158171648286
0.5644887821554808
0.2616046798400146
0.15935812916275535
0.4942434537952009
0.2712296911031912
0.07108530245241361
0.47925799322992996
0.2962606364852347
0.017706342655607606
0.4738478301862237
0.2853891394721931
0.4625129696073569
0.4984456294215035
0.2929917611501296
0.4973080562156356
0.4616238950998249
0.48886642808454983
0.5040315426864457
0.3852903814059371
0.29199010811535764
0.563446076375931
0.17809499084666228
0.28185378069614064
0.381963540577576
0.5599913382020962
0.21598632709334112
0.384719929157168
0.48798664958264876
0.2666664117298394
0.5657342890479359
0.21219308361844236
0.6019434791571214
0.23419227513769217
0.16052593705457754
0.5169399700384967
0.3793005950668846
0.230771540224729
0.49019270799688974
0.4418959088323284
0.6564082510319721
0.499689902056892
0.1560343945045559
0.05649987962399194
0.42427120285601366
0.21270272748105037
0.46295601334666986
0.12965772221707836
0.22071533207355223
0.09523421126287746
0.4738166782375233
0.47128119268107527
0.10625156048663137
0.0792005338750807
0.6875863128723381
0.12146676137450832
0.34161874193664155
0.13868960038823414
0.5183182069011703
0.47862450758028713
0.16253677256056331
0.48354674443162926
0.2339066570052657
0.5062366766098311
0.27517262013690086
0.13902601958300642
0.21966658650472745
0.2255333767460674
0.4628269129431716
0.3540255848341578
0.4624693810546976
0.11483222268092284
0.19064365926014293
0.4860819250437166
0.44699324884107494
0.04357407239618935
0.238577979886564
0.4170147983334909
0.25261342804365783
0.3684083309634358
0.06699989809313481
0.4392869514469124
0.4481271410800209
0.5752219637829876
0.37355521836715394
0.036913202703107564
0.2255307966522249
0.4714699294852431
0.11172884035036247
0.27258624900930334
0.38218599303126943
0.12021005505236496
0.14536318036995616
0.4014886641609186
0.20639762344549767
0.4940454533470729
0.39082112814439146
0.15998854758076198
0.41904949775279166
0.06719486146748765
0.12681637149273453
0.5016944638319336
0.18052414431880484
0.16744115832072565
0.3018774477130425
0.5001233281855737
0.48898028027139323
0.4994588030002889
0.6954116290006582
0.12012743910685256
0.3236271993627673
0.4996944460153448
0.5671075107162906
0.34619457189699565
0.11783759793697376
0.49633044591025904
0.3177730460678449
0.26506153804953947
0.4856900286711158
0.19683534610047054
0.6232801595755754
0.32277399046059435
0.10071403350458673
0.22217884204918117
0.4929428034037448
0.4868712602429451
0.023082778806136954
0.458392159723908
0.4152850207671196
0.38390455698573794
0.09484122026206476
0.06227920273198766
0.07153055321949471
0.10149692427178203
0.49858450902026963
0.45093544875361113
0.42834345387976624
0.382798731929664
0.4754860479204002
0.1548639637005347
0.31673429584134755
0.4230317041815335
0.35983818086638314
0.4989646911206105
0.4806045822046289
0.5029051886433487
0.32010214216380717
0.4446474495052245
0.4980372750586457
0.47042560640552644
0.46432952799368454
0.384500184658569
0.39863819945975604
0.312216122455887
0.3475752338856627
0.40584982661255925
0.15298042367523212
0.4082898388243932
0.49332045697330446
0.4952644576890802
0.33997031678567724
0.43199936870513256
0.423388127361389
0.41593592090430515
0.0379001092156931
0.23430760320386795
0.4198697607271506
0.39163985363009174
0.37630899507455395
0.34150468252699767
0.36706129592528997
0.2856882883392928
0.17787603367571214
0.15376778108631126
0.45239812515335126
0.446158230081252
0.1716707696649272
0.49745122440056777
0.41338594913554055
0.43543489217214004
0.32394336892840203
0.3676365633386768
0.3716259939069742
0.12668046199698513
0.25639446205551125
0.31257644646168514
0.26211272423409876
0.2170299965402099
0.48704416847723647
0.25436100124139444
0.05148144378065775
0.5360124088622614
0.24599476884819926
0.11450477036805817
0.16977330124018306
0.49990928176424454
0.08240977898890553
0.4394110545906532
0.43262336097588866
0.04469385357876301
0.4835299635808051
0.303415465549193
0.49142514928938463
0.450501808970011
0.5082310905352524
0.4507793903095991
0.3546845688850976
0.3271233808211153
0.3585901907571174
0.4999460565196235
0.49628806821922394
0.5318653692345845
0.11450549138712553
0.17052788849534373
0.12629544671511028
0.1582978234583173
0.04607749539025106
0.4996122268095437
0.47170891881694843
0.06054332219496923
0.458497199294649
0.5393026536626377
0.43927236819945975
0.40425992826597035
0.3253243920549358
0.20128852839877384
0.46841665269508076
0.5961137664822173
0.4978789698625233
0.22497020218763478
0.17028200618941225
0.17379939605784053
0.45984725838442825
0.16968562780529403
0.4316748930358104
0.310852383725701
0.5232178659090521
0.3724996612096265
0.4792061073505931
0.4591448842218277
0.4988781527168087
0.24387163140773896
0.3889493369041214
0.37489280372182904
0.07469262884834249
0.12503407180000925
0.13111861167420125
0.4724367753242258
0.3865547814949612
0.22851328264417883
0.36834229696679005
0.27606966508994013
0.15573494338030963
0.4678896676780956
0.4896113422141114
0.49942523388147875
0.3803730349085027
0.31394421391341615
0.34697223259023824
0.4863607629833198
0.036096936952514994
0.49776644516258955
0.5653916897837099
0.27516480844900215
0.33702865747869315
0.13378341982001876
0.09215730050329514
0.33617297013453123
0.4951603107315124
0.12309848105920244
0.16994425088750575
0.5047520954090265
0.46768123878429324
0.21831219564417084
0.09726695334008488
0.0810076824150878
0.09906178290667267
0.15506985679367277
0.21063692135521586
0.4995081684141813
0.38692149216252464
0.42467021389504045
0.6012444001164138
0.28999396266902194
0.19803132958621425
0.4397499236424484
0.06771107646287187
0.08467149271554007
0.2174828794931175
0.30406250643088345
0.19869055702258046
0.20990346629657403
0.25332105493895735
0.4993778572320579
0.07718563543303529
0.24024918802959128
0.11732616403212619
0.14821380590999625
0.4923740348459981
0.5944585402249661
0.2087227696135015
0.08444086595761753
0.4631477531150974
0.6292260346717389
0.33612531544098295
0.46416716246926654
0.17319650706078915
0.12823107505981793
0.10592107355085204
0.05304672575436338
0.16635557463850653
0.49999249580026284
0.3435873537767874
0.49800432795852556
0.48544455751732846
0.5137392771681226
0.47020719261713995
0.630797396539362
0.5223115476580055
0.19437858464768493
0.45032284756544366
0.03763717351258638
0.450237659843385
0.4945704679648878
0.3009524748105551
0.4558209752608167
0.21489853391106087
0.12427941595570936
0.22832319499250067
0.49910584261672103
0.48481186975923085
0.47766419659341225
0.2234290257258362
0.25407810422443544
0.5131953490743396
0.4857326773919642
0.06826413572399523
0.3702852263431083
0.49843749844064955
0.32379191563700604
0.49117532331500874
0.146254601393409
0.07060378345462068
0.3667250803197913
0.6994409745309144
0.2360885245026369
0.3588448890546979
0.2873345318440866
0.4833757214570231
0.49839184064029374
0.49983028461507994
0.5169855771164323
0.5791886542171796
0.35495607764276677
0.23227638833252617
0.04942710560648389
0.3288652098881017
0.0847027549265472
0.44107462440084677
0.1661885008178034
0.4903871184286147
0.5473652298354785
0.3445724806240755
0.31429413661072597
0.2051195579769827
0.22481004831170437
0.38867094412360076
0.5010367592807713
0.42489173955941784
0.15672664835383235
0.06673652037646877
0.04886290253720576
0.2415704247409706
0.24292846540131804
0.13027322621170948
0.24259037686709237
0.5051152202780018
0.5408909306514248
0.27735951592836355
0.21081064209280811
0.2788476966074764
0.39810099836073204
0.26092942556558396
0.4815107659378522
0.3975739301381088
0.38992449639997534
0.0983015662600644
0.49686325117055785
0.3955796245022907
0.25974121785393445
0.2525931603557752
0.4884611884979154
0.2601047858842469
0.199429149008243
0.5562859215237003
0.33541642695642054
0.5108410531792529
0.39623795042334375
0.3097926281201132
0.2644977483238462
0.4225950824096266
0.4820568083889554
0.5561579101791284
0.48759705196008685
0.10794900033850527
0.22122851295432494
0.2400160086918755
0.20433513116790103
0.17218392056621676
0.45841303803418976
0.3723305401195947
0.34003154390764523
0.4877889628668207
0.2312172642204432
0.36099859229993003
0.18705253546435172
0.3902621328896753
0.49633147287120605
0.49212938342952994
0.41675618916078605
0.45082636491763023
0.3867854761153621
0.17291645703380004
0.19579564934753874
0.2650473338358114
0.20380409082149104
0.32605874508291877
0.32969539361676664
0.334199626162291
0.3325078431966073
0.49632599793919074
0.49768063266975415
0.26565894621871033
0.4960694731669866
0.1287684063631457
0.17106382476394763
0.3883188950607092
0.2636038877569288
0.47532462780932044
0.4854593186093731
0.20101298808407086
0.26589868643798664
0.35863677876752703
0.21004130345318892
0.4909904276518793
0.23483132800269269
0.40482004579698494
0.47989903695098196
0.3448274403234233
0.2602060662292209
0.11464065708917269
0.1286996403737727
0.3394538362032269
0.5021755118099226
0.3533215225030844
0.49999576720706385
0.4560314417917214
0.24856067505356316
0.3617306687699918
0.477137234851072
0.27642397740924607
0.4051942778133969
0.196877949269595
0.19958817641848756
0.4639441423345568
0.39059480356530263
0.08998175563841344
0.4916786452591293
0.41280499367124596
0.49979447075907807
0.1610869045782463
0.28500971529456415
0.31760097705961876
0.49942398254053205
0.39354289782687646
0.496046111708583
0.49324833064419116
0.5262946836705791
0.4991244852276668
0.36228403753548455
0.34732317736033297
0.4121485352188762
0.4439825559915833
0.14242795865876845
0.03937913316648347
0.24534444931234733
0.22655829244933917
0.2193030024779621
0.41570329577663906
0.2214021650469783
0.4382277000026308
0.4744582863027575
0.20493553365905745
0.11434085588957378
0.45047512015974994
0.1550434931249117
0.4345134454388254
0.19368297920062005
0.043769621079814434
0.2092864275678239
0.22886105985258173
0.49851240210995
0.4625828859956378
0.21609795014829394
0.17016581035139308
0.6925430303210118
0.34580281180578915
0.25577801241153336
0.29148297706310905
0.10606209385931673
0.5926842077714359
0.3588116819476678
0.45374394672540164
0.10835926783290692
0.21083514688648092
0.450488877882309
0.4999954741568546
0.08683707434670966
0.13670571555979258
0.48168836644280383
0.49573730483447315
0.5336921846174171
0.5019319925219635
0.193123882309296
0.36932232691914096
0.49621452086849605
0.4731112653026317
0.3284288203217861
0.5660785920573855
0.11119867743095747
0.3646590891911217
0.49723799433803
0.3285585195365365
0.3337074268134645
0.539864207163016
0.024998460032595354
0.5047006408124513
0.49905961927677533
0.24110410485138142
0.14317849014808862
0.17524214720401832
0.4997657087440361
0.34227117705171045
0.15526066260175014
0.16113808292939424
0.5480499955381702
0.328237135082717
0.38523232643017424
0.23130305770167067
0.2794841233274324
0.34662488259657637
0.3336883359334554
0.21630993926520994
0.46134699471268686
0.07547194501680979
0.23174491353665805
0.4889804053836771
0.2901145221594324
0.05451193313828263
0.4261852702258397
0.49989865891830726
0.2971133338687814
0.42477592649375134
0.08412562912078803
0.4936547559302833
0.38774996441567433
0.5056719142102885
0.3912512971444015
0.3200786971079236
0.4961070857686985
0.4647063653201402
0.13979893232556753
0.10362660946950024
0.2321738258669348
0.465909926636478
0.2338007519829464
0.2842841736817384
0.2004739444575971
0.08243340456896152
0.38739896282406416
0.12108746071993184
0.2387000404082536
0.4873087810804353
0.4848617530872271
0.47521796039105463
0.37576127627450784
0.4685924174856205
0.49244504503293635
0.4753135549963644
0.23387616465255578
0.3737414245633708
0.4536550788519792
0.45870851066819207
0.4875886351219937
0.32201135690558785
0.4866029143069203
0.11295262996759087
0.04296210232784088
0.42641638838365836
0.025242810422810857
0.47725583179642295
0.0810587665725894
0.469095750579708
0.4905678376882977
0.48513934331550107
0.46519267705080475
0.13376157392390112
0.28138090611465094
0.035018293440321466
0.4990602284664185
0.05930849723382001
0.09101825487932796
0.3793958427711105
0.42169700220370276
0.14424258863089975
0.49490280528478114
0.4030438575261495
0.24965929942442497
0.42629618862065877
0.24893027767527603
0.48531361659203043
0.482170788524361
0.1946048000615636
0.4203025170140835
0.49714649703178626
0.10192640952790434
