1 0.3422199269471202
2 1.538444787654119
3 0.3567659304156273
4 0.1277634349988245
5 0.5282943240059466
6 0.6230159878547351
7 0.5525606111137168
8 1.4140478892274828
9 1.10908012044964
10 0.3734184904147384
11 0.1709630475132038
12 0.467454008859013
13 0.02800277204016402
14 1.3534912281791283
15 0.37410981914031166
16 1.1931075089869076
17 1.0385400096698831
18 1.0026312057372164
19 0.5213997343763517
20 0.8913388422637852
21 1.9063590815500817
22 0.5144875076962068
23 0.9046294079976549
24 1.269412224994416
25 0.8369274994240571
26 0.5871412172074026
27 0.9609159370337146
28 0.5282307843866186
29 0.7689815295530441
30 1.1453927224414486
31 0.39564547806205674
32 0.6803893329202312
33 0.4946530070530904
34 0.4377889406774251
35 0.9386610724527972
36 0.199702217235857
37 1.1755752891676858
38 0.824776584149192
39 0.7276821087528105
40 0.8345838170871906
41 0.9226827501817687
42 0.5134444618200725
43 0.19723291338804974
44 0.18477261361306427
45 0.2789205486726593
46 0.4485649735244744
47 0.6210687965795545
48 0.9245708529265578
49 0.21894800483465196
50 0.26489206982312113
51 0.8056392641940161
52 0.4690089509022475
53 0.8691502345835065
54 0.7370777947927623
55 0.8471109821552882
56 0.1700154735375113
57 0.6954745653368773
