1 0.5115818104852149
2 0.13739942923962137
3 0.8398544718510943
4 1.7953959297638828
5 0.5729457301056652
6 1.1497611248769066
7 0.6251148352997454
8 0.5808538963925436
9 0.0881417188623476
10 0.23977030414521294
11 0.6394277943229484
12 1.339489618771611
13 0.7903538361756115
14 0.6622643771688729
15 0.2477070224424673
16 0.4083550114953582
17 0.9335924097959706
18 0.799580839905984
19 0.6744733352632842
20 0.3416760289095781
21 0.4508399582560288
22 0.8658679710601204
23 0.5189016585138295
24 0.3986591997810787
25 0.27111226719061077
26 0.8322553233308617
27 0.6922636131621124
28 0.853156158435328
29 0.2245216408583383
30 1.1427630953555497
31 0.6469208011948604
32 0.910295967625285
33 0.9374418654808765
34 1.3534659614736402
35 1.064667066752016
36 0.08685697990526081
37 0.7807986340940993
38 0.6432070687540327
39 0.14351005873353664
40 0.9089865665099454
41 0.7866757174539837
42 0.7574604180393139
43 0.9683798234574771
44 0.9309007243511894
45 0.6011116922607915
46 0.9213088896192971
47 0.436160173348615
48 0.3197825082336007
49 0.9620809441960247
50 0.690234306362563
51 0.8322113038919026
52 0.08746308243502268
53 0.4784534934901337
54 0.36220840294017836
55 0.5498949166783054
56 0.6581486777344259
57 0.9880447410743949
58 0.8888942753491451
59 0.14251351076287358
60 0.709578562502152
