1 1.0402204236181736
2 0.9722678498696783
3 0.5600645231287371
4 0.6552665566441239
5 0.5315749228438609
6 0.5771684449215115
7 1.0790760299280473
8 0.5782453728155412
9 0.1446903260093913
10 0.5572470130805849
11 0.4512066416332493
12 1.7059135200945932
13 0.8526768354222426
14 0.636779918929624
15 0.26619707150194927
16 0.30422732425425847
17 0.6828169493580797
18 0.4266443476496271
19 0.11066584409336824
20 0.4830274797644895
21 0.37360381873903964
22 0.758832748212892
23 0.18052944163768714
24 0.20381701915373698
25 1.6605364227743817
26 1.213583901610063
27 0.829908257337786
28 0.5808850898280603
29 0.23272067080601974
30 1.0692090470125084
31 0.608036070386941
32 0.8878878027924978
33 0.5777677393750783
34 0.9999323050289921
35 0.20488353693948688
36 2.499562172072685
37 1.298680010052198
38 0.01656411382501116
39 0.5232499735758624
40 0.19203573117727735
41 0.5309661632454238
42 0.9266341404052171
43 0.30797003231812536
44 0.613033737888344
45 0.8907679419109453
46 1.1307824678136682
47 1.751831444512306
48 0.5586815827869039
49 1.0215315882752503
50 1.0840825162713998
51 1.0705462582564356
52 0.03100016954242508
53 0.7185711743978378
54 0.9185966308674798
55 0.9879924174934339
56 0.9682339809160949
57 0.10103534367538532
58 0.30406941641085056
59 0.4407787345435636
60 0.8297562090019662
61 0.21261714796918318
62 0.05503271649556128
63 0.5837907523615727
64 0.05261773012406008
65 0.4055545143190253
66 0.5331130644745486
67 0.9584981697191148
