1 0.5254397520551956
2 1.0856759776225626
3 0.3165493984610226
4 0.9706304206644385
5 1.0572031331020835
6 2.189918301236877
7 1.3571921140074572
8 1.0314025572336893
9 1.0772491580989705
10 0.49801856681945134
11 0.9091241213941548
12 0.47357018014000934
13 2.291434123275587
14 0.4916329807423502
15 0.8969609324726314
16 0.8546737679024727
17 0.19073126510745325
18 0.24042372844803014
19 0.5725862824275576
20 0.605707833341011
21 1.1574542342640697
22 1.8079049871325665
23 0.8691694832019811
24 1.4158293677111138
25 0.702645615457778
26 0.24681923910876338
27 1.3003454809964201
28 0.9962083154812716
29 1.0864167413218222
30 0.3629204146916773
31 0.4143756034837793
32 0.07182105316345874
33 0.8560237350628093
34 1.8612854578881954
35 1.2349033221967511
36 0.9132393345906344
37 1.1254867186945559
38 1.1504582595563646
39 1.825964745729677
40 0.9722821449907665
41 0.8717696930758938
42 0.296533637197277
43 0.8530742300332719
44 0.2240455227389261
45 0.2016425941604519
46 0.8524811591598872
47 0.24684877122093732
48 0.47608339934989763
49 0.6877868507299646
50 0.4616594611339742
51 1.4583183229146015
52 1.1701513404957082
53 0.09524719525658203
54 0.22898467418840185
55 0.42089854237425084
56 0.9921304608851065
57 0.5021662450777572
58 1.1507787181381839
59 0.7789481985966911
60 0.9853530498656552
61 0.7390476899289335
62 0.8839021616830499
63 0.8968407266063485
64 1.0411217589815953
65 0.7260322586254426
66 0.5920755097657733
67 0.4724880878242403
68 0.48465655139502684
69 0.6902170123719064
70 0.9208970471485853
71 0.9163420028544252
72 0.13748328970823265
73 0.5725027368787518
74 0.9894311990059026
75 0.20144017661995225
