1 1.1327834430542933
2 0.0752807441260221
3 0.05932087585983989
4 2.0008854142531503
5 0.81948193034979
6 0.46450127266547336
7 0.8251595717808305
8 0.5015486740642034
9 0.49027447613922737
10 0.06365730366726187
11 0.20967614326841993
12 1.5708758088402341
13 1.423653167531543
14 0.57291074970072
15 0.654286397698661
16 0.8343671797059581
17 0.6477738703790759
18 0.39986095362354523
19 0.992636340176034
20 0.667537428491771
21 0.3358972189256272
22 0.630035669063879
23 0.8391551525638948
24 0.6762809699539237
25 1.8816989560756174
26 0.2112755236925238
27 1.1518369418820988
28 0.4523363725214497
29 0.9348974406578036
30 1.6851281625239876
31 0.2578754898622895
32 0.39785189859751974
33 1.6385281424561413
34 0.8196598298310099
35 0.5785791124167174
36 0.4847004318865095
37 1.2389773801805195
38 1.4801903225218502
39 1.3219403859821355
40 0.4114498200530513
41 0.9517980742660047
42 0.830440581327301
43 0.6648253284217811
44 0.6425356336396456
45 1.3574463653475601
46 0.31925678258764817
47 1.58111786749007
48 0.9743384119151264
49 0.2288656004274521
50 1.0299711242655336
51 0.7059860318892455
52 1.0138396589533862
53 0.2083194912162031
54 0.26280501251334343
55 0.03564579113009373
56 0.3212992779932337
57 0.2392052445908965
