1 0.6683463974103107
2 1.7240491897098047
3 1.0621378531770378
4 2.2140964269093466
5 0.23481253896790488
6 1.0645481134420074
7 1.251604762164494
8 1.075621050883544
9 1.044031944251084
10 0.11578820456896773
11 1.7147599950780315
12 1.691761562371291
13 2.9809343928319394
14 1.9648183918230377
15 1.1497148053311699
16 1.0461373081985756
17 0.9776093453965424
18 0.5610300152770439
19 0.9652036699937467
20 0.8791079044817364
21 0.23424363591732786
22 0.4628483703191729
23 0.9445433050053694
24 0.45707093326967013
25 0.87041605093796
26 1.0468982115241143
27 1.6819075944726547
28 0.14621037784632823
29 1.0596469423835717
30 0.09034054178195658
31 0.9967198240486492
32 1.0834968987348021
33 0.07077800059344767
34 0.45745125185047525
35 0.9785545509390542
36 0.5118177449099072
37 0.1395367548338851
38 2.091734540909384
39 1.7089683160565987
40 0.060285401568435266
41 0.9908797903758052
42 0.5724709837047087
43 0.7393960092919577
44 1.1044732310747871
45 1.4556111112936052
46 0.9948189922537614
47 0.9022794396977939
48 0.4401473795338858
49 1.201417785860478
50 0.19358869777917698
51 1.1277898910890995
52 0.018506297801390608
53 0.9725601299943043
54 0.39302224206763564
55 0.24782599851104534
56 0.45011893754711624
57 0.8516101629105214
