0.4366625982114506
0.4874174963528546
0.47092807847241414
0.41175870139753645
0.5093177612673677
0.6001778279400392
0.4715590477755495
0.42702140576228936
0.5071491881245093
0.5291672428279972
0.5889102609712524
0.3107050415809255
0.3482129709671776
0.33463870437234605
0.5047176165608532
0.4627940452761559
0.5108413103017273
0.5337548834538418
0.31570992038294393
0.4096196091223329
0.45372163794358833
0.30368258200359305
0.7033418567631566
0.4796113382028722
0.48236471458588487
0.5892541871488786
0.5101685854015828
0.48902704349648635
0.5668470103633629
0.5094924750459934
0.39994366850722196
0.29480264664231526
0.36096195541863807
0.5629189027490912
0.4049857227089619
0.3458385007024261
0.3486276238187485
0.39231145811051416
0.488981941468213
0.30527937382667614
0.5542292797580507
0.5278227225978733
0.5287645733732521
0.502096751593042
0.24753355316804146
0.5094130166823165
0.4235695829945409
0.5842169319379507
0.5701449583330627
0.29367117526128594
0.31006998316645984
0.5955083282444315
0.5494383616170745
0.34620776065650427
0.29604822674158554
0.5651091838194156
0.2472837863367516
0.46416012816386815
0.5100326435600266
0.5259386393861681
0.33899468442385133
0.5232023140400343
0.5029653259961756
0.47415368008951364
0.52459944072705
0.3359344572406039
0.46920129105262576
0.47492888954470164
0.39715276002606303
0.5136922076124034
0.3987238216617428
0.5162709410294297
0.4395753975408424
0.27918941442024137
0.5543153116600211
0.34984620591506543
0.5200135227580228
0.24693260900588504
0.4985747532165083
0.4313908126811764
0.45905157462587803
0.5682764889782316
0.5559493606064096
0.3306562296554949
0.31611746039498595
0.2767430797197479
0.4649286495868503
0.44922904832441135
0.5113997493178924
0.45370223762292544
0.5083684749896685
0.4910389579746971
0.3885853987976574
0.4706924844248419
0.5435258561187718
0.5110038335251748
0.3851712472324723
0.5003707597946865
0.586226345505844
0.5140588410014109
0.19131520193467463
0.4877725886137878
0.28706416669464724
0.5712139165757601
0.40364753502033823
0.5946092775943591
0.41192138926301614
0.5117546256925528
0.581041296913601
0.470192262306698
0.5039392303908704
0.4415716969329955
0.24131401758538673
0.5799988916464234
0.4705578716836203
0.48796440456037127
0.515288620458422
0.5215231182486453
0.32821464636329917
0.398453021212225
0.38063192632524123
0.5092484465052233
0.3384644004027377
0.49051887891011436
0.4932880187735274
0.33134494732685704
0.615377555128335
0.4706526405333503
0.507027862907265
0.4289167510983996
0.5718444100573563
0.4695496200334249
0.4953034611915665
0.5127894251992466
0.3653057853506957
0.5087475605162
0.5161824156127223
0.3810381196670105
0.3726392165918118
0.4194982288750647
0.5058621956194027
0.4813342473820703
0.3882932286067083
0.46378385376391307
0.30640703803665015
0.2959408754633952
0.4340899177920894
0.5613940267623224
0.5186838776669002
0.520798520395839
0.5383860611115737
0.405704467221474
0.5153283335478641
0.5313603681692547
0.5470378008656519
0.2773929272001707
0.37325597084406575
0.522631434160354
0.532822531763812
0.6309457623863411
0.5141707300171495
0.384496991502386
0.34131947597185336
0.5159159677893518
0.5387354679385264
0.4870995702440927
0.48837784095296183
0.39731203951392624
0.6463606413857124
0.36186389336652935
0.42285047316910696
0.5333385794214135
0.5003793435105689
0.30467555692294196
0.4928602852176732
0.5076086724860096
0.50776370811314
0.4715650972515638
0.2949879183192784
0.4610755239180681
0.44231175120430977
0.4744563931598204
0.5238136250281901
0.5497209580306405
0.4227565850273129
0.5554061231846306
0.5097434863835486
0.5086662321860898
0.2606160322092659
0.5264141273524209
0.21104958355367043
0.3149082615637358
0.352143252124157
0.47620167720960593
0.34457837308349426
0.3289226482422989
0.5110041189101843
0.5368719179219312
0.48578913946699415
0.5338915235971617
0.5085164011691234
0.18431920936084314
0.5101695838999978
0.49597065201297497
0.45294007103355144
0.5135362486594109
0.4932395119827759
0.4373212532711461
0.33526362016135663
0.6058205084743818
0.5224904222321173
0.4267320399159522
0.49619488737575485
0.41632480438606845
0.5989180693421059
0.41785079126445673
0.4658423132258718
0.37126042725120895
0.5088184737759868
0.6184780979919039
0.43504670345974356
0.5303233719695072
0.4335406044462376
0.5132433147467064
0.2110467293838003
0.44530010008367277
0.4179369113790507
0.43750363821175836
0.4817042520622007
0.43254696894573513
0.4539994111828844
0.25629325497250155
0.5064046324850188
0.4375008892647503
0.5273608451661482
0.49349059898244246
0.4389556978313037
0.5074351127651278
0.49760248986288613
0.4614114878944972
0.5229937831427559
0.5119266103330702
0.5241789718975165
0.4441906696094092
0.4611334250625707
0.5321694449779574
0.4260153690228895
0.4509746900751684
0.5113072857762
0.26729489055915434
0.4554321400969188
0.5345246630064286
0.5633871888984044
0.32036520354544507
0.3219794681629298
0.5052805653731945
0.48420452861906266
0.5377372197511191
0.5074852470336411
0.5447524895618424
0.5101386187309662
0.5505572361066274
0.5110201845593744
0.23613341717716838
0.49454961945864995
0.18302715324587895
0.5314159083311878
0.39248917981529774
0.40434072378886493
0.5133980290155145
0.3228232153532716
0.5711133432821728
0.34845617702700016
0.6087891063765996
0.5563897928370697
0.5189049587325971
0.17401019653940528
0.47439834908416467
0.3204945382565511
0.46290971867085184
0.25714888029483857
0.5042161963491331
0.5101495543634421
0.5702489421350265
0.48885013097188
0.3958744000975238
0.439289391014223
0.4328758500875404
0.5958096333330156
0.4997638813634889
0.5026535048013376
0.4994593069717381
0.320007583047453
0.5013223362116837
0.4298200473908585
0.5045226087813803
0.3118192178344965
0.4452292067776578
0.5320313447408983
0.4742304576802484
0.6172019956330512
0.5109220001790301
0.4888878343786081
0.5108059965728867
0.3675015571115279
0.34604003011910034
0.5435303153962171
0.5566575138523371
0.16804558510976636
0.2217576925343473
0.19889387873833828
0.2777834251098858
0.5144284920124965
0.5521724714341701
0.4349337683113443
0.42120721851583054
0.37436697136880076
0.13866980435523688
0.5426726641945439
0.20229939582132908
0.392276287904002
0.5350726425553269
0.5047773582424856
0.43826937663757615
0.5123691771152903
0.48089398309608633
0.4838625692641531
0.5097822363582651
0.5098022661452464
0.5617720558398973
0.27550991529731317
0.40826368587777373
0.5074101622766686
0.5118555270541885
0.5509248233413929
0.4351797065085128
0.44707164557168394
0.5349059593214669
0.390750543082375
0.5479142707449957
0.43245865620794505
0.611149082392319
0.5021966477144729
0.5121273669987213
0.4710995275794519
0.506251820655915
0.5046829245206889
0.5101693073131652
0.5076713044244416
0.5038260327846364
0.49918787717997093
0.5090093136329209
0.44713506908756884
0.30434567801030105
0.5061868399964673
0.5500913891493163
0.4939128779236376
0.47733773577144323
0.2613132226532676
0.45874705309434755
0.4638469650411963
0.5377134870347502
0.2553658822536306
0.24280061377072165
0.3441614902623944
0.3175592202804649
0.5219582086695834
0.4687805278308108
0.3496540570524023
0.49770409576653235
0.37526730417751164
0.510413540746203
0.29452217130410346
0.5215360967304742
0.4970088828168125
0.5309482337758386
0.4030437077000421
0.5360287206977338
0.5947162716261725
0.5196551204681069
0.6056402908442613
0.38376901423079246
0.37462828242147017
0.4809205100499302
0.6054549502858179
0.5281918115079304
0.5564420595277884
0.49622810854775107
0.4258986161082074
0.48423891928452073
0.5209378196494089
0.292283706450133
0.48920743399695044
0.47149092068969284
0.591551009332352
0.5094213228352086
0.502795925516722
0.43432079333503687
0.5173906618973994
0.5107059897495988
0.5677579399355589
0.2189427787804404
0.12059627297105883
0.28385359758823553
0.655945279846143
0.36539542930476193
0.3323193726553412
0.48348462940909837
0.5376161459672351
0.49933456552901356
0.531866836113372
0.5273666015492843
0.3563265899074838
0.4584199973836267
0.485272114845585
0.276538010404265
0.555118720881063
0.2533536959430128
0.4153515626740404
0.4642259075574702
0.4061785264744232
0.41848884223642413
0.510068343348228
0.5137959525465347
0.6043880491837429
0.5275611768915687
0.6108346519104696
0.25604878983482393
0.5258841420559528
0.3693622081341022
0.47374468846939577
0.621549360774422
0.47775624385096727
0.5055874972188108
0.46259917485278584
0.5113901602717884
0.5020482848614953
0.5502954868937016
0.44569764105488596
0.5863060784700744
0.4473067679747143
0.4222651886524937
0.5123530520654456
0.587442458905181
0.4196858277372823
0.31904669349499204
0.43933794682165683
0.49223276776760067
0.45472003504336433
0.5269646317251265
0.3285521507450838
0.44461798439498046
0.4504074214040345
0.3636293069575331
0.22562825845970408
0.5070785161654046
0.5094116264311593
0.5391040638215041
0.39726530356776846
0.5097592862924647
0.524069457571233
0.4633670643420176
0.5135169559270106
0.44132296839987123
0.5094185020984603
0.5124986429834387
0.47385468226985084
0.4877517248379327
0.4441667650404288
0.3304434662734
0.5109518707953126
0.4961944157593006
0.5111559504014491
0.5000167327814827
0.4655456179246921
0.6055948705389544
0.5611026655101738
0.387057670881949
0.5012834270081835
0.49297926301814377
0.5519914296337466
0.1931515987226949
0.2397827599924879
0.4363749168998645
0.5101537278175816
0.4972598450339667
0.5093730061406339
0.3711198289898142
0.5089632043486929
0.4883016295011169
0.5554519027183507
0.41627932252965083
0.5268436701494378
0.5167393909699388
0.5944270129594682
0.4924009518920601
0.5052681404422338
0.48818295140161555
0.36950256675198506
0.47856512202617607
0.29681898671284995
0.39142267499962935
0.4109768286299536
0.5131009733089611
0.46487310800105924
0.5149590362611043
0.5765135950222979
0.20801362759558797
0.28982188455976327
0.5549926518758208
0.665246973079985
0.386296450196688
0.3962049969282149
0.5496032251114161
0.5164014230426869
0.494607177170575
0.5045363181550773
0.3797768695383621
0.3060428303622849
0.49359683606713006
0.5251119945008801
0.41227478484212565
0.5571601007457686
0.6036278366628114
0.4769794950931152
0.5923855751771246
0.3865038586663874
0.498321279832646
0.5091269067011902
0.47289521237862375
0.481165662424645
0.361741400940199
0.4942114343303031
0.314655270354443
0.40280310068467884
0.525374827826488
0.293855802863143
0.39092654226120543
0.4599999584366282
0.5645109369965498
0.5502091888242178
0.5080240660262659
0.5115074803645441
0.1534067569656995
0.3190078431276241
0.5335885828074403
0.39803568186498367
0.47028626235020576
0.4820370570051329
0.4879938719822385
0.5048992442962966
0.458101045284945
0.4460529908802178
0.4617054217931285
0.29617972876917764
0.5591071702597881
0.487700908113062
0.5899915306727441
0.4224952802479365
0.4653750191066913
0.5762093351663083
0.682147018873774
0.4957643495567754
0.3386775464528447
0.5174841753631614
0.31379988129687414
0.3536291924649583
0.5308325278130708
0.6512632003166087
0.5494266495284896
0.6177359063532932
0.4285644689691858
0.35004560044079347
0.20415868311766794
0.11160493184118042
0.4786290973601323
0.47115389363209825
0.5093957938608533
0.5459512877402474
0.5132517467252556
0.5657803138838007
0.23402173171021104
0.259342922229985
0.5366468783836656
0.5101265483502596
0.3919335445015554
0.09664974645804064
0.5027333823120499
0.5204769260882289
0.5834165044215489
0.5710731408650555
0.5217438341982883
0.41130014746216453
0.3091091065842173
0.5004395131190614
0.1582678994444309
0.4947584296668774
0.5075126798578532
0.47011505303073153
0.5039662729040733
0.24034698074530028
0.27100794912733267
0.49079423585365145
0.2732692293216035
0.5275023574946778
0.5101285045500171
0.25894977744384884
0.48310761714238665
0.5543127083841636
0.3703637929249826
0.5115533662737525
0.5231667312574311
0.4114378147768446
0.5522418017887731
0.4246465902992443
0.35613401887764734
0.5262253996293119
0.5115742209826514
0.5033963509121601
0.5903216148049863
0.5410367693553041
0.37072251322508465
0.5076806582087247
0.501759082044489
0.5665122889425529
0.5042431774552388
0.5131079441439571
0.5106100256297197
0.3585029861297259
0.47782608458649634
0.40703300278065235
0.4454798958280219
0.5101164285180536
0.5052455975382292
0.4501423569163602
0.49972385868731123
0.5186679983419066
0.4427158301083204
0.5432198450840879
0.28074223597815545
0.5131524768206318
0.45661404902475106
0.4248761186715677
0.6237199214537986
0.33574432896117107
0.1980333024840051
0.37061563341180764
0.44474826215644975
0.4894567064163782
0.4984981842112893
0.4966291348975497
0.4653524914350031
0.510088098795926
0.49695519903257557
0.3946084326146445
0.5023690867693272
0.5324575970914572
0.4535772418522885
0.5173670931383265
0.474786628527451
0.505876898680774
0.5041128672186268
0.3872080258684068
0.5094165856355052
0.5088307544453897
0.5261672135490721
0.4310486377491155
0.5225997031529902
0.509981554740372
0.3637645559837131
0.44721255850788
0.4635380166429239
0.5193935151652654
0.4295501800366312
0.5172115565826677
0.35170155022212646
0.5924891392019808
0.5205493674491877
0.44399016074387804
0.4053857657824233
0.5325376660740209
0.49572096910416774
0.434755559999072
0.5459026072916447
0.530923502689215
0.40744396624977147
0.5138771174276175
0.4181453971087197
0.2848333725715918
0.44164104208784816
0.33980584348544574
0.37180621338918196
0.39685923146001584
0.24771488024771268
0.37366347918385723
0.5053840456718446
0.3911201731225548
0.5595336542944471
0.5135339218791775
0.5146314335210788
0.5199429695961828
0.614544205849941
0.5099356832349122
0.5222024265473468
0.5884440938309498
0.5761537345146038
0.458962662267432
0.5256929632057535
0.6160464896576561
0.5591425739915786
0.4338069207141865
0.3023551355551316
0.515589008560401
0.4546484585523147
0.5012080498999891
0.3218819919058683
0.4276900938691241
0.5143802505317658
0.5378001847509911
0.3084714846421565
0.534637197935384
0.1990481085023366
0.516671769002773
0.3722884893767421
0.22153140088360473
0.46162934303092223
0.40503068926142544
0.5304040722359473
0.4596391655086481
0.39585206620749147
0.28067013882862923
0.5456436715501181
0.294069874180975
0.38224303252981273
0.48248692180733205
0.519855483012199
0.5025721991840402
0.4587700401349054
0.4964976860352066
0.5088922269572275
0.5188204905814384
0.5596866303502118
0.44152504574341267
0.43649917396956495
0.5338240005222012
0.3649859055206434
0.3079565277684628
0.509804802347051
0.24360344012344523
0.49873533007170096
0.41859311019219614
0.4427105365347387
0.4308097215963921
0.33274416690686615
0.5852782274596533
0.40830436358997346
0.33733048713447106
0.5140551284780462
0.5470364997102872
0.5308793945825389
0.11080719820481168
0.5111244345146099
0.6124191874533296
0.5433035707887106
0.23722594658243465
0.5673560844247121
0.5105009071458938
0.49825379698580885
0.4508179473802688
0.23050680444914415
0.4971178536888221
0.5160400741916152
0.4569226001350989
0.519401873784827
0.5091648906727074
0.5808759607334573
0.3932332198822213
0.5101330900097126
0.40483173960633917
0.5031553720620644
0.5112680710440346
0.5129728492782444
0.3339021377146799
0.17127021063262457
0.6319862714754092
0.3779809353322352
0.46147499573926193
0.5424437170095165
0.5320456168055778
0.4889925928936387
0.36582163308425836
0.292653513537741
0.6134214910254615
0.34955138577789074
0.5139036852956752
0.5006714496653537
0.4837330633318891
0.5058876363327797
0.5605818866628814
0.14894963026577246
0.5585278559036803
0.5328889154991683
0.499634508754383
0.5808471944639281
0.44853603907168205
0.3817457759515932
0.41223827700571264
0.5059243642058957
0.5058443486873765
0.41461695600834503
0.5086447279192042
0.3822312885487835
0.5457922251281573
0.510085623570498
0.5472885742505889
0.3335515537938532
0.5089641765029532
0.42113204408276955
0.43906743296452394
0.48156867329915987
0.5062879736583977
0.5457763359862011
0.343313568462981
0.502069210235674
0.4969427552842186
0.23514901124309343
0.3059649651584344
0.5146547990160799
0.4958925871043972
0.49191119224856955
0.5684337611114689
0.28312305700400714
0.5062807364591296
0.5013020969152644
0.5038216162352135
0.5273860544989505
0.4166112926802285
0.5762428211078757
0.2980653633486412
0.33934860544413153
0.46355113673607196
0.34357077344239473
0.3052486586945081
0.3040658243562512
0.6007877063940396
0.5253824935024137
0.5047288965085993
0.48627168439503043
0.5962673010186945
0.4064569692396679
0.34776334217448834
0.4718835980217003
0.48946454841017795
0.3900985567547264
0.5098706117845273
0.3773818750362023
0.5386657877415636
0.504697077169724
0.3627642369540716
0.38392261452789256
0.5098444006304466
0.4669432338094875
0.4914740015394233
0.5763960593142738
0.5131354086432421
0.5120956458034619
0.5036539287786762
0.4756852673193875
0.635117592594103
0.5448859124152061
0.4176541148996255
0.4554381433090053
0.3361165588174296
0.4465521813797291
0.4970826722843641
0.35118091309015187
0.5122216433059327
0.386003003523365
0.4112096279393798
0.5798499961914191
0.3717251595648513
0.5116009285085219
0.224559992116931
0.42424147827422604
0.525888003711713
0.4765318418153686
0.4183507104878591
0.48292263570275745
0.2757789072002252
0.40636769880528806
0.5711286478717302
0.5410102338021383
0.47876172537101974
0.4526024213262544
0.5206122661613825
0.5239878650577451
0.5302186046816569
0.45463922469208773
0.2694969921758682
0.520331545333659
0.30883485562620794
0.40412229381890685
0.5107559100201663
0.42341619030324645
0.552212720533199
0.5002348598328704
0.2479331948503444
0.48899182788654916
0.4400307579072839
0.2655084019589802
0.48641426091879353
0.4083558237015834
0.6064041422071306
0.44983507921092136
0.5770827669950905
0.6195392028303407
0.4661465504428276
0.5093941364101043
0.389637034056203
0.5662614527744708
0.5055885298270155
0.44613144056270265
0.5008047901780861
0.5377820240394244
0.5269266242997521
0.522456434031642
0.5374748438993787
0.5118739287587284
0.49066326608013144
0.510119063166393
0.39054778853748734
0.43286607298423607
0.17224760333061107
0.26550376622009775
0.430753657252236
0.3525550475604224
0.4464857396464848
0.38600099906751484
0.4993493914284913
0.39313606273558566
0.510456700873113
0.5467322660242943
0.39877320274182776
0.5624831011562852
0.507924908844353
0.37481677941514924
0.49734666743852046
0.4333421809525293
0.2888355108305968
0.559390059105423
0.4659965767045335
0.49937629582436427
0.5340203886103002
0.5089602879925539
0.5267908357182305
0.46445237768781034
0.3970244706690373
0.546754614959035
0.524424855423841
0.3718894960029224
0.5075929246927467
0.40938677191007034
0.4914058010771648
0.4862832438066855
0.3679980827168668
0.33180135582542125
0.5153159954463161
0.39561948519714013
0.5009821762218695
0.537687958029773
0.5118890332185313
0.45893791521528965
0.17018123567082327
0.4252600291395821
0.2359916071282479
0.24766316042170056
0.556524146634977
0.492622251560806
0.4093420259474631
0.4651205179005586
0.6142372509863278
0.4083097011561552
0.36269089347651573
0.4295948440833001
0.5276145003433279
0.4937141501663313
0.5103209430293412
0.5140886580594967
0.5041230455384939
0.3096123231477768
0.28071902294024814
0.4865924037620348
0.5267355372349705
0.49292141577166126
0.5025413239961732
0.5055870879943102
0.33400879850011633
0.4306753804497351
0.5700092205044544
0.6401993498568461
0.5398989488003652
0.2654017134128492
0.524241671025522
0.3720183963407031
0.5135525561888951
0.5889224756698468
0.47598960686263003
0.5347515266414271
0.38466520257377435
0.4064973819070921
0.5086125653969782
0.5019114430979316
0.41345476087094335
0.5095032509720688
0.3685226066828815
0.3610561315504537
0.35525219289480514
0.5444520102898617
0.3824890882679486
0.5209801641056596
0.4828636178555268
0.5328889763857837
0.29435461444332894
0.49273608655580287
0.5689305404623849
0.42195750624478623
0.5336962464582907
0.51517739029242
0.5247488075124505
0.49927827284311754
0.5063934494946263
0.35803470355049416
0.16972270613387744
0.5075015769094644
0.3001417345596907
0.5671430301720732
0.4820627231011271
0.31309519210532333
0.49695907654080007
0.5053117389183932
0.5219550590274736
0.5459247674465036
0.4035263177719853
0.4012253280498966
0.4861160497518676
0.5546221416931856
0.3269030699088129
0.4887315299658212
0.5040192262300497
0.40047730908283025
0.44044854848537557
0.5017087008685056
0.32370276508668305
0.5451054498012431
0.5089865273975768
0.4916885487660241
0.24013634444360943
0.47277569912812106
0.582971170223642
0.4238654593770533
0.42531939533669744
0.5091082446601745
0.5172791049678739
0.5647468122750863
0.504297414974323
0.48736197190408026
0.5548002070863307
0.28685971461614806
0.33607651890578855
0.5318869813270344
0.4319228643597797
0.5299954915408552
0.5013714057410064
0.4598353821931144
0.44014888648784883
0.3565714084524273
0.5068296149165592
0.436871983941023
0.5032866524697818
0.37997113028349777
0.5075573534628027
0.5097106316303595
0.5262690397991878
0.5018770252293461
0.4341891029652742
0.5282321275974886
0.4301851618151511
0.4693322127439931
0.29974362835004636
0.4922045647207942
0.5101622578737776
0.3544460084640804
0.5163562784951939
0.38840045401702267
0.5136119180765604
0.3773892201620499
0.6616194834454603
0.10929562656145042
0.4055946846698987
0.38698493180485405
0.4956152947515905
0.5651561241406451
0.40036639885912717
0.49418142621047656
0.47747160649687037
0.46325670097714833
0.3881267306890426
0.629784888281554
0.5995234290867928
0.41427331584557026
0.5513105758148711
0.5076378112171659
0.5130215157556233
0.5179756862835961
0.529609252454148
0.3594799842860892
0.5006192384498682
0.23346262017667435
0.34758959277015933
0.5434634177162209
0.4977766162286441
0.1732396425001946
0.47706078650545564
0.5081958312604935
0.5060951023351693
0.5211723562856796
0.45281765340899854
0.3516650989249806
0.4206753444413215
0.42807187418886483
0.4193082839525067
0.5952811090830208
0.51642282562301
0.486060238693865
0.3078501760112951
0.3540051494105402
0.45209865045894343
0.5722873400231523
0.23904938870769357
0.47621211828521864
0.5338503039421437
0.5745783429052236
0.39309456456916847
0.30868294964808635
0.4304472376327112
0.5578275322792352
0.4272008236154329
0.40368619896148056
0.3606728974999616
0.5978712002666855
0.5813403244597377
0.24263563826513646
0.5615421493714048
0.5109009465031089
0.5186385387947868
0.5139275324583494
0.5106093417297233
0.5165816584800843
0.4705054184153966
0.5087232312941111
0.49964194489075786
0.5122592487484465
0.44134017024950883
0.5175705547151056
0.5101690988337043
0.4668024578768254
0.3875853142612025
0.578342003053275
0.3128177315412993
0.3853593769445689
0.2737724974193487
0.43848432067752136
0.2904046411739881
0.5220145460133503
0.4576310042358382
0.5370082761593247
0.49497394214399143
0.480051485459584
0.45355397002741576
0.5707755472293976
0.5099288175919802
0.3884130570258665
0.5466134263038759
0.5093149907282511
0.4798165828724542
0.4244179363721555
0.4882419152004033
0.33359761221925
0.4184388501594867
0.5178953637946392
0.49856955840345096
0.4526000683809766
0.4326041180382606
0.5361024186909431
0.5196867126597917
0.2972066537166015
0.41283831504206003
0.5032440942869512
0.41842395274802
0.2824494208248646
0.40532320395308413
0.3612426009521523
0.5645867136337553
0.5066774358262383
0.39071927321263394
0.5584713854372515
0.4579145573897572
0.5106139360860991
0.5082635389863339
0.6040055447244571
0.45621300154159683
0.5300888801235976
0.19350811507533527
0.5119501841101781
0.2561204289037466
0.4831865938486763
0.4757432810221332
0.28562213197951
0.4765701442263154
0.4623101891507866
0.46412892536000727
0.4789732024824224
0.5144727679590799
0.2825160853363682
0.5181108289417943
0.37315286349421856
0.5220381456101679
0.5389853425114688
0.4712308627875743
0.47683965688376323
0.3327492674765975
0.37603431704853957
0.49180044609150303
0.507107521454356
0.483282170042319
0.5872760465092309
0.37991538486705606
0.33904863782219546
0.5025164474308754
0.5402731498565772
0.30457787366878875
0.5427555426823745
0.5546625352463525
0.450390569505598
0.5823044158047019
0.5139972937974889
0.4164778538497225
0.5494296362370039
0.5757573282438183
0.25698994979154527
0.4832462290051488
0.502358395042948
0.5421054155391872
0.22326422228859383
0.509394686057731
0.5101505297444705
0.3415239245323817
0.5170492431572676
0.3903181896058656
0.4390246943534873
0.46070034988564257
0.48400981410808663
0.3873197377768055
0.5111782148270078
0.5101648711645189
0.5394983582654622
0.5026201650468204
0.4994119309258098
0.30484367908235144
0.48520652637353456
0.5439716302840615
0.48397893163116074
0.5131762200845956
0.5101192134205086
0.5507189867109001
0.5235011423162282
0.4099539387122933
0.5144146386884495
0.49474583286204743
0.5100596758314572
0.2479299955372308
0.3604436882405395
0.37109141446931
0.5491256331696858
0.44774159295905114
0.5014099405923833
0.40190289030973625
0.4597762523650682
0.23428585246751754
0.41613688088818757
0.5186848069288892
0.430107207434221
0.5230763596737729
0.584775276491748
0.4017098054020245
0.5805714846179577
0.5331570507841513
0.48673764203717923
0.4908845433783706
0.27528853915906015
0.48681163520064946
0.5128888062526196
0.6324711804536134
0.26576002699637286
0.5100093913024343
0.5726408687891879
0.4802957889489188
0.501686285953548
0.4675079812543975
0.5027131980152613
0.5773393643762973
0.5576212733341024
0.22490566168191267
0.5037254460861469
0.4289023192206105
0.36611492308061466
0.5058385473700263
0.5209096221163928
0.2922514234393733
0.27757736530636495
0.3612386395831221
0.5028497175964229
0.5140398352739962
0.4544954533903576
0.5206752881290581
0.4788210016451794
0.20518774804642098
0.5328710312457066
0.4593046445026144
0.21271089181714725
0.5055435719407312
0.20411933799209098
0.5180871350314968
0.3351008930983161
0.502326632762784
0.7236355763378223
0.5113248735443525
0.45908432895004037
0.5100243854032593
0.46761128230364507
0.49758669356162566
0.5100630925963893
0.49420481570062375
0.5205729246690108
0.38473320540317346
0.5037423126151499
0.5120980159662751
0.4980929149508697
0.6008555590302809
0.3259731249826739
0.5807876920979356
0.4485042624084363
0.3562403188637409
0.5900573961837512
0.5097125596559172
0.29212283983931064
0.22611212433124536
0.2084632855770025
0.6246187696015738
0.6465461045159063
0.5811988522135478
0.5017236249738135
0.5231367819954011
0.4469996985858031
0.4853612432496948
0.6399046813031013
0.49238750432385325
0.5185792619889388
0.4543052192925956
0.5755598831059103
0.13489340207502085
0.29529074890237744
0.46111338963101217
0.48252353052453345
0.4398336177022576
0.508341783047252
0.2255758041875466
0.22501911761988105
0.4014140021904084
0.5101593638798825
0.23910823862808347
0.47567205681185437
0.5816637206620383
0.6147058835918651
0.516338635893424
0.523828466470393
0.284909236593268
0.2664079386548729
0.4677257946168315
0.39323681800024474
0.5904973630544531
0.5232455924997831
0.47168572452785074
0.42631827549532375
0.4987131608471253
0.45675200784029957
0.35579695252208093
0.5767843346028625
0.4327507612404196
0.27522856369621773
0.6094754327420399
0.3093674691439864
0.4441207115029526
0.38129724735648496
0.552481852526091
0.3343995314087171
0.2388128040948356
0.5119959610986153
0.2963083107011887
0.29144946548123657
0.5356433672595731
0.5199122450057584
0.34096164815023694
0.5527877819164665
0.3907691101885315
0.5597078259769425
0.5098878493458577
0.3921236617050549
0.4873679391584399
0.47583948975958584
0.38380200087002775
0.5701013988412643
0.5944592215101245
0.4026692399101905
0.49131544295108975
0.6223539670730044
0.3721752036129562
0.3769061047278624
0.4493690365521042
0.34783904852106556
0.5405746398017478
0.5427799450802798
0.5224917679884328
0.24734967671038435
0.43596604671428857
0.33724041798174037
0.36819527190051377
0.5140192715486999
0.597055848107678
0.30764679354640834
0.4650205747451829
0.4842720492089282
0.372847986418456
0.38887641194761496
0.5190815049906068
0.61391368545286
0.2633231768527295
0.5801903262207923
0.5601011440085266
0.4625677779284771
0.5029274581987736
0.49747139688115327
0.4773708458505154
0.4841010388025138
0.30084537697914415
0.41032134646182705
0.49722165052448103
0.5336577149088442
0.5179934146493289
0.48657798353383186
0.49635419397528985
0.3718085770728672
0.5079423447847029
0.4287885063856887
0.5284759073094057
0.5489520805823813
0.33807428624993663
0.3765480849121049
0.5134171903340451
0.5164959474408344
0.4980225686097775
0.38168516038516515
0.47624706096176034
0.5255221253631684
0.5098361339673221
0.05758953472237506
0.559956559767157
0.5189244823366662
0.5106040277921362
0.4129855333591813
0.466786412896649
0.479920540655182
0.4963337281911755
0.506023570028238
0.5502791092449542
0.48994036124339696
0.3845685788426558
0.4172443674229272
0.5336894939964193
0.41218826095083144
0.5454612397285817
0.39387342474250536
0.49963817322502313
0.5369177416733228
0.4188690391564662
0.3715496736298846
0.4017061020358044
0.28548681934379866
0.3352745583942967
0.46815531975433233
0.3997368978516497
0.5157798876584329
0.5190003701851302
0.5098265769058251
0.30620307302389355
0.47246669284099535
0.40558848001631864
0.46276235093267337
0.48373814262538933
0.49438017685086866
0.44892536094859026
0.502415906314738
0.27257763103997373
0.5727666259635568
0.5181781281524491
0.5440797521134167
0.3099862209635043
0.5051593776144859
0.4767896576290792
0.5607853735194367
0.4690461409268891
0.3873144720906565
0.4232999031760732
0.43845982634175024
0.4732946110577163
0.3448037315817801
0.4929002386527556
0.4001400601214816
0.5308946414424733
0.4136102027255171
0.5073785750957246
0.18116920369497375
0.5190262910911324
0.5149540167637049
0.49492967966234713
0.4885828517844911
0.4781502630113172
0.5001596981798179
0.436081017223382
0.5145750924865043
0.5462111862796925
0.35814352853108117
0.43460717691660333
0.6198045883392113
0.4169843799274005
0.5207235037849808
0.4909346193796853
0.5937145148858027
0.3741883807265617
0.46725196300594235
0.48049504052661485
0.5026986610177981
0.46782137325526874
0.3157128997390542
0.5887650438495736
0.5180112257366951
0.5588960819721328
0.5046237409990214
0.37736296736389746
0.49571579418148387
0.46231000911062736
0.579201827768009
0.3842944715482568
0.50527523150772
0.3973865935725311
0.4829426432578076
0.1555665076632732
0.42963149179874044
0.45163057097677867
0.6487434042555025
0.6024199319717979
0.18326379534530401
0.5915426588089342
0.5556262894313795
0.4529778011392849
0.6006603001336602
0.33227426809261656
0.4860907425025437
0.2856719705246872
0.23760226227352202
0.48164734892819877
0.4955260611724964
0.20060224784454114
0.49932294669649835
0.4730089502182728
0.4416804348202925
0.5216924575264701
0.12748775380637548
0.4032738593585506
0.5042611760645805
0.6051352361273232
0.6013950187603101
0.2963686804020711
0.5027909767542447
0.5103803136229322
0.4339132123007663
0.388119448118469
0.4998202508860595
0.4532435295212008
0.4937900014751049
0.5621377467512879
0.5144265900188918
0.443158274788131
0.5236649562532186
0.4582475422741081
0.49093914507682307
0.5009939237706914
0.511940609856566
0.45502423735930303
0.4145835179076071
0.47917984706946065
0.40592898027066987
0.5059424609871814
0.5094284168444992
0.39229660333852817
0.26505606992440783
0.2596140927330785
0.4968898060432827
0.5205735729239106
0.5153751385135761
0.43864425909040816
0.3062200106002772
0.5724940488375494
0.5392851773847075
0.5024107093641618
0.36508499204285627
0.4838529651833414
0.451344687994784
0.43815917575919433
0.3959633320293991
0.5962578070661764
0.1699667654699299
0.2958765016878796
0.5167331871064083
0.4332830866168363
0.4989772959668269
0.41577720133790574
0.6019760066085931
0.5643683452342604
0.5166503048724027
0.48698800750125365
0.5103836505300445
0.4947134326597131
0.29244344281350393
0.5490649349580369
0.553762789334004
0.27641709617081345
0.5124569741525419
0.27676329374754677
0.5365102104630718
0.43748594176206823
0.49420911496379455
0.476933841246446
0.22400663814420807
0.2973446353843966
0.5437020845352192
0.5963226854535205
0.5035513019267832
0.4973042576740169
0.41868015190820385
0.33632224556212614
0.5118103035853687
0.3588000982173019
0.5507358969468275
0.3843661868890833
0.34401094972228524
0.5360415328350446
0.5547513385196894
0.4774130142461463
0.5017388585065732
0.5158784524574356
0.3108755514285348
0.40178441080735244
0.5061387496883479
0.5176277957532168
0.493178636775445
0.44340202090533
0.18742094941406098
0.2642176045369692
0.5772419065183726
0.49246448405995974
0.5962420621146347
0.37292129729556733
0.5975697723827201
0.5077197135501776
0.5012179830239275
0.510480567682757
0.5733487061613209
0.38692961812608784
0.5280600591378917
0.6129835030669534
0.5487598588740461
0.5021538714016653
0.5059824840212427
0.3542049589052575
0.3098616070769137
0.42266070049233123
0.4792936048074269
0.3224388342520312
0.5537586257267739
0.4170731631378746
0.5587010610676825
0.47468789487265284
0.4759356527973436
0.48393302721920967
0.22914175017520128
0.5093105852826015
0.37941051615198446
0.42819080997089803
0.5473563202770669
0.38683316023742814
0.5874176339014878
0.3729174754230802
0.5256788211888983
0.5329119668759714
0.34428815559826936
0.569062439916694
0.45797918831701934
0.50233302333175
0.5270008242680791
0.2555616417146591
0.512968544193641
0.5146028570533133
0.4429489652768166
0.597632755394758
0.5502448355009741
0.5089380921810722
0.3326799427417074
0.3915930726272096
0.5329413889372869
0.32952683105856123
0.49273787707774636
0.5422199511179804
0.5939824179713236
0.5217123956343152
0.4115080781403714
0.4024350895482284
0.5750898362991126
0.4830250502697065
0.2750339795967357
0.5175587174694242
0.39584272836710743
0.5241606694791155
0.46753227831456673
0.48112414286630745
0.5284843910058953
0.37617588979421956
0.35686538223560527
0.15679504504800967
0.47040460242584625
0.57593157231548
0.5063500066620459
0.4917861411330064
0.3808037570411381
0.4379564811717973
0.4991528982701509
0.2519762764105004
0.42704749711445833
0.5025063412379472
0.5100783519928132
0.6218829802865298
0.4989406641538141
0.520948512723235
0.2271071636343321
0.2861693104558865
0.5087574328971369
0.5061897263189478
0.5108637331148206
0.5078560590439647
0.3753165690138454
0.5019939303078477
0.24585399203120994
0.4268199833800242
0.518674523764829
0.28850702091418307
0.5319699002102855
0.5096701469276996
0.5265913247046679
0.4873195991289151
0.4573925592509391
0.5045758728621694
0.5599733485893098
0.4742976146110997
0.5059413885759694
0.45041985198099405
0.38449019002639273
0.49572032272868805
0.49934263800816453
0.4664994710947952
0.5106725090888681
0.20381561687025743
0.4459850245229743
0.4907288582147576
0.5120542196798646
0.5311913162774619
0.586466043121153
0.5357474488865043
0.5090942150318558
0.42445994805956727
0.299029386803174
0.5603971215486134
0.6110305150917382
0.12095968742028328
0.49324158321813744
0.46389631097581874
0.49841428799523196
0.35230150789564973
0.5219836656912455
0.4077047238586011
0.20652695813353195
0.35814600397723906
0.40869573836332884
0.3986961427599212
0.5634028285855669
0.37609726797463566
0.5783962331313238
0.5144437050149565
0.3532905970640075
0.5819291760903693
0.23020253463774798
0.43377395118806034
0.42178330957839344
0.4355679533842942
0.35312698394205355
0.5223798393029236
0.49225758732737723
0.5398930115340662
0.44520773358145865
0.4962742944761123
0.4034137431501603
0.36684675860328714
0.5113249383607406
0.504994234617596
0.48260272856274417
0.5310391663946322
0.35539390841091506
0.5393772253894997
0.5098207767792459
0.513217515291258
0.31350083470128054
0.5185763770557591
0.49789164157088306
0.3943496209667874
0.40640832072252253
0.53656536895361
0.523572245114257
0.480071974573035
0.5390262688545324
0.3576972910821499
0.5823432622787587
0.5009546548726463
0.5230794191053499
0.25673426607292027
0.49035160597374305
0.37611793567752394
0.5242693918001365
0.5006199063023066
0.19381704543306275
0.5571333851743681
0.49329225406000415
0.47213076521691805
0.5647280828636793
0.5003503222104596
0.5306770756582035
0.40631652605974006
0.47626156208725445
0.33185649662997935
0.6016346858777011
0.6180061605076321
0.5082545809662967
0.4289962642260988
0.4646013468928897
0.3945550845792403
0.3630794423001417
0.3579898575861382
0.47123503114946497
0.18419432761568547
0.6101640609620841
0.4092976520879532
0.38102727368072614
0.38207650435012774
0.49578816485139676
0.41158893958932613
0.5076601371546912
0.33550010501150096
0.509650840820285
0.32965869313194907
0.486524972236915
0.4511506551032781
0.5117183413618371
0.4384624923579098
0.6135751181738346
0.6349931311465302
0.4382591395093634
0.2885026498476723
0.37187317457218183
0.40601368817815187
0.41355967378437447
0.5073213635077796
0.5047707166340193
0.5265770301490973
0.5229863573235728
0.3877323111703374
0.5087034353235572
0.5355224125802835
0.34940285256798836
0.4952472251910197
0.35854259416734535
0.5962219942969083
0.5563854022845709
0.4965068896003373
0.5086474891865287
0.40970968608865665
0.5125482998342952
0.5159447868806047
0.4637362094839953
0.4496900027527763
0.5528542001772124
0.6351751870263378
0.47791649077173304
0.5113999385883348
0.4981799513782204
0.5165362707741287
0.3316844768703783
0.6048419981652874
0.5259676114734698
0.20981093713298873
0.49859266329503277
0.5024009649895486
0.35825640291068717
0.471596558029031
0.5125486021897528
0.2087021500444835
0.5604253332330976
0.48117050808285683
0.5395544425841148
0.3519430233641984
0.3604407980251325
0.35238897288328647
0.3900694101837065
0.5027939329232702
0.5031189151840547
0.4665026019795923
0.36283714342498985
0.42428753046950823
0.5023202056783389
0.5075690195550238
0.2193850618762612
0.4559218468460827
0.5047334268709764
0.47021112412109267
0.33391447106208133
0.505936596461983
0.5730913255233792
0.20675254806290685
0.5054571821433766
0.5305167516430248
0.2736600504122977
0.5546435856988126
0.2773914020562025
0.21910862615967192
0.5835534323437033
0.5409203399814035
0.5186889239193969
0.3807648173032573
0.6793170828557671
0.4063919619443563
0.6010961756533388
0.5101397286870827
0.63235630444842
0.24198919309326095
0.29260511769744507
0.5651513969128468
0.5070551476012273
0.37801062550822057
0.27824681271684915
0.5101691512164318
0.5350407694802289
0.4436438542289013
0.49863042554618386
0.6848056362419149
0.4941793958250397
0.24958609134361204
0.3014528157073451
0.4724922993379895
0.483139523486778
0.6597580328530263
0.3250250955321677
0.09013939388558301
0.4756119705302097
0.5062606435791713
0.5554092646359199
0.5854790123459589
0.21636654214003456
0.2478590161810787
0.4502013035151166
0.5414115731322069
0.47895431511526404
0.45461832873740937
0.6179537678986051
0.24318099905254248
0.27258382001728737
0.40638560287563036
0.5761956028168298
0.37436031190077756
0.5083045673208927
0.5172470788833623
0.5359666710722152
0.353924296720119
0.5316539155536604
0.5093040586094119
0.4143657787771572
0.3056511688313475
0.4955599804212767
0.5841797027967407
0.4865631750900747
0.48794342301363225
0.5219956614110084
0.543829255651868
0.3982619611040998
0.5106921743911391
0.46629701601779805
0.630163680363955
0.5622039276197962
0.60286383065777
0.5145129802682661
0.42602659151631767
0.5124423059977696
0.5096384722248896
0.2844638188046208
0.1903919798746907
0.3127971302250112
0.34850734527676813
0.5166164595733262
0.3994372100102656
0.5646067308455546
0.46810257538247324
0.3894824437276656
0.49397993266192725
0.40204768952997805
0.3649902417699903
0.4485363658194529
0.4465986792975313
0.5166549014655435
0.5949741653867955
0.5224914915037733
0.29085181039564695
0.4279148588494975
0.5225608655722527
0.4839502194421371
0.4216008134466951
0.527283100576896
0.30742377747456745
0.40782673402981817
0.56590244953594
0.4591529692124406
0.20857297472781852
0.5088751303692481
0.3269878184183664
0.4172001390361224
0.5210837497297625
0.3920753992760828
0.5434180313383076
0.41733135041441694
0.5187852384468761
0.529422672653487
0.20283659627763181
0.27589249965472123
0.37370487761576265
0.5384721768633773
0.4608895151990154
0.5456808757662892
0.5646593080487029
0.4014076544471879
0.6365315580030216
0.524823898017349
0.5806965223955063
0.6023415234720252
0.5624626142383831
0.4681271551817825
0.48115987312827657
0.3042335152596014
0.5043726987585478
0.5409191633049383
0.3123025138160168
0.3778527966795527
0.49929090511073027
0.49415362471814706
0.4300260493447522
0.40785327060845933
0.5679425680536256
0.42737261436643764
0.365747271262094
0.5670340977155776
0.5587694704087756
0.3811548655508124
0.3059511781695644
0.3185201416005057
0.4073357534748412
0.24208736994096658
0.6102859758418099
0.4737731258646327
0.44863206803338734
0.269753017265644
0.5499791994304923
0.31300039928292794
0.4169263025380723
0.2882974171780256
0.4273287897777984
0.5480393210214402
0.43947283632249323
0.5006246958791015
0.29642144011441934
0.4039092907431446
0.3973207737201777
0.4963063568593203
0.2966763380339331
0.5110908998818343
0.4444422532428591
0.27347399179467324
0.4906250457558761
0.42727570986035757
0.515385651901262
0.5195561760888573
0.4528092173161111
0.46129974538372637
0.4900226407633793
0.4779300415983124
0.3285774348473655
0.5168095651281854
0.5147903047159957
0.43612563294386864
0.5149102732555466
0.6157048922452438
0.4376266223960693
0.624230868241811
0.4287900430901003
0.3502288379669417
0.47326926790619855
0.4674578091284094
0.504327183814806
0.4669251282217328
0.4998749893647509
0.38452709348828185
0.5038111004606463
0.2716444585658836
0.5119002104660623
0.5017184839718148
0.5611692796644983
0.3031813498477383
0.2925657646123098
0.32625906365249646
0.380913130225235
0.5669049902539088
0.4103832230051613
0.5999227777990049
0.5042710042259106
0.5132076721380973
0.546114791086684
0.303269676305421
0.4770004918462018
0.4120874257580967
0.34437640043684825
0.5035561565869178
0.5120659197242599
0.45133977675796944
0.5765565764659202
0.5010263989266903
0.5613773387167771
0.5185542764253082
0.20693821409777868
0.22159146085979908
0.5047091216780308
0.5150677193786892
0.44829652260082187
0.48841119239543823
0.6201617124519283
0.3453708218711734
0.6228250296535525
0.5861944575583757
0.503380896824984
0.46788696274591135
0.3889110917110847
0.5473422763296099
0.4805259690725558
0.38379450078931937
0.4349435370243377
0.5022293366167749
0.3587156993669172
0.28167928433707
0.3677380116145555
0.5021181896890504
0.3198666348952929
0.3022894079549567
0.5524694310792857
0.5681668831233214
0.5999074012222939
0.458478915727061
0.44880799720508213
0.5101629236549067
0.4835571477043897
0.6315807929030804
0.509813858153113
0.6005869750723373
0.5313178021211357
0.5056633109248654
0.4819866262234068
0.06143916858416269
0.5388753498987402
0.5033351173575271
0.4831890426406471
0.328232569812697
0.41015845886594415
0.5083420391089253
0.5412408116243567
0.45062813976721244
0.5024790932507467
0.5705766241004123
0.43746665361624143
0.42829113906711025
0.6263197415716059
0.5818413154988529
0.3294128194904166
0.40825576401598374
0.37261801857841964
0.48903052774555894
0.47538428370765184
0.37413262694004334
0.3484386439676073
0.3515678913335634
0.3150932852932659
0.44872960121698074
0.5130104947046017
0.4837903705687945
0.5061305322004951
0.5089993632586237
0.35044229012202216
0.5039336142377508
0.5894914086703008
0.4226893259034867
0.24945558340610227
0.5255304010688534
0.29806544162714405
0.5108659524483983
0.5067803662043239
0.3988542965480887
0.546185309365392
0.40709202126292515
0.20570222981333597
0.41264698516838627
0.5294684918990609
0.5176005958396056
0.5619757317334697
0.3530155509547081
0.5117782127102442
0.4923788974244934
0.4401065892070524
0.5216951997074597
0.3791668855569085
0.542155419898756
0.4677094171532622
0.33034612218266346
0.5025014189747239
0.5726120419962325
0.4914108193080893
0.4456702655156732
0.31468453570783217
0.20786660918444047
0.5319039474999129
0.45949206470850434
0.4855906277591911
0.5560253914740821
0.5991839307953846
0.4881048362626056
0.47796437727700974
0.31711751848083164
0.513595487155898
0.4908246852899127
0.349753106396978
0.5074619542327731
0.35174796048608825
0.36486731364201064
0.32913455376696826
0.5056376905889457
0.6164571224369283
0.2642401959213141
0.3728389311419925
0.33123077843138304
0.5137629697243592
0.4629209425242468
0.4303434836733304
0.3968493023182252
0.5018799932430286
0.49963510334430855
0.5153588894504667
0.5366708651570363
0.5101581648035964
0.2241995334199799
0.5134266111295476
0.5136236436201994
0.25955740918338427
0.4135428692501255
0.36751740833060115
0.25282633806614346
0.5017900147161297
0.5562156928300716
0.5119073571966052
0.4869278278422372
0.5503872785895603
0.4377490584826131
0.5271236711428933
0.48981934341600203
0.5326679142091133
0.4946689531502895
0.5306219287192565
0.6249484731087981
0.3898389862760994
0.3051960480347013
0.5185228411438781
0.5031059204524173
0.4915823594607223
0.49148654868041275
0.5202804098502222
0.4816096544226891
0.34439103230693646
0.49198426229682546
0.362109889896359
0.6530811244249898
0.5572318712790852
0.5242305827551971
0.43892918475955234
0.2048676970375333
0.41993220826649935
0.5098413728001956
0.260331994056634
0.5115602226167278
0.5261563769766162
0.362504439538853
0.5350650490893063
0.2667943390419598
0.4569719015296343
0.5204045610319927
0.46412602998030433
0.3927100611955712
0.5109456252731628
0.5548776379377487
0.48493035968872455
0.34814869440039287
0.4458264021469397
0.21892457253791228
0.5587697442989578
0.5358752084308366
0.5588656035485718
0.45845219871957493
0.595820669457397
0.32498432819922396
0.47818902823356013
0.34903210078504887
0.47739265110209006
0.2939576248896542
0.47398650327086833
0.43756298229679513
0.5079523399155448
0.5670120777276296
0.3213381996599165
0.5171552199820909
0.5974691583820672
0.357343218096798
0.4296803848660157
0.5141138442789807
0.2907949303534613
0.37238040306178566
0.44030629979387376
0.27060434959033686
0.622741740767059
0.4654110233465057
0.5121259793223096
0.4559122763435297
0.5770657221035672
0.3708103793436524
0.5144114759084152
0.3582114356827264
0.5086134431165678
0.5251913305987388
0.5107493177875412
0.2552460592412672
0.31668063042550837
0.48429902288224824
0.4921395095088545
0.427504610172748
0.5436725581963959
0.5101624266452419
0.5094891860038694
0.43799513642848925
0.41058614695112955
0.42722142427872967
0.39584581155375526
0.38394826159469997
0.5105134741173266
0.5854358655369143
0.40511389485588273
0.45359160374091145
0.5850457521467544
0.40701524209646905
0.5177815798822982
0.5006206833644147
0.5023508791443758
0.22261004099940437
0.4134665224394953
0.4101616363237122
0.5066239433894104
0.38566515413586705
0.5519347769604173
0.4540087813863802
0.4892909376583947
0.5425002536279087
0.2540155131867928
0.31660975974551087
0.47141831533589545
0.5252266112421162
0.5152230904209468
0.391650721282338
0.497181707628976
0.3192919174170684
0.5110638337129043
0.5095417336831177
0.47900363509054084
0.5451384652438968
0.29463172616127803
0.28018836682930126
0.5111052686648874
0.5516427331765723
0.5006366131547006
0.6431661997147032
0.45444026682274946
0.5050724006574802
0.6011430465534938
0.36562102961121606
0.21776897876294107
0.42201389942519424
0.42959156327400805
0.245691513233221
0.45384854315463674
0.3701753590444233
0.5348324659603242
0.6618677296626014
0.5207496918501231
0.24844135632694955
0.6226612674339863
0.6073011094271398
0.5127098485769503
0.5105864925285112
0.53136395793514
0.26182908268238236
0.4591809977212526
0.5565483897124196
0.5024391226085249
0.660165364222955
0.5104360587812866
0.5076545450493751
0.5482184774222336
0.4643954814750294
0.5477243503695037
0.44802905199263293
0.5362852466769376
0.35398184870356836
0.5720351349557624
0.5405511850327751
0.4377282110006937
0.4830605732633031
0.4742420744061235
0.3571603336102595
0.5108072422807723
0.5237935700195145
0.5741842649735359
0.27161743143897876
0.35609078751918394
0.4428005462445434
0.5272405467531599
0.5627552360185489
0.49892828422240976
0.547766482991743
0.4971226416243551
0.43948619614352114
0.31297923504850383
0.4933863352389106
0.504060427317861
0.47305770076556136
0.29903469918938785
0.35910027044518444
0.5586249298400069
0.47247395577442625
0.21765352679072203
0.3485622071761153
0.3889973545825971
0.40760511111707354
0.36575017147993555
0.5146024482489219
0.3948698809348967
0.42443816488382335
