0.2212785483741912
0.18981996189507364
0.08218846104420738
0.18560493956599097
0.24997538431970667
0.23819294519316528
0.14122251628723673
0.24896132078445166
0.2321262799726928
0.2205468617046598
0.24782704362125546
0.0064510082474876305
0.2490674485732511
0.1375094378863512
0.03957711003236134
0.2445693205837475
0.2280333402047816
0.1780442366499243
0.24083322484130623
0.24985164195228926
0.07073455659897149
0.24687080736087733
0.1324843676162731
0.10044513682672439
0.24189559193716328
0.24048442865831784
0.14131193097351907
0.22568268624875953
0.12500222738059344
0.24550346549333057
0.1855760276131067
0.09266777674971904
0.23420737411620163
0.1988238378703126
0.23697577544726775
0.2309963549095044
0.18978780770245451
0.23692929772265692
0.11261739083802318
0.07434177070973277
0.14898200456530755
0.23397693399571398
0.05850124790900481
0.19152295065832953
0.1901895346439461
0.23672332739545388
0.21803916429789202
0.2049106478820113
0.24460426359651607
0.10590997843516509
0.1068836599364902
0.249578409311549
0.18751213943815997
0.2487677297413363
0.15049703897804867
0.2270046298903901
0.09319997680120068
0.21561738955818419
0.18710635172480733
0.1761964955411671
0.21565008844657957
0.24224342695933102
0.04270786820008343
0.0764215069027206
0.007669613763598932
0.13898850200712318
0.2281113191991993
0.24974661431633322
0.23467188615937312
0.2226600104220359
0.16491929901347246
0.23933487654617688
0.12383716806059743
0.05712814971574494
0.10476148669631598
0.2458710505925104
0.1976050438108563
0.22681352231211713
0.2498468629880723
0.14448738583213183
0.21721095782403577
0.07736013236860846
0.0651972683193287
0.20265866255652026
0.10619270867683707
0.23878726672198772
0.042795796005941085
0.14600468152266224
0.24529578913351574
0.23357096970539645
0.10753122750862337
0.1290683111883883
0.14584943977181394
0.2400479055683083
0.24383701024568658
0.06820941600818724
0.24965123888847338
0.19411498203376434
0.14011278362672955
0.17571336789616893
0.2309861280569592
0.23610390578267415
0.211755318029504
0.21163433251911726
0.20336466715998178
0.20451444226383367
0.23094254539177447
0.19812193632944128
0.09212740767272706
0.21365645122300242
0.11951761606254577
0.09134714830540909
0.044799661753601415
0.20838340888537968
0.21228327718321505
0.07625567906717796
0.2436352824105563
0.009842951224298636
0.24339270849991593
0.02383554894937437
0.2449294080788238
0.08946898922597017
0.11199835273497516
0.16848506685337408
0.07943957208725155
0.1866484731802194
0.23830858701198748
0.02517598466389386
0.23693301995685345
0.1878525644837027
0.23797357816134096
0.07545208049759082
0.24271825634593394
0.17113360819028267
0.2350543847904607
0.20900501291467857
0.07164101951981788
0.17084466559281977
0.20765901402936143
0.23698530089555261
0.2432856537787487
0.10302800774091816
0.20735426691991388
0.08350150023391802
0.22376495941981056
0.24181045052349737
0.2356310264087245
0.18887935654237664
0.19604227699780166
0.23265653691560295
0.03121433959623975
3.3763468160120377E-4
0.14055528369060857
0.20813256691592813
0.08314394624765777
0.17088452188452996
0.19607014076496565
0.1803043460136973
0.24957614991750662
0.0018294936401554464
0.24972915653159414
0.23621870931840488
0.24323331943656123
0.16698007897056769
0.124374709156546
0.16448940863328668
0.21761525900951326
0.22833344433808314
0.22118157672415567
0.24607824559527244
0.2389620132320078
0.24867950308240533
0.10976496173680403
0.08971128161800945
0.1945929025090318
0.11790731072246069
0.11969199850929964
0.20609949138667782
0.20547355164351214
0.09455097380349596
0.23565702255612078
0.1601257285357765
0.22812566616736574
0.23870556904107038
0.1501576646009361
0.11380469384903788
0.24996224449907503
0.2499620213718423
0.1773288361510966
0.22662802708085475
0.07605105747299552
0.23325500046917838
0.2399974856067652
0.1883683477557602
0.16604982050064884
0.2493808674324475
0.20220293480843582
0.19323803057185532
0.24255599077156395
0.24321360300391323
0.17631430588363894
0.20777649793282085
0.09422464101719787
0.025498981832246505
0.17567994357136482
0.14733942788386378
0.18714006199289704
0.23872740886654822
0.2379400977780681
0.19309092706075123
0.24990143055027583
0.2451859319083258
0.2499411807381619
0.14741299104227804
0.24990267906783764
0.21874219433417427
0.024453105825969587
0.010588013502343733
0.017876412362505974
0.003250709631093402
0.24860521630803645
0.23122593584655124
0.0613353625317782
0.23425486409946197
0.10922675416129587
0.08294342401490713
0.22956027792999176
0.07486161056901641
0.21672047730965055
0.24504690770826465
0.24511776968682064
0.2383323532249638
0.1569014078302609
0.23308646779753783
0.24998899274973302
0.24992035297136267
0.23348601063124463
0.21122533282310738
0.19580758700663398
0.08411001581560919
0.2456616984078653
0.1672612279595968
0.061131857276640146
0.23086918530676764
0.24774758954793055
0.23820622501979172
0.23776529082978032
0.2490197034687573
0.2485139909422605
0.003580980153551455
0.1570666002940441
0.02865160108146755
0.19392259861852865
0.02052877656131979
0.24370808108250666
0.153751879978345
0.14725076904962142
0.2326720355814442
0.24882603431874228
0.22902568267206563
0.2468643042719921
0.18305650371089388
0.2459925413766945
0.17622322255956394
0.17402347893652778
0.20488323214913423
0.07584266898618214
0.028085286393673272
0.06185236816104374
0.08063937182970875
0.14097761649916127
0.17439863433820693
0.20153694885166398
0.2399099026640789
0.24524188225591909
0.027388236132255068
0.15837919803347136
0.14943498081892267
0.1140397075390788
0.08212384597994578
0.17020307424225217
0.028213880884173075
0.14878832713419604
0.18136062836075192
0.24999994084181834
0.1008626739077029
0.24580810301544972
0.22738324497880416
0.2011858560176209
0.1890672934257162
0.14143161549336225
0.08869365106776057
0.07708825138891916
0.20926543774818082
0.02502803062877434
0.17614213049468472
0.24840485646862845
0.21351444910775635
0.15397368042173187
0.23584903674145444
0.1954817373956616
0.13307524182553518
0.19727749133004382
0.177298963403437
0.16984513313331737
0.2493428699170146
0.13240679374215247
0.07265463309436716
0.23894596246641311
0.060246102016879265
0.24577228716479255
0.091106274620354
0.06714252677925726
0.23856690734672673
0.24254943306830806
0.17182927688227462
0.12247579172665589
0.22889206833512046
0.13611392015576435
0.24534338321432342
0.09393771603840813
0.20398007365120904
0.20235742645027285
0.24544366798651235
0.11094400962553248
0.06111008215304292
0.2250644224635568
0.24448999202558533
0.22057159307154206
0.24539960960820825
0.18525203553833655
0.06337794680268641
0.24725687218766929
0.19718838998284835
0.23993099596482778
0.012757747617254027
0.22438426751598678
0.1692323497767737
0.24278208358377132
0.1334887688657135
0.07533629473626459
0.06472995363309651
0.12056722604099968
0.19930663947688512
0.2269404724987409
0.17544368729042586
0.22674698624843803
0.22866609840860305
0.16213077403016007
0.24995416533265946
0.056915457630016195
0.21499468908596467
0.14223349301382515
0.247386479650877
0.24418882040875306
0.08422397848381064
0.1983963725610336
0.2498453959423164
0.2393667922800169
0.24965362348579775
0.031174165635851212
0.19320758197616264
0.2148136954907727
0.12339013107210514
0.07252400864060621
0.249271322961667
0.2359672333690621
0.16702793739053542
0.24926443059416223
0.0250453447996176
0.24257064230950032
0.2416965250527482
0.23691303327744592
0.2367528203362687
0.22581392554946528
0.12957516817100415
0.13866394342508065
0.24997425278152538
0.08199213948623271
0.1808828273210712
0.08645975403183934
0.24622003511633248
0.224142499155272
0.2298604338148241
0.24956487968320418
0.21590082429424962
0.17824496793296843
0.1948078401704408
0.11086661855506826
0.04459758847629969
0.13870416934182184
0.2417891086919365
0.21915043852846142
0.24982811867677876
0.24445104274007548
0.23332771952264522
0.2433504207103428
0.24992290532357925
0.11820985250330707
0.16113739246058503
0.2160992149217822
0.24858186020327885
0.1347734145177655
0.23683098346784706
0.24480035137855857
0.20698582977006785
0.1339496854414743
0.07881497250854246
0.1054094826310575
0.19013511601496105
0.24887735612873976
0.14721052276060506
0.24673321199548567
0.24980878998058986
0.24682906743604688
0.17505503443300283
0.2042573103888094
0.07643003172634398
0.16106123861764798
0.22675241512779584
0.13021453737353172
0.24053179792858784
0.24866878381322344
0.23572210826259657
0.10006940258963198
0.2403475193445244
0.15491994557607708
0.018030355645545667
0.17401670938033398
0.22023320774933194
0.21498248089626854
0.08071526465074533
0.043809245516126666
0.04282108835670023
0.16537113499059977
0.23357975552465224
0.14014796716476338
0.2172124339548157
0.18024505106644773
0.2497837231165124
0.22337436365746363
0.08344045838966418
0.22905414182707368
0.19009464549994154
0.1837616788913353
0.22261707088745847
0.224340422847137
0.07615727086884361
0.2436008921966115
0.24996657903744707
0.22152135870815332
0.18231811849184365
0.23921375264708583
0.003219873757989433
0.1265084467663255
0.19651893635868106
0.1878400147587512
0.07211834484719964
0.21916328118802672
0.06475454039048151
0.19965341653772678
0.13197509213180728
0.21683626954521695
0.237129437301594
0.21084573121879246
0.16393073970665673
0.0024996220485173025
0.04412252050236011
0.2444270502312463
0.24999921266503275
0.15653322446748516
0.24268839266298023
0.12448311665900356
0.19176240772011083
0.2491852608715941
0.0021761780990081775
0.2091148443479984
0.05020340144298264
0.24195832231462455
0.24236499647098617
0.22847525498429858
0.19362071519405014
0.23656234369275528
0.22256315986816325
0.1309387309277184
0.22900407694938255
0.22707576462575152
0.14600988840135487
0.15915036837488358
0.17040751630260925
0.24999941231672887
0.14198387698098502
0.24212771012330592
0.08767336966185117
0.18153221224230073
0.2286433304469297
0.14430848122626802
0.2426235718794177
0.021796071904954785
0.21080670985487468
0.11849929242739088
0.24205386431655918
0.2478657387385982
0.0921689292043406
0.19353026386366978
0.24120665835360064
0.24036762346605953
0.09944702007377329
0.23626322826217397
0.23646463464785678
0.18903647703331022
0.12217938677142776
0.21760719009424148
0.2460762543331757
0.06391276124510308
0.119247272728381
0.249468569489142
0.11474711255146382
0.14725442232632624
0.24073482653816683
0.13600796679120197
0.18636669146843202
0.147563718295849
0.06878560652662527
0.15320362757221245
0.10333660040404814
0.11800482672691932
0.24752748421703466
0.17396588260467594
0.20786368763117305
0.21297433194039864
0.06073945844681955
0.18881520765069218
0.2491696271170539
0.12166251727825207
0.0818092320232234
0.20429050321492506
0.16167832681382455
0.21651409142106012
0.10194706386706921
0.21665512205149617
0.16636478478956493
0.14755194139021394
0.176488549271211
0.15040195445994756
0.24990776922504981
0.13861770449352762
0.20491814192755545
0.14164745497612535
0.03855200967369674
0.20756182664926578
0.2150142086720014
0.1681264689071228
0.046668268346349566
0.20280901750837818
0.17209213596385814
0.1954708203053228
0.16819392808486094
0.1660837063305368
0.1936279389534989
0.14412103516924818
0.1873742846311784
0.24206651296917212
0.0377067086354406
0.13377673263300027
0.20311376202684392
0.24996063200218918
0.21799927975123598
0.1509229406217565
0.2176652595814282
0.2247869588328626
0.1173715784055492
0.004940861970439211
0.24886154554677214
0.2499140404545439
0.21825129042412633
0.0802896683273807
0.11701806956292553
0.13927040809158422
0.08106817744392175
0.24985398169787612
0.2479753289681754
0.17350868441512787
0.15473084793495143
0.20961545744807955
0.24805662795992237
0.14345734769884022
0.12825221108990859
0.13911985077990618
0.2094477673363155
0.029275928865746197
0.24301464092481312
0.18145469433764147
0.1068724362492019
0.13581043075463947
0.2492904465883931
0.12958686370433423
0.09590236112661224
0.2382602251167933
0.15522379500110023
0.05500662148124826
0.249675099110898
0.2095981881805846
0.24960953273247286
0.002441047377884505
0.24539939532006164
0.22975894819044096
0.007288471893631848
0.1874628601935393
0.03342604670839761
0.20722031810816793
0.2223095926139877
0.24982750476404414
0.20332561298924573
0.1730544057238775
0.2255313648452467
0.13045501642620966
0.24333129743829682
0.14330954896209744
0.1724626149395764
0.042189876517265024
0.24911924912439473
0.12235993209407404
0.2210651605169211
0.035499990098550135
0.010871576729622344
0.13918523229412763
0.1319490112783072
0.1503332752892639
0.015651468513321953
0.13233267844316393
0.21892291871304062
0.2346054312263424
0.07840876840648894
0.15469806864727667
0.21768762138298334
0.2499559799974875
0.17025489816361788
0.24998685473761442
0.20497906011382824
0.1420925998427275
0.24701044511036868
0.24780064894161746
0.03203964432133563
0.2272493070838309
0.21385378551504478
0.2305529244085419
0.0037429871457061938
0.24396360305792075
0.22228522167004988
0.2194630560168594
0.24999092236808632
0.14111539041736373
0.20775881382077105
0.04248491227808285
0.10597789621759619
0.1256138972010964
0.061081928258651205
0.16240291926017705
0.014152386394145617
0.1865503400100907
0.21836577626653156
0.21615966521016025
0.24935328498722042
0.04022089448457045
0.24619948895859842
0.11260482391734176
0.17994816819851187
0.13973691422563198
0.15503721294570796
0.24491599909360384
0.24111147870716906
0.21642983736742955
0.19992341803395877
0.19981823056133224
0.18665312297565106
0.2185353991525957
0.1203812146030579
0.24866597500971893
0.24995331149016695
0.2257679985862167
0.052088872668318645
0.24814517708955033
0.08281766560740432
0.03908832115628472
0.021762403019288237
0.15810902457054785
0.10259017594098772
0.05940083383456657
0.23373302720759548
0.1072281399040664
0.24970635128896995
0.20394312851398666
0.22762245061953465
0.10959895005811827
0.20632050340163233
0.2282138886658049
0.1629849926040834
0.24991880258081994
0.248543415963647
0.0350647409481568
0.20543937180745828
0.15573398456418766
0.12453061159915416
0.06962951926820814
0.24874104151950277
0.22576113712680015
0.0260027692494697
0.18527260867722717
0.19860699951100558
0.2245554147015851
0.21914330056049006
0.2129744834700331
0.21149304663577886
0.2486330980576004
0.16319134434126673
0.12487590256553276
0.147306134497958
0.24811045630560724
0.20870595648120158
0.24516061730471497
0.16526537399653418
0.01737038111611571
0.24991086288730494
0.22870439622317668
0.1698209578835027
0.17448410229529737
0.003282363882724147
0.24823131152157615
0.03155978697616621
0.1309191987399313
0.08772384132574154
0.05553534724295762
0.24742269695648234
0.04252070816828251
0.12417396547813846
0.22825939438430654
0.07864175659833895
0.020059737203317683
0.0806520630064681
0.2306852350540133
0.18227581276656737
0.22709176774240714
0.05515097559531019
0.09270602401828477
0.1842727405683003
0.1901432918651096
0.053690232842454
0.2033547466976181
0.17624831092902146
0.1286405170687516
0.24554391216883778
0.2416100718772982
0.24992984262038404
0.24994089006402617
0.24281862345172453
0.13262447508455336
0.02736326692371375
0.06268067663591358
0.060663864843700024
0.2491787191411423
0.15376333043888996
0.1896599804768086
0.14662087616593325
0.0890115517885126
0.24983848588861657
0.1333478506193288
0.2133661638215681
0.046744459110581345
0.046860658827192404
0.17182357112219265
0.007275133702965039
0.14360437116893518
0.06731821917916075
0.14497481554857014
0.12985345075671503
0.24995019230990564
0.009088684520614489
0.2208450933712582
0.16833531284672082
0.09170016983306645
0.23863361771819425
0.23543776095466437
0.18056373796701605
0.18605191446755312
0.23900760432373508
0.23553942564756258
0.23625214664362615
0.10798418852278147
0.22909816536493086
0.23837612070861874
0.2288505716349998
0.24217063346674825
0.12074907198562247
0.19138432397007363
0.24117202106856503
0.15879493776618256
0.24867840301378705
0.24994181042371638
0.1063532197387933
0.0866217820480153
0.14339044908368148
0.04886129234860226
0.24632968110595724
0.22064246247895952
0.17701726332605514
0.22686389842215648
0.11728099420620619
0.1771172191033533
0.02539134053075647
0.24342188140646442
0.24154621747971833
0.027140204239649506
0.24970322640144116
0.24671542019639114
0.24730440690298683
0.23979330856728348
0.20784907901806518
0.22152660063283938
0.24004323813236586
0.23745032401942356
0.2334883542199197
0.10282334249134768
0.21973571114388868
0.1404129599484146
0.23434751020699907
0.2197605806226955
0.24176088448547473
0.19489348943166798
0.1815548687764838
0.19530277171296304
0.2498923474192217
0.056053495282597156
0.02191458090075984
0.22417349096679312
0.24974694232362457
0.2345829425489186
0.1902378254389094
0.22621356708495702
0.2131828424490765
0.23857817264947545
0.2123081550666085
0.24936814021013454
0.24477418869677078
0.11414131699006058
0.21450892566748395
0.24999424087852712
0.2389353428186216
0.10380920202941776
0.22442029573922326
0.24315523529216085
0.1977646928450266
0.0755716959584841
0.21769108481910093
0.21307557062356816
0.09665677014022482
0.24220107908323865
0.13938593634036409
0.0865075816345323
0.11517640188446825
0.0704299403662568
0.15063238567744247
0.24873043658882188
0.1882068917439394
0.21869973405250356
0.24809900875577215
0.1483358176290698
0.22559016497827727
0.1580693598448712
0.24948130928225434
0.24395238148497936
0.2153882815205728
0.2295242262373845
0.07117031076873954
0.01116742377523462
0.07611206231044972
0.24999058088520695
0.24166550766426673
0.14864500106460432
0.24949334895605751
0.24005403599966915
0.23377869620630456
0.004336622850759947
0.12324983549000713
0.17151284059039287
0.1456014674721328
0.24770717628026812
0.07747026439254905
0.048256334195312986
0.16276092594304306
0.17931085376341868
0.24692963469361084
0.2490641132182598
0.19735168588991348
0.22616534075673944
0.20723052292511387
0.1346874282705918
0.18961224774240223
0.22061842041840904
0.09069503246430762
0.24960244715011973
0.06641878434481287
0.17223541673475534
0.10530330107169578
0.04967874783119225
0.24803533038566486
0.22094271997244855
0.2499995889529661
0.23021174618974238
0.23105280579765633
0.06001788952961153
0.20223184055696167
0.2070054562820333
0.23969650600211745
0.17702829708639942
0.12718407989709185
0.15360394653999881
0.19467010083391442
0.10177451326824541
0.12506445417401732
0.23958673202958267
0.23126965196228244
0.11175449499028751
0.24997746349776806
0.21214408323697903
0.018085017787999442
0.05744182827686121
0.17934154958528803
0.1614773524054293
0.024351329623907313
0.09960971138381944
0.2196058474089284
0.15464104675207727
0.12997724643975786
0.12921814282080654
0.22177359710187783
0.23214013829137173
0.04854277929217566
0.011343472847983082
0.1551215784494273
0.2079005446554699
0.15555961044509053
0.16809679146150303
0.01731791572231275
0.24806800190977574
0.10522370164444811
0.1565952149809361
0.23622406054260353
0.18535168526937465
0.24333575288966974
0.22038397721514827
0.10587384125729314
0.1868162734458205
0.14866501735713855
0.2225559077146959
0.14431302159295958
0.12363434882216529
0.0965489796633076
0.0327180725598917
0.17643563654297945
0.1197623712358744
0.16177042840021338
0.24460893418770588
0.07241034499894379
0.18699066221557759
0.2490648566283753
0.2208132880697654
0.21675554540241943
0.24208604476952222
0.16678667766959385
0.10428897044812797
0.13080371783526498
0.04556006946285598
0.057812096618161286
0.21346974882775807
0.24892541920667477
4.895262908016104E-5
0.2258461583244023
0.15175829602552776
0.24725502949739264
0.15872567678626615
0.009649842632255427
0.18424715466907154
0.24986546822487066
0.08112517912543901
0.20293623212891587
0.16998793155495362
0.22033618789613532
0.14892800781088553
0.24970346506906413
0.2490457092114427
0.15383172347322482
0.113790151625005
0.11717865644282525
0.2228934901444046
0.24783281712896085
0.13436801830213263
0.12186973256896012
0.058814276507033254
0.2282596940766316
0.24954824293766634
0.23109054843608584
0.08248648568306886
0.2269564583810237
0.23675532134408414
0.08909680352349593
0.1267215861248163
0.23735131820395375
0.17841662334067226
0.15849789630455238
0.14799021954320346
0.19747160997880558
0.24762304866783427
0.23978186585053007
0.20897334978368015
0.12264516805246778
0.24285167371288124
0.13494520469081062
0.24750460506348365
0.24708460298850088
0.1460209005764796
0.03947007572743859
0.07217654377299082
0.24832819533595818
0.21443858626581677
0.23671651998649054
0.11403803999182602
0.06971093452358237
0.1314060568610135
0.11634674978369614
0.23242860949324018
0.22831027561886827
0.12423721789361285
0.2298875687749711
0.18253982631781537
0.2157743204684211
0.20997961044937027
0.09869722274293774
0.19002879409253307
0.029439509310473923
0.1492937232289749
0.11144756993288397
0.2421846227414097
0.15207206354876338
0.13789027291535966
0.2468983677990774
0.04912965636208504
0.248643213775752
0.17578048729638884
0.1404086461494112
0.15063064214269778
0.06380868493758936
0.21932406452628553
0.24025477081951005
0.1667358126283504
0.1548147327973488
0.09851113200941536
0.24996456293693428
0.033471683367922334
0.10427103628022984
0.19325315973254437
0.11283396624326679
0.21985945928969736
0.24981139795777918
0.14735594938557467
0.1080340585379123
0.23205911584614677
0.14560738056733694
0.23201146394146205
0.13115277978767872
0.18443092981924497
0.1821284221194039
0.21398585141406917
0.23407850394906082
0.10087335996201428
0.1941141019932684
0.2249505129532481
0.23194761488139246
0.2253403768512275
0.09895674998470673
0.005794425304960087
0.24996349655819936
0.16528499700940802
0.10033972255871042
0.2487234146167473
0.1480900878222806
0.24957858196432808
0.23587088250142083
0.038030834973813245
0.041309064877531235
0.23352574629425066
0.1969633936174701
0.09648634341971637
0.07593575506694077
0.10610791859203098
0.22993170211010033
0.2340217857735464
0.22690349388646128
0.03603770312606255
0.06883343301074904
0.24978877391179846
0.23136279405088378
0.09475664883905369
0.1278548262755825
0.23954594107209887
0.20858170674152007
0.11084061811383442
0.13843608401316976
0.013088979813230074
0.08770616213337439
0.22339733822365498
0.005424298752343006
0.09536803390915859
0.1121703088297354
0.19290505950181636
0.2437819725481921
0.24965667478594353
0.2066503802038148
0.22664768169427468
0.24091640433845757
0.16775744583455168
0.18137371565361854
0.16833296437746562
0.051991299254032015
0.09163556059095802
0.23921011154592467
0.13162811175579883
0.24196533339086568
0.00593496323406731
0.2415305407874091
0.24313312957144564
0.14396008073634564
0.18755359488104523
0.17431063713071418
0.1150629481926835
0.2008167055578049
0.15715023773597092
0.12273246859214196
0.2453251552142566
0.10608771176285685
0.16685325025840245
0.24944394568298126
0.2474721939279816
0.1482626780289145
0.2113238387861328
0.16614635620607207
0.003025293062423416
0.24997056917203694
0.23404140664112888
0.24229421391862765
0.10323558196342526
0.248319657792376
0.22594209652696556
0.2407040069802252
0.22963193750381497
0.24370403113905054
0.039408788683064605
0.2452399957692022
0.04035500598239913
0.15683198005974286
0.20693668092996875
0.11250575696647512
0.24972111195543717
0.1443469876981836
0.1887512380640027
0.06574653654273017
0.22433049883885406
0.1259344265028388
0.24708524394914747
0.1554302672652639
0.24349398073495176
0.2274030585197529
0.20477971220261632
0.20183311968072
0.24815242097237386
0.0674221127583798
0.08593769349218451
0.18068964984100738
0.06809074183514106
0.2416409712070784
0.06588689086616883
0.18609228767714536
0.10873620484965495
0.2404596515653057
0.16173030661889337
0.22932921155137015
0.23380325680007263
0.14808665124949097
0.21551051258970202
0.24987930393240937
0.06514495144233699
0.033034345158245035
0.22727568120916827
0.13781332777254826
0.14161055167105413
0.2167383825197945
0.22296141241703046
0.15471203032293074
0.22123099905107763
0.247058838076973
0.1173261892478455
0.09746308521040459
0.15223040745717026
0.18394387495769088
0.22580451660461925
0.22672323518099421
0.22273146234388752
0.13558013127135318
0.15393038873764187
0.17967273909965664
0.015759195146156535
0.19792530133222797
0.0745370536940497
0.24866938899000438
0.2453473647541878
0.16842622519403977
0.24372825229816686
0.09068133197512228
0.15936037473003553
0.029613889861827128
0.23257254897371732
0.23383537135034957
0.039006772595620465
0.07149887082539312
0.23369097159702698
0.24305922007676034
0.12460909539590122
0.1880710079885983
0.07781109522308383
0.23628002880480578
0.24457895049761447
0.14172478875995836
0.24010594217163578
0.06269737862590291
0.008279315578538638
0.1409834605045243
0.2496890885631066
0.24299616096124602
0.2498388321373257
0.12357498712509003
0.0049044924807002165
0.24009364518477128
0.200653585463413
0.24683113510166213
0.07287588640158434
0.1770183145893233
0.23439185418246244
0.1851994687782447
0.24560357657213067
0.17543031186804298
0.21576739621821867
0.22679026783382764
0.20380819228731248
0.14314386148365152
0.2273988424956506
0.24043506696828135
0.1999800442559002
0.1962002641921069
0.24950730024907805
0.2338496267310154
0.09827358374714541
0.18079659346096466
0.13578672677709616
0.10140500429393823
0.15127840286692845
0.01655153889899283
0.11074961813379977
0.24988544325834272
0.2496766410779416
0.02460027882404115
0.017339678555956424
0.1064568879320509
0.16195443510554233
0.1651505719651869
0.22109061669232347
0.1450879191450242
0.22383134120139703
0.2413566676339327
0.14087527139650746
0.151849922836728
0.09539377476105482
0.2238093273009655
0.2344293147055868
0.22046092879525764
0.2386601491967862
0.08239640525040345
0.24798471963696803
0.2316620962079425
0.17057896073686335
0.2393281251864065
0.22252509456299394
0.1125555381158813
0.15086143142163946
0.22246666308442242
0.24980536035452447
0.24495345678797287
0.09961236807627584
0.08647191973246587
0.2363863634954008
0.022402282364103503
0.2349825351783262
0.24819472085933952
0.08792954811118717
0.19788115055484234
0.05720647482238113
0.11864434242322644
0.009000768176572423
0.1964912293598777
0.1919187831424055
0.24743616107564606
0.24624186899410982
0.12176992626340997
0.03720178392762197
0.22977701946198267
0.07702655849365984
0.2116786359509044
0.06091812551941621
0.1750772929207617
0.08032134204694821
0.2423457948043772
0.0844243776300786
0.045379132705954464
0.2437157579095678
0.1933813254668462
0.18309927094270292
0.23965484318281344
0.23992484684262708
0.23673671837232535
0.24121193035036365
0.006909410530039469
0.12734845378896079
0.2406556295837872
0.09697532686500132
0.2396757434615228
0.07224412514537117
0.06318847476305019
0.23656550264767626
0.12448677398429123
0.03179860695535049
0.24266733931076656
0.24345869960897346
0.23887776829638974
0.11028440328033315
0.16352961260459983
0.23221780513825738
0.24994020710414733
0.2250175849722417
0.21981735078707224
0.11571501374501059
0.22002571318419958
0.17556700070862583
0.03512691735441916
0.20167059251009453
0.22112403026660013
0.020517859776816794
0.23141203381000477
0.2289403657725698
0.1587119130130669
0.22963969630246486
0.22360854266413593
0.24918094431554771
0.23929772854841605
0.2466889060925823
0.22252863476433163
0.16291023624121012
0.24998760807589013
0.18139106432446017
0.11427850948400209
0.17623846499683743
0.20100050547973994
0.10994783985279685
0.22023184194903292
0.18321855241500387
0.18810062537052247
0.2427094304544671
0.20287076579301508
0.23985692065799002
0.24772507475810226
0.19940221073321754
0.11342237130210572
0.16442442773399818
0.20922736347266316
0.24879062846357253
0.23691779793715756
0.24890783440639003
0.12768501683183361
0.22728129992669485
0.16597441169259525
0.14089106024081774
0.24511001736346277
0.16400927954115954
0.19162446297373228
0.13265719547437924
0.24341981923161324
0.19690105606162142
0.17433934509219526
0.19428935218089005
0.16901982236054877
0.06650088413435326
0.24989867561992893
0.16408770797095115
0.19825044544723736
0.018406913695261123
0.24842685755144278
0.16062281073187237
0.23613159099076442
0.24561015137005018
0.15430680015739015
0.049209326678250204
0.2369659400983044
0.04817019185426134
0.05013564026049532
0.14038630672961366
0.08703036946318678
0.2410534842712154
0.22352026100344907
0.24969010885876797
0.21076178819121072
0.2387473013048486
0.015671850429920156
0.24126200711158047
0.2472287120774098
0.18384503162642463
0.169862242911512
0.16039891719940766
0.02588410878906859
0.22469931180208705
0.11012144738899932
0.220376506293626
0.1971989726028249
0.24834770673625065
0.02867576080465438
0.2493147917155083
0.18771438359608528
0.052270934740568514
0.24147968196068748
0.1680692575351526
0.16552511007601928
0.24946952101452372
0.08015746341789824
0.19652343469388406
0.061232820859389143
0.24734622441200102
0.12728708088304588
0.20710464891404565
0.24785691235181734
0.13083509435065968
0.22536348508444723
0.1282976977217273
0.24995897872544848
0.23713532734722229
0.11451513018883916
0.15667522036775589
0.06724515961629603
0.21991732601045258
0.1302873244969553
0.054667304539455376
0.11803959521338829
0.22135417187215348
0.2217000392808805
0.21227079216677502
0.1613069660684934
0.01336676050174746
0.24999991741940503
0.240874348302682
0.1400403814999465
0.24167784908692053
0.11905708864494674
0.2178167715334993
0.24827337216355944
5.846289178011017E-4
0.22025273471165188
0.2499615280935961
0.24730832959522475
0.21938354396788695
0.24379140020595338
0.03392917216491788
0.22999547828912076
0.18246998243929866
0.21126593743819608
0.24273979033886237
0.11054827003347618
0.152976731690751
0.10017111900237843
0.19105313261555154
0.18977305072336587
0.16569965489539026
0.24122453551406978
0.24409374724051414
0.06327039076640048
0.07443932041710226
0.17333248397748385
0.15331515936802867
0.17032685578073195
0.0642406777473561
0.1499919895006857
0.2238935141504354
0.13759664294680451
0.1503125358076753
0.21674594184812554
0.14347761241550472
7.61750834093381E-4
0.24953071493137316
0.16784343961090314
0.22854571654183747
0.2467761484551905
0.12922360261332205
0.2464697942158296
0.19817412007063498
0.16254630289992966
0.23658342658987483
0.1239164180434983
0.09411957920247464
0.01344252225945842
0.16367191974279405
0.20793632796208655
0.21846467561505467
0.13935982474435088
0.24253582691296513
0.2265733075616742
0.2499537656484646
0.2443165492769242
0.1364521245412782
0.24967664057336997
0.004054035178690891
0.24460160045671184
0.24978101232716662
0.078630661400047
0.027417478729951157
2.7868271929948216E-4
0.18043420096357302
0.17301351097107934
0.2493345470442517
0.11994326646830249
0.23982620966215584
0.2326308314088669
0.16487619605324116
0.22697553320128727
0.0790005056022472
0.16385171557862885
0.13241169133249386
0.22427610544799753
0.11791757464909908
0.1990348548007888
0.20826554372779085
0.24019996926974754
0.2061550000107378
0.24701123157373236
0.10416198048100778
0.10166285813961776
0.1179367314320522
0.13443248477910658
0.18070377288164224
0.10780167915866785
0.24829133899061978
0.05471190560395478
0.24302992675818882
0.21851384905018115
0.24717633318047189
0.2463106132434053
0.24720029011754605
0.24978771651334103
0.24426714245848455
0.06737311843102729
0.05630649810368971
0.025239503174436375
0.20415234580468544
0.21979289425053467
0.2392448142501199
0.2011382938880031
0.16812771597724951
0.24243545477505407
0.11252879160978815
0.08391779431713692
0.0607379669326267
0.2127359201398379
0.2491249519767778
0.20629775877712053
0.09399068249790563
0.24881342859485225
0.1970366271090822
0.09294183521782966
0.1091931619512297
0.012467514455354257
0.09269136346790813
0.16806672947110843
0.23936297934595643
0.20561833680217814
0.024873546887670104
0.1273811189717903
0.24966561126453465
0.2314040343683488
0.07624721314786762
0.24335195648582872
0.24893584310718242
0.23559331729950977
0.2156243775842447
0.07532724022151029
0.24943981139584018
0.20134585566747218
0.24762450697457242
0.20968001599056305
0.2486179226667483
0.23728431251077528
0.1381063820190477
0.21538722199548854
0.13041741768071125
0.10353769027580643
0.025363877095659924
0.2498196773845792
0.17724154161595376
0.18573825018657766
0.2498798432346016
0.21780623002195362
0.12153501211630416
0.17748834631782304
0.22650267040535005
0.20765328818016493
0.1374349057386585
0.10531894457760595
0.025695584144120813
0.04388222236145944
0.24168626977563135
0.0717382672637131
0.11826947778473083
0.24910038305688686
0.2316161000988184
0.23413653593398107
0.1666104746924994
0.249985455617328
0.18165073949953534
0.18571535643694917
0.025950144998323398
0.07360007922588643
0.23296744364327673
0.24752069760108755
0.13688953485249972
0.16677202246244613
0.14052816041640767
0.032774641431767546
0.23112111765738733
0.22005048964138482
0.2460144066078126
0.04270402643808473
0.13870687170933066
0.10973745629780698
0.24939121913277368
0.18997609683785055
0.24998252905846133
0.04609412015907883
0.23732522028437988
0.12011860349003343
0.2286907834126828
0.15151980326894776
0.033034009465853956
0.24595838718686328
0.23918779321914155
0.24962606996731213
0.2498623644156188
0.21290534771941266
0.2210086145705522
0.10232885610114802
0.21106254507708996
0.220352006569228
0.06674061704424597
0.165919855696836
0.1393418199729528
0.20742568910937637
0.05800178704987142
0.1766982872475829
0.23064085471402027
0.2038641659999753
0.24579682041986725
0.018182333340065925
0.24972417849088707
0.23858862259237212
0.15861802398898855
0.24711236050208527
0.011796707414902715
0.027130585168954068
0.23498014808616055
0.16743043485736306
0.17589405106750503
0.24525797736782323
0.1128238063636547
0.06499655647993258
0.23580985295508483
0.24749230059722743
0.23505696828432165
0.02993452848480716
0.011121721035757223
0.05372370761121339
0.2073685560956041
0.12055806535451696
0.11978448778218562
0.24877436180767373
0.06877795200346189
0.08567133351318786
0.24803676763548999
0.1560745849852987
0.21258460150383598
0.23856478966336234
0.18647169961497875
0.24749612127308165
0.0969908814951465
0.13622825612637973
0.2344990644357205
0.2158449269091821
0.05731180212659828
0.24872270611895153
0.24756870867317918
0.06658588843282891
0.21777483516837787
0.2332194806327488
0.20377985695811446
0.1835384924626114
0.193326919983001
0.17334668624849045
0.17182964897604885
0.18077456771499215
0.05829619293576231
0.24841685325832755
0.22087551726360954
0.0986088636709574
0.17828877562660517
0.023962486237365407
0.24738064098631835
0.13023775643999336
0.18603991808717135
0.24604163049690217
0.19376896605913285
0.03727496344531929
0.058623811650294615
0.24884474084732677
0.24005947632334465
0.24999287292118852
0.23156455905857584
0.08791350816260544
0.20374574096010356
0.24094062208749553
0.18665419577368664
0.14538096923781754
0.22808536112202532
0.0332221281783797
0.17799528954363852
0.18564611456300004
0.24713582977221932
0.12548421916978442
0.22747960458621577
0.05586153725248905
0.20075656947776394
0.1691092738038613
0.24283141388207152
0.24507302739116832
0.10713297561344562
0.06836388055780693
0.24850059508848377
0.19997724978451692
0.2130047997185099
0.2437085562990788
0.2433035009829817
0.005808792778539263
0.24662805923844608
0.2485693277706795
0.24948132739356757
0.19958358185086292
0.2478076258105272
0.12663691202803457
0.1001199634249573
0.13891881641632153
0.12253039522890978
0.23655930810194056
0.05536711183896448
0.24263610443275405
0.16954229350109687
0.16055240817637567
0.1900063298113021
0.19025820386777645
0.008103667701374209
0.22018596808232424
0.04002869878948828
0.20129456913190028
0.21590215051886258
0.1698614535927904
0.21116386614317995
0.027994163781005103
0.09039756649490303
0.23085716869219336
0.1312478834540541
0.16546447882066334
0.09966924884242319
0.24394505141709216
0.24833104868244002
0.12378896873524861
0.08940980828380772
0.02313793741493825
0.22799872265945612
0.1666039036615424
0.24662153518609917
0.23548249414604025
0.2497252054572341
0.24998393587541498
0.20545987937181323
0.09412968459202706
0.23658873002645728
0.22311768477280508
0.11347449930177118
0.1282299939345778
0.03741911577976813
0.10835128436220196
0.21388810011097395
0.0012213809410843753
0.2442248424062163
0.24335195426112663
0.24996286832263057
0.246906376003201
0.21458170933119117
0.008517107813706402
0.22460096975345387
0.1963611251996905
0.160591968211766
0.14627616075684913
0.10237151367324984
0.22698732028426366
0.21256524989459646
0.2278462622420155
0.2227854266693962
0.23486100004835547
0.2073633723207228
0.02073581378943528
0.2498646127671219
0.2490401284005512
0.24574676498052295
0.24877642488327353
0.23895764874843986
0.04064272424443343
0.03944896631010334
0.17515846433249682
0.0016877720171954366
0.21711378791054486
0.005250297357760652
0.19102354682541672
0.12789370468432423
0.2458612827417273
0.08997505564867526
0.20280176023791932
0.23071696947436282
0.24806668358278888
0.04741524442975068
0.18795441436997073
0.23155453408944796
0.23262188801375044
0.07807017140160297
0.24080168267123264
0.20111160877475137
0.18768235020109722
0.19932865243883666
0.08810522678477553
0.07725601570573365
0.12020819527252553
0.24857040693968616
0.05826021974321663
0.2403119476163377
0.1420414873072502
0.11230862755526051
0.23795983489980072
0.22453556247379178
0.22829282403622997
0.24998882520495475
0.15669709261517195
0.10326938776904399
0.1790785258830261
0.20711528192324574
0.04130884564496252
0.09639096356586974
0.14555095758059583
0.0407957153650488
0.23838726529450885
0.23956568471922546
0.061703603038966374
0.148734853302753
0.03229184904849987
0.23152073073213192
0.21803987732980917
0.04653014400220009
0.07645279115191599
0.23638670309765922
0.24687615434240215
0.013475050533297186
0.20310892306843326
0.019355414722939016
0.08237006731272184
0.057667374946902536
0.2224387578787436
0.2281772977876883
0.06425948697595475
0.1803557468553199
0.22127540365758444
0.1186999369253903
0.14216972075859607
0.07041681932645659
0.24252334665240527
0.16069967779735103
0.1786303871071054
0.21392024010793284
0.24786539616566483
0.23157663576674897
0.058361176585764125
0.029318443404543287
0.10935020817085456
0.23434292268362875
0.008110425237396062
0.01017005218297514
0.18116000748408853
0.18306522253336213
0.24878943470665657
0.14935804061440622
0.24846250568337339
0.22558036555270822
0.24994434353832445
0.2150909054118975
0.020004437768735322
0.17107954904798295
0.19865874245094528
0.23309089625704704
0.24078776132804844
0.24006076711090232
0.22592339778816226
0.20347781247999122
0.16074383673335546
0.21013643330005083
0.19303482386542895
0.24265842378882724
0.17918623746337392
0.18748362868496038
0.23701196810322256
0.0703682022953123
0.1137934297703364
0.05020483524266255
0.21695318486579457
0.16122475173428483
0.24303325857039446
0.22351578299800848
0.08326811272210147
0.23819275859055172
0.12273743586239293
0.041435012635437814
0.10300999162358054
0.09956710589358082
0.03074536526081293
0.21566751622068978
0.10635761790176777
0.19805815628594559
0.2166549185867417
0.18629855587225355
0.15873418173528295
0.16245410814715736
0.21936742428538455
7.406825816387057E-4
0.14798194931921343
0.2015725802310196
0.0420843171771478
0.0889571337007929
0.24948276513237766
0.15578563154783415
0.21921488885497886
0.12521399523158114
0.1854386753061221
0.17035972412708905
0.17975569180194145
0.045166533701112274
0.0892871041529976
0.09002429971627045
0.17088225248915942
0.1589950156681836
0.22975733133819332
0.23608957259005442
0.24696379190706275
0.10240301665664864
0.22007558564963461
0.16185566222276734
0.24999644449047562
0.24887301800594414
0.10840858818055508
0.0597239433186763
0.10529652723383964
0.18217484149565988
0.06597409716240338
0.24969644950644557
0.16746310313298315
0.1001865262399338
0.025112095277995954
0.2435651655295299
0.09052143873941039
0.0015593146708728263
0.12668957763870253
0.24856216591539823
0.10875070860142505
0.24210040037171843
0.015381597742630171
0.014109214139631615
0.13402225005564333
0.24994929214106765
0.0737149639907414
0.16791957134056767
0.2359853726343767
0.21952212736021118
0.24800510381337654
0.24979821770607902
0.14479592750783413
0.21132684709157426
0.15890833624476905
0.24583801090204055
0.20753148153029083
0.05158242361072407
0.18152768940893918
0.2499756531180967
0.20149104354692834
0.22034056076905637
0.2390689020877907
0.2081164087291256
0.19207375163683818
0.21326702816990398
0.011455529321600991
0.24073927168459316
0.1381368028023009
0.22341027862884
0.012316921144797625
0.24993023393963712
0.09359493901164252
0.11073302638545406
0.15323791935700626
0.12481809559305257
0.15167778223326683
0.09297102958613543
0.20570222175656785
0.2241761968120104
0.2388920116122971
0.24012804179412453
0.11033387953241688
0.24436370816994585
0.24758749107922007
0.21092877363274634
0.04549329824307122
0.18963082562783118
0.24915329408387982
0.04639724551643019
0.18084794315104688
0.15210005311769728
0.17639192158872444
0.20201355576852298
0.14818915183014264
0.21509062895970898
0.11742649655917314
0.16840206552303794
0.2498352524815502
0.03538246988251579
0.08718409418688944
0.16538057078100793
0.24626817025257264
0.16407275520175313
0.15410547299555402
0.23545529598783022
0.18739039006101002
0.23644722638330154
0.22796639089788265
0.16441179668749314
0.0715928004241153
0.22933825067047983
0.019502463316412127
0.07443019998413622
0.24080753753969267
0.24148796310643944
0.1871056726222296
0.24336290970266494
0.10801080854994623
0.2218771376527757
0.24729290115127794
0.20082845485476714
0.05006788644856303
0.057863905311076824
0.24759728018789903
0.23215651435139065
0.24695671513187878
0.2475710697784354
0.13394827628444775
0.07376279988465065
0.22749762262370662
0.221364913496135
0.236040810860596
0.23957863325477927
0.03720252879304458
0.2498301823206817
0.24327772436758707
0.14368323046322615
0.06427860899704955
0.1933276765686816
0.11062313814927463
0.11763544275796593
0.23965888763871762
0.057925873071843305
0.24039033158656078
0.19891850108096137
0.14770290687566745
0.24169640084910152
0.2256105478970704
0.06288757087703355
0.22535446645413215
0.15365914621939167
0.23602689534110466
0.07065330610357212
0.23606266903514603
0.19017336846407654
0.24998612147776228
0.19018681237832405
0.18489818918435724
0.02309085543578031
0.23531987304258084
0.1547406125982332
0.09159507893827001
0.04118670800786601
0.2003724905164413
0.22492207098291717
0.10043369882589603
0.20835170375283202
0.14010524882912018
0.22569854838409925
0.23690229252940012
0.2479252456422716
0.1720091003973943
0.10856028493220427
0.24840874856091105
0.18307216220221115
0.24082934724076696
0.24999992251299671
0.155990567630993
0.1913489342488351
0.020321729342049406
0.0989016109033605
0.1881590490998925
0.2170065072372821
0.12573309552817677
0.06326172870409041
0.2146816156587149
0.24238445046808535
0.21015167333641063
0.04927174318123856
0.22619459565035388
0.11967871954274058
0.249462314947041
0.2468918202370795
0.1464018418777413
0.22728787412019313
0.003804114575027281
0.2312520884795384
0.14755549131272136
0.15438728176219524
0.1711053430332123
0.13182120221657112
0.15441911955867263
0.1777466792580619
0.14900916723212815
0.2434920855200465
0.03406425187958331
0.034874065349574025
0.18940648799460813
0.2442505536958061
0.04478813480250906
0.23684584734698994
0.23064504994491586
0.24926097493140886
0.21475532939448705
0.24595033629078453
0.2174977867646932
0.20685338712293938
0.12778152636558404
0.16577181127615037
0.20793522184116542
0.19981856872801332
0.24020163582123752
0.24739419960079134
0.1386985260230759
0.19552188884957147
0.01232613722765245
0.23987073277931809
0.23440100664236593
0.22352946967996212
0.07260891481607894
0.20789250130332218
0.16538579694106842
0.029237018196449985
0.22474097301381096
0.23514478555077814
0.22569589176321883
0.10485429672828253
0.24182468095255347
0.22947422587155167
0.1712744648699259
0.23725817948272548
0.1403756138872007
0.23608235403714878
0.23184810264213643
0.24312962028064738
0.19401519028649877
0.24935313588179647
0.12473481211198469
0.05791137601451037
0.17301921526711878
0.218050123829663
0.061526572455277664
0.23588852912077427
0.2462900968047283
0.2249728871121269
0.2385346952352676
0.24082893911215497
0.21313285130813933
0.07648938044598308
0.0645293695300591
0.23213169093373254
0.1045834159318751
0.24360969814888647
0.24979587430956385
0.17632639699484012
0.2120362637546519
0.11024251173985698
0.249994428918939
0.15718937061077465
0.24112426783751606
0.1093769899909982
0.17830016633559764
0.22052645996959644
0.1906767903568121
0.1865956983552197
0.2087225626962569
0.1712486588045817
0.24512819144128023
0.0438037651532757
0.1673273205379553
0.17581034721180233
0.20496223968586647
0.24993214752928006
0.1959544601537382
0.22576501019647316
0.2336370929435778
0.013788465636846478
0.17100989972523697
0.23436566071258677
0.20273317312793385
0.23680048821099567
0.18912280326039693
0.05794065389530397
0.24777953116305265
0.24301317490643579
0.24226265192649143
0.23385414796683798
0.24981735337984298
0.20354149457931237
0.24973114149645803
0.24736533365404884
0.24441453534032648
0.16565280525865964
0.2369378343425635
0.04082379211399829
0.014489173650078596
0.13205875723847674
0.24973154580652152
0.192249604502024
0.23214094473220032
0.2499741943218441
0.07474560324374152
0.24361694775394874
0.16437660403243484
0.17060940070998207
0.23743148061797634
0.2277505782155248
0.09965119420021606
0.05594773082909424
0.2475505619718623
0.24949474210558062
0.23410970924701988
0.08501018000687238
0.16048588981929132
0.18518998465429537
0.0677966887644436
0.22981665875341023
0.23339011255720218
0.12727081223724532
0.22774064134414804
0.24988562320868082
0.24502773996196017
0.17090389267298836
0.24754343884605437
0.02178762726570526
0.1705538354763778
0.15421261250427165
0.07348094570805506
0.22070170349445462
0.06058298839058706
0.24987998879018394
0.19293156105878748
0.17539709956655247
0.04823299022063217
0.14013086109599426
0.10736001246170913
0.1657545305047332
0.24997866117837703
0.24663015385187956
0.1277566475910093
0.2229792940932021
0.19361627048655147
0.2445193957526496
0.24728307430998434
0.2400340516489744
0.24974703299877762
0.23714820762955796
0.1817285188240625
0.245296103043474
0.24685919543828966
0.09831382416612486
0.23618038904276348
0.24476778801779575
0.058123747553785125
0.24270606585386087
0.005229293776532585
0.17092839044633487
0.09686825775565393
0.12142866464445708
0.17357764447555143
0.16250212231818847
0.23068904510428354
0.23770906967922042
0.24999488901655065
0.036528132438213734
0.22415899238739956
0.12053581996088578
0.06337345666496857
0.19908908038765535
0.04606898954629675
0.2019953302103291
0.10758937884003122
0.1962735238229337
0.2480571398442861
0.21036810363200337
0.24999238413906608
0.20440933501404449
0.13250532225438671
0.0997209698190512
0.23051007334462437
0.15243264953829158
0.12398865919862828
0.23655450077640242
0.1336486540063779
0.2142374833470964
0.07051755111189026
0.1287739328367595
0.21884700722664188
0.08090484594712184
0.04440626171773935
0.05600691576570507
0.23466483189516393
0.2465235959388442
0.24999298479588927
0.2418687468169267
0.1788214153324577
0.045257851737536575
0.06407388721660506
0.06458603931363996
0.21516505882709303
0.19661274358123865
0.05049727363949568
0.10601812459664307
0.11340845021879452
0.14253376488663905
0.040254891528981075
0.24995109161741097
0.11741974843745673
0.2499897731804831
0.11418777929424015
0.2391022303514795
0.04444137180922637
0.14543558330540443
0.21298586270587527
0.22575655226704536
0.12259642208509301
0.1698541902468701
0.21316808112688476
0.13810417811257786
0.04204906177571717
0.2349353892132332
0.10923945491544916
0.12620432916345453
0.15112411607912557
0.1981356542729703
0.1208746646028888
0.18140443493338113
0.09725975216242512
0.21853274402221698
0.01145970140243249
0.24352803549892055
0.06879765066521491
0.23535216558096123
0.16711612266032133
0.02607198913958342
0.17406790175288395
0.2288001520716034
0.15166712229981041
0.22067340022322873
0.2499935857838399
0.20652020719598627
0.15417370221250762
0.2484363771805652
0.09023474702869953
0.24923748065799453
0.020144038033042617
0.24122096221377728
0.2466123240794663
0.1568190246223
0.17045338252793787
0.11725865222912302
0.05047909689121346
0.21482198398690025
0.2061363392192653
0.22229213845564202
0.2375858807085523
0.061151664192549846
0.13226588187715935
0.23011168254435063
0.08398219764192642
0.23027496190605762
0.1975563688287462
0.1228987104512777
0.11408086038593615
0.020506398646097677
0.2396757304275301
0.24809471830735394
0.2126539487612881
0.24866074743695904
0.18324185604180204
0.24009421589672064
0.2471547440478852
0.10261196237424217
0.20841738469581347
0.10563019935607208
0.1715441178124588
0.0980814790129685
0.04149645882584535
0.19355965816073295
0.24758612220152793
0.24874630526935868
0.2496458314325251
0.24653441090733227
0.18925373807195583
0.1466997735005358
0.11740346546296869
0.06875970794553554
0.08072657872693968
0.02641238070802521
0.23975727063230606
0.24070805226139014
0.2422751940966921
0.24874579959143375
0.17371230391857495
0.24399514723591456
0.24807703483699545
0.22371773445083573
0.1682443121241575
0.028338014924042677
0.07835593300167805
0.10752890005792451
0.2496510739273784
0.24844659691331406
0.24357968715051165
0.0753581923267733
0.14400237801453272
0.22067514658250012
0.24999202340439225
0.07186957988001094
0.06283386465632881
0.022298007272190758
0.11898740787184404
0.21541075172372753
0.058390072479220706
0.22049092698720502
0.09585498576077678
0.2499996174349641
0.24441630123293367
0.16775884312691042
0.13340595907769034
0.0955811799838134
0.15095132605171557
0.22937708428415665
0.19618587362204734
0.24684670458142557
0.2351879704772177
0.13322621377376714
0.14688745946530501
0.24506774105860668
0.24326013637248645
0.11591867078594799
0.18425165847216962
