0.42955038500375464	0.5704496149962454
0.10521511418856688	0.8947848858114331
0.099839718960683	0.900160281039317
0.2045500993939645	0.7954499006060355
0.816284215333251	0.183715784666749
0.8656374732536561	0.13436252674634389
0.3466122658855696	0.6533877341144304
0.6000631254625881	0.3999368745374119
0.6588019519369926	0.34119804806300735
0.821782770858611	0.17821722914138907
0.977589353858821	0.022410646141179064
0.5764919963630476	0.4235080036369524
0.7057821359910863	0.2942178640089137
0.6334395549139993	0.3665604450860007
0.16357005431532656	0.8364299456846734
0.6950818290730849	0.3049181709269151
0.7803249018898463	0.21967509811015376
0.14745233741136743	0.8525476625886326
0.19866555626459448	0.8013344437354055
0.1534504681765818	0.8465495318234182
0.66416494427255	0.33583505572745
0.6377092300958573	0.36229076990414266
0.3797049600825212	0.6202950399174788
0.21493333702462725	0.7850666629753728
0.6142305297878121	0.3857694702121879
0.24762787351240423	0.7523721264875958
0.5439732491320148	0.45602675086798516
0.09236453137313039	0.9076354686268696
0.9519480171691855	0.04805198283081449
0.29892783174504123	0.7010721682549588
0.25987920746480586	0.7401207925351941
0.8910002192303556	0.10899978076964446
0.2662766379566728	0.7337233620433272
0.19200035048355735	0.8079996495164427
0.6251132579781957	0.3748867420218043
0.5111881739138638	0.48881182608613616
0.3407948320544161	0.6592051679455839
0.9034605444507976	0.09653945554920242
0.5555648324685903	0.44443516753140966
0.42603648111736947	0.5739635188826305
0.9532450516954207	0.04675494830457929
0.5854898902889688	0.4145101097110312
0.34573098963092286	0.6542690103690771
0.9827324429149354	0.017267557085064573
0.20277991088843472	0.7972200891115653
0.48935090083297217	0.5106490991670278
0.14755815845577414	0.8524418415442259
0.3283111061116375	0.6716888938883625
0.9957385372245279	0.004261462775472142
0.3719786621072433	0.6280213378927567
0.9544472894488357	0.0455527105511643
0.31687544398195144	0.6831245560180486
0.47963991807582373	0.5203600819241763
0.23937427211228468	0.7606257278877153
0.05564348545845166	0.9443565145415483
0.5910520463472234	0.4089479536527766
0.4858765261604968	0.5141234738395032
0.5223730801471738	0.47762691985282624
0.5635117408950576	0.4364882591049424
0.197645967679264	0.802354032320736
0.9898082982054557	0.01019170179454434
0.4223489277576534	0.5776510722423466
0.3650837147322815	0.6349162852677185
0.5642792306075661	0.43572076939243387
0.5092289670484589	0.4907710329515411
0.23082620152005284	0.7691737984799472
0.081238686751673	0.918761313248327
0.9882708005214431	0.011729199478556907
0.48874860922385754	0.5112513907761425
0.4737707206344526	0.5262292793655474
0.9570341982962516	0.04296580170374844
0.18061645466949916	0.8193835453305008
0.7307021416940199	0.2692978583059801
0.8508441629096313	0.14915583709036875
0.28742868650700104	0.712571313492999
0.6291358048001464	0.3708641951998536
0.2883294585004662	0.7116705414995338
0.4952752889972022	0.5047247110027978
0.2865683796273971	0.7134316203726029
0.06078520567146051	0.9392147943285395
0.8833825357673947	0.11661746423260536
0.884639647057574	0.115360352942426
0.6281473633994844	0.3718526366005156
0.3134087311766899	0.6865912688233101
0.43514754462034333	0.5648524553796567
0.49748787525571736	0.5025121247442826
0.6724348673931528	0.32756513260684716
0.1762231002411847	0.8237768997588153
0.2650108818552547	0.7349891181447453
0.7941613982409207	0.20583860175907934
0.6524005696507864	0.3475994303492136
0.22610529826262893	0.7738947017373711
0.1156985203733859	0.8843014796266141
0.3022822674863014	0.6977177325136986
0.8169540384554951	0.18304596154450495
0.37327572304949297	0.626724276950507
0.7092794251142185	0.2907205748857815
0.508303091004064	0.491696908995936
0.7236507204296342	0.2763492795703658
0.7352426921837398	0.26475730781626017
0.1304365432646869	0.8695634567353131
0.6268465087943226	0.3731534912056774
0.06627006872423513	0.9337299312757649
0.5813149953183357	0.41868500468166425
0.3290894627075095	0.6709105372924905
0.7948153044074268	0.2051846955925732
0.4378342420681762	0.5621657579318238
0.5165643392453801	0.48343566075461986
0.35163874925912064	0.6483612507408794
0.617507118136986	0.382492881863014
0.19257559669052438	0.8074244033094756
0.8492992046940349	0.1507007953059651
0.7869987171547771	0.21300128284522288
0.08656985321204713	0.9134301467879529
0.6665008663794827	0.3334991336205173
0.6388502400649521	0.36114975993504794
0.13155170253634918	0.8684482974636508
0.2618807866260603	0.7381192133739397
0.06756470589035624	0.9324352941096438
0.54811893472443	0.45188106527557004
0.7357608522908297	0.26423914770917034
0.8071721349190177	0.19282786508098224
0.12139243527227805	0.878607564727722
0.4669826866302994	0.5330173133697006
0.4914969299293164	0.5085030700706836
0.5286618192963466	0.4713381807036534
0.8345798975082396	0.1654201024917604
0.5190610355399262	0.4809389644600738
0.17606449992611417	0.8239355000738858
0.01700044506544751	0.9829995549345525
0.595951682940691	0.404048317059309
0.7274466485185919	0.27255335148140813
0.047426384297327484	0.9525736157026725
0.7731192913396191	0.22688070866038088
0.874048075119975	0.12595192488002502
0.6296543947093372	0.37034560529066285
0.4497859355409456	0.5502140644590544
0.6975875875764421	0.3024124124235579
0.6665715977970241	0.33342840220297587
0.865439187702343	0.134560812297657
0.7525131022873199	0.24748689771268004
0.5408603996730315	0.45913960032696854
0.723735619794774	0.27626438020522603
0.21328228927123138	0.7867177107287686
0.8070046060115206	0.1929953939884794
0.8483224607430865	0.1516775392569135
0.40241804707436246	0.5975819529256375
0.7222442523534583	0.27775574764654165
0.19288155698179787	0.8071184430182021
0.08930620399010836	0.9106937960098916
0.8120095654646727	0.1879904345353273
0.43038180003078297	0.569618199969217
0.7987288716711058	0.20127112832889418
0.9154829809906746	0.08451701900932543
0.7272699096161639	0.2727300903838361
0.7737911974986308	0.22620880250136924
0.1012745340090998	0.8987254659909002
0.5578220868626069	0.4421779131373931
0.028548110501169677	0.9714518894988303
0.5825439230829479	0.4174560769170521
0.11140808186472351	0.8885919181352765
0.7138575184662389	0.2861424815337611
0.77110973972735	0.22889026027265005
0.629509804452363	0.37049019554763696
0.5139385865662861	0.4860614134337139
0.7773970715108554	0.22260292848914467
0.14743936826189363	0.8525606317381064
0.10459927696259974	0.8954007230374003
0.9008967221911571	0.0991032778088429
0.7727555217481786	0.2272444782518214
0.5514251516682512	0.44857484833174877
0.4793179332414268	0.5206820667585732
0.12208071413684152	0.8779192858631585
0.37195385319961505	0.628046146800385
0.7268549408695965	0.27314505913040354
0.06142941745464314	0.9385705825453569
0.7742196417069533	0.22578035829304668
0.32759743063192703	0.672402569368073
0.7003887434774452	0.2996112565225548
0.17890519361366108	0.8210948063863389
0.7393684393395334	0.26063156066046655
0.10777971261004626	0.8922202873899537
0.11225806019818141	0.8877419398018186
0.30636277135683176	0.6936372286431682
0.45560912905055795	0.544390870949442
0.1277561040717511	0.8722438959282489
0.9397790220561243	0.060220977943875736
0.03996818667051327	0.9600318133294867
0.34434466748733783	0.6556553325126622
0.3002815534850233	0.6997184465149767
0.4593518074284465	0.5406481925715535
0.6383010479890494	0.3616989520109506
0.528431937022395	0.471568062977605
0.6724033933001696	0.3275966066998304
0.6119548046745935	0.3880451953254065
0.876954816501679	0.12304518349832108
0.654111474172677	0.345888525827323
0.6811497003508504	0.31885029964914957
0.7252281531411054	0.27477184685889455
0.21366752761327445	0.7863324723867255
0.5342515523495285	0.4657484476504715
0.4692399013435393	0.5307600986564607
0.5394562840817797	0.4605437159182203
0.788149914762264	0.21185008523773594
0.14125429785828447	0.8587457021417155
0.24003318252200456	0.7599668174779954
0.7724933544614332	0.22750664553856678
0.5094942921354078	0.49050570786459224
0.13368477235473442	0.8663152276452656
0.66956709069251	0.33043290930749003
0.483576668792685	0.516423331207315
0.9441408360573597	0.05585916394264032
0.905080519856822	0.09491948014317796
0.443301434017626	0.556698565982374
0.29634288933756736	0.7036571106624326
0.5668962062220442	0.4331037937779558
0.5839734663197828	0.41602653368021725
0.11049435242155303	0.889505647578447
0.7263285884581594	0.2736714115418406
0.025818175773110075	0.9741818242268899
0.2886436966007365	0.7113563033992635
0.8149393841269794	0.18506061587302056
0.9074184266376262	0.09258157336237381
0.9387137395699142	0.06128626043008576
0.10687027695118057	0.8931297230488194
0.144094345159258	0.855905654840742
0.8329482088862311	0.16705179111376886
0.2455138479695692	0.7544861520304308
0.48717301944506364	0.5128269805549364
0.6002338628213251	0.39976613717867493
0.2896552916335954	0.7103447083664046
0.9985744789845519	0.0014255210154481101
0.7036231274015895	0.2963768725984105
0.13378041816750186	0.8662195818324981
0.49762932518545355	0.5023706748145464
0.6438519477619318	0.3561480522380682
0.5006382364855415	0.4993617635144585
0.33424268807272395	0.665757311927276
0.273127315484856	0.726872684515144
0.7355490054751106	0.2644509945248894
0.937262022560962	0.06273797743903796
0.24821265903629475	0.7517873409637053
0.3035779517235472	0.6964220482764528
0.6352265207535536	0.36477347924644643
0.83226551484403	0.16773448515596998
0.38664707968382517	0.6133529203161748
0.8653111776072405	0.13468882239275945
0.07352402135144354	0.9264759786485565
0.06199241872746253	0.9380075812725375
0.2951822110727028	0.7048177889272972
0.6837919212612087	0.3162080787387913
0.3002427682287335	0.6997572317712665
0.4391407924658136	0.5608592075341864
0.7106332966800702	0.28936670331992975
0.026269594090771897	0.9737304059092281
0.7444524541681555	0.25554754583184447
0.38588354600609276	0.6141164539939072
0.687548824808272	0.31245117519172805
0.9527644354415579	0.04723556455844215
0.9331400919404844	0.0668599080595156
0.14755294905882066	0.8524470509411793
0.21608835631446022	0.7839116436855398
0.37111905060593176	0.6288809493940682
0.9014488198796116	0.09855118012038845
0.5430303961860374	0.45696960381396257
0.44981529023556	0.55018470976444
0.21063986319331696	0.789360136806683
0.2391121662426403	0.7608878337573597
0.4936826913488931	0.5063173086511069
0.17583491003056162	0.8241650899694384
0.31533563218814864	0.6846643678118514
0.38359560953866145	0.6164043904613385
0.5581559238991096	0.4418440761008904
0.8528353731145074	0.1471646268854926
0.13527361277134575	0.8647263872286542
0.8967423922580674	0.10325760774193261
0.5061164455197444	0.49388355448025556
0.443164368085901	0.556835631914099
0.5236399746508721	0.4763600253491279
0.44339911072824634	0.5566008892717537
0.6677247512959918	0.33227524870400815
0.5733351126948988	0.4266648873051012
0.7976772856535663	0.20232271434643367
0.002019638335305718	0.9979803616646943
0.5055891529057976	0.49441084709420235
0.6032533337567246	0.39674666624327537
0.5410071547631825	0.4589928452368175
0.867519597385751	0.13248040261424898
0.5346572851813085	0.4653427148186915
0.9491053501335793	0.050894649866420685
0.41293318985750815	0.5870668101424918
0.25567729529149985	0.7443227047085001
0.36296354671506337	0.6370364532849366
0.48824596925755315	0.5117540307424469
0.48715407387422527	0.5128459261257747
0.7861498596742434	0.21385014032575655
0.24236272961784477	0.7576372703821552
0.07657317431301336	0.9234268256869866
0.36790338857849436	0.6320966114215056
0.8076974497728471	0.19230255022715292
0.4877386597705361	0.5122613402294639
0.6596617275696146	0.34033827243038534
0.5835984218195407	0.41640157818045936
0.44015194709011196	0.559848052909888
0.8872595184007839	0.11274048159921617
0.21467881963322244	0.7853211803667776
0.7106435501204089	0.289356449879591
0.277897315398568	0.722102684601432
0.871987798236545	0.12801220176345499
0.5588826840909422	0.44111731590905784
0.33292775712958234	0.6670722428704177
0.6436787725892432	0.3563212274107567
0.9627395105047746	0.0372604894952254
0.7136746642193237	0.28632533578067626
0.13375454691070676	0.8662454530892932
0.4406293187249335	0.5593706812750665
0.5814590037718514	0.4185409962281485
0.607555822229199	0.39244417777080093
0.39882955541286624	0.6011704445871338
0.04577722548955088	0.9542227745104491
0.42493857403920376	0.5750614259607962
0.6413050730967482	0.35869492690325183
0.5284666177885256	0.4715333822114745
0.15166339712894517	0.8483366028710548
0.09414101659200791	0.9058589834079921
0.8551613378185376	0.14483866218146238
0.8905901944906435	0.10940980550935657
0.8305529607154714	0.16944703928452867
0.3272151558588132	0.6727848441411868
0.6225398214116147	0.3774601785883854
0.8870625088667976	0.11293749113320244
0.108564007732596	0.891435992267404
0.40601232317083824	0.5939876768291618
0.4500858828534351	0.5499141171465649
0.4095741739351457	0.5904258260648543
0.7266852334840213	0.2733147665159788
0.580306881624904	0.4196931183750961
0.3378931299866984	0.6621068700133016
0.13379824999851453	0.8662017500014855
0.8740519477763329	0.12594805222366715
0.5611000005108238	0.4388999994891763
0.24648662370091923	0.7535133762990808
0.34171890717656495	0.658281092823435
0.5059991227047873	0.49400087729521264
0.44430423583116696	0.555695764168833
0.5286944471147028	0.47130555288529713
0.17200608002709783	0.8279939199729022
0.40530796996789376	0.5946920300321062
0.24544242297574448	0.7545575770242555
0.7148050825081884	0.28519491749181164
0.4408300724343356	0.5591699275656644
0.728026397251344	0.271973602748656
0.42943119289034715	0.5705688071096529
0.7055308522715756	0.29446914772842436
0.9696481984488251	0.03035180155117491
0.948985056380059	0.05101494361994098
0.821920305247882	0.17807969475211805
0.47349618283372663	0.5265038171662734
0.15443825052254756	0.8455617494774524
0.1811518269823027	0.8188481730176973
0.5589443995424	0.44105560045759995
0.9779201192859425	0.022079880714057545
0.6148907782227235	0.38510922177727647
0.9210506580246347	0.07894934197536532
0.6446762713022663	0.35532372869773365
0.748275489354469	0.25172451064553103
0.37192425114319094	0.6280757488568091
0.6662280468869924	0.33377195311300756
0.30251591345498663	0.6974840865450134
0.43925246573778365	0.5607475342622164
0.05119771888793678	0.9488022811120632
0.088935443358103	0.911064556641897
0.15124362685245119	0.8487563731475488
0.09141186482438501	0.908588135175615
0.8364623372390768	0.16353766276092319
0.5302910467690949	0.4697089532309051
0.45875554607582725	0.5412444539241728
0.14882596035149898	0.851174039648501
0.7947913841492033	0.20520861585079675
0.5509745682338792	0.44902543176612075
0.05587061571562546	0.9441293842843745
0.566928178995231	0.43307182100476904
0.6088147517740177	0.39118524822598233
0.14853160638819451	0.8514683936118055
0.7651586649509508	0.23484133504904925
0.45219190431547374	0.5478080956845263
0.6329194302691188	0.3670805697308812
0.3441381637769376	0.6558618362230624
0.4409509077104572	0.5590490922895428
0.5024062879410442	0.49759371205895575
0.5409635515203921	0.4590364484796079
0.1531991412246969	0.8468008587753031
0.9266544087886296	0.07334559121137044
0.06221614948223397	0.937783850517766
0.6523877638316251	0.3476122361683749
0.4844278510732589	0.5155721489267411
0.4142033064098104	0.5857966935901896
0.87324072936467	0.12675927063533
0.31169312308258335	0.6883068769174167
0.261077238425254	0.738922761574746
0.7080270451257313	0.2919729548742687
0.4825355357189738	0.5174644642810262
0.6928055555258488	0.3071944444741513
0.4846284376535148	0.5153715623464852
0.222524895401915	0.777475104598085
0.9584937523799799	0.04150624762002014
0.8370082590561398	0.1629917409438602
0.4652662759413	0.5347337240587
0.8362970152279705	0.16370298477202955
0.7064809729089874	0.2935190270910126
0.9248733723791114	0.07512662762088868
0.26209100137408936	0.7379089986259106
0.9299951003020286	0.07000489969797136
0.4933297722299146	0.5066702277700854
0.7355965438073966	0.26440345619260347
0.08654804707858887	0.9134519529214111
0.8214064802063996	0.17859351979360033
0.1555601832833713	0.8444398167166287
0.1344226375435571	0.8655773624564429
0.23110057642751292	0.7688994235724871
0.5160037044362997	0.4839962955637002
0.6269992411066543	0.37300075889334566
0.9913011604867441	0.008698839513255952
0.09827912108321968	0.9017208789167803
0.43664231079277704	0.563357689207223
0.39558343375534455	0.6044165662446555
0.872253319855333	0.1277466801446669
0.5065551393626389	0.4934448606373612
0.8892118115359908	0.11078818846400912
0.27578854600700975	0.7242114539929903
0.8769556284295337	0.12304437157046627
0.6629007577251609	0.33709924227483906
0.24663134835638312	0.7533686516436169
0.5696538630957164	0.4303461369042835
0.08100528230397375	0.9189947176960263
0.6127948350726267	0.3872051649273733
0.5279174223436489	0.47208257765635114
0.09464202844993497	0.905357971550065
0.09504416427602713	0.9049558357239729
0.1180848914787338	0.8819151085212662
0.21213677853070334	0.7878632214692967
0.18059910091840092	0.8194008990815991
0.27537880078840304	0.724621199211597
0.7715114956321678	0.22848850436783225
0.7588936762212757	0.24110632377872437
0.5808520995126725	0.4191479004873276
0.1119444565138561	0.8880555434861439
0.7338515495841667	0.2661484504158333
0.4075866015126295	0.5924133984873705
0.30400597125964035	0.6959940287403596
0.19327201335458566	0.8067279866454143
0.6614633053210477	0.3385366946789523
0.7125856744035703	0.28741432559642965
0.9029316670811102	0.0970683329188898
0.21437831305208355	0.7856216869479165
0.30841671725589226	0.6915832827441077
0.16129165966971182	0.8387083403302882
0.7549223573284254	0.24507764267157459
0.3560217494156086	0.6439782505843914
0.46832301105641705	0.531676988943583
0.8367776825694744	0.1632223174305256
0.43069651993286573	0.5693034800671343
0.44519816892523545	0.5548018310747646
0.5439424773446044	0.45605752265539556
0.8005112780796428	0.19948872192035713
0.5877521326730293	0.4122478673269707
0.6274945508794396	0.3725054491205604
0.7118974385061955	0.28810256149380453
0.9505777963942033	0.049422203605796716
0.3548405809141766	0.6451594190858234
0.8390647778830291	0.16093522211697084
0.5506089222573677	0.4493910777426323
0.7851443920281775	0.21485560797182243
0.7758778372745515	0.22412216272544846
0.14270205453326057	0.8572979454667394
0.48578290198068574	0.5142170980193143
0.9358890465349039	0.06411095346509607
0.21103871193877755	0.7889612880612225
0.9562977213443026	0.043702278655697396
0.4457496837151347	0.5542503162848653
0.9601339398947174	0.03986606010528257
0.18450527285361928	0.8154947271463807
0.6150623202064632	0.38493767979353677
0.9929835580443732	0.007016441955626753
0.1528829045463841	0.8471170954536159
0.27673958818927513	0.7232604118107249
0.5907204461961651	0.40927955380383485
0.29090267080377996	0.70909732919622
0.38117382414817946	0.6188261758518205
0.4862988543301052	0.5137011456698948
0.04147703260287294	0.9585229673971271
0.5765731068690655	0.4234268931309345
0.15311794631627929	0.8468820536837207
0.03210988703951689	0.9678901129604831
0.1858886655736125	0.8141113344263875
0.34021459345433225	0.6597854065456678
0.3127089114744156	0.6872910885255844
0.8317679788771417	0.16823202112285826
0.2818593415966879	0.7181406584033121
0.1614280133355066	0.8385719866644934
0.4841525983169884	0.5158474016830116
0.458913754222645	0.541086245777355
0.11092484821927484	0.8890751517807252
0.8669658080389997	0.13303419196100036
0.35785795241321494	0.6421420475867851
0.8929953564592018	0.10700464354079817
0.6412381118317219	0.3587618881682781
0.11615035074835367	0.8838496492516463
0.25045631818948877	0.7495436818105112
0.563299597744807	0.43670040225519297
0.6971892089978198	0.3028107910021803
0.5985518680986353	0.4014481319013647
0.12227215517077583	0.8777278448292242
0.2186190534381407	0.7813809465618593
0.18233590955874668	0.8176640904412533
0.9891260920174724	0.010873907982527643
0.1759506317011298	0.8240493682988702
0.4335678482912695	0.5664321517087305
0.12138084989870479	0.8786191501012952
0.3499031282461559	0.6500968717538441
0.9559881353391565	0.04401186466084352
0.3795760949031153	0.6204239050968847
0.6727342750510688	0.3272657249489313
0.5752001515007177	0.4247998484992824
0.675229895933833	0.32477010406616696
0.20441905733351873	0.7955809426664813
0.8863531479111898	0.11364685208881017
0.692458959562074	0.3075410404379259
0.3139464770262389	0.6860535229737611
0.9819206549788199	0.01807934502118011
0.9758692298443475	0.02413077015565243
0.4725961633947179	0.5274038366052821
0.9118075672098938	0.08819243279010622
0.5362438357174142	0.46375616428258576
0.3652295260914571	0.6347704739085429
0.623773533206776	0.3762264667932241
0.14506891393296006	0.8549310860670399
0.9220103873188145	0.07798961268118555
0.2300331681275426	0.7699668318724574
0.2669589051574144	0.7330410948425856
0.09349495080899783	0.9065050491910022
0.7993183834733859	0.20068161652661404
0.6824603569952914	0.31753964300470855
0.5838493520319579	0.4161506479680422
0.26819032100361795	0.731809678996382
0.5703139884384956	0.4296860115615045
0.14614927085101626	0.8538507291489837
0.6764328431419742	0.3235671568580258
0.6559023522447243	0.3440976477552758
0.10461865986591512	0.8953813401340849
0.9279561624519577	0.07204383754804232
0.011854861696378616	0.9881451383036214
0.4902933759172927	0.5097066240827073
0.7400727911442659	0.25992720885573406
0.41005209839545165	0.5899479016045484
0.8990939465341145	0.10090605346588553
0.47780519912897124	0.5221948008710288
0.5211096546183344	0.47889034538166564
0.039534018577958574	0.9604659814220414
0.4061359002429372	0.5938640997570628
0.6895000843320949	0.31049991566790514
0.6346509818471696	0.3653490181528304
0.47523505805342026	0.5247649419465797
0.5321361442186738	0.46786385578132617
0.32988011683400487	0.6701198831659951
0.6753434696345882	0.32465653036541176
0.11400166852351956	0.8859983314764804
0.81014097581637	0.18985902418363
0.9169214925101993	0.08307850748980071
0.5309446233436025	0.4690553766563975
0.3933577533692878	0.6066422466307122
0.7198142955768586	0.2801857044231414
0.5109924843737543	0.48900751562624567
0.26141470302888714	0.7385852969711129
0.8840469677630209	0.11595303223697905
0.12474505535458169	0.8752549446454183
0.4520179084175734	0.5479820915824266
0.4547227760703382	0.5452772239296618
0.8257424112226734	0.17425758877732656
0.7516393220185106	0.24836067798148942
0.7186290480221981	0.28137095197780193
0.17383843934165388	0.8261615606583461
0.17229995819797927	0.8277000418020207
0.602723599995782	0.39727640000421804
0.2954989962805953	0.7045010037194047
0.7177788138167851	0.2822211861832149
0.09476649514603064	0.9052335048539694
0.2854597707726275	0.7145402292273725
0.17627411627668377	0.8237258837233162
0.24672948768841518	0.7532705123115848
0.24094108535419112	0.7590589146458089
0.5551955411698808	0.4448044588301192
0.8394737543406867	0.16052624565931328
0.8671558212617081	0.1328441787382919
0.8696221680353107	0.13037783196468933
0.8966475404626901	0.10335245953730986
0.2134408314639743	0.7865591685360257
0.037469976191975896	0.9625300238080241
0.26576050480271673	0.7342394951972833
0.7191377503613267	0.28086224963867334
0.42438384922843453	0.5756161507715655
0.27512347601834286	0.7248765239816571
0.01899641828223253	0.9810035817177675
0.6132097281657676	0.3867902718342324
0.3925249339560605	0.6074750660439395
0.001814653040531189	0.9981853469594688
0.6666999245783528	0.3333000754216472
0.7343316349418026	0.26566836505819735
0.07793466050301867	0.9220653394969813
0.9695196040144929	0.03048039598550713
0.9439739921260538	0.0560260078739462
0.5976128691314226	0.40238713086857736
0.542778179824962	0.457221820175038
0.9029910452932077	0.09700895470679229
0.024939327830859837	0.9750606721691402
0.8280785175746759	0.17192148242532412
0.7009598853589337	0.2990401146410663
0.9243269084037073	0.07567309159629267
0.5280679484093432	0.47193205159065676
0.22466269089757518	0.7753373091024248
0.7091608596008687	0.2908391403991313
0.5942701178036097	0.4057298821963903
0.9604776038418769	0.03952239615812316
0.39959428836335886	0.6004057116366411
0.24278593834781148	0.7572140616521885
0.10082709668014422	0.8991729033198558
0.4806948665420545	0.5193051334579455
0.3542750266159975	0.6457249733840025
0.5230007397612407	0.47699926023875927
0.1256763542108995	0.8743236457891005
0.18995867282937184	0.8100413271706282
0.6158862433074734	0.38411375669252656
0.6866253093105577	0.31337469068944235
0.42290210331675226	0.5770978966832477
0.7699051253015962	0.23009487469840384
0.4798603461533557	0.5201396538466443
0.28498624917069315	0.7150137508293068
0.0726690061376708	0.9273309938623292
0.8381850616164432	0.16181493838355676
0.543000712125008	0.456999287874992
0.3609159394780975	0.6390840605219025
0.496477343819994	0.503522656180006
0.9160265413482784	0.08397345865172158
0.0704324215227623	0.9295675784772377
0.684922738762883	0.315077261237117
0.6634115512682223	0.33658844873177773
0.3929662198798055	0.6070337801201945
0.8167145882164359	0.18328541178356406
0.3321424944759488	0.6678575055240512
0.4783181926110084	0.5216818073889916
0.891144391609725	0.10885560839027497
0.6189488819963328	0.3810511180036672
0.6435480562234348	0.3564519437765652
0.12945427597408432	0.8705457240259157
0.5192694024548206	0.48073059754517944
0.05167523612220126	0.9483247638777987
0.6740148959185631	0.3259851040814369
0.5991969365201092	0.4008030634798908
0.8195251433647904	0.18047485663520957
0.1932979099270722	0.8067020900729278
0.6937935659004507	0.3062064340995493
0.6992183469771586	0.30078165302284143
0.25381953638054344	0.7461804636194566
0.3265082002015084	0.6734917997984916
0.12261753559566702	0.877382464404333
0.6958225174114174	0.30417748258858257
0.5939577305033505	0.40604226949664946
0.01388047182929475	0.9861195281707053
0.7050672745170733	0.2949327254829267
0.5196869292266044	0.4803130707733956
0.6298573915692207	0.3701426084307793
0.7881291037099798	0.2118708962900202
0.8831220026912653	0.11687799730873472
0.42914461219189215	0.5708553878081079
0.12891494889326693	0.8710850511067331
0.5789299486148621	0.42107005138513787
0.68266493068526	0.31733506931474
0.3587680545740468	0.6412319454259532
0.12461747058051398	0.875382529419486
0.6760247420972145	0.3239752579027855
0.6993601876952054	0.30063981230479464
0.09409355346948922	0.9059064465305108
0.8693305160565186	0.13066948394348143
0.7213316242937886	0.2786683757062114
0.38553137336038634	0.6144686266396137
0.6154729684849097	0.38452703151509027
0.5117783351517855	0.4882216648482145
0.006154056886165549	0.9938459431138345
0.42463231232794596	0.575367687672054
0.8749384266076929	0.12506157339230706
0.7540686562399413	0.24593134376005865
0.25485439403711174	0.7451456059628883
0.5336112577045955	0.4663887422954045
0.006460134647431892	0.9935398653525681
0.4062004189111792	0.5937995810888208
0.20038122274829961	0.7996187772517004
0.5559314340654996	0.4440685659345004
0.5536066341672534	0.4463933658327466
0.887828533610821	0.11217146638917896
0.5998135152722543	0.40018648472774565
0.6165708624249935	0.3834291375750065
0.24384626071686533	0.7561537392831347
0.489710026344642	0.510289973655358
0.5385724323896883	0.4614275676103117
0.5817634615226656	0.41823653847733444
0.03945393668552155	0.9605460633144784
0.8926830978729609	0.10731690212703916
0.471086121217285	0.528913878782715
0.23788449306596893	0.7621155069340311
0.02916547844633477	0.9708345215536652
0.8195038223037632	0.18049617769623683
0.2899664347215096	0.7100335652784904
0.5070655771677085	0.4929344228322915
0.3557745547268977	0.6442254452731023
0.8488830834862338	0.15111691651376624
0.5594384086728269	0.4405615913271731
0.5404964260123288	0.45950357398767117
0.8302505438049586	0.16974945619504145
0.24182389099792678	0.7581761090020732
0.5369268855401754	0.4630731144598246
0.26729720817559277	0.7327027918244072
0.4892938977667526	0.5107061022332474
0.1392818237690746	0.8607181762309254
0.7505661384961607	0.24943386150383928
0.7701341282705496	0.2298658717294504
0.4233220668563491	0.5766779331436509
0.4572806928409252	0.5427193071590748
0.295367005954529	0.704632994045471
0.8830554246057163	0.11694457539428373
0.8218771302739722	0.17812286972602775
0.2104104677706622	0.7895895322293378
0.7672004016513925	0.23279959834860753
0.5701109887642334	0.4298890112357666
0.8074690395549067	0.19253096044509332
0.017094255831315297	0.9829057441686847
0.6121546378671002	0.3878453621328998
0.27515488813838396	0.724845111861616
0.47164310505922324	0.5283568949407768
0.5312232608242783	0.4687767391757217
0.24597239827942274	0.7540276017205773
0.5338157039416376	0.4661842960583624
0.5885819787313465	0.41141802126865346
0.5047186937750945	0.4952813062249055
0.5941715711524366	0.4058284288475634
0.707955870855072	0.29204412914492806
0.7618279404955266	0.2381720595044734
0.11429110749641569	0.8857088925035843
0.7181025478026518	0.2818974521973482
0.7410271069676692	0.25897289303233084
0.25873271991035207	0.7412672800896479
0.6844255157327659	0.3155744842672341
0.3540200736244069	0.6459799263755931
0.11207144802065783	0.8879285519793422
0.887434977403609	0.11256502259639105
0.5523819732928551	0.4476180267071449
0.4836016493076102	0.5163983506923898
0.6661047385761228	0.33389526142387715
0.24478318185170833	0.7552168181482917
0.9813394281800185	0.018660571819981528
0.36265579548499216	0.6373442045150078
0.48751933428888317	0.5124806657111168
0.9640790984692277	0.03592090153077236
0.513687180333548	0.486312819666452
0.25724666645793814	0.7427533335420619
0.9813993535315091	0.018600646468490932
0.8631614300935293	0.13683856990647064
0.22408714009509834	0.7759128599049017
0.5435487370506802	0.4564512629493198
0.5455297912249769	0.4544702087750231
0.48840337062270156	0.5115966293772984
0.5069651533169802	0.4930348466830198
0.18463936896856514	0.8153606310314349
0.08607821739726829	0.9139217826027317
0.666421502342012	0.33357849765798797
0.6932478880816699	0.3067521119183301
0.14672816592439997	0.8532718340756
0.9856502879825498	0.014349712017450188
0.38192508129622005	0.61807491870378
0.8312756166847446	0.16872438331525547
0.3443925832171091	0.6556074167828909
0.46829327451626956	0.5317067254837304
0.3246928228679893	0.6753071771320107
0.6924074708314825	0.30759252916851754
0.39091179090920636	0.6090882090907936
0.148038340763195	0.851961659236805
0.3695626757990137	0.6304373242009863
0.25617121883199745	0.7438287811680026
0.3350652282321751	0.6649347717678249
0.3583381241901009	0.6416618758098991
0.8929684093856224	0.10703159061437766
0.5928960245845459	0.40710397541545407
0.6897850540730833	0.3102149459269167
0.598737922675348	0.401262077324652
0.1879555378259289	0.8120444621740711
0.1936021217652436	0.8063978782347564
0.400825148745104	0.599174851254896
0.395545575565422	0.604454424434578
0.3167573034236856	0.6832426965763144
0.3975077951446492	0.6024922048553508
0.965133411015572	0.034866588984428
0.8876656053771834	0.11233439462281661
0.6018941526305028	0.3981058473694971
0.5995038366406311	0.40049616335936883
0.5790313329736176	0.4209686670263824
0.4433423765955984	0.5566576234044016
0.6108990667338694	0.38910093326613054
0.06100397674553204	0.938996023254468
0.41760069842421943	0.5823993015757806
0.061954049304745684	0.9380459506952543
0.4270408776696184	0.5729591223303816
0.6152703202705907	0.38472967972940936
0.7586775034017168	0.24132249659828314
0.5490244220473572	0.4509755779526428
0.11666654747289873	0.8833334525271013
0.887775711035138	0.11222428896486206
0.4080693666530423	0.5919306333469577
0.08812762057201362	0.9118723794279864
0.3539371156362232	0.6460628843637768
0.19771658638859513	0.8022834136114049
0.20477171304234065	0.7952282869576593
0.5839291088462308	0.4160708911537692
0.4373618383886244	0.5626381616113756
0.9337835142797692	0.06621648572023078
0.26195449562547135	0.7380455043745286
0.20385693250367365	0.7961430674963264
0.656169404678661	0.3438305953213389
0.24634474742140477	0.7536552525785952
0.44839560418161284	0.5516043958183872
0.7111461192980706	0.28885388070192936
0.6663983832547455	0.3336016167452545
0.6404845853888024	0.3595154146111977
0.6486612323206771	0.35133876767932287
0.1575854240608906	0.8424145759391094
0.47311123479595263	0.5268887652040474
0.8893002193751219	0.11069978062487809
0.5112306033893534	0.4887693966106466
0.9486307523942067	0.051369247605793346
0.7704110079810598	0.22958899201894017
0.49057042168549914	0.5094295783145009
0.2834118834038125	0.7165881165961875
0.20663632498462925	0.7933636750153708
0.7649621324959353	0.2350378675040648
0.6623715969507842	0.3376284030492159
0.9402937989287377	0.05970620107126238
0.7397901962838733	0.26020980371612673
0.2014909807167229	0.7985090192832771
0.6144265512068037	0.38557344879319627
0.142126767060491	0.857873232939509
0.7749265031744699	0.22507349682553018
0.12026475530847824	0.8797352446915218
0.833475706455437	0.16652429354456305
0.41546642659118216	0.5845335734088178
0.07267854421856335	0.9273214557814367
0.6676983874978547	0.3323016125021453
0.1524389170271575	0.8475610829728425
0.05893482707393738	0.9410651729260626
0.25951329474748386	0.7404867052525161
0.04101159040073932	0.9589884095992607
0.3273782630898586	0.6726217369101414
0.9993396587460289	6.603412539710438E-4
0.8956453169240629	0.10435468307593707
0.7281327448574694	0.27186725514253063
0.7421866483275169	0.2578133516724831
0.8364453840405779	0.16355461595942206
0.03132430442750278	0.9686756955724972
0.6198380484359246	0.3801619515640754
0.7640649974736002	0.23593500252639982
0.5394153701387894	0.4605846298612106
0.7842232899332815	0.21577671006671845
0.3000167464504099	0.6999832535495901
0.9317055141507368	0.0682944858492632
0.7677475203388755	0.23225247966112444
0.9449341890188653	0.055065810981134694
0.50347353066548	0.49652646933452005
0.31146569552737635	0.6885343044726236
0.8873837781625628	0.11261622183743722
0.22175199695224657	0.7782480030477534
0.278655686036807	0.721344313963193
0.47755711590643557	0.5224428840935644
0.9864069421784757	0.013593057821524281
0.3849715384054001	0.6150284615945999
0.35063552884597937	0.6493644711540206
0.1728591518399215	0.8271408481600785
0.7562607387695683	0.2437392612304316
0.03088055912560128	0.9691194408743987
0.9755775976922183	0.024422402307781668
0.7763038938325373	0.22369610616746266
0.8847029629970171	0.11529703700298286
0.11434497730201765	0.8856550226979824
0.0925680134569069	0.9074319865430931
0.24086383340637396	0.759136166593626
0.6057247771646371	0.39427522283536287
0.796341944545162	0.203658055454838
0.8120824570156002	0.18791754298439983
0.17301055580590152	0.8269894441940985
0.2694428914390953	0.7305571085609047
0.5190083978952265	0.48099160210477354
0.23251707406151012	0.7674829259384899
0.20009822374179198	0.799901776258208
0.2314944468622938	0.7685055531377062
0.4699343807138301	0.5300656192861699
0.9719040965873895	0.028095903412610444
0.2904031537928866	0.7095968462071134
0.6029166204820495	0.39708337951795053
0.684316049405735	0.31568395059426496
0.6012071309115983	0.3987928690884018
0.4612564030394608	0.5387435969605392
0.3437931035192936	0.6562068964807064
0.15176621092063536	0.8482337890793646
0.5143176234725979	0.48568237652740204
0.9431730511121491	0.05682694888785085
0.6540541959111728	0.3459458040888273
0.1954614041971331	0.8045385958028669
0.18741802286395726	0.8125819771360427
0.4228519906739012	0.5771480093260988
0.7158714357951041	0.2841285642048958
0.9522192844756534	0.047780715524346554
0.7414171371583766	0.2585828628416233
0.33931561343963	0.66068438656037
0.10104737142866449	0.8989526285713355
0.8885676339843427	0.11143236601565729
0.0780834485745514	0.9219165514254486
0.9919278978683641	0.00807210213163586
0.4511969536571817	0.5488030463428183
0.7962357617141177	0.20376423828588228
0.6773257641698816	0.3226742358301184
0.6054805789555806	0.39451942104441945
0.7453300274462631	0.25466997255373697
0.21235053158378958	0.7876494684162104
0.23210393313824085	0.7678960668617592
0.6799541997610192	0.3200458002389808
0.22536148161565195	0.774638518384348
0.2164549163266527	0.7835450836733473
0.5152264728803828	0.48477352711961724
0.3187708790501218	0.6812291209498782
0.9974137071289192	0.0025862928710807765
0.03205276796783296	0.967947232032167
0.30881519100727495	0.691184808992725
0.5643168800116911	0.43568311998830883
0.03615301845144858	0.9638469815485514
0.8047197973360541	0.19528020266394583
0.8824900287929349	0.11750997120706505
0.07322416053361136	0.9267758394663886
0.5743749927488788	0.42562500725112123
0.34190635767026023	0.6580936423297398
0.38035129228401143	0.6196487077159886
0.7363606832458083	0.2636393167541918
0.2378031723954105	0.7621968276045895
0.4813937976394116	0.5186062023605884
0.5696093921590937	0.4303906078409064
0.7685035931693578	0.23149640683064218
0.895406000311247	0.10459399968875302
0.03534693938601419	0.9646530606139858
0.06900226914715268	0.9309977308528473
0.7411155940441332	0.2588844059558668
0.527844451104086	0.47215554889591405
0.5008838563485913	0.49911614365140866
0.9849968057218095	0.015003194278190492
0.936550961733483	0.06344903826651702
0.6609705534050966	0.3390294465949034
0.07064843708423107	0.9293515629157689
0.22763863875117052	0.7723613612488295
0.8218947035414728	0.1781052964585272
0.5645293092390422	0.4354706907609578
0.39668390831996103	0.603316091680039
0.33667259519563886	0.6633274048043611
0.5255086188000456	0.4744913811999544
0.9767786193897775	0.023221380610222466
0.1495307635422588	0.8504692364577412
0.4692805479725197	0.5307194520274803
0.48322138001887704	0.516778619981123
0.9907704734361301	0.009229526563869921
0.38664537365357887	0.6133546263464211
0.04832017639933117	0.9516798236006688
0.3074104277729196	0.6925895722270804
0.08489760729119167	0.9151023927088083
0.6887392274882272	0.31126077251177275
0.9186806357136914	0.08131936428630857
0.7871483939475594	0.21285160605244055
0.09611006100502395	0.903889938994976
0.26078529902187786	0.7392147009781221
0.34204659433499907	0.6579534056650009
0.24692244182426026	0.7530775581757397
0.24873141665791576	0.7512685833420842
0.8731497278120719	0.12685027218792808
0.9250109499809807	0.07498905001901932
0.2795209592785326	0.7204790407214674
0.9955125086808156	0.0044874913191843245
0.16576713313573677	0.8342328668642632
0.05887473767123408	0.9411252623287659
0.12551817995498848	0.8744818200450115
0.1795866950243955	0.8204133049756045
0.4544892767635481	0.5455107232364519
0.6516216649469371	0.3483783350530629
0.6973731492509113	0.3026268507490887
0.07038720577372304	0.929612794226277
0.7636979989172274	0.23630200108277252
0.8534520575321514	0.1465479424678486
0.4404948780709239	0.5595051219290761
0.9153262024331529	0.08467379756684709
0.694249500410638	0.30575049958936196
0.6899521922115067	0.3100478077884933
0.014238222731009498	0.9857617772689905
0.4645367940115255	0.5354632059884745
0.5618522580947328	0.4381477419052672
0.4949413326390868	0.5050586673609132
0.44868876079447584	0.5513112392055242
0.9364076970286376	0.06359230297136247
0.9929383520732893	0.007061647926710744
0.7370420227394815	0.2629579772605185
0.2962987878997929	0.7037012121002071
0.003912519865315711	0.9960874801346843
0.9905436500970023	0.009456349902997738
0.11800619177449456	0.8819938082255054
0.4274025563671886	0.5725974436328114
0.525321107777609	0.474678892222391
0.10508954809228088	0.8949104519077191
0.7255129386135958	0.2744870613864042
0.5775407680445737	0.42245923195542634
0.9315913933674049	0.06840860663259511
0.04752733343317794	0.9524726665668221
0.8754092363881495	0.12459076361185055
0.23100542121034418	0.7689945787896558
0.6229494523757483	0.3770505476242517
0.935439033980429	0.064560966019571
0.7830356171225542	0.21696438287744582
0.01684251439910478	0.9831574856008952
0.16021942883336204	0.839780571166638
0.47577527420131216	0.5242247257986878
0.3719566945789955	0.6280433054210045
0.2876924101001245	0.7123075898998755
0.6802198793587853	0.31978012064121475
0.11349629303445208	0.8865037069655479
0.21493832096833	0.78506167903167
0.13680793211144138	0.8631920678885586
0.06200222409410061	0.9379977759058994
0.36971861326568267	0.6302813867343173
0.5072879692900811	0.49271203070991887
0.662302382856034	0.33769761714396596
0.9599097880587051	0.040090211941294945
0.25605553302894135	0.7439444669710586
0.0966971489457964	0.9033028510542036
0.8101393743494267	0.1898606256505733
0.18413913500601953	0.8158608649939805
0.7836755605119362	0.21632443948806382
0.9364993494157345	0.0635006505842655
0.618588094395369	0.381411905604631
0.9866352923284982	0.013364707671501806
0.18618896911718652	0.8138110308828135
0.8907791286065407	0.1092208713934593
0.9643401758516965	0.03565982414830351
0.16349526953475546	0.8365047304652445
0.6156091857141949	0.3843908142858051
0.6462157317392663	0.3537842682607337
0.2750858766648514	0.7249141233351486
0.74577937754221	0.25422062245779
0.11249644491562649	0.8875035550843735
0.22600509303109895	0.773994906968901
0.3596666762946904	0.6403333237053096
0.8680883463585536	0.13191165364144644
0.9392191525989574	0.060780847401042636
0.6460057252194393	0.35399427478056067
0.13102030818186994	0.8689796918181301
0.16157760944625166	0.8384223905537483
0.1330342478496448	0.8669657521503552
0.8295332983600611	0.17046670163993896
0.7853760690778498	0.21462393092215018
0.6455710973573026	0.35442890264269744
0.88208486576024	0.11791513423976
0.38389065114689425	0.6161093488531058
0.43254155946820927	0.5674584405317907
0.25402035814833246	0.7459796418516675
0.8509989875581273	0.14900101244187272
0.13336840955678053	0.8666315904432195
0.8552090717623199	0.14479092823768017
0.19956305098592064	0.8004369490140794
0.709833544261265	0.290166455738735
0.5674669126856281	0.4325330873143719
0.33279806077593554	0.6672019392240645
0.3262741438799377	0.6737258561200623
0.527954111440441	0.472045888559559
0.34322480549006507	0.6567751945099349
0.659686034001568	0.340313965998432
0.5074750070643862	0.4925249929356138
0.24815229617844659	0.7518477038215534
0.62018823306242	0.37981176693758
0.15076607372448037	0.8492339262755196
0.26899034262390575	0.7310096573760942
0.9787627737111296	0.02123722628887039
0.3649532107075153	0.6350467892924847
0.5591051684090519	0.4408948315909481
0.16101561115654484	0.8389843888434552
0.3327536144190837	0.6672463855809163
0.8393616735969496	0.16063832640305045
0.431063288927909	0.568936711072091
0.963281138790245	0.036718861209755004
0.5027241311841556	0.4972758688158444
0.2823306576849717	0.7176693423150283
0.49356967961123044	0.5064303203887696
0.5884728464875945	0.41152715351240554
0.2601310723368153	0.7398689276631847
0.6444229635308321	0.355577036469168
0.5132081560562523	0.4867918439437477
0.20336551306975326	0.7966344869302467
0.15121253508704613	0.8487874649129539
0.4196335653435206	0.5803664346564794
0.09239886666407204	0.907601133335928
0.051241369172559836	0.9487586308274402
0.5308176227677359	0.46918237723226414
0.5305909349788243	0.4694090650211758
0.6925623896023099	0.3074376103976902
0.5603248177196674	0.4396751822803327
0.49630946830649225	0.5036905316935077
0.30544174928281853	0.6945582507171815
0.16078153068808188	0.8392184693119181
0.2930527821447658	0.7069472178552342
0.08011228735447562	0.9198877126455244
0.9259512566463705	0.07404874335362954
0.41940443206064915	0.5805955679393509
0.46617838665186906	0.5338216133481309
0.6551367898980165	0.34486321010198345
0.6990108409063318	0.30098915909366813
0.34595687316264323	0.6540431268373568
0.7296745836333938	0.2703254163666062
0.9848960861525359	0.015103913847464151
0.9623760481505905	0.03762395184940947
0.8776401842271829	0.12235981577281707
0.46608373631544187	0.5339162636845581
0.5060969157315283	0.4939030842684717
0.33041534798914207	0.6695846520108579
0.2441926840074795	0.7558073159925205
0.17888589469036908	0.8211141053096309
0.23550248759122305	0.764497512408777
0.6409229349014931	0.35907706509850695
0.5366038725221918	0.4633961274778082
0.9281074316130374	0.07189256838696256
0.3865986709141117	0.6134013290858883
0.838072592443968	0.16192740755603197
0.09163105830551321	0.9083689416944868
0.8797898054107114	0.12021019458928861
0.8126190938169741	0.18738090618302594
0.11936292581176766	0.8806370741882323
0.41327949598741354	0.5867205040125865
0.8630866030744533	0.13691339692554672
0.9829945948159798	0.01700540518402019
0.9859276976452119	0.014072302354788062
0.5623679042658478	0.43763209573415224
0.3746560665911399	0.6253439334088601
0.20511057641771568	0.7948894235822843
0.36585850354168015	0.6341414964583199
0.5515927782192818	0.4484072217807183
0.6336270525059464	0.3663729474940535
0.9451225332530598	0.05487746674694016
0.6606930368998589	0.339306963100141
0.3451408044901495	0.6548591955098505
0.7298755688853547	0.2701244311146454
0.21267853020219274	0.7873214697978073
0.32887098376387114	0.6711290162361289
0.7249944552035579	0.27500554479644207
0.162374038711825	0.837625961288175
0.2558497155302968	0.7441502844697032
0.7847653138718362	0.2152346861281637
0.08159565822628623	0.9184043417737138
0.6520667499370238	0.3479332500629761
0.27443460318194257	0.7255653968180574
0.9840762867389486	0.0159237132610514
0.12891296350893855	0.8710870364910615
0.34687551933463245	0.6531244806653675
0.2890790250631392	0.7109209749368608
0.6634472809001908	0.33655271909980927
0.19469279877085366	0.8053072012291463
0.15371508355089025	0.8462849164491097
0.3430141783140924	0.6569858216859076
0.9470729061875113	0.052927093812488765
0.14360615194801307	0.8563938480519869
0.7369348819379897	0.2630651180620102
0.6622330652757324	0.3377669347242676
0.9602909835638626	0.039709016436137445
0.7506429722640102	0.24935702773598983
0.42705366600544625	0.5729463339945537
0.7455133987568419	0.2544866012431582
0.8964429026782179	0.10355709732178213
0.9365855004227193	0.06341449957728074
0.4076760183395126	0.5923239816604874
0.809549823225095	0.190450176774905
0.4206830222619655	0.5793169777380345
0.958084900904093	0.041915099095907
0.8912538357306938	0.10874616426930621
0.5056687936362176	0.4943312063637823
0.2135707369676627	0.7864292630323373
0.3244500199995223	0.6755499800004777
0.5558788173344502	0.44412118266554984
0.2845603111818059	0.7154396888181941
0.45067163005326927	0.5493283699467307
0.12459680885760605	0.875403191142394
0.29556598082471086	0.7044340191752891
0.2141718796734593	0.7858281203265407
0.37104717454591585	0.6289528254540842
0.18318767723359497	0.816812322766405
0.33551118112592204	0.664488818874078
0.161712060391218	0.838287939608782
0.6368926363432219	0.36310736365677804
0.2583021032631979	0.7416978967368021
0.6419129358313804	0.3580870641686195
0.770068856528194	0.22993114347180602
0.5207325114618839	0.479267488538116
0.13972175451992874	0.8602782454800713
0.7844100646600187	0.2155899353399813
0.4354412785608961	0.5645587214391039
0.0496376886606007	0.9503623113393993
0.4489364738544437	0.5510635261455563
0.3091646942731038	0.6908353057268962
0.8381167813839414	0.16188321861605862
0.7558993209433439	0.24410067905665614
0.726668764004728	0.2733312359952719
0.4144294826882411	0.5855705173117589
0.482913090266752	0.517086909733248
0.21102098499068844	0.7889790150093116
0.9461816467295358	0.05381835327046428
0.8409903673159997	0.15900963268400028
0.06368347641468497	0.936316523585315
0.24473960005669693	0.7552603999433031
0.5168824248962169	0.483117575103783
0.2890745286729468	0.7109254713270532
0.8356259583313187	0.16437404166868133
0.9614851972216235	0.038514802778376524
0.46185305121866194	0.5381469487813381
0.3489904116717688	0.6510095883282312
0.08325644371670926	0.9167435562832907
0.7014654364018482	0.29853456359815184
0.020740980688281563	0.9792590193117184
0.017978746739135465	0.9820212532608645
0.8412420332158983	0.15875796678410173
0.87383478045531	0.12616521954468998
0.3581561144222033	0.6418438855777967
0.39040277896704534	0.6095972210329547
0.5633763937677576	0.43662360623224244
0.5884315598758396	0.41156844012416033
0.4551797963736639	0.5448202036263361
0.3418031133193483	0.6581968866806517
0.44181491634633596	0.558185083653664
0.2303391853733927	0.7696608146266073
0.627803110789966	0.37219688921003397
0.9794925753705115	0.020507424629488548
0.5542740008898057	0.4457259991101942
0.5580519046995696	0.4419480953004305
0.45107259145762557	0.5489274085423744
0.30326320537587714	0.6967367946241229
0.9612337120773193	0.0387662879226807
0.5612984745213174	0.43870152547868263
0.7019668842288199	0.2980331157711801
0.5315568943805739	0.46844310561942615
0.24705286929087167	0.7529471307091283
0.47075554069503966	0.5292444593049603
0.79338458444781	0.20661541555219
0.7602393738211874	0.23976062617881258
0.8804771293675152	0.11952287063248482
0.031493503677808454	0.9685064963221915
0.7594449433812505	0.24055505661874957
0.5613039955201825	0.4386960044798175
0.4394442208280177	0.5605557791719823
0.11304861389864296	0.886951386101357
0.31526978027520025	0.6847302197247997
0.21084886979070006	0.7891511302093
0.2766016951982042	0.7233983048017958
0.16653311458151487	0.8334668854184851
0.46529271695399654	0.5347072830460035
0.7917838030498512	0.20821619695014884
0.9542311805070979	0.045768819492902145
0.26500797123573494	0.7349920287642651
0.1702907818582724	0.8297092181417276
0.6459044252403539	0.35409557475964615
0.3346499114067767	0.6653500885932233
0.8362994107621817	0.1637005892378183
0.6156650430039771	0.38433495699602294
0.15386175678543446	0.8461382432145655
0.5112257614340372	0.4887742385659628
0.6304333665075446	0.36956663349245544
0.7371891373289776	0.2628108626710224
0.667947306772725	0.33205269322727504
0.9935493225614684	0.006450677438531583
0.01565209038355997	0.98434790961644
0.4172817530186007	0.5827182469813993
0.3903883489608003	0.6096116510391997
0.6765175767785636	0.3234824232214364
0.3991243049741928	0.6008756950258072
0.9904438979351222	0.009556102064877803
0.17637038430091534	0.8236296156990847
0.20804501090730598	0.791954989092694
0.9893599782840058	0.01064002171599423
0.3908386066659354	0.6091613933340646
0.646278289303154	0.353721710696846
0.42382841729604703	0.576171582703953
0.25698817915122074	0.7430118208487793
0.4380760097710613	0.5619239902289387
0.6156700368208313	0.3843299631791687
0.5400529620955961	0.45994703790440394
0.308955803893624	0.691044196106376
0.3891032725757777	0.6108967274242223
0.6942711680919302	0.30572883190806976
0.30840581501664077	0.6915941849833592
0.7112017550784953	0.2887982449215047
0.4570138684882231	0.5429861315117769
0.8259925081818791	0.17400749181812095
0.3924464459172625	0.6075535540827375
0.3214978075338685	0.6785021924661315
0.8103497487267043	0.18965025127329574
0.052961247456603466	0.9470387525433965
0.1273675978940798	0.8726324021059202
0.34063637015167536	0.6593636298483246
0.2535464879346938	0.7464535120653062
0.8766688078034862	0.12333119219651383
0.39599985256091763	0.6040001474390824
0.5939009789608587	0.40609902103914125
0.29263311788732727	0.7073668821126727
0.8027706229809182	0.19722937701908186
0.32212093163674327	0.6778790683632567
0.19678201481751134	0.8032179851824887
0.26637207665634033	0.7336279233436597
0.8937364404078338	0.1062635595921662
0.7775009399656984	0.22249906003430167
0.6430391379750648	0.3569608620249351
0.34530840574413313	0.6546915942558669
0.047353388565700594	0.9526466114342994
0.9052965166583037	0.09470348334169636
0.46241918059034304	0.537580819409657
0.6625088609810033	0.3374911390189967
0.22914676962985425	0.7708532303701457
0.8335912357462403	0.16640876425375975
0.6186532753614147	0.3813467246385854
0.2883629585872798	0.7116370414127202
0.1296348620709047	0.8703651379290953
0.5722162476321142	0.42778375236788585
0.34863044046061276	0.6513695595393872
0.94052875108373	0.059471248916270016
0.9819832652955691	0.018016734704430923
0.3740701796750433	0.6259298203249567
0.8926680868501273	0.10733191314987271
0.4675665820372643	0.5324334179627357
0.259022378754306	0.740977621245694
0.5989940712440041	0.4010059287559959
0.5335737835120762	0.4664262164879239
0.2610161709079156	0.7389838290920844
0.6707398224350205	0.32926017756497944
0.34384249115097976	0.6561575088490202
0.5487157977877386	0.45128420221226145
0.8356320167968243	0.16436798320317572
0.304258644840148	0.695741355159852
0.7967281789168976	0.2032718210831024
0.08459306265162259	0.9154069373483774
0.17242939686583048	0.8275706031341695
0.9630501898151329	0.036949810184867135
0.6552406896491868	0.3447593103508132
0.9547064099703546	0.045293590029645434
0.6579007588066556	0.34209924119334445
0.876819955119588	0.12318004488041205
0.07424657909330656	0.9257534209066934
0.6389698472625559	0.3610301527374441
0.6025055324758924	0.39749446752410755
0.6232387847765892	0.3767612152234108
0.7954766142636287	0.20452338573637135
0.11446051882875474	0.8855394811712453
0.8829281233823655	0.11707187661763456
0.34348826093433305	0.656511739065667
0.20089585103582475	0.7991041489641753
0.07669970675428261	0.9233002932457174
0.7481395878630065	0.2518604121369935
0.738539819291012	0.261460180708988
0.1941804160058399	0.8058195839941601
0.15332459443124669	0.8466754055687533
0.6241837295330702	0.3758162704669298
0.6368124699200073	0.3631875300799927
0.3209327611316074	0.6790672388683926
0.09059260884137965	0.9094073911586203
0.4600923812222234	0.5399076187777766
0.6709146476328034	0.3290853523671966
0.5981018383761049	0.40189816162389513
0.9703408573366425	0.029659142663357497
0.2379462463870985	0.7620537536129015
0.40206259056350724	0.5979374094364928
0.40169836080126464	0.5983016391987354
0.7837871129357024	0.2162128870642976
0.46443329383715215	0.5355667061628478
0.13604151789732888	0.8639584821026711
0.3156068926439489	0.6843931073560511
0.3282054548183453	0.6717945451816547
0.12434343844098028	0.8756565615590197
0.79859867469193	0.20140132530807003
0.36675709745666063	0.6332429025433394
0.7509095173345963	0.24909048266540362
0.7082730435565868	0.2917269564434132
0.5809314177409838	0.4190685822590162
0.5631277095446153	0.43687229045538467
0.1421239323292912	0.8578760676707088
0.5274000589951924	0.4725999410048076
0.6274562640957461	0.37254373590425394
0.1110172491657796	0.8889827508342204
0.37422309515990837	0.6257769048400916
0.5975251459775753	0.40247485402242467
0.818318955006583	0.18168104499341703
0.9934426464462595	0.006557353553740585
0.8461254731242676	0.1538745268757325
0.840981280093207	0.159018719906793
0.751327932075466	0.24867206792453406
0.39957337818706684	0.6004266218129332
0.972988556010187	0.027011443989813075
0.022995238953746444	0.9770047610462536
0.5388747065892974	0.4611252934107026
0.7689063846365898	0.23109361536341017
0.9256750934459814	0.07432490655401852
0.6560265511370875	0.34397344886291253
0.38317377833267263	0.6168262216673274
0.05065932041048882	0.9493406795895112
0.623030049459758	0.376969950540242
0.6341591186137079	0.36584088138629217
0.8781034211241052	0.12189657887589472
0.27943013811793005	0.72056986188207
0.18823471023360117	0.8117652897663988
0.3393161642026139	0.6606838357973861
0.5313911339633266	0.46860886603667334
0.23587529503867843	0.7641247049613216
0.4691277619270108	0.5308722380729892
0.6094941141535175	0.39050588584648244
0.9208100224308868	0.07918997756911322
0.022418751901678746	0.9775812480983213
0.11475398643249046	0.8852460135675095
0.05377469966122894	0.9462253003387711
0.013520991504167745	0.9864790084958323
0.4231012890899296	0.5768987109100704
0.38657717887287435	0.6134228211271257
0.24679898532014377	0.7532010146798562
0.25229054000967066	0.7477094599903293
0.9860165725304925	0.01398342746950758
0.6630664124707129	0.3369335875292872
0.7640992102427859	0.23590078975721412
0.5269611416251121	0.47303885837488796
0.30486587934802845	0.6951341206519716
0.5953894267785185	0.4046105732214815
0.417144085240734	0.582855914759266
0.3829510346663565	0.6170489653336435
0.9829992302046575	0.017000769795342527
0.0897192089053731	0.9102807910946269
0.4131651017554039	0.5868348982445961
0.770707432931274	0.22929256706872597
0.23889703503096382	0.7611029649690362
0.7281841850540407	0.27181581494595936
0.4997916753339816	0.5002083246660184
0.3109364362933643	0.6890635637066357
0.05638187066579392	0.9436181293342061
0.895765369422757	0.10423463057724297
0.2080118280631006	0.7919881719368994
0.8074561081388927	0.19254389186110732
0.5051408987851863	0.4948591012148137
0.7234332528259615	0.2765667471740385
0.13919460276419537	0.8608053972358046
0.805380125609446	0.19461987439055395
0.7523716631558737	0.24762833684412633
0.30438534481368673	0.6956146551863133
0.9554000505741169	0.04459994942588308
0.5694281290602164	0.43057187093978355
0.37773172042623016	0.6222682795737698
0.6386838842395323	0.36131611576046774
0.8348511700858919	0.16514882991410806
0.5950757904624789	0.40492420953752106
0.1173492985550455	0.8826507014449545
0.08307917402163945	0.9169208259783606
0.9247518329340333	0.07524816706596671
0.2525556599704668	0.7474443400295332
0.7407386884508339	0.2592613115491661
0.6654719636302983	0.33452803636970174
0.2009337954821684	0.7990662045178316
0.5592628078086442	0.44073719219135576
0.8248452557790874	0.1751547442209126
0.7272336824859772	0.2727663175140228
0.5641288976912043	0.43587110230879567
0.5570334094099606	0.4429665905900394
0.513845269744719	0.486154730255281
0.602513263353271	0.39748673664672896
0.504866293349639	0.49513370665036105
0.07624797784350656	0.9237520221564934
0.16652586885577525	0.8334741311442248
0.6980249847091256	0.30197501529087445
0.05083207466059836	0.9491679253394016
0.2614842973364937	0.7385157026635063
0.5342805761593369	0.4657194238406631
0.6639609906971986	0.3360390093028014
0.5611135070822871	0.43888649291771287
0.04496941280799527	0.9550305871920047
0.8227177553192344	0.1772822446807656
0.39257008563497586	0.6074299143650241
0.25108656884418945	0.7489134311558105
0.784352257854684	0.215647742145316
0.6685890918526545	0.33141090814734553
0.3455928799590916	0.6544071200409084
0.11979123932710523	0.8802087606728948
0.5303431577125725	0.46965684228742755
0.711207567846744	0.288792432153256
0.19514217736095762	0.8048578226390424
0.20847491047176037	0.7915250895282396
0.8575387559919156	0.14246124400808435
0.14526452388739564	0.8547354761126044
0.989008942763537	0.010991057236462933
0.6038920553378826	0.39610794466211746
0.8660042805896324	0.13399571941036753
0.10010428708825236	0.8998957129117476
0.8964568459790427	0.10354315402095732
0.4391212528428353	0.5608787471571647
0.34017491057694205	0.659825089423058
0.567464580688607	0.432535419311393
0.34075629381382044	0.6592437061861796
0.37497290320107013	0.6250270967989299
0.6814360156802299	0.31856398431977
0.42917129678792376	0.5708287032120762
0.920801024477649	0.07919897552235106
0.9616110329333178	0.0383889670666821
0.18522330343069515	0.8147766965693048
0.41520200462524426	0.5847979953747557
0.663413950788019	0.33658604921198104
0.04963663397161344	0.9503633660283866
0.07109145994296062	0.9289085400570394
0.30808559947604086	0.6919144005239591
0.5606637468643494	0.43933625313565056
0.0511425506898292	0.9488574493101708
0.9815855862100663	0.018414413789933692
0.6515962437619907	0.3484037562380094
0.05174518317996801	0.948254816820032
0.4634704114447986	0.5365295885552014
0.7325392504054566	0.2674607495945434
0.08773462785738695	0.912265372142613
0.8905550090657666	0.10944499093423338
0.27136175914830396	0.728638240851696
0.6071504212502159	0.39284957874978416
0.42157539396555666	0.5784246060344433
0.7766182702899636	0.2233817297100364
0.6781563463904057	0.32184365360959427
0.06294743739075936	0.9370525626092406
0.9578955327368857	0.0421044672631144
0.28229364648822464	0.7177063535117754
0.42040158909861014	0.5795984109013899
0.8530770760480757	0.14692292395192424
0.5665845746987677	0.4334154253012323
0.9832095366969513	0.016790463303048623
0.6926982249301206	0.3073017750698795
0.5776083697845389	0.42239163021546117
0.31567293552632236	0.6843270644736776
0.29165653725317064	0.7083434627468294
0.4508180452361523	0.5491819547638477
0.3047624015665873	0.6952375984334127
0.36140150463114074	0.6385984953688593
0.3041845885069213	0.6958154114930787
0.7980454320555374	0.20195456794446262
0.5062455005877049	0.49375449941229516
0.13135035918927063	0.8686496408107294
0.30644454560818823	0.6935554543918118
0.5973258736780982	0.40267412632190186
0.7843370056807968	0.2156629943192032
0.7991740576863219	0.2008259423136781
0.3065817720945382	0.6934182279054618
0.950320606985439	0.04967939301456101
0.4920305199045957	0.5079694800954043
0.5997769337933065	0.4002230662066935
0.7494234049093003	0.2505765950906998
0.5540448914044944	0.4459551085955055
0.25674369021129917	0.7432563097887008
0.7263966066070302	0.27360339339296985
0.5516837928986513	0.4483162071013486
0.004252226036863593	0.9957477739631364
0.009482852965211008	0.990517147034789
0.8679222947905599	0.13207770520944004
0.8636035835359984	0.13639641646400155
0.08226484946074775	0.9177351505392523
0.2003470184267122	0.7996529815732878
0.8392915144919025	0.16070848550809744
0.8889568273156508	0.11104317268434913
0.386277905743024	0.613722094256976
0.036812155080090725	0.9631878449199093
0.9217018998749373	0.07829810012506264
0.3621005188986707	0.6378994811013293
0.010828004536086011	0.989171995463914
0.41541975316683966	0.5845802468331603
0.12500998139982444	0.8749900186001756
0.6529834334463311	0.3470165665536688
0.5583096798160567	0.4416903201839432
0.7477666417186306	0.25223335828136945
0.7633993961612918	0.23660060383870815
0.7356793506262878	0.2643206493737123
0.8915088995742838	0.10849110042571616
0.6307171286743982	0.3692828713256017
0.8828626062862732	0.11713739371372675
0.2394083257740559	0.7605916742259441
0.1189597844894863	0.8810402155105137
0.2785311067094469	0.7214688932905531
0.19525036652036432	0.8047496334796357
0.5031581951086819	0.4968418048913182
0.6230150474774239	0.3769849525225761
0.8211258729392582	0.17887412706074177
0.2586049207300495	0.7413950792699505
0.0058094150938906575	0.9941905849061093
0.9608579576464491	0.03914204235355087
0.007855492189650537	0.9921445078103495
0.3148775123048735	0.6851224876951265
0.4377920660237896	0.5622079339762104
0.0022688973798317136	0.9977311026201683
0.1447835731722179	0.8552164268277821
0.280610214129145	0.719389785870855
0.5828547089622171	0.4171452910377828
0.9197037446057644	0.0802962553942356
0.6089873054556258	0.3910126945443741
0.1336203034588409	0.8663796965411591
0.6685881204251907	0.3314118795748094
0.23337381818026315	0.7666261818197369
0.3879833410282034	0.6120166589717966
0.6427591913202477	0.3572408086797522
0.08235265050945306	0.9176473494905469
0.5367701144117545	0.46322988558824557
0.5240160932382167	0.4759839067617832
0.7265723916364968	0.27342760836350316
0.4371991008162348	0.5628008991837652
0.5148234264755756	0.4851765735244244
0.12198141618132408	0.8780185838186759
0.23258250521530632	0.7674174947846937
0.17360875350094407	0.8263912464990559
0.8239289926614596	0.17607100733854045
0.4996090077948422	0.5003909922051578
0.48603382094122294	0.5139661790587771
0.7764821721451814	0.22351782785481858
0.6795245272774424	0.32047547272255755
0.8947729245349271	0.10522707546507296
0.5846306603175926	0.41536933968240747
0.06510988733820344	0.9348901126617966
0.0073915706740474985	0.9926084293259525
0.5817059942409877	0.41829400575901227
0.4226371303246673	0.5773628696753327
0.23163126757133645	0.7683687324286635
0.9138027490318013	0.08619725096819877
0.20004298137503151	0.7999570186249685
0.9032922795399644	0.09670772046003565
0.7400121194193572	0.25998788058064276
0.4443782876894009	0.5556217123105991
0.7715152245352358	0.22848477546476423
0.7428305368088444	0.2571694631911556
0.8528441181938456	0.14715588180615438
0.1456650515411091	0.8543349484588909
0.26876863337793166	0.7312313666220683
0.6824829590735346	0.3175170409264653
0.42729296193258215	0.5727070380674179
0.9153635713544325	0.08463642864556756
0.7091743610034937	0.2908256389965062
0.8066711342383204	0.19332886576167965
0.7142958266316928	0.2857041733683073
0.9879612112527415	0.012038788747258508
0.3824420748290591	0.6175579251709409
0.06188745493851511	0.9381125450614849
0.3728797167660113	0.6271202832339887
0.30305699804734343	0.6969430019526566
0.27049288867995824	0.7295071113200418
0.1484489243047281	0.8515510756952719
0.846713733430426	0.153286266569574
0.6439519715781103	0.35604802842188965
0.22526900573954156	0.7747309942604584
0.10654583933131467	0.8934541606686853
0.6675558834706449	0.3324441165293551
0.7387458745426401	0.26125412545735993
0.7963875933906118	0.20361240660938817
0.4046445434817296	0.5953554565182704
0.6310370384399565	0.3689629615600435
0.9216846199891107	0.07831538001088933
0.7040861687336726	0.2959138312663274
0.2708494016005548	0.7291505983994452
0.9154113906428715	0.08458860935712853
0.6808377577587326	0.31916224224126744
0.21222566138930865	0.7877743386106913
0.05896975061611054	0.9410302493838895
0.46235250023400987	0.5376474997659901
0.7923763967981142	0.20762360320188578
0.7911029388253814	0.2088970611746186
0.9561766333489692	0.04382336665103083
0.6949067380819942	0.3050932619180058
0.9789205946974564	0.021079405302543607
0.42624313782752576	0.5737568621724742
0.22704338444292504	0.772956615557075
0.6978175869062181	0.3021824130937819
0.7862623106271426	0.21373768937285742
0.897115895966647	0.10288410403335302
0.30497424295832076	0.6950257570416792
0.6875828800176156	0.3124171199823844
0.5983546602684943	0.40164533973150573
0.5362431907135662	0.4637568092864338
0.1269869941720888	0.8730130058279112
0.020505351114534554	0.9794946488854654
0.40479513503230546	0.5952048649676945
0.3844396135807938	0.6155603864192062
0.16152587065546875	0.8384741293445312
0.1266457936758405	0.8733542063241595
0.09811591263980612	0.9018840873601939
0.2819495009100853	0.7180504990899147
0.6014422966616273	0.3985577033383727
0.6159857474044886	0.38401425259551136
0.7100304036616853	0.28996959633831465
0.2780187858231975	0.7219812141768025
0.41592408136290204	0.584075918637098
0.16065776649917551	0.8393422335008245
0.4426320946997163	0.5573679053002837
0.6676847666732496	0.3323152333267504
0.4080072111678896	0.5919927888321104
0.7367425714173865	0.2632574285826135
0.15230196185900802	0.847698038140992
0.2178136164763046	0.7821863835236954
0.4303347520157743	0.5696652479842257
0.7502101206260887	0.2497898793739113
0.6111586047638264	0.38884139523617356
0.2645762140046174	0.7354237859953826
0.41429771518200875	0.5857022848179912
0.5943067340028692	0.40569326599713085
0.14712635440424016	0.8528736455957598
0.7876256603705135	0.2123743396294865
0.6073322461074135	0.39266775389258646
0.5260177760940449	0.4739822239059551
0.3218185202152706	0.6781814797847294
0.30757034275897543	0.6924296572410246
0.6781904681307908	0.32180953186920924
0.025337005634496257	0.9746629943655037
0.6958572439253384	0.30414275607466157
0.2757260793805989	0.7242739206194011
0.7188395639085485	0.28116043609145147
0.669168148469801	0.330831851530199
0.08907293756748524	0.9109270624325148
0.31832899606784715	0.6816710039321529
0.3841699911580422	0.6158300088419578
0.26567780240269734	0.7343221975973027
0.9434632157052766	0.05653678429472346
0.33444607577716	0.66555392422284
0.1362784984444102	0.8637215015555898
0.6814421504131998	0.3185578495868002
0.03302852111548649	0.9669714788845135
0.3677191155683449	0.6322808844316551
0.7544288061000094	0.24557119389999063
0.6990035180157662	0.3009964819842338
0.9080983687956781	0.09190163120432197
0.8117257597964884	0.1882742402035116
0.9348778872658181	0.06512211273418193
0.36647620358992805	0.633523796410072
0.419973466965359	0.580026533034641
0.8671401861131768	0.13285981388682325
0.9365921666436066	0.06340783335639348
0.6436141777480646	0.3563858222519354
0.2914193263277396	0.7085806736722604
0.246024233503075	0.753975766496925
0.8294635785848666	0.1705364214151334
0.7102773961796172	0.28972260382038284
0.790153814873434	0.2098461851265661
0.8926696625235367	0.10733033747646321
0.116517194092007	0.883482805907993
0.20474087448208023	0.7952591255179198
0.24692129452754163	0.7530787054724584
0.7604315638842258	0.2395684361157741
0.7445201994411361	0.25547980055886393
0.08924537459128823	0.9107546254087118
0.9702716287562698	0.029728371243730133
0.06540856718654187	0.9345914328134581
0.3103167011704162	0.6896832988295838
0.3843007342872905	0.6156992657127095
0.38941961632700817	0.6105803836729918
0.5456934425893687	0.45430655741063136
0.8334158796230757	0.16658412037692422
0.10018598691783254	0.8998140130821675
0.8583649317630144	0.14163506823698552
0.7196671663054506	0.28033283369454937
0.7954904556629014	0.20450954433709861
0.2978310321954296	0.7021689678045704
0.11585167649394934	0.8841483235060507
0.49050558789293586	0.5094944121070641
0.46323545871526306	0.5367645412847369
0.31996685250984336	0.6800331474901566
0.6135748172459319	0.38642518275406806
0.6290268885756389	0.370973111424361
0.9892489261389081	0.01075107386109182
0.45040613567105514	0.5495938643289449
0.811236036827484	0.18876396317251593
0.9099956381813955	0.09000436181860445
0.9749856529392709	0.02501434706072909
0.003991831141049729	0.9960081688589503
0.20013717351327664	0.7998628264867234
0.8010230685933986	0.1989769314066014
0.7022970682923351	0.297702931707665
0.1661180532496751	0.8338819467503249
0.9488352862863836	0.051164713713616375
0.9459761551215875	0.054023844878412455
0.7312799570727941	0.2687200429272059
0.12498875521151609	0.8750112447884839
0.6649696479868712	0.33503035201312875
0.24633197735587187	0.7536680226441281
0.02211886874528579	0.9778811312547142
0.5414522499297412	0.4585477500702588
0.836706638552215	0.1632933614477849
0.12418702343595789	0.8758129765640421
0.1673172667402778	0.8326827332597222
0.2836803251631347	0.7163196748368653
0.0553343310812926	0.9446656689187074
0.5496545301358089	0.45034546986419116
0.9555647641914768	0.0444352358085232
0.04341500156438105	0.956584998435619
0.7853990451415285	0.21460095485847147
0.0050151009771503	0.9949848990228497
0.2859302209743151	0.7140697790256849
0.9814587013902359	0.018541298609764105
0.5976726264213099	0.40232737357869014
0.8655294911623941	0.13447050883760586
0.03832950356236764	0.9616704964376324
0.3784331758104208	0.6215668241895792
0.3066925425251732	0.6933074574748268
0.7212391658784758	0.27876083412152414
0.8498644245472218	0.15013557545277828
0.1397173555838943	0.8602826444161057
0.3354459998792446	0.6645540001207554
0.3748109437510879	0.6251890562489121
0.7488457423579007	0.25115425764209925
0.7212249491523584	0.2787750508476416
0.026339215250372194	0.9736607847496278
0.015423789846391034	0.984576210153609
0.9687604864284179	0.031239513571582105
0.16448749797502338	0.8355125020249766
0.4499609374717157	0.5500390625282843
0.3859275628782447	0.6140724371217553
0.7390066404063758	0.2609933595936242
0.217231495032294	0.782768504967706
0.05546637863384141	0.9445336213661586
0.8684885044315362	0.1315114955684637
0.8424039043676435	0.1575960956323565
0.9122216411425978	0.0877783588574021
0.6005392690981213	0.39946073090187867
0.6461613016835619	0.35383869831643805
0.5175751706806611	0.482424829319339
0.22616607375066844	0.7738339262493316
0.4463509276992086	0.5536490723007914
0.5812268150069002	0.41877318499309985
0.541128920512709	0.45887107948729094
0.9082527283977129	0.09174727160228707
0.9191459028202538	0.08085409717974618
0.653282083425123	0.346717916574877
0.05015879855341954	0.9498412014465805
0.254408928877517	0.745591071122483
0.0250446814098938	0.9749553185901062
0.7209682824224692	0.2790317175775308
0.8599131523478722	0.1400868476521278
0.5086508299720922	0.49134917002790784
0.3583649132429618	0.6416350867570382
0.010870734510728841	0.9891292654892712
0.6945721690144726	0.30542783098552745
0.6969115078382637	0.3030884921617362
0.31840009696605653	0.6815999030339435
0.12560217372941462	0.8743978262705854
0.6074461305097578	0.3925538694902422
0.5529941428973307	0.44700585710266927
0.5287766796208856	0.4712233203791144
0.8191839897338911	0.1808160102661089
0.3452126979424278	0.6547873020575722
0.7030699958385017	0.2969300041614983
0.21117346526406167	0.7888265347359383
0.3615001450356501	0.6384998549643499
0.2392089209442918	0.7607910790557082
0.27215508254230225	0.7278449174576977
0.9338202531141057	0.06617974688589431
0.6570503053759352	0.34294969462406477
0.381002797613598	0.618997202386402
0.061182992827127025	0.938817007172873
0.305237120136826	0.694762879863174
0.33750624632864645	0.6624937536713535
0.8948054240101364	0.10519457598986356
0.3747970683906625	0.6252029316093375
0.8456529421037513	0.15434705789624867
0.9043710899649522	0.09562891003504778
0.437261210555261	0.562738789444739
0.7746316223168792	0.22536837768312076
0.794236699681693	0.205763300318307
0.8131509936990293	0.18684900630097065
0.8270054284259815	0.1729945715740185
0.6627620178392863	0.33723798216071366
0.31597855629370375	0.6840214437062963
0.6237639539643743	0.37623604603562566
0.19702510565635578	0.8029748943436442
0.1359668142121827	0.8640331857878173
0.4226430689344335	0.5773569310655665
0.1534350610116706	0.8465649389883294
0.772820034741753	0.227179965258247
0.5973435282277476	0.4026564717722524
0.24155325243925763	0.7584467475607424
0.5986001262698644	0.40139987373013564
0.05807174719815311	0.9419282528018469
0.3764685464751295	0.6235314535248705
0.05404977375719633	0.9459502262428037
0.8413634084296843	0.1586365915703157
0.8569889361956624	0.14301106380433756
0.09268955282770297	0.907310447172297
0.782305914887976	0.217694085112024
0.6238284750597952	0.3761715249402048
0.17870924756269746	0.8212907524373025
0.6982875344243041	0.30171246557569587
0.32876466590097464	0.6712353340990254
0.9601449621209368	0.039855037879063165
0.3140758542923314	0.6859241457076686
0.3769550354921418	0.6230449645078582
0.9202182328365026	0.07978176716349737
0.1115157049416009	0.8884842950583991
0.6492562043806074	0.3507437956193926
0.15461748377299878	0.8453825162270012
0.5536117469272901	0.4463882530727099
0.19590800888477355	0.8040919911152264
0.9570891390127167	0.04291086098728323
0.6614690974542021	0.3385309025457979
0.11246640742690506	0.8875335925730949
0.5798067879824036	0.4201932120175964
0.4649104414301759	0.5350895585698241
0.6240414847779843	0.37595851522201573
0.39564129357506195	0.604358706424938
0.17465486264212116	0.8253451373578788
0.1553812151332783	0.8446187848667217
0.8145289049822378	0.18547109501776213
0.7621527161455849	0.2378472838544151
0.9706814249571739	0.029318575042826072
0.2522748731620217	0.7477251268379783
0.4853369229035476	0.5146630770964524
0.5156575373383144	0.48434246266168557
0.497416761566132	0.502583238433868
0.8047966341121449	0.1952033658878551
0.3932143440392746	0.6067856559607254
0.5286892456292619	0.4713107543707381
0.22533775776396503	0.774662242236035
0.38505370254576254	0.6149462974542375
0.36972512788127476	0.6302748721187252
0.8629639151864053	0.13703608481359472
0.49381838372940723	0.5061816162705928
0.38887992618004996	0.61112007381995
0.8313404756462801	0.16865952435371986
0.47703417672324	0.52296582327676
0.2214585407473011	0.7785414592526989
0.3745545767769667	0.6254454232230333
0.27770429277380915	0.7222957072261909
0.4162802433675086	0.5837197566324914
0.9701407259394996	0.029859274060500412
0.2870412195295122	0.7129587804704878
0.7006489735380458	0.2993510264619542
0.15268773715799444	0.8473122628420056
0.637536573897262	0.36246342610273796
0.297208239753773	0.702791760246227
0.9193120954592772	0.08068790454072282
0.9830735028221881	0.0169264971778119
0.7975254136961286	0.20247458630387136
0.33607858853694994	0.6639214114630501
0.16822744454861316	0.8317725554513868
0.679149811304887	0.320850188695113
0.9712116202375165	0.02878837976248355
0.06952797531537114	0.9304720246846289
0.04168840080903313	0.9583115991909669
0.1376982181959049	0.8623017818040951
0.80101987184409	0.19898012815590999
0.8341903420050882	0.16580965799491182
0.6564501639025742	0.3435498360974259
0.4543421638904649	0.5456578361095351
0.9703074591401979	0.029692540859802163
0.5254293701315653	0.47457062986843473
0.27077927767809107	0.7292207223219089
0.5487864996874621	0.451213500312538
0.6701223508302911	0.3298776491697088
0.4602207536347348	0.5397792463652652
0.6901161241820515	0.30988387581794846
0.8018085621824842	0.19819143781751586
0.5781112507588526	0.42188874924114733
0.23521456033734034	0.7647854396626597
0.9369492000310107	0.06305079996898927
0.9278229232367157	0.07217707676328439
0.05611242688050955	0.9438875731194905
0.6244307912021325	0.3755692087978674
0.42185351281995087	0.5781464871800491
0.10460909894073689	0.8953909010592631
0.6872711453899907	0.3127288546100094
0.3040489387151848	0.6959510612848152
0.32024691892639645	0.6797530810736035
0.3416173802160827	0.6583826197839173
0.6231057909406661	0.37689420905933396
0.09615572743830814	0.9038442725616919
0.9724610944995813	0.027538905500418653
0.9813528872125212	0.018647112787478826
0.5849766275158645	0.4150233724841355
0.19577570574217285	0.8042242942578272
0.7331216105225407	0.2668783894774594
0.6101751704487648	0.38982482955123515
0.9571828470103687	0.042817152989631346
0.5867210595419774	0.41327894045802255
0.022980961480114304	0.9770190385198857
0.5054354749417813	0.49456452505821863
0.22043631887240367	0.7795636811275963
0.5617569562771421	0.438243043722858
0.3822457990788084	0.6177542009211916
0.06521044090946582	0.9347895590905342
0.004734499620897226	0.9952655003791028
0.9412904021783841	0.058709597821615944
0.08908880273786157	0.9109111972621384
0.45497677929833247	0.5450232207016675
0.28967793130534425	0.7103220686946558
0.7198503776250706	0.2801496223749294
0.6790327276554675	0.32096727234453243
0.978340032043607	0.021659967956392988
0.13678630267583214	0.8632136973241679
0.48623292092924386	0.5137670790707561
0.6903227931357248	0.3096772068642753
0.7967330680651749	0.20326693193482512
0.4879049785238584	0.5120950214761416
0.9944604211077557	0.005539578892244288
0.662818848756626	0.33718115124337394
0.4088540458766079	0.5911459541233921
0.06223471369511191	0.9377652863048881
0.1611587900258955	0.8388412099741045
0.9613092947977635	0.03869070520223646
0.6567340150301249	0.3432659849698751
0.19331655793154046	0.8066834420684595
0.2960931222302342	0.7039068777697658
0.31791328074457215	0.6820867192554279
0.10409092687132071	0.8959090731286793
0.4363213945383909	0.5636786054616091
0.927790498994683	0.07220950100531692
0.07864511837325894	0.9213548816267411
0.8998821986795831	0.10011780132041687
0.20693038725190205	0.793069612748098
0.5138179787514221	0.48618202124857796
0.05107050963574977	0.9489294903642502
0.681324611732316	0.3186753882676841
0.1418025926448523	0.8581974073551477
0.44328050394584473	0.5567194960541553
0.2132340692824195	0.7867659307175805
0.884788306831447	0.11521169316855301
0.44353875907796236	0.5564612409220376
0.677738981384931	0.322261018615069
0.616959303761248	0.383040696238752
0.8117023029996056	0.18829769700039442
0.33144854816271163	0.6685514518372884
0.35842854196773455	0.6415714580322655
0.4369469349752525	0.5630530650247475
0.7878200149378001	0.2121799850621999
0.29657711161812084	0.7034228883818792
0.7645119402832646	0.23548805971673534
0.5284628114071308	0.47153718859286925
0.7141539757428836	0.2858460242571163
0.15534515180384179	0.8446548481961582
0.5764390748759827	0.4235609251240173
0.09295039394764859	0.9070496060523514
0.23660020287543992	0.7633997971245601
0.9108053013734314	0.08919469862656854
0.4365695422841074	0.5634304577158926
0.5499257181375063	0.4500742818624937
0.057461375399680104	0.9425386246003199
0.6936046799685709	0.30639532003142905
0.24403106701898614	0.7559689329810139
0.8256841605153531	0.17431583948464696
0.27735320445521294	0.7226467955447871
0.6959554247248945	0.3040445752751055
0.44313223999550344	0.5568677600044966
0.4047942245821492	0.5952057754178508
0.5092426799024754	0.49075732009752454
0.4446363163013145	0.5553636836986855
0.5712361443505503	0.4287638556494498
0.8609441710367871	0.13905582896321295
0.9293273245046174	0.07067267549538264
0.9609219235268095	0.039078076473190455
0.6202470504097766	0.3797529495902234
0.39913699213522913	0.6008630078647709
0.8114835995473344	0.18851640045266566
0.1840465258677666	0.8159534741322334
0.31386093824769445	0.6861390617523055
0.20893317825365354	0.7910668217463465
0.050460794598480185	0.9495392054015198
0.09519815486307703	0.904801845136923
0.8642944930066372	0.13570550699336287
0.9599918894327196	0.040008110567280326
0.0919570070788418	0.9080429929211582
0.1828051769778971	0.8171948230221029
0.273210435225122	0.726789564774878
0.580295685079818	0.41970431492018206
0.2138830135187103	0.7861169864812897
0.8230591131237137	0.17694088687628634
0.7378434240454546	0.2621565759545455
0.3944205968624942	0.6055794031375058
0.3287051324491762	0.6712948675508238
0.33614165953989183	0.6638583404601082
0.8082924650644121	0.19170753493558795
0.12011221999266686	0.8798877800073331
0.17109441712150786	0.8289055828784921
0.8838965176245577	0.11610348237544227
0.9956560715244245	0.004343928475575472
0.361076603628409	0.638923396371591
0.8981954727673247	0.10180452723267536
0.9987107709831435	0.001289229016856415
0.5531477666027644	0.4468522333972356
0.09229333840898724	0.9077066615910128
0.761664031819326	0.23833596818067398
0.37614326070479476	0.6238567392952052
0.14354026641748208	0.8564597335825179
0.21130686155002854	0.7886931384499715
0.6112084096279791	0.3887915903720209
0.6253617296157923	0.37463827038420777
0.8868311720353999	0.11316882796460018
0.5191514972529022	0.4808485027470978
0.18574594585321014	0.8142540541467899
0.5658806772099854	0.43411932279001464
0.38890554889130746	0.6110944511086925
0.7589708269653737	0.24102917303462637
0.1698250040240109	0.8301749959759891
0.7794943671350195	0.2205056328649805
0.8736551312890638	0.12634486871093623
0.8652723148652112	0.13472768513478886
0.0881129983834209	0.9118870016165791
0.03745228338013373	0.9625477166198663
0.6865340529135147	0.31346594708648534
0.18798625990061046	0.8120137400993895
0.07543521838376732	0.9245647816162327
0.3452574081331755	0.6547425918668245
0.6153332624940949	0.3846667375059051
0.3207212595434955	0.6792787404565045
0.35100820449305237	0.6489917955069476
0.1833801774656305	0.8166198225343695
0.32402561537956964	0.6759743846204304
0.11022491681784019	0.8897750831821598
0.7435928940903358	0.2564071059096642
0.8528506968654463	0.14714930313455368
0.668560189653606	0.331439810346394
0.06106144002016667	0.9389385599798333
0.4697977285128936	0.5302022714871064
0.4655644367783748	0.5344355632216252
0.17387262593052888	0.8261273740694711
0.3803486646669275	0.6196513353330725
0.6708723352051661	0.3291276647948339
0.31193670407633245	0.6880632959236676
0.14571326906692073	0.8542867309330793
0.8126706312210439	0.18732936877895615
0.7670432597454641	0.23295674025453597
0.9781900583082379	0.021809941691762112
0.5539820013840712	0.44601799861592883
0.5393048577926888	0.4606951422073112
0.21090431571734458	0.7890956842826554
0.9439568404795063	0.05604315952049368
0.9560931322470835	0.043906867752916544
0.7586774039982188	0.24132259600178121
0.7125846710881071	0.2874153289118929
0.46802777588092337	0.5319722241190766
0.32948110612181836	0.6705188938781816
0.1264819721589756	0.8735180278410244
0.469379407282415	0.530620592717585
0.36597586004147076	0.6340241399585292
0.7516929398278757	0.24830706017212437
0.9921786390282682	0.00782136097173186
0.9221765467069069	0.07782345329309313
0.7361874886027461	0.2638125113972539
0.8705251746757635	0.1294748253242365
0.6253621885871441	0.3746378114128559
0.7596786982407533	0.2403213017592467
0.4654492175712063	0.5345507824287937
0.03370584958904499	0.966294150410955
0.701260687962348	0.298739312037652
0.6384841005634834	0.36151589943651663
0.22001791360514356	0.7799820863948564
0.0014909638688247462	0.9985090361311753
0.8896412881018501	0.11035871189814993
0.6521870836591434	0.34781291634085665
0.6610053107764434	0.3389946892235566
0.7621731925290484	0.23782680747095164
0.475869461400968	0.524130538599032
0.7990241670500288	0.20097583294997123
0.7995839350233297	0.2004160649766703
0.1812616563168522	0.8187383436831478
0.5080050688988551	0.4919949311011449
0.30828490557170063	0.6917150944282994
0.6941108419122477	0.3058891580877523
0.4974001825884732	0.5025998174115268
0.04873145182479266	0.9512685481752073
0.3436365662535711	0.6563634337464289
0.6231262348704447	0.3768737651295553
0.6065024423393216	0.3934975576606784
0.04474557372930432	0.9552544262706957
0.24055896192746462	0.7594410380725354
0.6616867689193883	0.33831323108061173
0.302375434389609	0.697624565610391
0.40073722769073816	0.5992627723092618
0.04290369213124623	0.9570963078687538
0.5875164902803601	0.4124835097196399
0.48170509926628724	0.5182949007337128
0.0784830444445559	0.9215169555554441
0.552569478909688	0.447430521090312
0.2612323248003172	0.7387676751996828
0.757221176556212	0.24277882344378798
0.06346261159572575	0.9365373884042743
0.5343757983602315	0.4656242016397685
0.06142381120283502	0.938576188797165
0.25781941677015807	0.7421805832298419
0.15444316705250372	0.8455568329474963
0.7575442732618618	0.2424557267381382
0.6106407032867617	0.3893592967132383
0.6981301605614678	0.3018698394385322
0.8736328591344937	0.12636714086550627
0.8495438222931018	0.15045617770689823
0.9023654843452537	0.09763451565474633
0.9471662969196427	0.052833703080357244
0.856426128779769	0.14357387122023108
0.622869647818882	0.37713035218111796
0.5485831614044385	0.45141683859556153
0.6082888198659102	0.39171118013408984
0.2658789296063686	0.7341210703936314
0.003125158419688412	0.9968748415803116
0.3012303877999759	0.6987696122000241
0.8638632830704107	0.13613671692958923
0.375305310385168	0.624694689614832
0.7883560551725481	0.2116439448274518
0.5025815865832015	0.49741841341679854
0.4268750942282181	0.5731249057717819
0.5445221887678551	0.45547781123214487
0.06263011955480069	0.9373698804451993
0.0534613513459814	0.9465386486540186
0.3437520024743651	0.6562479975256349
0.42326916860391584	0.5767308313960842
0.48600441694026786	0.5139955830597321
0.688358504297897	0.3116414957021029
0.714124562658701	0.285875437341299
0.9251431701235283	0.07485682987647164
0.14215383864108044	0.8578461613589196
0.7180483136092184	0.28195168639078155
0.0912418918348461	0.9087581081651539
0.14838538864411766	0.8516146113558823
0.7484025604347131	0.25159743956528685
0.5759855345103162	0.42401446548968375
0.9321532342152677	0.06784676578473221
0.9219572526653848	0.0780427473346152
0.26084281848810453	0.7391571815118955
0.27219783339937076	0.7278021666006292
0.5361009398368706	0.4638990601631294
0.4356152892940923	0.5643847107059077
0.3359361209930206	0.6640638790069794
0.37305713866546275	0.6269428613345372
0.4476573109078803	0.5523426890921197
0.4117175926532215	0.5882824073467785
0.5074531573091781	0.4925468426908219
0.35870504755807353	0.6412949524419265
0.3079726380757212	0.6920273619242788
0.49426870251848076	0.5057312974815192
0.30381956542183153	0.6961804345781685
0.1620569197732763	0.8379430802267237
0.6130890176084483	0.3869109823915518
0.9672332434410872	0.03276675655891277
0.8658957008840811	0.13410429911591898
0.3642074819640396	0.6357925180359604
0.7826090688184821	0.2173909311815178
0.5694210530127966	0.4305789469872034
0.9186743846803972	0.08132561531960279
0.9901845331199853	0.009815466880014657
0.8532046469166548	0.1467953530833452
0.3436125103804134	0.6563874896195866
0.48298222361080645	0.5170177763891936
0.4139472113904138	0.5860527886095862
0.22847114452623607	0.7715288554737639
0.49610410005772987	0.5038958999422701
0.9790253694378804	0.020974630562119543
0.24525080805538613	0.7547491919446139
0.6896546437901862	0.31034535620981385
0.21822707987688916	0.7817729201231108
0.7663630967374444	0.23363690326255557
0.10290553442142036	0.8970944655785796
0.39355448311201835	0.6064455168879817
0.06454307108955182	0.9354569289104482
0.5425192681738819	0.45748073182611815
0.3165142808991629	0.6834857191008371
0.06620773307355099	0.933792266926449
0.8055898692329416	0.19441013076705835
0.4292150548475405	0.5707849451524595
0.22565005354795442	0.7743499464520456
0.6231027953711618	0.37689720462883824
0.10930242147824598	0.890697578521754
0.10332412723745865	0.8966758727625413
0.14957986957039482	0.8504201304296052
0.7958996844861694	0.20410031551383054
0.5633753380804339	0.43662466191956606
0.7389855810476178	0.2610144189523822
0.09854959158322518	0.9014504084167748
0.9853367040533263	0.01466329594667368
0.31612405515142394	0.6838759448485761
0.21531661989865136	0.7846833801013486
0.14041756378496073	0.8595824362150393
0.8208788842736354	0.17912111572636455
0.19055070131410556	0.8094492986858944
0.41441808725752094	0.5855819127424791
0.3979482941065142	0.6020517058934858
0.9237956733879898	0.07620432661201014
0.4222188863921804	0.5777811136078196
0.9699939816079501	0.03000601839204985
0.932350894475526	0.06764910552447399
0.18672481457062406	0.8132751854293759
0.18618987551633603	0.813810124483664
0.864991931762402	0.135008068237598
0.2676704868435955	0.7323295131564045
0.4206669608365313	0.5793330391634687
0.8116715776308183	0.18832842236918165
0.7835076323253066	0.21649236767469335
0.9947058649774454	0.005294135022554578
0.31557918055322864	0.6844208194467714
0.5220701642306173	0.47792983576938275
0.42859002706852833	0.5714099729314717
0.31450153825531457	0.6854984617446854
0.5284528605361108	0.47154713946388915
0.9931385983897612	0.006861401610238896
0.9630552909096557	0.03694470909034429
0.290125295240677	0.709874704759323
0.2945953347574748	0.7054046652425252
0.11340045129423904	0.886599548705761
0.9917466444411245	0.008253355558875516
0.9480861337564205	0.0519138662435795
0.3829645424818354	0.6170354575181646
0.3924415534734177	0.6075584465265823
0.13135917126974617	0.8686408287302538
0.24998680261282868	0.7500131973871713
0.6818738564471761	0.31812614355282387
0.6602878016050174	0.33971219839498257
0.4005258855098527	0.5994741144901473
0.4984598645680173	0.5015401354319827
0.41256593243894035	0.5874340675610596
0.5733337748424475	0.4266662251575525
0.31966081654084055	0.6803391834591594
0.49182183952097336	0.5081781604790266
0.8232772868100129	0.1767227131899871
0.2051725569949161	0.7948274430050839
0.4873425805599979	0.5126574194400021
0.8842729761561164	0.11572702384388354
0.8198177481721407	0.1801822518278593
0.3533081274854817	0.6466918725145183
0.2812516163251705	0.7187483836748295
0.9961452815795884	0.0038547184204116105
0.5892749111492943	0.4107250888507057
0.5238910335362188	0.4761089664637812
0.49130398730402947	0.5086960126959705
0.3654283002125812	0.6345716997874188
0.3427894498257913	0.6572105501742087
0.24068712393058556	0.7593128760694144
0.9464186037951458	0.05358139620485423
0.09727818049053505	0.902721819509465
0.8414336247193402	0.15856637528065975
0.32351250846286217	0.6764874915371378
0.29348401406857716	0.7065159859314228
0.1118372601599451	0.8881627398400549
0.3760604834013227	0.6239395165986773
0.9991413780229683	8.586219770316772E-4
0.9957155498331886	0.004284450166811399
0.22073747400228239	0.7792625259977176
0.3475780319011619	0.6524219680988381
0.14421655035651548	0.8557834496434845
0.3110859368942338	0.6889140631057662
0.9517074718258329	0.048292528174167085
0.922180912245147	0.07781908775485308
0.5967609248412509	0.40323907515874907
0.08641870073655133	0.9135812992634487
0.9415261435352433	0.058473856464756724
0.8365058733047304	0.1634941266952697
0.2632869491365962	0.7367130508634038
0.8729576083975905	0.12704239160240943
0.2769273525417659	0.7230726474582341
0.17719952505744607	0.8228004749425539
0.19156890706608043	0.8084310929339196
0.5552122273830267	0.4447877726169733
0.25150516371106846	0.7484948362889315
0.7215640795992921	0.2784359204007078
0.5686051798460647	0.4313948201539352
0.5554336843736694	0.4445663156263307
0.9631051552151166	0.03689484478488331
0.6169757238755129	0.38302427612448703
0.7758578849855509	0.22414211501444908
0.9368092588800714	0.06319074111992863
0.19127741593680347	0.8087225840631965
0.12257723704818424	0.8774227629518158
0.8123006947585261	0.187699305241474
0.4777751724473087	0.5222248275526913
0.33695975851056903	0.663040241489431
0.17742354705140095	0.822576452948599
0.21526836205198097	0.784731637948019
0.3694074120242794	0.6305925879757206
0.6140978263705521	0.38590217362944784
0.3804994678781296	0.6195005321218704
0.619946590487624	0.38005340951237604
0.24771185795134687	0.7522881420486531
0.0827711134556669	0.9172288865443331
0.5842388827097462	0.41576111729025383
0.3004894801868253	0.6995105198131747
0.244439223604501	0.755560776395499
0.7999176258750076	0.20008237412499247
0.8881359966171598	0.11186400338284025
0.9566498884037897	0.04335011159621022
0.7374117185653299	0.26258828143467
0.26902304201738925	0.7309769579826108
0.3727503520046336	0.6272496479953664
0.6494567234738222	0.35054327652617784
0.24292144846591546	0.7570785515340845
0.49416363556299603	0.505836364437004
0.43686773750726704	0.563132262492733
0.14787139803052474	0.8521286019694753
0.5678856192127493	0.4321143807872508
0.28656610833812346	0.7134338916618765
0.6116552889748172	0.3883447110251827
0.9879101184102776	0.012089881589722329
0.14016860932059305	0.859831390679407
0.2175169296525069	0.7824830703474931
0.794636366570344	0.20536363342965605
0.7543345429108183	0.24566545708918178
0.5842300138992638	0.4157699861007362
0.25489652361216586	0.7451034763878341
0.8087503688381047	0.19124963116189533
0.5790042536289888	0.4209957463710113
0.13087506530913062	0.8691249346908694
0.8606643270255601	0.13933567297443997
0.3349664858764959	0.6650335141235041
0.8975656229329442	0.10243437706705584
0.7152714886946407	0.2847285113053592
0.02525023431598028	0.9747497656840197
0.5792165616373708	0.42078343836262927
0.3776273507204748	0.6223726492795252
0.2610147820931993	0.7389852179068007
0.28380310114863705	0.716196898851363
0.8237853002496724	0.17621469975032758
0.20805620272238545	0.7919437972776145
0.15105828214069295	0.848941717859307
0.5573263782567359	0.442673621743264
0.36647858915170006	0.6335214108482999
0.7953253739953807	0.2046746260046193
0.3086962574977683	0.6913037425022317
0.7852253062956943	0.2147746937043057
0.5711726001614685	0.4288273998385314
0.2891008971346528	0.7108991028653472
0.19765164260857293	0.8023483573914271
0.971549292963283	0.02845070703671706
0.4164314889218571	0.5835685110781429
0.46120522322538493	0.5387947767746151
0.5727807599667429	0.4272192400332571
0.6256121504966461	0.37438784950335385
0.060718298088014766	0.9392817019119852
0.8048711648493371	0.19512883515066295
0.3041184811019261	0.6958815188980739
0.6548206968562149	0.34517930314378514
0.5433087423187344	0.45669125768126567
0.2827221977337806	0.7172778022662194
0.056948119165297406	0.9430518808347026
0.5634411867161138	0.4365588132838863
0.8093543259570847	0.19064567404291535
0.9321889507529701	0.06781104924702987
0.03929136141803147	0.9607086385819685
0.32568130595795486	0.6743186940420451
0.7856263197737934	0.21437368022620665
0.5360950679497942	0.46390493205020583
0.7693401292363946	0.23065987076360533
0.5655448691478697	0.4344551308521302
0.20031804113628704	0.799681958863713
0.9265903736399822	0.07340962636001784
0.40376795128598897	0.596232048714011
0.3449938478575746	0.6550061521424254
0.44609796681244873	0.5539020331875513
0.7383847654656266	0.26161523453437335
0.8552989777404898	0.14470102225951026
0.48484968991352184	0.5151503100864782
0.7928902067066772	0.20710979329332274
0.48020415509385184	0.5197958449061482
0.021216472336216707	0.9787835276637833
0.4635540658754257	0.5364459341245743
0.7686490774995844	0.2313509225004155
0.412694306959701	0.587305693040299
0.11748633873355119	0.8825136612664488
0.5898194423290934	0.4101805576709066
0.37940271931153247	0.6205972806884675
0.5607537943661134	0.43924620563388667
0.3067454301745458	0.6932545698254542
0.4039715114830328	0.5960284885169672
0.9997838279179251	2.161720820749709E-4
0.789966943613323	0.21003305638667696
0.7045161608112589	0.29548383918874116
0.05232872530899568	0.9476712746910043
0.4065416120293127	0.5934583879706873
0.9288121394258017	0.07118786057419839
0.37689807732800973	0.6231019226719903
0.947820160030731	0.05217983996926895
0.6381103873776717	0.3618896126223284
0.33139043334817797	0.668609566651822
0.324823152683419	0.675176847316581
0.6228177319443677	0.3771822680556322
0.10452060985826683	0.8954793901417332
0.602567777048886	0.39743222295111397
0.30054737037450874	0.6994526296254913
0.4916808812944998	0.5083191187055002
0.08189883245420415	0.9181011675457958
0.25332260276104424	0.7466773972389558
0.6213871246101577	0.3786128753898424
0.27078657184792565	0.7292134281520743
0.40451493918775205	0.595485060812248
0.8187388337996147	0.1812611662003854
0.9337949648666859	0.06620503513331415
0.052839664100331696	0.9471603358996683
0.8147948601491468	0.18520513985085324
0.45448316135589506	0.5455168386441049
0.13770503896687636	0.8622949610331236
0.5000332823997018	0.49996671760029815
