0.9902565052366146
1.0108438903069674
0.8207992055129779
1.0483485932845125
1.0028008094554326
1.1618114859687667
1.1816694483758168
1.001131092866177
1.0047998539787462
1.0619423302240816
1.0039432974053257
0.48450225887327475
1.0535311996390089
0.8695568238369868
0.7043500349362404
1.041467918395394
1.0719322207618438
0.9663913348358846
1.0020429149327124
1.004111487555664
1.2431345263332174
1.2878962927892217
0.8071681117452063
1.0854013715841098
1.0241376913505305
1.2475764254128539
1.158751565712142
1.045232141850862
0.8834859675506868
1.06835974064639
0.963979609470778
0.7487499337489159
0.9722286857906554
1.0118491317823872
1.0780252509684498
0.9949722870354255
1.0065437082736506
1.114384009219634
0.7570830260140902
0.9597830835787466
0.9898696367594897
1.19976804219211
0.6481805476493389
1.0219807892983654
0.9016341330871094
1.0840628942738926
1.0960864530810874
0.9369792469878859
1.2965745986826978
0.8502956748199342
0.8464973688194029
1.1020149490518378
1.0029653123879032
1.0430192662830966
0.9429199458363602
1.1355211092775483
0.6924490280334326
1.0554314273685899
0.8855155643889385
1.3186413612682741
1.2085033237967582
1.1354574588604809
0.6711432933968147
0.7292848057346313
0.5687741773458417
0.8289275949306584
1.132991878221021
1.0101348109724466
1.0234751665341468
1.000381667536204
1.2736702933065485
0.9856817566696445
0.9906144718860639
0.6868194486044471
0.8555377852544166
1.0115234086666702
1.1737358039894108
1.1384130298232802
1.010887790277629
0.8652568525543181
0.9959435547841642
0.8053391779238244
0.9407706042877898
1.1819246695686212
0.9462309502739448
1.0707600167930242
1.0312503226023022
1.2623997419516546
1.0926599859355144
1.5122114569689717
0.7522311880462791
0.8803124227678674
0.8999610269995972
1.280091611751652
0.9924716279699356
0.8883598798942927
1.008158712518748
1.1398531265912077
1.0554061784010156
0.9048234992739042
1.2159861692675356
0.982180064342983
1.2598866251669383
0.9828778109192144
1.0244876112654921
0.9417630594569542
1.0064673893918423
0.950768765249915
1.014289256798023
1.2218609416898703
0.920924195450795
0.8254000020427181
0.5978452874201337
0.9539116921592711
1.029160120524684
0.6526390940938975
1.4566573409675658
1.0471145760859033
1.0069062751351803
0.5300080519040713
1.0244875135283034
0.7174869850766122
0.9344403285316543
1.0160992261996113
0.7085770188915368
1.0032588390591344
1.1364053193007102
0.4269209896347469
1.2137924182945676
1.0825356113741662
1.0167493439532458
1.1014613678295095
1.111139040798561
1.0237224876906394
1.1566978120895852
0.9462883626103259
0.8315661585072158
1.1421220540273467
1.037029081945713
0.9885335113250681
1.1548382639213501
0.752641535144944
1.0873913779363567
0.8817589575278539
1.269770955544204
1.088600084631363
1.0972284683598184
1.0492555900838618
1.328718252291693
1.0163347533700438
0.9923928918250366
0.5756036142766762
0.8238159165642347
0.9830665511784613
0.8538124398819606
1.1724918906888435
1.1356859293408061
0.9522752469611078
1.014269824012533
0.9923253462533681
1.0916485894141206
1.1820111473792814
1.014862459719259
1.018246169391987
0.8965611314468744
0.854887179733951
0.970680151822183
1.0634993309874927
0.998409043433056
1.046090556097488
1.0241924361224264
1.0094036964951116
1.0150528148672668
0.9702846495516704
0.9575878905357084
1.0049113696084067
1.026047599469758
0.922010273887766
1.0200840309493517
0.9331844411283848
1.0261915505098635
1.1122579461765
0.984718005311581
1.010455810050802
0.9252173588663194
0.9483820274975878
1.0245979954506932
1.0002926000335053
0.9394270009792475
1.1120506511176647
0.9900718344642504
1.0884868530436091
0.9999596294301842
1.1015160040294043
1.0988675932328908
1.0548735921828363
0.9399525134445603
1.0112016879718122
1.0385639357099863
1.0473808373138278
1.0315539648009615
1.0968781563025272
0.8210574165990185
1.1458966440368712
0.9171800662397136
1.2536182253665356
1.014835250470551
1.3018576726330355
1.3269021183662026
1.1081161793910153
1.004739400818759
1.015562566540813
0.9999015285091271
0.8660321367513182
1.0036942444972192
1.0727542540198503
0.6100928647754953
0.5587431679199928
0.5679509336188443
0.9033847087443547
1.088845603975138
0.9774816197775833
0.7161983924902159
0.9962946679032125
0.9498987634596532
0.9397073455635082
1.0781375312345691
0.7349430156854815
1.1576810949552105
1.0701874687043198
1.0362732386418725
1.0362422332237915
0.9172837174226676
1.245197652548419
1.0094353468888366
1.005602935957988
1.0993874075300392
0.9963545055566931
0.9466248397374349
0.9786993020601618
1.2136526753098265
1.1417181607064768
0.8178460903120819
0.9951218538949479
1.0321200284877037
1.2380335105684677
1.0601776164255377
1.2735930767285373
1.102336531971899
0.4933644361953237
1.0056524440677228
0.5055999801501343
1.254088401002074
0.7988867800012653
1.1728060612689015
0.8902390525933368
0.8782265846658058
1.0248539969046524
1.0088622785683279
1.0302616266880122
1.0399858206379884
1.221610683378358
1.0312409743582354
1.098287509277689
1.0813522453483633
1.3272185163637813
1.0615733153546818
1.0990617512575904
0.7580824803904163
0.99822163082447
1.0138002034448574
1.1060361312035547
0.9618195975275121
1.0474128118857107
1.0344318188985007
0.694117832383107
0.9230076642064047
0.8174977384580793
0.8035886458148058
1.0484681089475427
0.9755280254387259
0.8504631609809024
0.9590383620985301
0.9731623038937649
1.0000078613766332
0.9485365235439496
1.0274100613518358
1.1491722582279214
1.3552137760916634
1.142485578280117
0.9132962512270861
0.9446294702508355
0.8966874480068692
1.0119933284521188
1.0232661063523507
0.8990686831133684
1.0367078290930665
1.0371998846282642
0.9745507104849572
1.1096341404193604
1.0909614673405055
0.8611809056959306
0.9529451416880962
0.9944197893241078
1.0083811499674482
1.014094111196353
1.0042776436586505
0.7190560127104741
1.009293295725091
0.7590520676491411
1.0117542135181112
0.9598828884370094
0.741588979437297
1.0091699083178522
1.0022384882888067
1.0049708612241197
0.926406229909639
1.031137495206397
1.0721596694632094
1.0504842096029763
1.114349441515015
1.0166790236627836
0.9747799609590114
1.0188350806892141
0.9583883736138551
0.9322972050767355
1.322116340183307
1.0361243280219314
1.0465699706579181
1.05545831789411
1.0764325534196848
0.7318041696668924
1.027645593353688
1.0468646797844023
1.181651012862496
0.7061571596103633
1.1793679488278181
1.0808102916071425
1.012131524153444
0.9147328668446657
1.1290564431855306
1.213122239633028
0.9843045753753018
0.996395260245023
0.9768558386637154
0.963725526635362
1.0093141850262777
1.03041829155543
0.9638050894606258
1.044903889976651
0.5901809985059757
1.024352085072802
1.2959129136437584
1.010800713637603
1.0970561749480634
0.7855904358120258
1.0006224295446995
1.0017295114164113
1.0257802770981126
1.0277369350768768
0.709799539339461
1.028624528248752
1.1037752656966116
1.151847456305315
0.9751910416408993
0.9999486014456842
1.1162674717074268
1.1057292458864079
1.0000316725424985
0.6329730712124662
1.2378330633517427
1.146466187390811
1.2610294005405658
0.994015549443005
1.0898428439630181
0.7802159877904624
1.0847190742552413
1.001073322079275
0.7038793209878089
1.146866185815396
0.7722174139008517
1.0288518626183822
1.2147996897896567
0.9664167047520485
1.027150500662926
1.1476055045830837
1.0139407623799306
1.02016185430922
0.8979491588397597
0.5702956036586564
0.8402313680189557
0.9879053030178864
1.063810776486283
1.039357158968778
1.1037498958217986
1.3007911247194401
1.011509148957284
1.0030181877202597
0.9107756807760854
0.922025324496676
0.9817907893099017
1.2317475376789964
0.8928596093525998
1.0203353993746278
1.0260171176214223
1.0599900365230066
0.7507266588113485
0.9977238652617983
0.9436568627516445
0.9858542024788752
1.018507821828134
1.078997873102265
1.0392206046622297
1.0755499157050625
1.1847864249086002
1.0272787410813438
1.0009994063676726
0.6151817984459994
0.9004572586517201
0.9964763227727623
0.8635559217652283
1.0048297261419512
1.0454698112423082
1.2402440681539826
1.110045541240345
1.0735179339321679
1.1511926301596986
0.9431609207937859
0.979695245687622
1.0171623335586855
0.9370798227592017
0.744238010489735
0.8889110093142925
0.710481640429846
0.9515026712363339
1.090360122722648
0.9406648621732391
1.0946609912312915
1.1400799209580843
1.004075764317081
1.0377523995696012
0.7230570216109398
0.9741398595065107
1.1815413647009998
0.9732443135578759
1.261377793373601
0.9942695420551854
0.9730032018356559
1.0740105843839283
1.0176204514464389
1.0334808563456384
1.0568334070463286
1.0629611429333155
1.1292811419193252
0.9815761232775218
0.9423430663280594
0.9686646801392245
0.958303261435167
1.0338429968303418
0.8124426625545005
1.0759196283486
0.9199764370839411
0.9779002234117476
1.1227514641730831
1.0997388086410806
1.0620114655291313
0.7383082237119423
0.8646630551287697
1.0277475789853086
1.000288786510248
1.0098553756229487
0.9929137788864855
1.1135714068338476
1.1788280275733345
1.0117228911710867
0.8835457840757674
1.043450681946915
0.6997374072347107
1.0760742543186816
1.0241977060200709
1.0141617906258653
0.9713049490317736
1.114223726479282
1.086148006199917
1.2519654350406917
1.0022781813273096
1.0619513910505052
0.9712005362387435
0.959179040689859
0.9581324908028619
1.000067969986516
0.8961533724059101
1.3713690903989035
0.6617789125610163
1.1647282288850822
0.9665391956514688
0.8953033389733597
1.0697867066677191
0.6812441062434836
0.9674029955078852
0.8788835198037765
1.0172238057118086
0.999551657227987
1.0122928459964273
1.0418593010307273
1.0230134762551588
1.0287996616562605
1.140088201837858
1.051204906516411
1.0168041417053932
0.9881997995027073
1.020780353577397
0.9870258370829057
1.0646680525708594
1.0613174151419957
0.8065668734556528
1.0024392029337794
1.1693965593781752
0.9894633928731791
1.0793599598172974
0.953566071697519
1.0025471195999032
0.8194466001988332
0.8706188437735367
0.9090245118502606
0.8410127064763191
1.0003459392950684
1.0139647702757815
1.060047996393271
1.0189779928802296
1.1459565855791185
0.8130075199298338
1.1607331446156137
1.0117144377761478
1.0123472857854825
0.9780836282773688
1.0097851736078243
1.0160809624140077
1.1289828205120347
0.7013485029284184
1.0644903345241687
1.0023274365122732
1.0151724882371376
0.9334801779736452
1.042838129898819
1.0003126130944109
0.8310064906221695
0.9959181578221056
1.2624233889590677
0.9730202378942796
1.055739760632278
1.0903173991693151
0.9251366311687935
0.644864695988835
1.0211912698054002
1.090804115083499
1.0034156978968412
1.1777434626595946
0.883838479927217
1.099035544705274
0.9064372316717345
1.0502636763867115
1.0464851612209387
0.833068182243615
0.8587487819157745
1.0304322910510733
1.0039012657129653
1.1212474976072775
0.8773650093802392
1.2688106872395033
1.0262583397791882
0.8121368172764827
0.825770542027032
1.0094893983081508
1.0563861002906734
1.0911796293352807
0.9257172305188691
0.9931046825258677
0.9084217257796737
0.805889321825104
1.0010998805682543
1.01928083292509
0.9714828913077624
1.1038014397447453
1.1472707466091627
1.0553205632970646
0.9101385082840856
0.9082507729696516
1.040514320978649
1.0728478897431772
1.0371135351518495
1.0618996944905008
1.0874250202831433
0.8013653438748449
0.9745003214214458
1.001017352782334
1.2449522461750835
0.8537748512195775
1.0560493775943285
1.1761938229520053
1.0217982553248979
1.0009910236947959
1.2152443266655149
1.0152860230107716
0.605186634672054
1.249016955501605
1.0469194115170835
0.888138977057239
0.9582458113739907
1.1923069510000257
0.9952216785439362
1.027341474887784
1.0063730532907686
0.9538061016692414
1.022578005309129
1.1198355713048564
0.9436121421290886
1.0765725747863704
1.0322185412657192
1.3082475167506045
0.662739570500172
1.3407673060211804
1.322074407478512
1.1204433026244023
0.7334206730172361
0.748931099090945
1.060766462315251
0.8529437454225182
0.9325709721043987
0.7305657808731698
0.9118157228785936
1.2956783170819328
1.010708968110629
0.7709228272018487
1.052188973419676
0.9791212077317788
1.0036272811546694
0.9975896008482728
1.0115466404286622
1.0475006192700749
0.9468128736953334
1.0088839021918443
1.0221027792801987
0.7391447636262067
1.024814439122271
1.1403564190653843
1.0043812158767487
0.7315932360699866
1.1086704319077931
0.9752345194346997
1.0136572608250303
1.0000505615416582
1.3728743407169872
0.9171025765491162
0.8299935081424145
1.0441851308246746
0.8772724232445914
0.6216785726431697
1.1296229106467464
0.65518758826595
0.9547953625053188
1.0658709630153451
1.1507879935741911
1.0350317429923988
0.632458380720232
1.1243949280819243
1.1086858610878734
1.1498421581369649
1.0408986809134153
0.8886731807194337
0.9936007299573729
1.4138605679616423
1.0273248238345039
1.2682693829965
0.9674440513260362
1.0296299639940314
0.957331055343472
0.7886126923061059
1.0198555279315136
1.0018507096562252
1.0658307621316365
0.8928595020951786
1.2547986186096014
1.3095909910778918
0.950065520398272
0.6563649680885253
0.9516924525894273
0.873333973964229
0.5969704286358702
1.0870313211893872
1.1529004859481957
1.0150846660063269
0.923989640522012
1.0513887946605647
0.8455714236329296
1.0593562615982295
1.019260727243875
1.0370506648832527
1.0368902942939588
1.1055034594991187
0.6448999305891967
1.1301569817656447
0.9169331283387478
1.0564746552544895
0.7884070349981079
1.6988343163008999
0.9695346085047591
0.8621146373757633
1.1620933136598044
1.1828096291837427
1.0663022273555796
1.0181587189809194
0.9890494571951562
1.2624546849257583
1.103078981399284
1.1541174546409914
1.0245444891491151
1.0736941629591494
1.0220594247480577
1.1802283850329056
1.1150895492536388
0.8941476334781775
0.430402498214616
1.030207009771638
1.0606985020808153
0.9494690733125005
1.1484559129482694
0.4303423866622269
1.0006993537863218
0.7093183632393555
1.0057626865838112
1.0500123400340047
0.6819385954674696
1.0144175877451422
0.8153342655060287
0.8560276239264167
0.9910208277992048
0.652527263158988
0.48309931680128265
1.2602368076847537
1.0279383312688872
1.3236299891960912
1.1750640994733779
0.5872558457803025
1.0697943722145817
1.1063930045131993
1.5913485383413006
1.118205220316021
1.0033975139957505
1.0732235917700763
0.9816545273605046
1.0058851039302001
1.067589587459052
1.0420226814471045
1.0086749558522015
1.0011021550775383
1.0965259037083595
0.794397182511017
0.7880824050667836
0.6268188326721206
1.0078511331015325
1.0342733534062165
0.9605953321335585
1.2013093407294748
0.8995675741000895
1.0249467089435857
1.0772281754652333
1.1849626407694909
1.0896024704418625
0.6283334276064182
0.9296416895443438
0.4109760747432245
1.2153002398240065
1.0792463586782706
0.9265637817757877
1.1695142198373893
1.0014185775526565
0.690575225190786
1.2170341011533248
1.0188662511900217
0.8157721431341756
1.2366590760491236
1.0033457154188201
1.251139844971791
0.9379720140783842
1.0168526196694447
0.9887006949092069
1.0131904834371008
0.7860104644819856
1.0071305600623899
0.9989597766068505
1.0081992473013934
1.4667748141270909
0.8100085771119806
1.109400459705446
0.997937011594717
1.2918195659536034
1.124239335012449
1.0075022862971865
0.9144983966820708
0.6901425697349775
0.8727659411149816
0.8382544725521368
1.0302969184003223
1.180719490837863
1.161006011583349
0.9885245759300729
1.186786628402067
0.8554835348786212
0.6293784577949089
1.066565747574366
1.02377951386844
0.60232726695766
1.0000923281174936
1.0069682317380024
1.033451644590162
1.1158889756470702
0.9441921525035576
1.3800871483499932
1.2961604542380682
1.0167282548267504
1.0108291518339656
0.7635265219946427
1.015923295634985
1.023389811291477
1.0653003680260018
0.9947159499155422
1.0246664313409055
1.0129445634869534
1.1536752460718183
0.9345203431862812
1.0411743328792968
0.8006337441047703
0.9498388193635536
1.0232233152659078
1.0566210986435278
0.9861002244483792
1.016677831237386
0.9672671899149496
0.9709540348142098
1.1455532184223953
0.9733067405058149
1.0113243989243852
1.0235413691930368
0.8557774487909494
0.9805393087600942
1.0008417779260599
1.1905571558340782
1.0508313152152864
1.009071950339816
1.0053628944870057
0.9914574787942667
0.6182142169617539
1.021396863528731
1.0839930190242444
0.9331352436351178
1.0586704578683475
1.0875397220073237
0.8451100791858348
0.960517522545144
0.6340852535956067
1.1016648923964039
1.0011001338301537
1.3146559623027878
1.0825819010120081
1.0341077842102786
1.1259568024627393
1.2073058154400982
1.2177084573422037
1.0006659202291948
1.0133443159931272
0.9774864700102145
1.1856930314227805
0.5735102907104943
0.6728949395071866
0.878188949410707
1.0037719937686953
1.0031039510311341
0.8583342910192338
1.0086729420395675
1.146304416443273
1.0186582754617444
1.044789103885126
0.9052890637079964
1.0294592722686704
0.9608156263271992
1.0011778269989708
0.8177031581030672
0.8301063558328239
1.1097923659169049
1.0263483337172619
1.0060917308636963
1.0119186332514674
1.1544239021347442
0.9905833310050449
0.9676787385310109
1.360501941145976
1.1312895851112348
1.0394548026457888
0.9165971697232348
0.9997505478455395
1.0711756524616662
1.1552455230917433
0.7637629539816174
0.7143305243283866
1.037370753002658
1.1027107368392248
1.0009506100366055
1.0134957624273873
1.1986803978151928
1.1195121472352914
1.1612632751994774
1.0428142725089091
1.0897363294735203
0.8690214923304532
1.005056421171678
1.0766213773592277
1.1562790476275224
0.9301163098941266
0.940910411400731
0.9819867281474239
1.016910977716103
0.8033390939682181
1.1329470001922288
1.1311249704931603
1.0095777783413706
1.09943425674523
0.859330603989173
1.0674695087442525
0.5837598279711154
1.2626652744143116
1.139087971066495
0.8309834147184296
0.8182810314792821
0.940061620097223
1.0082644847757594
1.1672531567752245
0.9023965521735451
0.5411564737614588
0.8540941076896211
1.2704053529508466
1.0586491878937476
0.9165820662456536
0.8627631504958854
1.0373001326295292
0.8334818652182701
1.1512323895947143
0.9983435938230316
0.9589505639368404
1.2782711326458547
0.9980523913624854
0.9395404146118371
1.1202635147658615
0.8304937671735951
1.3226287795938174
0.9555128009047155
1.16703849719098
0.9134414103274817
1.2390535886080698
0.845558793120835
1.1325357001678038
0.9081386622257513
1.163294179182397
0.8579353722125889
0.900506742931771
1.005220057202987
1.0877310686273354
1.1511058939697674
1.0812681754173779
1.2118332666274205
1.0437961706375396
0.7496303791241613
0.8065007735696839
0.6943549892008114
1.0838216331081465
1.0493973598542328
0.8136858311858716
0.9855126318444263
0.9259649033304473
1.0848500453531624
1.1693706519821734
1.0900036463955542
1.0586077515145247
1.0018230019595236
0.6720663120593532
0.9747674376467825
1.2190508868817669
1.1491567321062761
0.8285590006709025
1.0066235624697437
1.138151394476454
0.8944210727923154
0.8504752667732455
0.7404044523671116
0.9894783614668923
1.0295062630536689
1.197288528288809
0.9604368375617969
0.8147638073930652
1.1117805938832057
1.0044246897644187
1.1460854730085839
1.191107860992101
1.1473335579627468
1.0622874916370881
0.6699281620059085
0.8122052723279775
1.1147725430364623
1.0298547763440502
1.222325754161909
0.9704754389966649
1.0448514127796826
1.136958177072164
1.106689064278782
1.1514605504700495
0.8661281120087707
1.004581778936845
0.9103146608479402
0.9977882762607645
1.0103304688707595
0.9981305996103363
0.6911452039841672
0.9905828006293473
1.0289368821871494
0.9743884680851
1.0111764038542814
0.7762282187974716
0.6435516645994994
0.9891336757360949
0.8139536614322149
0.9974149763434268
1.0736458099339643
1.138469734515555
1.035217845344659
0.9352719752067626
1.0521416983414609
0.9933244055396395
0.9372631688624018
1.0303652606308575
0.8548517817135217
0.8684192221657494
0.7467672138371697
1.0265551612466997
1.4099267170129361
1.0435378610451345
1.220776951504594
0.8566525731743271
1.0382094067948229
1.154606002426537
1.0360755389373704
1.0057507722240644
0.6705683518859259
1.1251165975284092
1.0307444671195374
0.8874932120148042
0.9813946475278928
0.8880695602990596
1.00094501276554
0.8296420335333603
1.0340009443984945
1.1399442727275115
0.922723896914045
1.0367474656168434
1.3812258939792657
0.9635232971288222
0.8968491984992728
1.085773199327465
1.4155402702318458
1.0000932931465603
1.3271798997730933
1.0519284554982669
1.0949330019265457
1.0113472653536226
0.9683149088415319
1.0692730662503815
0.9389628787788648
1.02840349787455
0.9835042919251038
1.2402049908243167
0.7706945633433842
0.34486876191578697
1.002887060994784
0.8599846549943524
1.1228142419939589
1.0207336704912495
1.0923469378654749
1.162610547985363
1.3886309649135073
0.5529175481352389
0.8584870793212023
1.1042601343700806
0.9984554663155785
1.064720744891488
0.7337531405360466
0.7670453944980462
1.0012085515754205
1.044254841490968
1.0721190129993206
0.8586373523905496
1.1331159592022144
1.1882588311083868
1.2190639409602966
1.3230318194611554
0.8528667999547529
1.0072268162852525
1.0648531969331507
0.7906828688080956
0.8899591763925723
0.6338659446874475
0.7572885579761198
1.0564191658900421
0.5892058288685293
0.8759787422379872
1.156302059183938
0.9622964026085903
1.088065931844469
1.1365226207899315
1.150979433379928
1.1253365720546913
1.0159625249128816
1.1964215551767143
0.9879520794754533
1.0601895236694818
0.6991565548185155
1.0944219471730103
1.1233999543976891
0.8381769782581912
1.0691317930833777
0.6666864298425756
1.2871766118269243
1.184751311522927
1.2964919210261576
0.8907768830153713
0.937606605830323
0.8745429239564418
1.1763111095111538
1.093080597240788
0.9023904551709776
1.0618969446023485
0.8479851752292547
0.9337306357807118
1.0209462314022804
1.0629504774889367
1.0826917735489223
0.9391132690419308
1.0900392389888527
0.5839845373216888
1.001370831959427
1.0813522086880911
0.997085851748394
0.9217247197324631
1.0033496908054111
1.0040738186344846
1.2496446862380597
1.0033019040361895
1.1246014260692268
0.6650791893783259
1.0162051611176484
0.7440953054578564
0.9485665559903037
1.04824829972068
1.087028376594195
1.002373803697997
0.9566652160138928
0.918842894020973
1.031082758104646
1.0478034600850066
1.1538392644007343
1.1950533892189483
0.8769953981085588
1.1361068487201718
0.9779605502268247
1.0132864320447434
0.9976219792304086
1.1908776086536894
1.1004553632786795
0.9172294397741801
0.9208412772021046
0.7080714758704897
1.0110316295980895
0.6421172333255292
1.197031460819967
0.8510999025379168
1.1676590603598271
1.131794573671726
0.9953737059544847
1.1943287100202897
0.9829336124054596
0.9584340904618831
1.0021499445703577
0.5225761749400568
1.1534727647787155
1.003818656212362
0.8121321127705696
1.0480339837569554
0.9907579483478397
0.994644401416192
0.9872009800426873
1.109585490834105
1.250787264930846
1.111378544831862
0.7777389425912217
0.9705382828990146
1.0078825543989614
1.0981627474469513
1.108653921978296
1.2140309810025873
0.8357223425882159
0.8896212294793375
0.9745331381692951
0.5464654837271667
0.969102415628413
0.7727250154175728
1.1087342055284135
1.0313190352944464
1.0226400568148877
1.0600848677923596
0.8223437274835892
0.9567727555874302
1.2744293695931777
1.003278951899595
1.0111490697275016
0.7460081256264934
0.7402468275600895
0.9985740719078471
1.2310332325003785
0.9234488981661995
1.361058206895263
0.6828610347405917
1.280620580620976
1.0585915277792597
0.9716827287329306
1.0481658118716624
0.7075725180804139
0.6727428986448052
1.1148067188350703
1.0048225454953807
1.0815365037408586
1.0232275203105674
0.8402288745934721
0.7192208063967696
0.9939903572333115
1.0385595034857347
1.092880288115258
1.2106090894044224
1.2410449664703285
0.9840351194083803
1.1167737601190924
1.3844451002849567
1.1295116527862863
1.0192862743911233
1.2228463991720624
0.9805707108890315
0.9689660271491728
1.1038546389426236
1.1357474248182682
0.9967719477434985
1.002926072716144
1.0018052127245034
1.1146616950224408
0.7809592402279795
1.08147652152845
0.9284129737805327
0.805996225008922
1.236093733879572
0.6577776946725031
1.0655460118439475
1.0192303093534396
1.1226168278305675
0.49682188594839494
0.7441873034862353
0.7341709717080809
0.9807742187958319
1.2037079734451694
1.0013069952169276
0.872183700942268
1.172080430477498
1.0276930622430043
0.9358453506269971
0.9415080602903179
0.9317747392521987
1.0138201781361427
1.0698262524841216
1.1037422183706778
1.1142725092694006
0.781312977257423
1.0343575226303412
1.0046376506503756
1.0479561379593525
1.1159051775288145
1.1244131109460431
1.008802448366513
1.2028896361106243
1.0113552548519698
1.0066040632831408
1.4607771869241593
0.7612915157114488
0.7355343369879084
1.2032382471652343
0.8791605247593213
1.0722401855341497
1.0408293854341792
0.8785158960750465
1.1128199394069287
0.6223413868171241
0.8701704872189825
0.8516368573800647
1.0416715319616954
0.9347497747214248
1.1864980487769317
1.0096629786299967
1.016079895017438
0.8480276658183917
1.0743552307693902
0.7117130879126884
0.9802359253316999
0.667330117162046
0.913575773535806
0.957749632108961
1.0650390957142668
0.9623773752447128
0.7002527579171678
1.0268691518405408
1.0829879992841975
0.8807793452770518
1.3716769432703138
1.0022252509861946
1.0006037457936074
1.02747865641054
0.8509066699739347
1.1993470083141138
0.993968452013215
1.0906153124264752
1.103960886946632
1.0444667998923043
1.3357063620724299
1.3919709265489084
0.7708232723906976
0.9428909542131076
0.9829356423220965
1.176963140563564
1.0671706975905009
0.7760203504569538
1.0578913299756936
0.9812719202279614
1.0000104343645675
1.031031571312318
1.0960224230025868
1.1202466399040634
1.04077523477196
1.1359055052748852
0.505841307558601
1.0588143712741351
0.9998594431411417
0.6353587821467719
0.9905561366413727
0.9997244719168306
0.9234706104545399
1.0046208241442531
1.1346309379324881
1.026427237303493
1.2313379768210728
1.023588910977163
1.0824595715647498
1.0504380876991306
1.001286246281352
0.9442941332975704
0.9696076605430133
0.9867384487579007
1.0809459872440916
0.8470813874039609
1.0923339107778505
1.0917666223791156
0.9526152981010746
1.0000122965916738
0.9232364141781978
1.0306905690367216
1.0307294842544028
0.9659095735238069
0.8438988622585843
0.9550951362698218
1.0467864587137172
1.033842674269719
1.0556077236179753
1.0098616190436613
1.023947281301322
1.7065687864512027
0.9897644679447808
0.9129843575799799
0.9956355381463713
1.056107273280245
0.9464140513629198
0.7784403306307734
1.0171019737008296
0.9923777328119634
0.8702255083998307
0.960319931018261
1.0677878133221959
0.9813276185685245
1.0070533091424854
0.8231352293606335
1.0021829018666926
0.6594748826520633
1.013485248127582
1.2535011002169227
0.9980537359777281
1.0984494038049109
0.8844266509071943
0.9145281404723535
1.0342991937547077
0.6067625589090211
0.7891451672756519
1.0817714182479912
1.29276137569182
1.0134491107744341
0.9948510443683546
1.0395319355154307
0.9982128732328129
1.029807522261866
0.979783500551777
1.0509027103024606
1.1836104891154264
1.4080043795005577
0.9764462827528868
1.0078682701745778
0.7314367369796906
1.091330971237515
0.745823613262659
1.0711846632459339
0.9987963792972738
1.0178681388931272
0.6457366814846512
1.0739162497039683
1.0104947168095406
0.9117815017654249
1.0346146799515306
1.1285366578610718
0.9786269081932154
1.0108549871488224
0.890636428976042
1.1586043931501289
1.0910905245658276
1.0881296733354113
1.0209205427614094
0.9928805440944971
1.2317261004406146
0.959307735819362
1.0105651503533069
0.932578888275692
1.006090517377006
0.983939078914067
1.1270316982116644
0.8765943546636736
0.9999689816253051
1.0098101085396545
0.7821925671607679
1.1104191914856996
0.942940462345168
1.0382618584188406
1.1090566345160098
1.123147269230596
1.298040615981905
0.5816946871092858
1.0001768220235463
0.9934693878917216
0.9214200712856134
1.0019689068320201
1.115004875692806
1.0824233626628983
1.0083681044921424
0.6699384724011421
1.0184852830213127
1.0032726187208323
1.0591152379812558
1.0317303393540203
1.0316943968773886
0.8922703650009121
0.9669474055956725
0.9999237146778872
1.1580289248640718
1.0189067226720563
0.9794591364949851
0.8384013321786676
0.9108865651427742
0.9953452209069653
1.0064505458652984
1.263279477906471
1.3238308665834495
1.027441484419989
0.5893210253844086
0.978501731998543
1.054522176413181
1.1261832579126851
1.0081432762811122
0.8851494056880822
0.9087451908404405
0.9773094678770908
0.9428153965971504
1.1431282513345273
1.0522793288669319
0.9009574805661942
0.8234305867092762
1.06135106522252
1.0903084722255096
1.1089904158252715
1.0177506437808963
1.02117449920978
1.025939086803421
1.0568426486038764
0.9663162414985311
1.0028280123292852
0.85323993720807
0.9030069949109685
1.0270606428445304
1.0456347387162401
1.0257170216441027
1.0922195654041114
1.0501301072498799
0.9960168390935404
1.0492603167938395
1.0003560357407948
1.0350035205817183
1.195786860527875
1.0021677459498848
0.9818902711159007
1.0238852997707861
1.0046737503655125
0.8689154976484688
0.5756901839074122
1.2139613599923804
0.8749336765770748
1.0151413425856832
1.0015210829045045
0.793113804964737
1.0270801874482194
0.9912726593746666
0.8872574292035551
0.9741289591784003
0.6534551970186189
1.074682020432211
0.8743831482801736
1.0265863876130685
0.9783861292487998
1.1851059429346626
1.0333214149424805
1.126894477320314
1.2005746026116646
1.049919242710644
1.0101110600486929
1.169911523584981
1.1709260634236691
1.0985997734452255
1.111986418099709
0.9317454220194263
1.0060320969372025
0.6943353154322703
1.071825209741438
1.0638669127714102
1.0359697946821267
1.1135024640755353
1.0886029306931864
1.1218711105260215
1.0118645386327159
0.782424401124148
0.7762729022730286
0.7931418159533226
1.0497343037685332
1.147018738004986
1.2423711317312014
1.1315297213233406
0.9523551970373668
1.2735668642358284
0.8496164552557532
0.8729613456319705
0.7383482195537943
0.9572792645543973
1.0333751424246822
1.2522174850684138
0.763919937266682
1.0025587855318223
0.9940187719400969
0.7102942041770187
1.1219267170733247
0.7757861626680131
0.8514709618142828
0.9066567839689024
1.0024237561040934
1.0201449374974967
0.8320983649095564
1.0392592237289038
1.0185832331494233
1.0674509597717132
0.7724492200580273
1.2341250146783604
1.005797198388617
1.1212369638899604
1.1011937380631887
1.1425252545123081
1.1337543497773497
0.9766708052449531
1.0140649623884679
1.1052766187336576
1.0012512106755884
1.0891997787570264
1.0637106295904095
1.1953983898921816
0.9118539076150118
1.0809968777964123
0.9750173139332665
0.999864285097918
1.0677823547884797
1.0118934718405828
1.0007856662049597
1.0557528707692585
0.936144460070798
1.046986204815973
1.0315996386574142
1.1526357738683828
1.0190485601506736
0.9072012255229777
0.9549666870959153
0.737823353025684
1.0131031449921144
0.9119767847125306
0.9037135663625064
1.020160440047711
1.3938308977638523
1.1583586563448
0.9452710460554385
1.0032060778619247
0.9724782576441673
0.9507162844225009
0.8223448375445342
0.8386082856715236
1.0612587885681224
1.0096938984020156
1.160365595322758
1.0549921869583168
1.0406673927871766
0.5073648393436722
1.1214891704268823
1.01938841127934
1.0542373786576111
0.9763440868102204
0.9079924554320341
0.8269860298682593
1.003668819702912
0.9379857087999083
1.03599524789148
0.9564721010717155
1.0690783077276604
0.9348955566879835
1.2116903257263099
1.1725967824920394
0.9522195879604808
1.0539189597108518
1.20497661721617
1.068523412616862
1.0056644562125499
1.074426492289355
0.9710466719434552
0.7616211158559947
0.9418521219663781
1.1362334037795643
1.164889137393561
0.9220082513317591
0.786230603724662
1.1421915793209967
0.6426106669775288
1.0740721541968918
1.012070224430269
0.9436695980911243
1.0092194469520503
0.6823689119136753
1.0064980201862803
1.3762522077804167
0.9616332439887194
1.0316549248949398
1.1776394324865356
0.6881181637976146
1.0325079922071865
1.03295420321317
1.0778627637198328
1.0379763705899712
0.8065257258733568
0.641827749415264
1.1615982496718038
1.0706656207225431
1.0220323744177613
1.0808758670059189
0.690345782440251
0.8746629306436855
1.0594176655320642
1.1965808753440894
1.4590702957976824
1.0039716764323106
0.866511480506839
0.7885526143069418
1.0010821086340513
0.8815024745881195
1.260468777474697
1.294370654466214
0.8979702263172751
1.1783806248036703
0.7552270270958847
0.9366193808165555
1.0475398466032515
0.9687992136092641
0.6860525453640619
1.0914210562482678
0.9998898932346685
0.8073092043130137
0.9835504701561445
1.098824565521639
1.0017731946262893
0.8788991958034353
1.1415543552667125
1.0005194595439688
0.9590269450072458
0.9163439854969724
0.8660409322318787
1.0460563302343566
1.0097384519777295
0.7151042321891621
1.009776794364035
1.256061970313628
1.0152874445355284
0.9208644798847889
0.8713917588964797
1.1454309695546536
1.04934910391172
0.6676413991060364
0.8231140059968859
1.0002000875699042
1.0112208449158195
1.002349903005678
1.1935783458531688
0.9447323207328027
1.1419313384299659
1.149743593879639
1.054111289721243
0.8265107988952265
0.9717850350570074
1.1353899049694944
1.2065340880141218
1.1492588696494335
1.0344412518269535
0.9541325189249158
1.004412207702888
0.8872469577211579
1.022177504905444
1.0127030491202043
1.0723611431159146
1.176474673803933
1.0348552122517822
1.179750571956204
1.01774551416842
0.9872576573444802
0.948931362253788
1.0039126633819127
1.0228798584679861
0.8524930194544541
1.0054841033358497
1.021835456298149
1.1099838682399725
1.2277399922949743
1.0319392523102637
1.0495851364520663
0.7373769989557123
0.8410926680019202
0.9514583137384685
1.0221704896940886
0.5938991423538447
1.046067069656609
1.457565604170227
0.8369819707593587
0.9992737332124204
1.156511630386322
1.388117744188297
1.0363204686533498
0.5330469722175848
0.9785068293530506
0.9604846834627161
1.2429038760420141
1.0752515593919005
0.6373852497704708
1.0619384701042005
1.3897159484928556
0.9153282553093536
0.9485467677750614
0.8618777950458424
1.0046784882499717
1.0904315781779341
0.9291814639538629
0.7783804533647257
0.5249678137067633
0.986648969927183
1.0416487030422417
1.018157809067831
1.1436211921237542
1.3105702134779849
1.0019267632265634
1.03452050825778
0.8270367812897981
1.0726226055454322
1.0321585419447517
0.9653180769105717
0.7498536047513309
0.9202831933280051
0.8331302256680189
1.2412464514844013
0.4959120515404355
1.144851135752788
1.2381934842392517
1.0036118019742613
1.0657771341500353
0.9722055764010855
0.644306371622202
1.1140726812032251
1.3156145959338512
1.3757887331781689
1.039477213625226
0.8916955249970606
1.3235380799173742
1.1701875524667407
1.0822832304115617
1.1164614334063092
1.131949248511382
1.1689746730744015
0.4858567699296851
1.0026468260817814
1.1172057671661642
1.388189630643296
1.0399388760133408
1.0138761910408514
0.5620342304105811
0.9305605250156768
1.041799092677291
0.9197383835655297
0.9879973206461811
0.6345407735354337
1.1919284546479436
0.8496459133473508
1.190955649940542
0.6671263048505005
1.0263704039836448
0.9946643563580504
0.9993808997920028
0.5815832792822238
1.0571239476655596
1.268889763342873
1.0461525509030238
0.6486438953260496
1.0269613703978941
1.0835120196091064
1.0717097949424754
1.1825119018703383
1.024063541049438
0.7908266641502042
0.9220537644043423
1.02140350883792
0.8983349138258852
1.1782294014201904
1.0541334805869649
0.851041292717793
1.191783623057835
1.1403356042023627
1.0094299189013958
1.0236437659970024
0.9814095975029904
0.8465810103058682
1.0975697975214047
1.4640288513967459
0.5140581549405248
1.042245710617175
1.0303284561901227
0.9373229652562829
1.1508786006540825
1.2307491500938723
0.951798880232807
0.8893860120708579
0.8569479308045161
1.0417182448247246
1.0280481432157638
0.5702194012803865
0.70000300108592
1.2780792929922105
0.9958034865992966
1.0400408870379487
0.9646808617928
0.6224254224453603
1.2040093304084758
0.7092913382073878
1.156947435306245
1.0525541761070305
1.0450182461345427
1.110708916994151
1.0333542026180629
0.8924624476936067
1.0904149604052602
1.1344352881589348
1.433326528795035
1.0887314668494474
1.0352202393721304
1.0918281043793665
1.0458879328298045
1.396675028446364
0.8112898446217431
0.8298192979232184
1.4304563906617127
0.9799932574755101
0.7373433951052826
0.5301632601686441
0.9091795712539289
1.3350223840917241
1.1083164182830494
0.9099756853737462
1.038840308312023
1.0760777445067495
1.0020597864568417
1.1764314108754634
0.5771590110746317
1.049431181816704
1.0857089219216571
1.0163576554867904
1.090413666283277
1.2154082973507827
1.0279544077321274
1.0059873675936815
1.0598392436222173
0.959665936815246
0.978273110717965
1.0209979379953156
0.9475350202400918
1.0574417483212102
1.0165908572929574
0.9047956039064519
1.0170743856551696
0.6910088682992646
1.0749326251462434
1.0328555350278241
1.1679466713818774
1.0226201319373627
0.7356403797616138
1.0572524760105266
1.0580250562965166
0.564828954882572
0.9314497341372299
0.9027071244884568
0.592476679785086
1.0592965625043258
0.9431711114542165
1.141961442936687
1.0376645726266285
1.2551329183954096
1.028627131919335
0.9632167655071313
1.0479225577568299
0.6929254060600647
1.0069805348678051
1.054716271895632
0.647080422660354
0.7520393785645871
1.0140459781545395
0.9158524823648386
0.9891125066037536
0.8469214881076004
1.1020234779906177
0.8873451720190588
0.9891160398967782
0.9272983793408781
1.3477784027444732
0.7342431727099399
1.1440530548906371
1.03998968954531
1.0399180713351492
1.0396809473914133
1.0352287607934638
0.7381965357429523
1.1832372286199244
1.1065020583107015
1.0003909503121062
1.0828726155591242
0.959599980823125
0.9218663716992452
0.9867297816078062
1.1080073203543184
1.0193606897092593
1.0593083097137328
1.0343931423455548
1.1340755338659778
0.983560264943609
0.9937063652662742
0.7938264509899289
1.2216905706241352
0.982481488841722
1.0599943894892552
0.9117452715562377
1.1089182608688686
0.8905825191844448
0.8983645616836162
0.8980428754868387
1.0011502995680488
0.9463724031784786
1.0543157678404813
0.995505482797987
1.0082569458207153
1.0414664419862594
1.0041279360577007
0.9440939498666856
1.0669794336964449
1.0935597144449833
1.0280053758886158
1.0289142594860414
1.0088841431792568
1.050536279455994
1.0028940807568296
0.9998967430264487
1.0324478896168037
1.0382324638878002
1.0035102463033505
0.8653352881466236
0.9903181336861855
0.9432510182863869
1.2264634893366426
0.9861270478643899
0.9861125991488973
0.9782562367435577
1.0058286544200115
0.6799270905083983
1.046406379047724
0.8595189890754269
1.0184279750736107
0.9222701242918903
1.0783218492937032
0.9549493897828005
1.0747898284577717
1.0234597770770844
1.0024458830433058
1.0609593701241538
0.9987518894456144
1.0596269989614504
0.9657805340056413
0.7187437257031561
1.073397838268252
1.0100458145806046
0.9393495080824499
0.9476558479715216
1.1558276680615687
1.2510492432306841
1.086593114570492
1.1790405323627642
0.9989190171686495
0.960619771100059
0.9618852428222292
1.0079929891067239
0.833830764584597
1.0248530233912185
0.9048956038620624
0.9974486331037395
1.0086165973732677
1.0524204027147794
1.0026096755077596
0.9360480497606014
1.0979324208360661
1.082785585424095
0.9386495757060297
0.920025161056617
1.1077101672635756
0.8258294019489592
0.6587910230755039
1.0782209983904871
0.9969297078457411
1.0327498579563035
1.055263746256529
0.9326419728900976
0.9653160121685309
1.159778365157861
1.031096317612513
0.609187358073632
0.8132506808976507
1.0241774045942953
1.0365279296981114
1.034007237258288
1.0383420680530935
0.9757966955521303
1.0999897115075323
0.9962687597341422
1.0572731478773019
1.2933651717360544
1.0900624354680202
1.0195529269773052
1.0097608430001288
1.1410687701874658
1.0048898874139447
0.7542804823332312
0.9288032716609591
1.3564818392768343
0.8416429679044387
1.0046452227299372
0.7008281624987007
1.3035747335745609
1.106417120673465
0.9348577256240375
1.3411134164967713
1.0480939185476021
0.9026599780662448
1.2042348251961783
1.0745657999537594
1.2250766727899998
0.9877540537758196
1.0440620649055394
1.0581246139618876
1.0017890328243908
1.2138070908405423
0.9140551933826263
0.73457785201491
1.0685661251312535
1.2269054192347717
0.8531384865258551
0.7160850005673525
1.0577641667562605
1.0751219227704465
1.0247957827331713
1.3448029486688546
1.0104072370522186
1.0033377594333661
1.0437740511591338
1.016084399056842
0.903220660721325
1.1459974004377989
1.1095367610860474
0.9723679705580582
0.9920270430725031
1.0025732358151709
0.8697270031058781
0.9924044476520963
0.5376329069060024
0.879468026492065
1.0112975567726405
1.0064588350408674
0.9384881413126576
0.6518572058205655
1.0755499010712275
0.9880268564793864
0.9702969482306825
0.6786259277102007
0.9988010678501912
0.9851347820959695
1.0209803358408114
1.0277154239259123
0.9692872217749535
1.0026536512277748
0.6885971245553981
1.3284964825802161
0.9253040984027445
0.8920135894352128
1.174683948078292
0.9717406885333171
1.0120358517217478
1.0581871343144578
0.9639797980709692
1.0469619397661236
0.6266611957777208
0.7345483842640672
1.0273796497375383
0.9940347722776033
0.6917324324219886
0.98585113887998
1.0050078337863284
1.0023773129532147
1.0417889817676556
1.0719206248240534
1.1081018200103223
1.041280003067046
0.9281174195710955
0.850138571373206
1.1555963210060425
0.9633128393353951
1.17963770262723
1.0710848090021907
1.03839673166178
0.9430120840899977
0.7912582188702117
1.0000260289524383
1.0367445369231119
0.9980763101346153
0.7757425056546752
0.9821257762837219
0.9954202666842245
0.9276964375955172
1.1621596157309741
1.1709943205207607
1.000132508074691
1.0850406444715874
1.0071876389304109
1.01992011949924
1.1841527656899444
0.9948709180384827
1.3149971977328054
1.0790265918866329
1.224328071637303
1.0643905459579135
1.013038783408411
1.0858834903306978
1.1343426029896435
0.8062688471779857
0.9855435052273753
0.9803787739246528
0.6205024761734058
1.0117629974100792
0.9972303364047082
1.3087053702451772
1.1328011856973965
1.013908233836666
0.991405504090249
0.5950969993542994
0.6349818217360381
0.9966584678481267
0.7527147032924704
1.012753685430663
1.0046909842693625
0.9231063141039163
0.9995741604517406
0.9761437449752283
1.017935811473369
1.1259324557624797
1.0112042050283327
1.0811421156517058
0.992358796945401
1.0950254022758625
0.8758408376772779
1.281966336980069
1.0154470196788952
1.0122589786296134
1.1437902978489554
0.9000155195821664
0.8664540072430729
0.9660523445726041
0.9907395307566678
1.0048158442918864
1.0035722515886591
1.00337112310058
1.0153129160770633
0.6837599628933944
0.9901196270373397
1.0787318784564812
1.0334715106946282
1.1346064460641703
1.3024085996412367
0.7147303255488342
1.4086294255022267
1.0632743125178126
1.2080998639323468
1.1988246473291118
1.0034023270808499
1.1406505585530762
1.0206282673670384
1.0089736469022188
1.0381524342216828
0.9107281798924739
1.013186430144478
0.6436445097259943
0.9686086219642254
0.8816273760258924
1.003684711452471
1.0143326357734916
1.0791918110157805
1.0020947889463425
1.084720802292511
1.1050447260499472
0.904190034600213
0.9528800428425628
1.2657352490095528
0.9802728305641119
0.9160184258153705
0.7633509840258117
1.0194138113105775
1.0014203192187465
1.054354507288441
1.2010206380783832
1.0614991639080833
0.9446093535596592
0.7490157917791442
1.0476194095571303
1.0460460740488342
0.999216053532243
0.977006707149789
1.0018842901966485
1.2898086304368348
0.8404742202373423
1.0114866402196774
0.8200168088835775
0.9376788965766828
0.9440988778482144
0.7336362717779743
1.1411350559149707
0.8949218334545297
1.003819135125692
0.9551927420429154
1.0218499326615542
0.7489307559387803
1.1421086338740727
0.9496647146248175
1.3428780167294492
1.0009186769881464
0.9907547678051316
0.8840799393901617
1.0352721056290972
1.1349496891687205
1.1554270217500011
1.041429859458959
1.0032764704122576
1.020469459342801
1.0278826605494022
0.966725347252162
1.1780784706111143
1.0688884311749804
0.8267550475169096
1.078528698479476
1.0390937421963697
0.6733140400473694
1.0097993039356687
0.8652505482021654
0.9728271502915078
1.0006473033844772
0.8095596091874888
0.9701680035804554
0.9860395903695927
0.9994958295702971
1.0275511522802532
1.0013179491903554
0.6275526345035813
1.1689172111525394
0.8228727309341184
0.9513082588780721
1.202680013167269
1.0199834756506527
1.064471627477401
1.2185834108713607
1.0705285621054321
1.0222289142544643
0.9560586610374573
1.0014430646094623
0.9380880805939387
0.8528307679078644
1.0390502792804313
1.190530612063473
0.9776785499144185
0.8703706070552268
1.0287539139419297
0.910129885077372
1.215386631291107
0.8733826714132231
0.9082072266708237
1.1672504078033015
0.9157068506213899
0.9862693742901087
0.9640347730975197
0.9946672624894161
1.061658879806766
1.0524191236545732
1.3919797449658402
0.9752016320317496
0.5001914173462423
0.969470775109616
1.1464448706198933
1.2566083312652094
1.0337497927060775
1.0792603255289
0.8159749336033049
1.208615984144556
0.978247391812506
0.7746056556003937
1.0252376639428342
1.0089260905229724
1.0080725726734803
1.0483559407316159
1.1256714437000492
0.9207381060338744
1.1996399830090523
1.034313487078983
1.1981989261754193
0.760512768536947
1.1261998857211142
1.0688511223960093
0.9204059589711373
0.9588736375441586
1.0281589880098845
0.9207168482973195
0.8306544469094291
0.8374290199499037
0.9667729740774018
0.8599941623867913
1.104606450626628
0.8294504386692964
1.3094121396385545
0.7301913984925792
1.175199630470786
0.7557521154439394
1.1357134584436959
0.9531718193755944
0.8553098629450545
1.0728869422701646
1.2405386891811205
1.1279781801149156
1.0554658417031384
1.0032177384755552
0.9561863888392073
1.150919637426234
1.0261261662719763
0.7917687836440459
1.006444274704533
0.668523104856646
1.006577841282572
1.0480953807486628
0.9331299420307749
1.0376702615905793
0.9278615829177984
0.892915130699383
1.0258664507300252
0.981387113271116
1.4386351894840428
1.106026101135189
0.6380674228034358
0.8117484314468726
1.0435662115050663
0.8005540062541481
1.113076295290496
1.1066705883644854
0.9861605913336057
0.8693006659306592
0.6572937373433764
1.036831803272632
1.019826389076251
1.0782166451577817
1.0014644358357647
0.9134151373060262
1.0150152059687083
1.0031796449796269
0.9243733122789941
1.097060958574693
0.9941316538602833
1.194745797981388
0.7368281901510956
0.91039358816811
1.0976980264198537
1.0400480449624787
1.3703512619381242
1.0648426068564811
1.0068129041457525
1.1598622914589343
0.9301042695036081
1.267805461490985
0.7247429663450572
1.004768418895594
1.0040288069675027
1.0534839512586696
1.0383601253204815
1.0569171801229373
1.0109589200534985
0.9172345497286771
1.0414900338732798
1.0036068775948672
1.1037048974900294
1.0292298831187234
1.0066714256180138
0.9919205940025755
0.9077577411712242
1.0061282193386538
1.0042043338867899
1.0045709586107923
0.9235821735988571
0.894709400397666
0.9657478128973038
1.0037320790748059
0.8568670908469167
1.011008286993686
0.7303720232309876
1.0458426361935076
1.0327592763648537
0.7136744610848135
1.0469086020588794
0.8776183518000911
1.0006113784182666
1.0038073341809732
1.041686221335071
1.0558243792832827
0.7646060932825572
0.9015412080345913
1.1995453750597511
1.0614723934563095
1.0032404021735832
1.1145875729144994
1.0376191207638121
1.0729275153991131
1.1291923746558163
1.0711743601444585
1.1722862950291393
0.9608566007800374
