1 1.0
2 1.0
3 1.0
4 0.75
5 0.8
6 0.8333333333333334
7 0.8571428571428571
8 0.875
9 0.8888888888888888
10 0.9
11 0.8181818181818182
12 0.8333333333333334
13 0.8461538461538461
14 0.7857142857142857
15 0.8
16 0.8125
17 0.8235294117647058
18 0.7777777777777778
19 0.7368421052631579
20 0.75
21 0.7619047619047619
22 0.7272727272727273
23 0.7391304347826086
24 0.75
25 0.72
26 0.7307692307692307
27 0.7037037037037037
28 0.6785714285714286
29 0.6551724137931034
30 0.6333333333333333
31 0.6451612903225806
