1 1.0
2 1.0
3 1.0
4 1.0
5 1.0
6 0.8333333333333334
7 0.8571428571428571
8 0.875
9 0.8888888888888888
10 0.9
11 0.8181818181818182
12 0.8333333333333334
13 0.8461538461538461
14 0.7857142857142857
15 0.7333333333333333
16 0.6875
17 0.7058823529411765
18 0.7222222222222222
19 0.7368421052631579
20 0.75
21 0.7619047619047619
22 0.7727272727272727
23 0.7391304347826086
24 0.75
25 0.76
26 0.7307692307692307
27 0.7037037037037037
28 0.7142857142857143
29 0.6896551724137931
30 0.6666666666666666
31 0.6451612903225806
32 0.65625
33 0.6666666666666666
34 0.6764705882352942
35 0.6857142857142857
36 0.6944444444444444
37 0.7027027027027027
