1 0.0
2 0.5
3 0.3333333333333333
4 0.5
5 0.6
6 0.6666666666666666
7 0.7142857142857143
8 0.75
9 0.7777777777777778
10 0.8
11 0.8181818181818182
12 0.8333333333333334
13 0.8461538461538461
14 0.8571428571428571
15 0.8666666666666667
16 0.875
17 0.8823529411764706
18 0.8888888888888888
19 0.8947368421052632
20 0.9
21 0.9047619047619048
22 0.8636363636363636
23 0.8695652173913043
24 0.8333333333333334
25 0.84
26 0.8076923076923077
27 0.8148148148148148
28 0.7857142857142857
29 0.7586206896551724
30 0.7666666666666667
31 0.7419354838709677
32 0.71875
33 0.7272727272727273
34 0.7352941176470589
35 0.7142857142857143
36 0.7222222222222222
37 0.7027027027027027
38 0.6842105263157895
39 0.6666666666666666
40 0.675
41 0.6585365853658537
42 0.6428571428571429
43 0.6511627906976745
44 0.6363636363636364
45 0.6444444444444445
46 0.6304347826086957
47 0.6170212765957447
48 0.6041666666666666
49 0.5918367346938775
50 0.58
51 0.5686274509803921
52 0.5576923076923077
53 0.5471698113207547
54 0.5555555555555556
55 0.5454545454545454
56 0.5535714285714286
