1 0.5822339957278614
2 1.6172621804117446
3 0.5230524584180193
4 0.21998164719289276
5 4.49690864189631
6 1.6017547844425701
7 2.142344479775513
8 0.9252357841997918
9 1.4277268614398089
10 0.5099199852639176
11 0.46855585448602566
12 1.186095048610169
13 2.0731771327371935
14 0.4160974835625945
15 3.7775286841513083
16 1.5067183416379477
17 1.437126698582621
18 0.23210931109792873
19 0.06462724668361203
20 0.2526003884730012
21 2.0613300349844876
22 0.27864913885288145
23 0.4053162477850299
24 2.531965509501583
25 0.7071495036269144
26 1.9217258437758318
27 0.9422163563876329
28 1.2793209421337042
29 0.8755344485618092
30 1.2475360178704482
31 1.1361966951433886
32 1.1975794146020813
33 0.2942132914543175
34 1.0304962462658334
35 2.4459645244738866
36 0.9092515043593583
37 0.3168296200771064
38 0.3076735077059704
39 5.260298618898977
40 0.5277927281709219
41 0.7096308907107248
42 0.8631029100003194
43 4.352909120438612
44 0.5375954440054437
45 0.6660524979276334
46 1.3645450800712982
47 0.7878554066504905
48 0.5684725653148931
49 0.4281382801785536
50 0.6546888354015058
51 0.8658073936293533
52 0.6692771594860585
53 1.6160687855166478
54 1.0639779835221783
55 0.9191866235484362
56 1.1081237033656324
57 0.9090104049671889
58 1.4338251737551515
59 1.5206927462635014
60 1.9377883021700881
61 1.0717320374277952
62 0.24672737039296905
63 0.7607909627776149
64 1.7893197026098622
65 1.2098422938705777
66 1.649520628762341
67 0.9964118893401219
68 0.959751755295069
69 2.6307033663969066
70 0.5000550430825802
71 0.7301102063024336
72 0.43439924973671795
73 2.9075423331250616
74 0.43644631459807465
75 0.5716721665365821
76 1.9870996239229748
77 0.6237323724503695
78 1.4079008528224766
79 1.2827905873219771
80 1.005535811761735
81 0.4198231563740699
82 0.9905006089745734
83 0.3920853890207536
84 0.8367992839641732
85 1.1716362555599598
86 1.6389470247842473
87 0.9362062118356348
88 1.2563535299869797
89 0.6573124812321393
90 1.2788416594502503
91 1.1690369139304997
92 1.8846295973027218
93 1.2572637954575916
94 0.6794273338690124
95 0.8019219504365873
96 1.2363622744851508
97 0.7912581798440359
98 1.0105691674090067
99 1.1832287789837013
100 1.077245058113044
101 0.7968294027234242
102 1.74746373590717
103 0.8925120810300391
104 1.058049307091231
105 0.616759262374876
106 1.1775187751395009
107 1.1035511933222508
108 1.1160571184815007
109 0.7696333968886916
110 0.5463077537604473
111 1.0112291366823927
112 0.5432866911957143
113 0.97410731787383
114 0.6523153563014066
115 0.743692208139445
116 0.7544679761956548
117 1.003611064124868
118 1.7069034826121274
119 0.5061511882780398
120 0.8523040436710883
121 1.1281798509675824
122 1.0346794583978856
123 0.7961700574400762
124 0.767059502602413
125 1.6221024908783257
126 0.9125273213118507
127 0.5825949164635471
128 0.6401818848062754
129 2.7858884445383088
130 1.2281612937363362
131 0.5139716138503766
132 0.9904068916927705
133 0.8448434866300522
134 0.6114033661638125
135 0.8443462829696881
136 0.9157291650076334
137 0.9110756753794831
138 1.0345836229040888
139 0.6880764053053144
140 0.9943223059246735
141 0.9284405587112176
142 1.095993941178155
143 1.7644294842576902
144 1.3840688583770095
145 0.9002501427770515
146 1.8616044899727413
147 0.9427781744732262
148 1.0089463050787728
149 2.1949756053029748
150 0.5667406672809351
151 0.9558413416670213
152 0.8968390014506923
153 0.956927914219858
154 1.0443510755769903
155 1.0513459502123048
156 0.9482273560180534
157 1.0339702929791459
158 0.9906645572694376
159 1.4126366839702815
160 0.9990926304225246
161 0.9318568919197305
162 1.105137444019593
163 1.3296917207253072
164 0.6620078013016719
165 1.0282305112067387
166 1.0040211982138028
167 1.0346016616365388
168 1.4388641050238644
169 0.7735301196067985
170 0.9768782758440357
171 0.931723928464481
172 0.7288250095022331
173 1.2108782708720074
174 0.7452032460006858
175 0.9855176057889552
176 0.971694480616921
177 1.1479955866481797
178 0.7897754669342613
179 0.8962215586299005
180 0.9312008660933292
181 0.6896843094016853
182 1.1128820642320612
183 1.0006754633883919
184 1.0041973007933003
185 0.8797074657712665
186 1.336463346148462
187 0.9954644800637086
188 0.9073202140001634
189 1.372175491635552
190 0.9909826238276501
191 0.75151429795805
192 0.759098161104725
193 1.1862103974211817
194 1.0016085156469112
195 1.3735406046583545
196 0.8448185964149505
197 0.9972511891264509
198 1.0199729966997642
199 1.324310981272414
200 1.321726041498595
201 0.9911019380080841
202 1.0024058221388334
203 0.9263316374526954
204 0.9948291183974722
205 1.1528649523562051
206 1.001034669333842
207 0.9790452142839927
208 0.9813261865236226
209 0.9932492788554466
210 0.9791291589161123
211 1.2384000427812996
212 0.8195088138771981
213 1.167179116098288
214 0.901301692716648
215 0.9999314968616186
216 1.1402182155851943
217 1.077857709590042
218 1.1455538269395165
219 0.8909449121765769
220 1.008090358335704
221 0.9492530196274094
222 0.9852318816957834
223 0.9996631543073521
224 0.9998771228545098
225 1.0324954207186177
226 0.9643429258318529
227 0.9972457733965162
228 0.9576432894284732
229 1.018560290761008
230 0.9954721100251449
231 0.9996157950341925
232 1.0237891267609591
233 1.0002824495845712
234 0.9988397829246353
235 0.9995665832902744
236 1.011053705508488
237 1.002536055271982
238 1.0142020234538522
239 0.9950339952939977
240 1.0099782347775694
241 0.9999568849120273
242 1.011312458322253
243 1.0070522256087875
244 1.0000975856670382
245 1.0007415730814129
