1 0.6934544851380083
2 0.6930932290475023
3 2.8687667087328994
4 2.9675378971232895
5 1.4041817158739505
6 0.8922992204308515
7 0.5483696402074303
8 3.0847521175928336
9 2.3129002483555143
10 1.6727986484353226
11 4.008639846282767
12 1.5071134867997742
13 0.518377876705877
14 0.11611863828515154
15 1.157762291241969
16 0.2235585485725618
17 1.687139302340532
18 0.6806406701274199
19 1.3173503777396205
20 0.4370951159340275
21 0.06543743399831031
22 1.2723961500496266
23 0.24187810585490474
24 0.8484880768368924
25 1.2121601746060178
26 0.7599730188682134
27 1.0132538665181203
28 0.8130856384475349
29 1.9083463226561508
30 1.4614778826152595
31 1.0524190078774738
32 0.5339647489625643
33 0.03408996836218863
34 0.9294739241682133
35 0.8292173546786419
36 0.6629952649780201
37 1.0011166246641068
38 0.5138615949216654
39 0.866849664457358
40 0.9369934262894623
41 0.8670942829214745
42 2.0378913691586447
43 0.9041341022889511
44 0.8439706249046949
45 1.2208326823726676
46 0.779471745958707
47 0.6240689449260125
48 0.9089874383841079
49 0.933473347103782
50 0.9427778030069343
51 0.3935441827688316
52 1.661577311624028
53 1.1525448652189487
54 0.7367924380594505
55 0.801376051432788
56 1.5194631548945698
57 0.718508023798505
58 0.6967669181105222
59 2.0046810091774936
60 0.6063852155192792
61 1.3181009500939191
62 1.2012383422265545
63 1.8816360857001415
64 0.7553979578278045
65 0.9335695944091218
66 0.5975520073081592
67 1.844356099622756
68 1.089350222767119
69 0.9190733021125203
70 1.057344841665798
71 0.9418800996499168
72 0.8858361514331089
73 0.9344606766307718
74 0.8081354450139084
75 0.6802117233762287
76 1.0376403699859642
77 0.9159627634065466
78 1.0882258019380247
79 0.7005893033214161
80 0.4760683843918068
81 1.0423338970257312
82 1.0706424591407488
83 1.0222259176265756
84 1.14019341685953
85 0.9842534944565333
86 1.0333779908230991
87 0.5462234628111621
88 1.5929108382158923
89 1.1627516938463143
90 1.5361809388826313
91 0.6414505906593633
92 1.2076350504666404
93 0.9399149034941836
94 1.1775297650901009
95 1.0692805057327597
96 0.7021227091041378
97 0.5500341831055777
98 1.4282010547787927
99 1.0237770957915238
100 1.5941695626726287
101 0.7950590004512819
102 1.1605166354964869
103 1.0807765376065874
104 0.9849549521565713
105 0.6268091095437262
106 0.9661625261111536
107 0.9375349490245387
108 1.16626559337192
109 0.46454340205042166
110 0.9733205157878576
111 1.020239105452057
112 0.9512084222810847
113 1.1561572120815524
114 1.0173845973492264
115 0.906767669636124
116 1.062197417174327
117 0.9913409001632273
118 0.9408648721092626
119 1.0152779695582232
120 1.0077780019748674
121 1.1242328195599154
122 0.7352200087444144
123 1.0071611043531017
124 1.1399020188646944
125 0.9762052654670057
126 1.1267826606916096
127 0.610890237632944
128 0.9084184168557629
129 1.1457766710322614
130 0.9876545036642586
131 1.0000893720644644
132 0.8732231122565716
133 1.0371629789101198
134 1.1575670850430089
135 1.0016935283440294
136 0.7029676369321693
137 1.0592090506828022
138 1.0050564179231263
139 1.0027425908270153
140 0.9794915489326458
141 0.8522705176604544
142 0.8312675794035256
143 1.0170852916497681
144 0.9900013491172971
145 1.082218799984328
146 0.9890002112513363
147 1.0034064725828986
148 1.0913740125714175
149 1.0724101443371963
150 1.0019608618392555
151 1.0294897155816947
152 0.8576030316837697
153 1.0888829016797372
154 1.0032102281056363
155 0.9726836260589639
156 0.6612604674140117
157 1.0873024518682148
158 1.0190599749082376
159 0.9589311103070346
160 0.9487790052226421
161 0.9944542936568251
162 0.998078137303428
163 0.9569010692495608
164 1.0167978100191772
165 0.9659079158952895
166 1.0096504464393268
167 0.8818227766208381
168 1.0212045459458834
169 1.0063267093142194
170 1.089577644255793
171 1.00875988862135
172 0.985539136732022
173 0.9736737376652188
174 1.0042220592559812
175 0.8352544184679047
176 0.973858328728288
177 1.0008915681529997
178 1.0071362322339612
179 1.0612114897474414
180 0.9877141368417878
181 0.9917709111441187
182 0.9984070844527216
183 0.9814054010802888
184 1.0429246214299797
185 0.8835274514179923
186 1.0001408174375848
187 0.9048231249971611
188 1.039843935037799
189 1.0736160156445813
190 1.006505902086879
191 1.0000392031628649
192 0.9064109782840467
193 1.0175059362985786
194 1.0005667493061612
195 0.9984116735745728
196 0.9947418249703657
197 1.017078517968291
198 0.9504145154398304
199 0.9993738923228169
200 0.9881636738466874
201 1.0072659451573827
202 0.9987344474112619
203 0.9895326329903892
204 1.0004177597774775
205 1.0082509506927495
206 0.9926028387341019
207 1.0004549390588175
208 0.9325862540105053
209 0.9221667859009725
210 0.9966065763658459
211 1.0280901457727223
212 0.9518592037724493
213 1.0029373009713427
214 0.9463323830877317
215 1.0143879563681442
216 1.0010563921961142
217 0.988099229312925
218 0.9368863355050865
219 0.9911131380770146
220 1.0035810571537271
221 0.9936909226447525
222 1.000230903147706
223 0.9982536727107733
224 0.9633179337950697
225 1.0123692785664973
226 1.0020084956448412
227 1.0311487979840317
228 0.9824981093070067
229 1.012900779967046
230 0.9923025151876622
231 1.0303415271458967
232 0.9996847282454941
233 0.9910188664577716
234 0.9864477799686285
235 0.9558047234694348
236 0.9827162687891305
237 1.032494477955149
238 0.9676381907901199
239 0.9719298514459237
240 0.9800457803229136
241 0.9934376399687729
242 1.0000551992664022
243 1.001599808439539
244 0.9951208791761815
245 0.9995628437150567
246 1.0045906517669188
247 0.9937499487483885
248 1.0041805325477229
249 1.0029635458117008
250 0.9978136991041392
251 0.9992808222537584
252 1.0003489222361233
253 0.9956163663951777
254 1.0011212097948035
255 0.9999836583414816
256 0.995344732337604
257 0.9998725227336386
258 1.0002229309889943
