1 0.9691757450696571
2 1.419121567486549
3 0.5701591536376566
4 0.3912056638747214
5 0.25890886895748866
6 1.0728187909282407
7 0.21727527720274634
8 3.82144301330488
9 0.08245745975462873
10 0.6247333490917387
11 4.356063406488699
12 0.906808142436366
13 0.8727949571899467
14 0.82745258686992
15 1.6704750983555536
16 1.5093228330799415
17 0.9289853486865267
18 1.6695275923198833
19 1.2974657256670268
20 2.8590491282039627
21 0.31976946757961544
22 2.6864123254248504
23 1.2420074191809498
24 1.2788448466920166
25 1.2047806981490035
26 1.0585441194328937
27 1.9671045527229851
28 0.3742626230254287
29 1.295234430776624
30 0.8754632980436444
31 1.6562968433911875
32 1.3858147389569653
33 0.9180060071791564
34 0.43749025032827116
35 0.8180820555509424
36 0.7234099572359814
37 0.7276101417580623
38 1.8752521588131237
39 0.7180702497832931
40 1.0035487323844858
41 1.4528520041397204
42 2.3037053314245886
43 1.0851916337258705
44 0.6127517737884387
45 1.6196885860577683
46 1.0334727340142826
47 0.49211878057039987
48 1.2550447813488963
49 0.39940365365698943
50 2.1437590408307416
51 1.6932189594678693
52 1.0876069301676503
53 0.9648445416451255
54 0.17303880140150552
55 1.0828457944605072
56 1.2836638520952348
57 1.0572336623459737
58 0.673498964212442
59 0.09474128981851553
60 0.9077112831111579
61 0.9435991311775901
62 0.992510563586087
63 1.0039509136759663
64 1.18549444657587
65 0.8570714800200693
66 0.9216442524459081
67 1.018946002617463
68 1.1001082801818693
69 1.0669889521224194
70 1.8764135515221936
71 1.5677876867223606
72 0.6965772679069167
73 0.5965035001349
74 0.8219027876194582
75 1.2003321417428756
76 0.735291159406411
77 2.010538573373366
78 1.4180955007258658
79 0.6552283241347446
80 1.0139383517123501
81 0.20219399805926203
82 0.6503172894036425
83 1.2181125605523508
84 0.8841753191054775
85 1.111606003026082
86 1.2289080752359731
87 1.2967094855119812
88 1.6456925199288563
89 1.0580751464784048
90 0.940883163370506
91 0.8961255817273301
92 0.3291968691773392
93 0.5940420463040776
94 1.4966895183646922
95 0.7643020456511265
96 1.121016018794655
97 0.8195307070394333
98 1.1353269077170685
99 1.05233591759655
100 0.9614515323978345
101 1.6532227625457354
102 1.1303272183362625
103 0.9722300616393552
104 1.0829014705075932
105 0.7666201337744637
106 0.7908383789311367
107 1.001003413401651
108 0.9627491137428966
109 0.8927602642686803
110 1.0373264290213475
111 0.9999445858668056
112 1.3546063670751154
113 1.1180671906566968
114 1.4237176956188164
115 1.1372795433787017
116 0.9730987772888166
117 0.8225745482032324
118 1.1936106862145035
119 0.9110151186807385
120 1.1322925085284972
121 1.0109154003060805
122 0.8797296456487858
123 0.8239964250244263
124 0.9308520443128089
125 1.288499948827028
126 0.9670072692672962
127 1.0593711375426313
128 0.9522178374392863
129 0.9362840112573192
130 0.9803861098864647
131 0.7475536772918597
132 1.0093815418669512
133 0.7719722327311388
134 1.001433625562676
135 1.4064315273474342
136 1.012596758773855
137 1.0159514428987786
138 1.2259698784856776
139 1.0173761263038819
140 0.9462977171293178
141 0.9692046191135048
142 0.9830479277616598
143 1.1228162683675131
144 0.883322203631887
145 0.7911671290082886
146 0.9242384196364855
147 1.1143438705113249
148 1.0543138535729768
149 1.027809466426365
150 1.1672618473484633
151 1.010517446000538
152 0.9856251432651383
153 1.259111718492024
154 1.0135824993782172
155 0.9535960789016881
156 0.9937526155053428
157 1.042534781995853
158 1.0081984197417788
159 1.0388156860440338
160 0.9252348630059348
161 1.0971821320166246
162 0.9543291641188819
163 0.9922335805533175
164 0.9405165678046624
165 1.1145557573085354
166 1.0116792908695809
167 1.0273892038524612
168 1.0244175579172998
169 1.0004375371567817
170 1.0600150150728895
171 0.865138088178916
172 0.9020388413210327
173 0.9849430178292107
174 0.9641068649861545
175 0.9798004273906424
176 0.8481663141893193
177 0.9996535425398814
178 0.9507693535690749
179 1.0007994464218433
180 1.0431853941235583
181 1.096692606585436
182 1.0006267668934394
183 1.0676064946876496
184 0.9484463704689486
185 0.9843873534500123
186 0.8910522664812374
187 0.98001684429203
188 0.9651651999082018
189 0.9475742701920826
190 0.8624490021252885
191 0.9850037663350636
192 1.042028298286907
193 1.0981172872655103
194 1.0290981726760435
195 0.8398226042968892
196 0.9989699100119305
197 0.8842123426002637
198 1.0079393327749417
199 0.9988624259211133
200 0.8666728477265517
201 0.9517683313348233
202 0.8957599849623191
203 1.010678383479632
204 0.9285567271292753
205 1.0703078756592812
206 0.994413424349174
207 0.9484112380810209
208 0.9805370881429233
209 0.9704505020444549
210 0.9911995337833538
211 0.9870970298291158
212 0.9701610938667866
213 0.9810797916202033
214 1.010794835828132
215 0.999701478531912
216 1.0065776016029537
217 1.0003383267408907
218 0.9953515503568184
219 0.9941579816082599
220 0.9993497955870089
221 0.999620032387228
222 0.9934132862551976
223 0.9938797248965295
224 0.9991468940856203
225 0.9998100652935469
226 0.9982050335951168
227 1.002309135749762
228 1.0074778406909752
229 0.9998055270380182
230 1.0002281060459364
231 0.9999452946386478
232 1.0042175939582145
233 0.9998456739648766
234 1.002671213708096
235 1.000062062558066
236 0.998193923657664
