1 0.8519215634455192
2 0.5177108103772851
3 2.5015319987119016
4 0.6175851061496477
5 1.358298699258965
6 1.0881546792060037
7 0.8876925517838858
8 1.2260779880500166
9 1.7482187502513569
10 0.6993385721578392
11 1.0266616414302472
12 1.077041399706637
13 8.162127033869984
14 1.4029514528787181
15 0.8574772076890378
16 1.454771865083442
17 0.7514098193595079
18 0.9402514809026439
19 0.9528576725092672
20 1.8822628867868059
21 0.9639378318100079
22 3.4684817272374615
23 1.2325167688386311
24 0.5934143758842367
25 1.8063626013575949
26 1.1885116401326232
27 1.2182068553748993
28 1.0181242755391295
29 2.2075065650288077
30 0.8051759715038334
31 1.0582451130981998
32 0.46664779422634317
33 1.1994638976776884
34 0.9462142924565902
35 0.9999362705822964
36 0.5325826155037009
37 1.0443651943243404
38 2.5459957955303962
39 0.5775146090143745
40 4.344230546652457
41 0.6530366951998032
42 1.0865017604112985
43 1.8390216091944294
44 1.008209282348981
45 1.418345113576138
46 1.5058390812034725
47 0.8930374679272356
48 1.0016146675445696
49 1.0528213678049358
50 1.6184343050519747
51 0.9914249199596487
52 1.4132323402590192
53 0.4009843793590685
54 0.6769247319943226
55 2.1697164960555027
56 0.972240924541847
57 0.7679693096580039
58 0.6192250927120769
59 2.060839724960873
60 0.8141967866116119
61 0.9365243774308517
62 1.0409448113848019
63 1.0635100549461711
64 0.9720315099529858
65 0.9246014440256483
66 0.7106173591781877
67 2.604709966575363
68 0.5242236429592804
69 0.9123782682386676
70 1.2870070539978293
71 1.2070400319227932
72 0.9316208155770482
73 0.4484407184217943
74 0.9740576070521876
75 0.9493401879538228
76 1.1693680216931568
77 1.2667867259797951
78 1.0151901397485619
79 0.9737911335491684
80 1.865343483967509
81 0.9501757394688565
82 0.6264886703097573
83 0.944079811057791
84 0.6344006881399779
85 0.8145032125716294
86 1.0654588517951218
87 1.089638474712748
88 1.0424111367415498
89 0.6287337227502551
90 0.7386391475727568
91 0.9535141480096554
92 0.965464974491078
93 0.8478542373338529
94 0.7783572493895619
95 0.8422498853931725
96 0.6602276296784377
97 0.996368770809448
98 1.0519937225796199
99 1.2727427941804519
100 1.0226389191402008
101 0.9096889234613841
102 0.9713216460051255
103 1.256900384375033
104 1.7726183931450892
105 0.9894569340731213
106 1.0117429410197076
107 0.9863519615301596
108 0.9137251583344594
109 1.0247616680929408
110 0.9990352752590071
111 0.9521305282419577
112 0.9735069106548647
113 0.8807951941870624
114 1.0122356435059447
115 0.7763439823644452
116 0.9802297065797253
117 0.7637384364660277
118 1.002962705305809
119 0.9745561781126747
120 1.0043121368158945
121 0.9388381848199037
122 0.9878193418661965
123 1.1249144292732511
124 1.067629669819936
125 1.38347995424238
126 1.6465730907023133
127 0.9031294090326591
128 0.9298661993079249
129 0.9926577545668688
130 1.0557757616502137
131 1.0097975077495251
132 1.0637552874586664
133 1.0013564009507445
134 1.0994909545076004
135 0.9643957382570798
136 1.0335934332182188
137 0.9946712109576
138 0.8752791879763366
139 0.9979267586920335
140 0.8649925961344672
141 0.9326369566783163
142 1.5737002299844924
143 0.8298027937955915
144 0.9724930580066323
145 1.3726655614893821
146 0.8771325804250035
147 1.104288661925042
148 0.8688987783338022
149 1.285296233754322
150 0.9997110917379809
151 1.0013481135300106
152 1.0887621901776536
153 0.8780009309054858
154 1.0229954408949455
155 0.9924027042476137
156 1.2563767916696476
157 1.0334014267955296
158 0.9718339181128383
159 0.988956544930941
160 1.0174713642106659
161 0.9998132751299598
162 1.0446296817215175
163 1.0964007315250115
164 1.0078832217455864
165 0.9618259656802184
166 0.9810872977795475
167 1.0332016806886157
168 0.9851519347807504
169 1.0809784671880196
170 0.9817787263025317
171 0.977067698969031
172 0.9684983455080844
173 1.002767800499123
174 0.9950714849770602
175 1.0189895668740907
176 0.9569636674609405
177 0.9698164004217248
178 0.9959530204960614
179 1.0075405851495192
180 1.0003784097496418
181 1.0758522871975695
182 0.9888875493244027
183 0.9906473652653298
184 1.005050371984129
185 1.0013812308126993
186 1.021175397552386
187 0.983906051641884
188 0.9856777914634961
189 0.9984022166153371
190 0.9944417032287654
191 1.042397165499949
192 0.9916820550667769
193 1.0296720357736535
194 1.0200273084804488
195 1.0423829366294504
196 0.9928614937421396
197 1.0124505539775004
198 0.9921187857578909
199 1.0008754687186132
200 0.990097766616446
201 1.0084501554818301
202 1.0007225377066602
203 0.9910440436375232
204 0.9938564485151792
205 0.9999627697541313
206 0.9995503762418823
207 1.0038720648953583
208 0.9996738541974983
209 1.0003595942051469
210 0.9930391178771765
211 0.996440447223582
212 1.0034293936273277
213 0.9956218687507735
214 0.9931295153601318
215 0.9947024819903324
216 1.0010079593797
217 0.9944902514041194
218 0.9953950926641083
219 0.9969053132311254
220 1.004462006401576
221 0.9984151078194492
222 0.9993459512517383
223 0.9992157695379974
224 0.9950514504976167
225 1.0005926218799235
226 1.005378640484703
227 0.9991143950806929
228 1.0010888987970532
229 0.999889335855891
230 1.0094201622613306
231 0.9933457543424358
232 1.0120486321615725
233 0.9998780005655268
234 1.0073487871989177
235 0.9950145127875583
236 0.9946787975956883
237 1.0002409093742453
238 1.002406292716533
239 0.9992862507648727
240 1.0003221850288035
241 0.9977929855104073
242 0.999903742966933
243 1.0075908642362483
244 0.9978086770710609
245 1.0000614382775563
246 0.999700305581865
247 0.999862175665269
248 1.0002898769877366
249 0.998144192203425
250 0.997889997763249
251 0.9979142442128958
252 0.9984062818597532
253 1.0000568175835869
254 0.9996158712908733
255 1.006368829023238
256 0.9993588064791911
257 1.0056946892397225
258 0.9996158717038467
