1 0.39713662770320024
2 0.7285376558849066
3 0.4646131729112314
4 2.1572421204414667
5 0.18283035369501255
6 0.7423327517975753
7 1.4657600207672035
8 3.362415167975405
9 0.7311089841390238
10 1.2190536806695813
11 2.9573734618604246
12 0.8300165195527391
13 0.9372523223586866
14 0.4832407669773497
15 0.0938411632063519
16 1.0013963083564064
17 2.5259729470416454
18 1.6106184627278937
19 0.9559541501625965
20 0.6614467206147558
21 1.226324566985008
22 2.373460624414704
23 3.4854350807491774
24 1.0615909063349032
25 1.7901144692075177
26 2.9895880474083563
27 2.4206463574116395
28 1.1938103740009895
29 0.565969142906724
30 1.0267735238268316
31 0.7530494414030127
32 0.8407575079108242
33 1.2026204519225907
34 1.7736550171184267
35 0.9530705908468384
36 1.4204845874347989
37 0.5842422674507023
38 0.9779134531403412
39 1.4952136005116445
40 0.20873809684075817
41 1.1487374585860661
42 8.863555890681981
43 1.343139505303779
44 0.8442832031111364
45 0.9440982219612783
46 0.7298477083941337
47 1.1471192506463737
48 1.5995995368089044
49 1.0440784900578663
50 0.8550410604323518
51 1.2101507175744308
52 0.4261246874166896
53 1.0107162685171327
54 1.5247975244178735
55 0.8126601190644797
56 0.9783379240477763
57 0.737024117697053
58 1.297720145480297
59 5.097222807934178
60 0.8927021025328019
61 1.7879565752659363
62 0.9948339580223731
63 0.6521267967778897
64 0.9843501418260603
65 1.0067722498012452
66 1.7968302455663279
67 1.088677056864955
68 3.7983383706689042
69 1.0176999622963636
70 1.2684772188308882
71 0.7372005329382144
72 1.0261894810974255
73 1.5273345398554763
74 0.6593576362214483
75 0.9692429204764924
76 0.7958378540158622
77 0.9696054918214295
78 0.521960221134045
79 1.2415499516365371
80 1.1121238649843217
81 0.9132080655380429
82 1.0053053996835712
83 0.9426728900585893
84 1.0104838003190348
85 1.0706049156260378
86 1.5715412795222001
87 1.1216885618472743
88 0.9752722661102401
89 1.343604478654089
90 0.9976826904198935
91 1.0416751736738021
92 2.027876481256947
93 0.7249185783570764
94 1.0100395898612808
95 0.9803081994743849
96 1.0762874483200588
97 0.9582312214282918
98 1.0579773359583375
99 1.333944487615734
100 1.0028460753647763
101 0.858837045053531
102 1.0350769124265047
103 1.0605441442265944
104 0.7045973796175534
105 1.3494744418205238
106 1.0026681989523243
107 0.9645816458556319
108 1.6859655125752195
109 0.948821231962957
110 1.2373564253148122
111 1.0982918794710879
112 0.9960268207643079
113 0.9189477335077165
114 0.9371718390180311
115 0.9590767641134252
116 1.146558750645677
117 1.2082951844486065
118 1.0755022321963759
119 1.0930314878030782
120 1.046861169601676
121 1.0415512200807182
122 1.197287734830707
123 1.0065804402542475
124 1.0086287825346998
125 0.9996258151703169
126 0.9094969207783002
127 0.9782449809690996
128 0.8269269000044838
129 1.0147323008129168
130 1.0540786004890548
131 1.0303067664454222
132 0.973003679677128
133 1.0288452016873524
134 0.9411622954880609
135 1.1353875834649387
136 0.9642517559696081
137 0.9903805752187991
138 0.9879099855092801
139 0.9660910008823015
140 0.9738236594120544
141 1.0022754067016433
142 0.9973920684853546
143 1.0075965168213077
144 1.0055173553543044
145 0.9969448454132201
146 0.8834489329178812
147 1.009869851909096
148 1.033960208520277
149 1.0361329416466616
150 0.8968007321156799
151 1.040362665329438
152 1.0644264657420561
153 1.0006942127721452
154 0.9582437571210974
155 1.0574696358575302
156 1.0073936871108076
157 1.00663589247968
158 0.9986130304763498
159 0.9870962105096862
160 1.0240050175981303
161 1.0509020441759707
162 1.0388758921419619
163 1.0138819712799854
164 0.9747446322641513
165 1.001316397390517
166 1.0463963287851314
167 0.9983010445559123
168 0.969981491098192
169 0.9694016907434567
170 0.9802866877817121
171 1.0293353692464737
172 0.9877368792950572
173 0.9719285528027721
174 1.000301625190643
175 1.0120329017588225
176 1.000527655099808
177 0.95838788847478
178 1.009036510971036
179 0.9963725480096423
180 1.0116520288436788
181 0.9969447611844702
182 0.9946726856459637
183 0.9971834556219542
184 0.9993789277486091
185 0.9955680071890667
186 1.0147000724911148
187 1.002552123592348
188 0.9597683438911055
189 0.9994703912545031
190 0.970421305944323
191 0.9962427277196704
192 1.0147178387181703
193 0.9987843695992956
194 1.006695037174654
195 0.9960655897657099
196 0.9984180700644321
197 1.0182143836619892
198 0.9967105454161495
199 0.994038051050398
200 1.0097099279128303
201 0.966490616701461
202 1.0070002549937158
203 1.0013699376357197
204 0.9998721054884981
205 0.9611867459419086
206 0.9640531163281685
207 1.0150074266415399
208 0.999659747952236
209 0.9873888932356951
210 1.0069913159945272
211 0.9992697705759327
212 0.9964576276234769
213 0.998241728593857
214 0.9898834692130748
215 0.9990961325788813
216 1.00602708229997
217 0.9987074376986994
218 0.9983253409737385
219 0.9984408852262409
220 0.9998124738269178
221 1.0001954694395416
222 0.9979093082150683
223 1.0006912673020312
224 0.9994494241571196
225 1.0032083834290013
226 1.0005300249117852
227 1.0038822496799453
228 1.0001386228233569
229 0.9999746810633195
230 0.9998188735662379
231 1.0000782020432586
232 1.0006725349478192
233 1.0013396600211255
234 1.002902466416564
235 0.9984677761887709
236 0.9998473747427707
237 1.0021020251563002
238 0.9988693571620996
239 1.0003944469026957
240 0.9990565028500815
241 1.0006175325900766
