1 0.7156709301753327
2 0.2408058414069694
3 1.9846371438889612
4 0.9325705867458638
5 0.09373378755902254
6 0.33816719851415217
7 1.3464477000452608
8 0.8763476540241851
9 0.7020406189735414
10 0.6567372156267259
11 0.6617987603550659
12 0.6420707985729862
13 1.7787827099676412
14 2.54469407042396
15 0.6695873390645029
16 1.4216824401021797
17 0.9600139337251106
18 0.5125224283322577
19 3.46201261518087
20 0.7302083644903641
21 2.6094820394055027
22 0.25118530405445816
23 0.15052294770191338
24 0.4253290381919943
25 2.2994755923378674
26 1.054173663893556
27 0.522334533642097
28 0.7076718276536172
29 0.5601581088878369
30 2.1555850477206064
31 1.0260920122415507
32 0.09876170900861019
33 1.4224884396700332
34 2.7033329654434453
35 2.037691264122976
36 0.4039531207214676
37 1.0819861692751445
38 1.8730974484355485
39 0.9491169658776687
40 0.6143649219709466
41 1.7386032241695886
42 2.1244259571719266
43 0.9001604260113824
44 1.3192970333202088
45 3.0450875577499343
46 2.878921628469494
47 0.9728940564879363
48 1.3932069507286906
49 1.1328481782246365
50 0.9176657548949729
51 0.7158821329814702
52 1.9796258116346073
53 1.043754950895201
54 0.8303980450228191
55 0.9652217136805802
56 2.050976923811216
57 0.9184470806278777
58 1.255972048931752
59 0.3172459792295909
60 0.7051588491410139
61 0.9555043941344711
62 1.703903925004673
63 1.1962973735934304
64 2.855223317231507
65 0.906765917049143
66 1.6772441879124853
67 0.8447165144529155
68 1.9465695409113868
69 1.0250624198064968
70 0.8344921020266093
71 0.938948206772608
72 1.7049495231919107
73 1.061600500969928
74 0.9012880880208388
75 0.9430452112421498
76 1.0689186337457235
77 0.9611076624457441
78 1.085477150285157
79 0.9954582768214133
80 1.303938320106897
81 1.2188328199684515
82 2.5799967129205528
83 0.8578336998596892
84 0.9601237715223777
85 1.3245968287676764
86 0.6879540639796167
87 0.9429994594357012
88 0.4659146152858629
89 0.7933871547873605
90 0.864121501396003
91 1.0754425389354096
92 0.9577731023033454
93 0.9895135376756168
94 1.014290106578577
95 0.9890819268780289
96 1.6929565867848433
97 1.0304300538480344
98 1.0657600676755707
99 0.9440673614915422
100 1.684741618330517
101 0.5296959106090803
102 0.9333979785165231
103 1.0345249218934864
104 0.9061930447729855
105 0.7578696680088447
106 1.9478858930843428
107 0.8841063649604716
108 0.9155751299291284
109 1.4126974640652648
110 1.0205611345596124
111 1.4169034280894985
112 0.9165326922921665
113 0.9944284054896961
114 0.8704803048120887
115 1.6947383359600345
116 1.0118295597584517
117 0.7208904787071468
118 0.86971939149779
119 1.0085598869438026
120 1.1891188055564235
121 0.975293047872605
122 1.0339306965728663
123 0.9420600854368747
124 1.0629204535898236
125 0.9999062539496552
126 1.0875996878019016
127 0.8992335686493006
128 1.1132470875220541
129 0.9499278839306228
130 0.9840991108644739
131 0.9935837054551296
132 0.836654137637947
133 0.9946903781872108
134 0.9879539585075943
135 1.0132605403395043
136 0.984788645290827
137 1.0623578984464033
138 1.1752723368987548
139 0.9386473029291814
140 0.994667004465846
141 1.2660594865060066
142 0.944874085907424
143 1.0058294064790594
144 1.1642880332048342
145 0.7649854095195369
146 1.0037646390053132
147 0.9669719173693127
148 1.025068616790428
149 0.958539276122889
150 0.9541122563111238
151 1.0001450718601996
152 1.0889131913290901
153 1.021166108718246
154 0.9935027350163008
155 1.2622909800236628
156 1.1624798275205526
157 1.022118104593261
158 0.960188659642135
159 0.994858692844778
160 1.2116703308715813
161 1.092714905682763
162 0.9962490433675485
163 1.0747556281030606
164 0.9748666460489332
165 0.9942235285195731
166 0.8974282507123839
167 0.9955803379986451
168 0.9794251512336587
169 0.99299175211839
170 1.0045594065455468
171 1.00141934462869
172 0.9903648201349526
173 0.956074872015208
174 0.9894817462710847
175 1.0146514766305803
176 1.1801695717035188
177 0.9975850199224078
178 0.9987447326763744
179 1.002670954219095
180 0.9734808911149082
181 0.997320708143484
182 1.0240549641455374
183 1.0655512885771379
184 0.9935695130622558
185 1.067471535404715
186 0.9980339370375495
187 0.9932898985333759
188 1.0012900112121415
189 0.9751188237254749
190 0.9961401803004016
191 1.055775822512345
192 1.04037142446689
193 1.0074838931052406
194 1.030286112947511
195 1.0010434127927135
196 0.9998918176275836
197 0.9991238248529699
198 1.0103290731939136
199 0.9949068433920586
200 1.0001379028306148
201 0.9953665601478698
202 0.9939764796295787
203 1.035228229957303
204 1.0002970611876094
205 1.0183996822560815
206 0.9993639042423926
207 1.0276148873294877
208 0.9966050968104057
209 0.9976552722130761
210 1.0025124897714919
211 0.9983328884928777
212 1.0203642858425128
213 1.0309552265803938
214 1.0089253727142273
215 1.0384255061874268
216 0.9999575081524341
217 0.9977953955679028
218 0.9960538096511274
219 1.0075275298357171
220 0.9968106210651165
221 0.9977454427222698
222 0.9997895258524577
223 0.981451804544606
224 1.0364445794132584
225 0.9927045254096921
226 1.0008561959894486
227 1.0200111473978115
228 1.0308168399347324
229 0.9832487383498995
230 0.9982427859508461
231 1.0304669067808494
232 1.0258948216521042
233 1.0014587642997075
234 0.9830909665208802
235 1.0000120013695026
236 1.0176393047922938
237 1.022533801512737
238 1.000279330105929
239 0.9982717927232596
240 1.0124070230314883
241 0.9998182512619649
242 1.0085168236186028
243 1.0040919548897937
244 0.999856498659063
245 1.0024693262517073
246 1.0056227426280422
247 0.9999773073340094
248 1.0070631572161806
249 0.9974899532617395
250 1.0017889148049097
251 1.0009907454527622
252 0.9999521632523327
253 0.9993972206118973
254 0.9994255744608005
