1 1.0
2 1.0
3 0.6666666666666666
4 0.75
5 0.8
6 0.8333333333333334
7 0.8571428571428571
8 0.875
9 0.8888888888888888
10 0.9
11 0.9090909090909091
12 0.9166666666666666
13 0.9230769230769231
14 0.9285714285714286
15 0.9333333333333333
16 0.9375
17 0.9411764705882353
18 0.9444444444444444
19 0.9473684210526315
20 0.95
21 0.9523809523809523
22 0.9545454545454546
23 0.9565217391304348
24 0.9583333333333334
25 0.96
26 0.9615384615384616
27 0.9629629629629629
28 0.9285714285714286
29 0.9310344827586207
30 0.9333333333333333
31 0.9354838709677419
32 0.9375
33 0.9393939393939394
34 0.9411764705882353
35 0.9428571428571428
36 0.9444444444444444
37 0.9459459459459459
38 0.9473684210526315
39 0.9487179487179487
40 0.95
41 0.9512195121951219
42 0.9523809523809523
43 0.9302325581395349
44 0.9318181818181818
45 0.9333333333333333
46 0.9347826086956522
47 0.9361702127659575
48 0.9375
49 0.9387755102040817
50 0.92
51 0.9215686274509803
52 0.9230769230769231
53 0.9245283018867925
54 0.9074074074074074
55 0.8909090909090909
56 0.8928571428571429
57 0.8771929824561403
58 0.8793103448275862
59 0.8813559322033898
60 0.8666666666666667
61 0.8688524590163934
62 0.8709677419354839
63 0.873015873015873
64 0.859375
65 0.8615384615384616
66 0.8484848484848485
67 0.8507462686567164
68 0.8529411764705882
69 0.855072463768116
70 0.8571428571428571
71 0.8450704225352113
72 0.8333333333333334
73 0.8356164383561644
74 0.8243243243243243
75 0.8133333333333334
76 0.8026315789473685
77 0.7922077922077922
78 0.7948717948717948
79 0.7974683544303798
80 0.8
81 0.8024691358024691
82 0.8048780487804879
83 0.7951807228915663
84 0.7976190476190477
85 0.8
86 0.7906976744186046
87 0.7931034482758621
88 0.7954545454545454
89 0.797752808988764
90 0.8
91 0.7912087912087912
92 0.7934782608695652
93 0.7849462365591398
94 0.776595744680851
95 0.7789473684210526
96 0.7708333333333334
97 0.7731958762886598
98 0.7653061224489796
99 0.7676767676767676
100 0.76
101 0.7623762376237624
102 0.7549019607843137
103 0.7572815533980582
104 0.7596153846153846
105 0.7523809523809524
106 0.7547169811320755
107 0.7476635514018691
108 0.7407407407407407
109 0.7431192660550459
110 0.7363636363636363
111 0.7387387387387387
112 0.7410714285714286
113 0.7433628318584071
114 0.7456140350877193
115 0.7391304347826086
116 0.7327586206896551
117 0.7264957264957265
118 0.7203389830508474
119 0.7142857142857143
120 0.7166666666666667
121 0.71900826446281
122 0.7213114754098361
123 0.7154471544715447
124 0.717741935483871
125 0.712
126 0.7142857142857143
127 0.7086614173228346
128 0.703125
129 0.7054263565891473
130 0.7
131 0.6946564885496184
132 0.6893939393939394
133 0.6917293233082706
134 0.6940298507462687
135 0.6962962962962963
136 0.6911764705882353
137 0.6934306569343066
138 0.6884057971014492
139 0.6834532374100719
140 0.6857142857142857
141 0.6808510638297872
142 0.6830985915492958
143 0.6853146853146853
144 0.6875
145 0.6827586206896552
146 0.678082191780822
147 0.673469387755102
148 0.6756756756756757
149 0.6711409395973155
150 0.6733333333333333
151 0.6754966887417219
152 0.6776315789473685
153 0.673202614379085
154 0.6688311688311688
155 0.6645161290322581
156 0.6602564102564102
157 0.6624203821656051
158 0.6582278481012658
159 0.6540880503144654
160 0.65625
161 0.6521739130434783
162 0.6481481481481481
163 0.6441717791411042
164 0.6463414634146342
165 0.6424242424242425
166 0.6385542168674698
167 0.6347305389221557
168 0.6309523809523809
169 0.6272189349112426
170 0.6235294117647059
171 0.6198830409356725
172 0.6162790697674418
173 0.6127167630057804
174 0.6149425287356322
175 0.6114285714285714
176 0.6079545454545454
177 0.6045197740112994
178 0.601123595505618
179 0.5977653631284916
180 0.6
181 0.6022099447513812
182 0.5989010989010989
183 0.5956284153005464
184 0.5978260869565217
185 0.6
186 0.6021505376344086
187 0.5989304812834224
188 0.5957446808510638
189 0.5925925925925926
190 0.5947368421052631
191 0.5916230366492147
192 0.5885416666666666
193 0.5854922279792746
194 0.5824742268041238
195 0.5846153846153846
196 0.5867346938775511
197 0.583756345177665
198 0.5808080808080808
199 0.5778894472361809
200 0.575
201 0.5771144278606966
202 0.5742574257425742
203 0.5714285714285714
204 0.5735294117647058
205 0.5707317073170731
206 0.5679611650485437
207 0.5652173913043478
208 0.5673076923076923
209 0.5645933014354066
210 0.5619047619047619
211 0.5592417061611374
212 0.5566037735849056
213 0.5539906103286385
214 0.5514018691588785
215 0.5488372093023256
216 0.5462962962962963
217 0.5483870967741935
218 0.5504587155963303
219 0.547945205479452
220 0.5454545454545454
221 0.5429864253393665
222 0.5405405405405406
223 0.5381165919282511
224 0.5357142857142857
225 0.5377777777777778
226 0.5353982300884956
227 0.5330396475770925
228 0.5350877192982456
229 0.5327510917030568
230 0.5304347826086957
231 0.5281385281385281
232 0.5258620689655172
233 0.5236051502145923
234 0.5213675213675214
235 0.5191489361702127
236 0.5169491525423728
237 0.5147679324894515
238 0.5126050420168067
239 0.5104602510460251
240 0.5083333333333333
241 0.5062240663900415
242 0.5041322314049587
243 0.5061728395061729
244 0.5040983606557377
245 0.5020408163265306
246 0.5
247 0.4979757085020243
248 0.5
249 0.4979919678714859
250 0.5
251 0.50199203187251
252 0.5
253 0.4980237154150198
254 0.49606299212598426
255 0.49411764705882355
256 0.4921875
257 0.49416342412451364
258 0.49224806201550386
259 0.49034749034749037
260 0.48846153846153845
261 0.48659003831417624
262 0.4847328244274809
263 0.4866920152091255
264 0.48863636363636365
265 0.4867924528301887
266 0.4849624060150376
267 0.4868913857677903
268 0.48507462686567165
269 0.483271375464684
270 0.48148148148148145
271 0.4797047970479705
272 0.48161764705882354
273 0.4835164835164835
274 0.48175182481751827
275 0.48
276 0.4782608695652174
277 0.48014440433212996
278 0.4784172661870504
279 0.48028673835125446
280 0.4785714285714286
281 0.47686832740213525
282 0.475177304964539
283 0.4734982332155477
284 0.47183098591549294
285 0.47017543859649125
286 0.46853146853146854
287 0.46689895470383275
288 0.4652777777777778
289 0.46366782006920415
290 0.46551724137931033
291 0.4639175257731959
292 0.4623287671232877
293 0.46075085324232085
294 0.45918367346938777
295 0.4576271186440678
296 0.4560810810810811
297 0.45454545454545453
298 0.45302013422818793
299 0.45484949832775917
300 0.4533333333333333
301 0.45182724252491696
302 0.4503311258278146
303 0.44884488448844884
304 0.4473684210526316
305 0.4459016393442623
306 0.4444444444444444
307 0.44299674267100975
308 0.44155844155844154
309 0.44336569579288027
310 0.44193548387096776
311 0.4437299035369775
312 0.4423076923076923
313 0.44089456869009586
314 0.4394904458598726
315 0.44126984126984126
316 0.4430379746835443
317 0.4416403785488959
318 0.44025157232704404
319 0.438871473354232
320 0.4375
321 0.43613707165109034
322 0.43478260869565216
323 0.43343653250773995
324 0.4351851851851852
325 0.4338461538461538
326 0.4325153374233129
327 0.43119266055045874
328 0.4298780487804878
329 0.42857142857142855
330 0.4303030303030303
331 0.42900302114803623
332 0.42771084337349397
333 0.4264264264264264
334 0.4251497005988024
335 0.42388059701492536
336 0.4226190476190476
337 0.42136498516320475
338 0.42011834319526625
339 0.41887905604719766
340 0.42058823529411765
341 0.41935483870967744
342 0.41812865497076024
343 0.41690962099125367
344 0.41569767441860467
345 0.4144927536231884
346 0.41329479768786126
347 0.414985590778098
348 0.41379310344827586
349 0.41260744985673353
350 0.4114285714285714
351 0.41025641025641024
352 0.4090909090909091
353 0.40793201133144474
354 0.4067796610169492
355 0.4056338028169014
356 0.4044943820224719
357 0.40336134453781514
358 0.4022346368715084
359 0.4011142061281337
360 0.4027777777777778
361 0.40166204986149584
362 0.4005524861878453
363 0.39944903581267216
364 0.3983516483516483
365 0.3972602739726027
366 0.39617486338797814
367 0.39509536784741145
368 0.39402173913043476
369 0.39295392953929537
370 0.3918918918918919
371 0.3935309973045822
372 0.3924731182795699
373 0.3914209115281501
374 0.39037433155080214
375 0.3893333333333333
376 0.3882978723404255
377 0.38992042440318303
378 0.3915343915343915
379 0.39050131926121373
380 0.39210526315789473
381 0.3910761154855643
382 0.3900523560209424
383 0.38903394255874674
384 0.3880208333333333
385 0.38701298701298703
386 0.3860103626943005
387 0.3850129198966408
388 0.38402061855670105
389 0.3856041131105398
390 0.38461538461538464
391 0.3836317135549872
392 0.3826530612244898
393 0.3816793893129771
394 0.38071065989847713
395 0.3822784810126582
396 0.3813131313131313
397 0.380352644836272
398 0.3793969849246231
399 0.37844611528822053
400 0.38
401 0.3790523690773067
402 0.3781094527363184
403 0.3771712158808933
404 0.37623762376237624
405 0.37530864197530867
406 0.37438423645320196
407 0.37346437346437344
408 0.37254901960784315
409 0.37163814180929094
410 0.37073170731707317
411 0.36982968369829683
412 0.36893203883495146
413 0.36803874092009686
414 0.3671497584541063
415 0.3686746987951807
416 0.36778846153846156
417 0.3669064748201439
418 0.3660287081339713
419 0.36515513126491644
420 0.36428571428571427
421 0.36342042755344417
422 0.36255924170616116
423 0.3617021276595745
424 0.3608490566037736
425 0.36
426 0.3591549295774648
427 0.3583138173302108
428 0.3574766355140187
429 0.35664335664335667
430 0.3558139534883721
431 0.35498839907192575
432 0.3541666666666667
433 0.3533487297921478
434 0.3548387096774194
435 0.35402298850574715
436 0.3532110091743119
437 0.3524027459954233
438 0.3515981735159817
439 0.35079726651480636
440 0.35
441 0.3492063492063492
442 0.34841628959276016
443 0.3476297968397291
444 0.34684684684684686
445 0.34606741573033706
446 0.3452914798206278
447 0.34451901565995524
448 0.34598214285714285
449 0.34743875278396436
450 0.3466666666666667
451 0.3458980044345898
452 0.34513274336283184
453 0.3443708609271523
454 0.3436123348017621
455 0.34285714285714286
456 0.34210526315789475
457 0.3413566739606127
458 0.3406113537117904
459 0.3420479302832244
460 0.34130434782608693
461 0.3405639913232104
462 0.3398268398268398
463 0.3390928725701944
464 0.33836206896551724
465 0.33763440860215055
466 0.3369098712446352
467 0.3361884368308351
468 0.33547008547008544
469 0.3347547974413646
470 0.33617021276595743
471 0.3354564755838641
472 0.3347457627118644
473 0.33403805496828753
474 0.3333333333333333
475 0.33263157894736844
476 0.3319327731092437
477 0.3333333333333333
478 0.33472803347280333
479 0.33402922755741127
480 0.3333333333333333
481 0.33471933471933474
482 0.33402489626556015
483 0.3333333333333333
484 0.33264462809917356
485 0.3319587628865979
486 0.33127572016460904
487 0.33059548254620125
488 0.32991803278688525
489 0.3292433537832311
490 0.32857142857142857
491 0.32790224032586557
492 0.32723577235772355
493 0.3265720081135903
494 0.3259109311740891
495 0.32727272727272727
496 0.32661290322580644
497 0.32595573440643866
498 0.3253012048192771
499 0.3246492985971944
500 0.324
501 0.32335329341317365
502 0.32270916334661354
503 0.3220675944333996
504 0.32142857142857145
505 0.3207920792079208
506 0.3201581027667984
507 0.31952662721893493
508 0.32086614173228345
509 0.32023575638506874
510 0.3215686274509804
511 0.32093933463796476
512 0.3203125
513 0.31968810916179335
514 0.31906614785992216
515 0.31844660194174756
516 0.3178294573643411
517 0.31721470019342357
518 0.3166023166023166
519 0.3159922928709056
520 0.3153846153846154
521 0.31477927063339733
522 0.31417624521072796
523 0.3135755258126195
524 0.31297709923664124
525 0.31238095238095237
526 0.311787072243346
527 0.3111954459203036
528 0.3106060606060606
529 0.31001890359168244
530 0.30943396226415093
531 0.3088512241054614
532 0.3082706766917293
533 0.30956848030018763
534 0.31086142322097376
535 0.3102803738317757
536 0.30970149253731344
537 0.3091247672253259
538 0.3104089219330855
539 0.3098330241187384
540 0.30925925925925923
541 0.30868761552680224
542 0.3081180811808118
543 0.30755064456721914
544 0.3069852941176471
545 0.30642201834862387
546 0.3058608058608059
547 0.3053016453382084
548 0.30474452554744524
549 0.30418943533697634
550 0.30363636363636365
551 0.3030852994555354
552 0.302536231884058
553 0.30198915009041594
554 0.30144404332129965
555 0.3027027027027027
556 0.302158273381295
557 0.30341113105924594
558 0.30286738351254483
559 0.3023255813953488
560 0.30178571428571427
561 0.30303030303030304
562 0.302491103202847
563 0.3019538188277087
564 0.30141843971631205
565 0.3008849557522124
566 0.3003533568904594
567 0.2998236331569665
568 0.2992957746478873
569 0.29876977152899825
570 0.2982456140350877
571 0.29772329246935203
572 0.2972027972027972
573 0.29668411867364747
574 0.2979094076655052
575 0.29739130434782607
576 0.296875
577 0.29636048526863085
578 0.2958477508650519
579 0.29533678756476683
580 0.29482758620689653
581 0.2943201376936317
582 0.29381443298969073
583 0.2933104631217839
584 0.2928082191780822
585 0.294017094017094
586 0.2935153583617747
587 0.293015332197615
588 0.2925170068027211
589 0.2937181663837012
590 0.29322033898305083
591 0.2927241962774958
592 0.2922297297297297
593 0.2917369308600337
594 0.29124579124579125
595 0.2907563025210084
596 0.2902684563758389
597 0.2897822445561139
598 0.28929765886287623
599 0.2888146911519199
600 0.29
601 0.2895174708818636
602 0.28903654485049834
603 0.2885572139303483
604 0.28807947019867547
605 0.28760330578512394
606 0.2871287128712871
607 0.28665568369028005
608 0.28618421052631576
609 0.2857142857142857
610 0.28524590163934427
611 0.28477905073649756
612 0.28431372549019607
613 0.2838499184339315
614 0.28338762214983715
615 0.28292682926829266
616 0.2824675324675325
617 0.2820097244732577
618 0.28317152103559873
619 0.2827140549273021
620 0.28225806451612906
621 0.28180354267310787
622 0.28135048231511256
623 0.2808988764044944
624 0.28044871794871795
625 0.28
626 0.2795527156549521
627 0.27910685805422647
628 0.2786624203821656
629 0.27821939586645467
630 0.27936507936507937
631 0.27892234548335976
632 0.27848101265822783
633 0.27804107424960506
634 0.277602523659306
635 0.27716535433070866
636 0.27672955974842767
637 0.27629513343799056
638 0.27586206896551724
639 0.27543035993740217
640 0.275
641 0.2745709828393136
642 0.27414330218068533
643 0.2737169517884914
644 0.2732919254658385
645 0.27286821705426356
646 0.2724458204334365
647 0.27202472952086554
648 0.2716049382716049
649 0.2711864406779661
650 0.27076923076923076
651 0.27035330261136714
652 0.26993865030674846
653 0.26952526799387444
654 0.2691131498470948
655 0.27022900763358776
656 0.2698170731707317
657 0.2694063926940639
658 0.2689969604863222
659 0.26858877086494687
660 0.2681818181818182
661 0.26777609682299547
662 0.2673716012084592
663 0.2669683257918552
664 0.26656626506024095
665 0.2661654135338346
666 0.26576576576576577
667 0.2653673163418291
668 0.26497005988023953
669 0.2645739910313901
670 0.26417910447761195
671 0.2637853949329359
672 0.2648809523809524
673 0.26448736998514116
674 0.26409495548961426
675 0.2637037037037037
676 0.26331360946745563
677 0.26292466765140327
678 0.26253687315634217
679 0.2621502209131075
680 0.26176470588235295
681 0.26138032305433184
682 0.26099706744868034
683 0.26207906295754024
684 0.26169590643274854
685 0.2613138686131387
686 0.260932944606414
687 0.26055312954876275
688 0.2601744186046512
689 0.2597968069666183
690 0.2594202898550725
691 0.2590448625180897
692 0.2586705202312139
693 0.2582972582972583
694 0.2579250720461095
695 0.25755395683453236
696 0.257183908045977
697 0.2568149210903874
698 0.25644699140401145
699 0.2575107296137339
700 0.2571428571428571
701 0.25677603423680456
702 0.2564102564102564
703 0.25604551920341395
704 0.2556818181818182
705 0.2553191489361702
706 0.254957507082153
707 0.2545968882602546
708 0.2542372881355932
709 0.2538787023977433
710 0.2535211267605634
711 0.25316455696202533
712 0.25280898876404495
713 0.25245441795231416
714 0.25210084033613445
715 0.2517482517482518
716 0.25139664804469275
717 0.2510460251046025
718 0.25069637883008355
719 0.25034770514603616
720 0.25
721 0.24965325936199723
722 0.24930747922437674
723 0.24896265560165975
724 0.24861878453038674
725 0.2482758620689655
726 0.24793388429752067
727 0.24759284731774414
728 0.24725274725274726
729 0.24691358024691357
730 0.2465753424657534
731 0.24623803009575923
732 0.2459016393442623
733 0.24556616643929058
734 0.2452316076294278
735 0.24489795918367346
736 0.24456521739130435
737 0.24423337856173677
738 0.24390243902439024
739 0.2435723951285521
740 0.24324324324324326
741 0.242914979757085
742 0.24258760107816713
743 0.24226110363391656
744 0.24193548387096775
745 0.24161073825503357
746 0.24128686327077747
747 0.24096385542168675
748 0.24064171122994651
749 0.24032042723631508
750 0.24
751 0.2396804260985353
752 0.2393617021276596
753 0.23904382470119523
754 0.23872679045092837
755 0.23841059602649006
756 0.23809523809523808
757 0.23778071334214002
758 0.23746701846965698
759 0.23715415019762845
760 0.23684210526315788
761 0.23653088042049936
762 0.23622047244094488
763 0.23591087811271297
764 0.2356020942408377
765 0.23529411764705882
766 0.2349869451697128
767 0.23468057366362452
768 0.234375
769 0.2340702210663199
770 0.23376623376623376
771 0.23346303501945526
772 0.23316062176165803
773 0.23285899094437257
774 0.23255813953488372
775 0.23225806451612904
776 0.23195876288659795
777 0.23166023166023167
778 0.2326478149100257
779 0.23234916559691912
780 0.23205128205128206
781 0.23175416133162613
782 0.23145780051150894
783 0.23243933588761176
784 0.23214285714285715
785 0.2318471337579618
786 0.23155216284987276
787 0.2312579415501906
788 0.23096446700507614
789 0.23067173637515842
790 0.23037974683544304
791 0.23008849557522124
792 0.2297979797979798
793 0.22950819672131148
794 0.22921914357682618
795 0.2289308176100629
796 0.228643216080402
797 0.22835633626097868
798 0.22807017543859648
799 0.22778473091364204
800 0.2275
801 0.2272159800249688
802 0.22693266832917705
803 0.2266500622665006
804 0.2263681592039801
805 0.22608695652173913
806 0.22580645161290322
807 0.2255266418835192
808 0.22524752475247525
809 0.2249690976514215
810 0.22469135802469137
811 0.22441430332922319
812 0.22413793103448276
813 0.22386223862238622
814 0.22358722358722358
815 0.2233128834355828
816 0.22303921568627452
817 0.22276621787025705
818 0.22249388753056235
819 0.2222222222222222
820 0.22195121951219512
821 0.22168087697929353
822 0.22141119221411193
823 0.22114216281895505
824 0.220873786407767
825 0.2206060606060606
826 0.22033898305084745
827 0.22007255139056833
828 0.21980676328502416
829 0.2195416164053076
830 0.21927710843373494
831 0.2190132370637786
832 0.21875
833 0.2184873949579832
834 0.2182254196642686
835 0.2179640718562874
836 0.21770334928229665
837 0.2174432497013142
838 0.2171837708830549
839 0.2169249106078665
840 0.21666666666666667
841 0.2164090368608799
842 0.2161520190023753
843 0.2158956109134045
844 0.2156398104265403
845 0.2153846153846154
846 0.21513002364066194
847 0.21487603305785125
848 0.21462264150943397
849 0.21554770318021202
850 0.21529411764705883
851 0.21504112808460635
852 0.2147887323943662
853 0.21453692848769051
854 0.2154566744730679
855 0.2152046783625731
856 0.21495327102803738
857 0.2147024504084014
858 0.21445221445221446
859 0.21420256111757857
860 0.21395348837209302
861 0.21370499419279906
862 0.21345707656612528
863 0.21320973348783315
864 0.21296296296296297
865 0.21271676300578035
866 0.21247113163972287
867 0.2122260668973472
868 0.2119815668202765
869 0.21288837744533948
870 0.21264367816091953
871 0.21239954075774972
872 0.2121559633027523
873 0.21191294387170675
874 0.2116704805491991
875 0.21142857142857144
876 0.21118721461187215
877 0.21094640820980615
878 0.21070615034168566
879 0.21046643913538113
880 0.21022727272727273
881 0.20998864926220204
882 0.20975056689342403
883 0.20951302378255945
884 0.20927601809954752
885 0.20903954802259886
886 0.208803611738149
887 0.20969560315670802
888 0.20945945945945946
889 0.2092238470191226
890 0.20898876404494382
891 0.20875420875420875
892 0.2085201793721973
893 0.20828667413213886
894 0.2080536912751678
895 0.20782122905027933
896 0.20758928571428573
897 0.20735785953177258
898 0.2071269487750557
899 0.20689655172413793
900 0.20666666666666667
901 0.20643729189789123
902 0.20620842572062084
903 0.2059800664451827
904 0.20575221238938052
905 0.20552486187845304
906 0.2052980132450331
907 0.20507166482910694
908 0.20484581497797358
909 0.20572057205720573
910 0.20549450549450549
911 0.2052689352360044
912 0.2050438596491228
913 0.20481927710843373
914 0.20459518599562362
915 0.20437158469945355
916 0.20414847161572053
917 0.2039258451472192
918 0.2037037037037037
919 0.20348204570184983
920 0.20326086956521738
921 0.20304017372421282
922 0.20281995661605207
923 0.20260021668472372
924 0.20238095238095238
925 0.20216216216216215
926 0.2019438444924406
927 0.2017259978425027
928 0.20150862068965517
929 0.20129171151776104
930 0.2010752688172043
931 0.200859291084855
932 0.20064377682403434
933 0.20042872454448016
934 0.20021413276231265
935 0.2
936 0.1997863247863248
937 0.19957310565635006
938 0.19936034115138593
939 0.19914802981895632
940 0.19893617021276597
941 0.19872476089266738
942 0.19851380042462846
943 0.19830328738069988
944 0.19809322033898305
945 0.19894179894179895
946 0.19873150105708245
947 0.19852164730728616
948 0.19831223628691982
949 0.19810326659641728
950 0.19789473684210526
951 0.19768664563617244
952 0.19747899159663865
953 0.19727177334732424
954 0.1970649895178197
955 0.1968586387434555
956 0.19665271966527198
957 0.19644723092998956
958 0.19624217118997914
959 0.19603753910323254
960 0.19583333333333333
961 0.19562955254942768
962 0.19542619542619544
963 0.1952232606438214
964 0.1950207468879668
965 0.19481865284974093
966 0.19461697722567287
967 0.19441571871768357
968 0.19421487603305784
969 0.19401444788441694
970 0.19381443298969073
971 0.19361483007209063
972 0.1934156378600823
973 0.19424460431654678
974 0.19404517453798767
975 0.19384615384615383
976 0.19364754098360656
977 0.19344933469805528
978 0.19325153374233128
979 0.1930541368743616
980 0.19285714285714287
981 0.1926605504587156
982 0.1924643584521385
983 0.19226856561546288
984 0.19207317073170732
985 0.1918781725888325
986 0.19168356997971603
987 0.19148936170212766
988 0.19129554655870445
989 0.1911021233569262
990 0.19090909090909092
991 0.19071644803229063
992 0.19153225806451613
993 0.19133937562940584
994 0.19114688128772636
995 0.19095477386934673
996 0.19076305220883535
997 0.1905717151454363
998 0.1903807615230461
999 0.19019019019019018
1000 0.19
1001 0.18981018981018982
1002 0.18962075848303392
1003 0.18943170488534397
1004 0.1892430278884462
1005 0.1890547263681592
1006 0.18886679920477137
1007 0.18867924528301888
1008 0.1884920634920635
1009 0.18830525272547077
1010 0.18811881188118812
1011 0.18793273986152326
1012 0.18873517786561264
1013 0.1885488647581441
1014 0.1883629191321499
1015 0.18817733990147784
1016 0.18799212598425197
1017 0.18780727630285152
1018 0.18762278978389
1019 0.1874386653581943
1020 0.18823529411764706
1021 0.188050930460333
1022 0.18786692759295498
1023 0.187683284457478
1024 0.1875
1025 0.1873170731707317
1026 0.1871345029239766
1027 0.186952288218111
1028 0.1867704280155642
1029 0.18658892128279883
1030 0.18737864077669902
1031 0.1871968962172648
1032 0.187015503875969
1033 0.1868344627299129
1034 0.18665377176015474
1035 0.18647342995169083
1036 0.18629343629343628
1037 0.18611378977820636
1038 0.1859344894026975
1039 0.18575553416746873
1040 0.18557692307692308
1041 0.18539865513928913
1042 0.1852207293666027
1043 0.1850431447746884
1044 0.18582375478927204
1045 0.18564593301435406
1046 0.18546845124282982
1047 0.18529130850047756
1048 0.1851145038167939
1049 0.18493803622497618
1050 0.18476190476190477
1051 0.1845861084681256
1052 0.1844106463878327
1053 0.1842355175688509
1054 0.1840607210626186
1055 0.18388625592417063
1056 0.18371212121212122
1057 0.18353831598864712
1058 0.1833648393194707
1059 0.18319169027384324
1060 0.1830188679245283
1061 0.1828463713477851
1062 0.18267419962335216
1063 0.18250235183443086
1064 0.18233082706766918
1065 0.18215962441314554
1066 0.18198874296435272
1067 0.18181818181818182
1068 0.18164794007490637
1069 0.1814780168381665
1070 0.18130841121495328
1071 0.1811391223155929
1072 0.18097014925373134
1073 0.18080149114631874
1074 0.18063314711359404
1075 0.18046511627906978
1076 0.18029739776951673
1077 0.18012999071494892
1078 0.17996289424860853
1079 0.17979610750695088
1080 0.17962962962962964
1081 0.17946345975948197
1082 0.17929759704251386
1083 0.1791320406278855
1084 0.17896678966789667
1085 0.17880184331797236
1086 0.17863720073664824
1087 0.17847286108555657
1088 0.17830882352941177
1089 0.1781450872359963
1090 0.1779816513761468
1091 0.1778185151237397
1092 0.17765567765567766
1093 0.17749313815187556
1094 0.1773308957952468
1095 0.1771689497716895
1096 0.177007299270073
1097 0.17684594348222424
1098 0.1766848816029144
1099 0.17652411282984531
1100 0.17636363636363636
1101 0.17620345140781107
1102 0.17604355716878403
1103 0.17588395285584768
1104 0.17572463768115942
1105 0.1755656108597285
1106 0.17540687160940324
1107 0.17524841915085818
1108 0.17509025270758122
1109 0.17583408476104598
1110 0.17567567567567569
1111 0.17551755175517553
1112 0.17625899280575538
1113 0.1761006289308176
1114 0.17594254937163376
1115 0.1757847533632287
1116 0.17652329749103943
1117 0.17636526410026857
1118 0.17620751341681573
1119 0.17605004468275245
1120 0.17589285714285716
1121 0.17573595004460305
1122 0.17557932263814616
1123 0.17542297417631345
1124 0.17526690391459074
1125 0.1751111111111111
1126 0.17495559502664298
1127 0.1756876663708962
1128 0.17553191489361702
1129 0.1753764393268379
1130 0.1752212389380531
1131 0.17506631299734748
1132 0.17491166077738515
1133 0.17475728155339806
1134 0.1746031746031746
1135 0.17444933920704847
1136 0.1742957746478873
1137 0.1741424802110818
1138 0.17398945518453426
1139 0.17383669885864794
1140 0.1736842105263158
1141 0.17353198948290974
1142 0.1733800350262697
1143 0.1732283464566929
1144 0.17307692307692307
1145 0.17292576419213973
1146 0.17277486910994763
1147 0.17262423714036618
1148 0.17247386759581881
1149 0.17232375979112272
1150 0.17217391304347826
1151 0.17202432667245873
1152 0.171875
1153 0.1717259323503903
1154 0.17157712305025996
1155 0.17142857142857143
1156 0.17128027681660898
1157 0.17113223854796888
1158 0.17098445595854922
1159 0.17083692838654013
1160 0.1706896551724138
1161 0.17054263565891473
1162 0.1703958691910499
1163 0.1702493551160791
1164 0.17010309278350516
1165 0.16995708154506436
1166 0.17066895368782162
1167 0.17052270779777207
1168 0.1703767123287671
1169 0.17023096663815226
1170 0.1700854700854701
1171 0.1699402220324509
1172 0.1697952218430034
1173 0.16965046888320545
1174 0.1695059625212947
1175 0.16936170212765958
1176 0.16921768707482993
1177 0.16907391673746813
1178 0.16893039049235994
1179 0.16878710771840544
1180 0.16864406779661018
1181 0.1685012701100762
1182 0.16835871404399322
1183 0.16821639898562976
1184 0.16807432432432431
1185 0.1679324894514768
1186 0.16779089376053963
1187 0.16764953664700927
1188 0.1675084175084175
1189 0.16736753574432295
1190 0.1672268907563025
1191 0.1670864819479429
1192 0.1669463087248322
1193 0.16680637049455155
1194 0.16666666666666666
1195 0.16652719665271967
1196 0.16638795986622074
1197 0.16624895572263992
1198 0.166110183639399
1199 0.16680567139282734
1200 0.16666666666666666
1201 0.16652789342214822
1202 0.16638935108153077
1203 0.1662510390689942
1204 0.16611295681063123
1205 0.16597510373443983
1206 0.16583747927031509
1207 0.16570008285004142
1208 0.16556291390728478
1209 0.1654259718775848
1210 0.1652892561983471
1211 0.16515276630883569
1212 0.16501650165016502
1213 0.16488046166529266
1214 0.16474464579901152
1215 0.1646090534979424
1216 0.16447368421052633
1217 0.16433853738701726
1218 0.16420361247947454
1219 0.16406890894175555
1220 0.16393442622950818
1221 0.1638001638001638
1222 0.16366612111292964
1223 0.1635322976287817
1224 0.16339869281045752
1225 0.16408163265306122
1226 0.1639477977161501
1227 0.16381418092909536
1228 0.16368078175895764
1229 0.16354759967453214
1230 0.16341463414634147
1231 0.16328188464662877
1232 0.16314935064935066
1233 0.1630170316301703
1234 0.16288492706645058
1235 0.16275303643724695
1236 0.16262135922330098
1237 0.16248989490703314
1238 0.16235864297253635
1239 0.162227602905569
1240 0.1620967741935484
1241 0.16196615632554393
1242 0.16183574879227053
1243 0.16170555108608206
1244 0.16157556270096463
1245 0.1614457831325301
1246 0.16131621187800962
1247 0.161186848436247
1248 0.16105769230769232
1249 0.16092874299439552
1250 0.1608
1251 0.1606714628297362
1252 0.16054313099041534
1253 0.160415003990423
1254 0.16028708133971292
1255 0.1601593625498008
1256 0.16003184713375795
1257 0.15990453460620524
1258 0.15977742448330684
1259 0.1596505162827641
1260 0.1595238095238095
1261 0.15939730372720062
1262 0.15927099841521394
1263 0.15914489311163896
1264 0.15901898734177214
1265 0.15889328063241107
1266 0.15876777251184834
1267 0.15864246250986583
1268 0.15851735015772872
1269 0.15839243498817968
1270 0.15826771653543306
1271 0.15814319433516916
1272 0.1580188679245283
1273 0.15789473684210525
1274 0.1577708006279435
1275 0.15764705882352942
1276 0.15752351097178682
1277 0.15740015661707127
1278 0.1572769953051643
1279 0.15715402658326819
1280 0.15703125
1281 0.15690866510538642
1282 0.15678627145085802
1283 0.15666406858924395
1284 0.15654205607476634
1285 0.15642023346303502
1286 0.15629860031104198
1287 0.1561771561771562
1288 0.15605590062111802
1289 0.15593483320403415
1290 0.1558139534883721
1291 0.15569326103795508
1292 0.15557275541795665
1293 0.1554524361948956
1294 0.1553323029366306
1295 0.1552123552123552
1296 0.1550925925925926
1297 0.15497301464919044
1298 0.15485362095531588
1299 0.15473441108545036
1300 0.15461538461538463
1301 0.15449654112221367
1302 0.1543778801843318
1303 0.15425940138142746
1304 0.15414110429447853
1305 0.15402298850574714
1306 0.15390505359877488
1307 0.15378729915837797
1308 0.1536697247706422
1309 0.15355233002291827
1310 0.1534351145038168
1311 0.15331807780320367
1312 0.15320121951219512
1313 0.15308453922315307
1314 0.15296803652968036
1315 0.15285171102661596
1316 0.15273556231003038
1317 0.15261958997722094
1318 0.15250379362670713
1319 0.15238817285822592
1320 0.15227272727272728
1321 0.15215745647236942
1322 0.15204236006051436
1323 0.15192743764172337
1324 0.15181268882175228
1325 0.15169811320754717
1326 0.1515837104072398
1327 0.15146948003014318
1328 0.15135542168674698
1329 0.15124153498871332
1330 0.1511278195488722
1331 0.15101427498121714
1332 0.15090090090090091
1333 0.15078769692423105
1334 0.15067466266866567
1335 0.15056179775280898
1336 0.1504491017964072
1337 0.15033657442034407
1338 0.15022421524663676
1339 0.15011202389843167
1340 0.15
1341 0.14988814317673377
1342 0.15052160953800298
1343 0.15040953090096798
1344 0.15029761904761904
1345 0.15018587360594796
1346 0.150074294205052
1347 0.14996288047512993
1348 0.14985163204747776
1349 0.1497405485544848
1350 0.14962962962962964
1351 0.14951887490747595
1352 0.14940828402366865
1353 0.14929785661492978
1354 0.14918759231905465
1355 0.14907749077490776
1356 0.14896755162241887
1357 0.14885777450257923
1358 0.1487481590574374
1359 0.14863870493009565
1360 0.14852941176470588
1361 0.14842027920646583
1362 0.14831130690161526
1363 0.14820249449743214
1364 0.14809384164222875
1365 0.147985347985348
1366 0.1478770131771596
1367 0.14776883686905634
1368 0.1476608187134503
1369 0.14755295836376917
1370 0.14744525547445256
1371 0.1473377097009482
1372 0.14723032069970846
1373 0.14712308812818645
1374 0.1470160116448326
1375 0.1469090909090909
1376 0.14680232558139536
1377 0.1466957153231663
1378 0.14658925979680695
1379 0.14648295866569977
1380 0.1463768115942029
1381 0.14627081824764662
1382 0.14616497829232997
1383 0.146059291395517
1384 0.14595375722543352
1385 0.14584837545126353
1386 0.14574314574314573
1387 0.14563806777217014
1388 0.14553314121037464
1389 0.14542836573074155
1390 0.14532374100719425
1391 0.14521926671459381
1392 0.14511494252873564
1393 0.14501076812634603
1394 0.1449067431850789
1395 0.14480286738351256
1396 0.14469914040114612
1397 0.14459556191839656
1398 0.14449213161659513
1399 0.14438884917798428
1400 0.1442857142857143
1401 0.1441827266238401
1402 0.14407988587731813
1403 0.14397719173200285
1404 0.14387464387464388
1405 0.14377224199288255
1406 0.14366998577524892
1407 0.1435678749111585
1408 0.1434659090909091
1409 0.1433640880056778
1410 0.14326241134751774
1411 0.14316087880935507
1412 0.14305949008498584
1413 0.14295824486907288
1414 0.14285714285714285
1415 0.14275618374558305
1416 0.1426553672316384
1417 0.14255469301340862
1418 0.14245416078984485
1419 0.142353770260747
1420 0.14225352112676057
1421 0.14215341308937368
1422 0.1420534458509142
1423 0.14195361911454674
1424 0.14185393258426968
1425 0.14175438596491227
1426 0.14165497896213183
1427 0.14155571128241065
1428 0.14145658263305322
1429 0.14135759272218335
1430 0.14125874125874127
1431 0.14116002795248078
1432 0.14106145251396648
1433 0.14096301465457084
1434 0.14086471408647142
1435 0.14076655052264808
1436 0.14066852367688024
1437 0.14057063326374392
1438 0.1404728789986092
1439 0.14037526059763725
1440 0.14027777777777778
1441 0.14018043025676613
1442 0.14008321775312066
1443 0.13998613998613998
1444 0.13988919667590027
1445 0.1397923875432526
1446 0.1396957123098202
1447 0.13959917069799585
1448 0.13950276243093923
1449 0.13940648723257418
1450 0.1393103448275862
1451 0.13921433494141972
1452 0.13911845730027547
1453 0.13902271163110805
1454 0.13892709766162312
1455 0.13883161512027492
1456 0.13873626373626374
1457 0.1386410432395333
1458 0.13854595336076816
1459 0.13845099383139137
1460 0.13835616438356163
1461 0.13826146475017112
1462 0.1381668946648427
1463 0.13807245386192754
1464 0.13797814207650272
1465 0.1378839590443686
1466 0.1377899045020464
1467 0.13769597818677573
1468 0.13760217983651227
1469 0.13750850918992513
1470 0.13741496598639455
1471 0.1373215499660095
1472 0.13722826086956522
1473 0.13713509843856075
1474 0.13704206241519673
1475 0.1369491525423729
1476 0.13685636856368563
1477 0.13676371022342587
1478 0.13667117726657646
1479 0.13657876943881
1480 0.13648648648648648
1481 0.13639432815665092
1482 0.13630229419703105
1483 0.13621038435603505
1484 0.13611859838274934
1485 0.13602693602693602
1486 0.13593539703903096
1487 0.13584398117014124
1488 0.135752688172043
1489 0.1356615177971793
1490 0.13557046979865772
1491 0.13547954393024816
1492 0.1353887399463807
1493 0.13529805760214333
1494 0.13520749665327977
1495 0.1351170568561873
1496 0.13502673796791445
1497 0.134936539746159
1498 0.1348464619492657
1499 0.13475650433622416
1500 0.13466666666666666
1501 0.1345769487008661
1502 0.13448735019973368
1503 0.13439787092481703
1504 0.13430851063829788
1505 0.13421926910299004
1506 0.1341301460823373
1507 0.13404114134041142
1508 0.13395225464190982
1509 0.13386348575215373
1510 0.1337748344370861
1511 0.13368630046326935
1512 0.1335978835978836
1513 0.1335095836087244
1514 0.1334214002642008
1515 0.13333333333333333
1516 0.13324538258575197
1517 0.13315754779169414
1518 0.13306982872200263
1519 0.13298222514812377
1520 0.13289473684210526
1521 0.13280736357659434
1522 0.13272010512483573
1523 0.13263296126066973
1524 0.1325459317585302
1525 0.13245901639344262
1526 0.13237221494102228
1527 0.13228552717747216
1528 0.13219895287958114
1529 0.13211249182472204
1530 0.13202614379084968
1531 0.131939908556499
1532 0.1325065274151436
1533 0.1324200913242009
1534 0.13233376792698825
1535 0.13224755700325733
1536 0.13216145833333334
1537 0.1320754716981132
1538 0.13198959687906373
1539 0.13190383365821962
1540 0.1318181818181818
1541 0.1317326411421155
1542 0.13164721141374838
1543 0.13156189241736876
1544 0.13147668393782383
1545 0.1313915857605178
1546 0.1313065976714101
1547 0.13122171945701358
1548 0.13113695090439276
1549 0.13105229180116204
1550 0.13096774193548388
1551 0.13088330109606705
1552 0.13079896907216496
1553 0.13071474565357372
1554 0.13063063063063063
1555 0.13054662379421222
1556 0.13046272493573266
1557 0.13037893384714194
1558 0.13029525032092426
1559 0.1302116741500962
1560 0.13012820512820514
1561 0.13004484304932734
1562 0.1299615877080666
1563 0.12987843889955214
1564 0.12979539641943735
1565 0.12971246006389775
1566 0.12962962962962962
1567 0.12954690491384813
1568 0.12946428571428573
1569 0.12938177182919056
1570 0.12929936305732484
1571 0.12921705919796309
1572 0.1291348600508906
1573 0.1290527654164018
1574 0.1289707750952986
1575 0.1288888888888889
1576 0.12880710659898478
1577 0.12872542802790107
1578 0.12864385297845374
1579 0.1285623812539582
1580 0.12848101265822784
1581 0.1283997469955724
1582 0.12831858407079647
1583 0.12823752368919772
1584 0.12815656565656566
1585 0.12870662460567822
1586 0.12862547288776796
1587 0.1285444234404537
1588 0.12846347607052896
1589 0.12838263058527374
1590 0.12830188679245283
1591 0.12822124450031427
1592 0.12814070351758794
1593 0.12868801004394226
1594 0.1286072772898369
1595 0.12852664576802508
1596 0.12844611528822056
1597 0.12836568566061365
1598 0.12828535669586985
1599 0.1282051282051282
1600 0.128125
1601 0.12804497189256714
1602 0.12796504369538078
1603 0.12788521522145976
1604 0.12780548628428928
1605 0.1277258566978193
1606 0.12764632627646327
1607 0.12756689483509645
1608 0.12748756218905472
1609 0.127408328154133
1610 0.12732919254658384
1611 0.12725015518311608
1612 0.1271712158808933
1613 0.12709237445753255
1614 0.12701363073110286
1615 0.12693498452012383
1616 0.12685643564356436
1617 0.12677798392084105
1618 0.12669962917181707
1619 0.1266213712168005
1620 0.12654320987654322
1621 0.12646514497223935
1622 0.12638717632552404
1623 0.12630930375847196
1624 0.12623152709359606
1625 0.12615384615384614
1626 0.12607626076260764
1627 0.12599877074370006
1628 0.12592137592137592
1629 0.12584407612031923
1630 0.12576687116564417
1631 0.12568976088289394
1632 0.1256127450980392
1633 0.12553582363747703
1634 0.12545899632802937
1635 0.12538226299694188
1636 0.12530562347188265
1637 0.12522907758094073
1638 0.12515262515262515
1639 0.12507626601586333
1640 0.125
1641 0.12492382693479585
1642 0.1248477466504263
1643 0.12477175897748022
1644 0.12469586374695864
1645 0.12462006079027356
1646 0.12454434993924667
1647 0.12446873102610807
1648 0.12439320388349515
1649 0.12431776834445118
1650 0.12424242424242424
1651 0.1241671714112659
1652 0.12409200968523003
1653 0.12401693889897157
1654 0.12394195888754535
1655 0.12386706948640483
1656 0.12379227053140096
1657 0.12371756185878093
1658 0.12364294330518698
1659 0.12356841470765521
1660 0.12349397590361445
1661 0.12402167369054787
1662 0.12394705174488568
1663 0.1238725195429946
1664 0.12379807692307693
1665 0.12372372372372373
1666 0.12364945978391356
1667 0.1235752849430114
1668 0.12350119904076738
1669 0.12342720191731575
1670 0.12335329341317365
1671 0.12327947336923997
1672 0.12320574162679426
1673 0.12313209802749552
1674 0.12305854241338113
1675 0.12298507462686567
1676 0.12291169451073986
1677 0.12283840190816935
1678 0.12276519666269368
1679 0.12269207861822513
1680 0.12261904761904761
1681 0.12254610350981558
1682 0.12247324613555291
1683 0.12240047534165181
1684 0.12232779097387174
1685 0.12225519287833828
1686 0.1221826809015421
1687 0.12211025489033787
1688 0.12203791469194313
1689 0.12196566015393724
1690 0.12189349112426036
1691 0.1218214074512123
1692 0.12174940898345153
1693 0.12167749556999409
1694 0.12160566706021252
1695 0.1215339233038348
1696 0.1214622641509434
1697 0.12139068945197407
1698 0.12131919905771496
1699 0.12124779281930548
1700 0.12117647058823529
1701 0.12110523221634333
1702 0.12103407755581669
1703 0.12096300645918967
1704 0.12089201877934272
1705 0.12082111436950146
1706 0.12075029308323564
1707 0.12067955477445812
1708 0.12060889929742388
1709 0.12053832650672908
1710 0.12046783625730995
1711 0.12039742840444184
1712 0.12032710280373832
1713 0.12025685931115003
1714 0.12018669778296383
1715 0.12011661807580175
1716 0.12004662004662005
1717 0.11997670355270822
1718 0.119906868451688
1719 0.1198371146015125
1720 0.11976744186046512
1721 0.11969785008715862
1722 0.11962833914053426
1723 0.1195589088798607
1724 0.11948955916473318
1725 0.11942028985507247
1726 0.11935110081112399
1727 0.11928199189345687
1728 0.11921296296296297
1729 0.11914401388085599
1730 0.11907514450867052
1731 0.11900635470826113
1732 0.11893764434180139
1733 0.11886901327178304
1734 0.11880046136101499
1735 0.11873198847262248
1736 0.11866359447004608
1737 0.11859527921704087
1738 0.11852704257767549
1739 0.11845888441633122
1740 0.11839080459770115
1741 0.1183228029867892
1742 0.1182548794489093
1743 0.11818703384968446
1744 0.11811926605504587
1745 0.1180515759312321
1746 0.11798396334478808
1747 0.1179164281625644
1748 0.11784897025171624
1749 0.11778158947970269
1750 0.11771428571428572
1751 0.11764705882352941
1752 0.11757990867579908
1753 0.11751283513976041
1754 0.11744583808437856
1755 0.11737891737891738
1756 0.11731207289293849
1757 0.11724530449630051
1758 0.11717861205915814
1759 0.11711199545196134
1760 0.11704545454545455
1761 0.11697898921067575
1762 0.11691259931895573
1763 0.11684628474191719
1764 0.11678004535147392
1765 0.11671388101983003
1766 0.11664779161947905
1767 0.11658177702320317
1768 0.1165158371040724
1769 0.11644997173544375
1770 0.11638418079096045
1771 0.1163184641445511
1772 0.1162528216704289
1773 0.1161872532430908
1774 0.1161217587373168
1775 0.11605633802816902
1776 0.11599099099099099
1777 0.11592571750140687
1778 0.11586051743532058
1779 0.11579539066891512
1780 0.11573033707865168
1781 0.11566535654126894
1782 0.11560044893378227
1783 0.1155356141334829
1784 0.11547085201793722
1785 0.115406162464986
1786 0.11534154535274356
1787 0.1152770005595971
1788 0.11521252796420582
1789 0.11514812744550028
1790 0.11508379888268157
1791 0.11501954215522055
1792 0.11495535714285714
1793 0.11489124372559956
1794 0.11482720178372352
1795 0.11476323119777158
1796 0.11469933184855234
1797 0.11463550361713967
1798 0.11457174638487208
1799 0.11450806003335186
1800 0.11444444444444445
1801 0.11438089950027762
1802 0.11431742508324085
1803 0.11425402107598447
1804 0.11419068736141907
1805 0.11412742382271468
1806 0.11406423034330011
1807 0.1140011068068622
1808 0.11393805309734513
1809 0.11387506909894969
1810 0.1138121546961326
1811 0.11374930977360574
1812 0.11368653421633554
1813 0.1136238279095422
1814 0.11356119073869901
1815 0.11349862258953168
1816 0.11343612334801761
1817 0.11337369290038525
1818 0.11331133113311331
1819 0.11324903793293019
1820 0.11318681318681319
1821 0.11312465678198792
1822 0.11306256860592755
1823 0.11300054854635216
1824 0.11293859649122807
1825 0.11287671232876713
1826 0.11281489594742607
1827 0.11275314723590586
1828 0.11323851203501094
1829 0.1131765992345544
1830 0.11311475409836065
1831 0.11305297651556527
1832 0.11299126637554585
1833 0.11292962356792144
1834 0.1128680479825518
1835 0.11280653950953679
1836 0.11274509803921569
1837 0.11268372346216658
1838 0.11262241566920565
1839 0.11256117455138662
1840 0.1125
1841 0.11243889190657251
1842 0.11237785016286644
1843 0.112316874660879
1844 0.11225596529284165
1845 0.11219512195121951
1846 0.11213434452871072
1847 0.1120736329182458
1848 0.11201298701298701
1849 0.11195240670632775
1850 0.11189189189189189
1851 0.11183144246353323
1852 0.11177105831533478
1853 0.1117107393416082
1854 0.11165048543689321
1855 0.11159029649595688
1856 0.11153017241379311
1857 0.11147011308562198
1858 0.11141011840688912
1859 0.11135018827326519
1860 0.11129032258064517
1861 0.11123052122514777
1862 0.11117078410311493
1863 0.1111111111111111
1864 0.11105150214592274
1865 0.11099195710455764
1866 0.11093247588424437
1867 0.11087305838243171
1868 0.11081370449678801
1869 0.11075441412520064
1870 0.11069518716577541
1871 0.11063602351683592
1872 0.11057692307692307
1873 0.11051788574479444
1874 0.1104589114194237
1875 0.1104
1876 0.11034115138592751
1877 0.11028236547682473
1878 0.11022364217252396
1879 0.11016498137307078
1880 0.11010638297872341
1881 0.11004784688995216
1882 0.1099893730074389
1883 0.10993096123207648
1884 0.10987261146496816
1885 0.10981432360742706
1886 0.10975609756097561
1887 0.10969793322734499
1888 0.10963983050847458
1889 0.10958178930651138
1890 0.10952380952380952
1891 0.10946589106292967
1892 0.10940803382663848
1893 0.10935023771790808
1894 0.10929250263991552
1895 0.10923482849604221
1896 0.10917721518987342
1897 0.10911966262519768
1898 0.10906217070600632
1899 0.10900473933649289
1900 0.10894736842105263
1901 0.10889005786428195
1902 0.10883280757097792
1903 0.10877561744613767
1904 0.10871848739495799
1905 0.10866141732283464
1906 0.10860440713536201
1907 0.10854745673833247
1908 0.10849056603773585
1909 0.10843373493975904
1910 0.10837696335078534
1911 0.10832025117739404
1912 0.10826359832635983
1913 0.10820700470465237
1914 0.10815047021943573
1915 0.10809399477806789
1916 0.1080375782881002
1917 0.107981220657277
1918 0.10792492179353493
1919 0.10786868160500261
1920 0.1078125
1921 0.107756376887038
1922 0.1077003121748179
1923 0.10764430577223089
1924 0.1075883575883576
1925 0.10753246753246753
1926 0.10747663551401869
1927 0.10742086144265697
1928 0.10736514522821576
1929 0.10730948678071539
1930 0.10725388601036269
1931 0.10719834282755049
1932 0.10714285714285714
1933 0.10708742886704604
1934 0.10703205791106515
1935 0.10697674418604651
1936 0.10692148760330579
1937 0.10686628807434176
1938 0.10681114551083591
1939 0.10675605982465189
1940 0.10670103092783505
1941 0.10664605873261206
1942 0.10659114315139032
1943 0.1065362840967576
1944 0.10648148148148148
1945 0.106426735218509
1946 0.10637204522096609
1947 0.10631741140215717
1948 0.10626283367556469
1949 0.10620831195484864
1950 0.10615384615384615
1951 0.10609943618657099
1952 0.10604508196721311
1953 0.10599078341013825
1954 0.10593654042988741
1955 0.10588235294117647
1956 0.1058282208588957
1957 0.10577414409810935
1958 0.10572012257405516
1959 0.10566615620214395
1960 0.10561224489795919
1961 0.1055583885772565
1962 0.10550458715596331
1963 0.1054508405501783
1964 0.10539714867617107
1965 0.10534351145038168
1966 0.10528992878942015
1967 0.10523640061006609
1968 0.10518292682926829
1969 0.10512950736414424
1970 0.1050761421319797
1971 0.1050228310502283
1972 0.10496957403651115
1973 0.10491637100861632
1974 0.10486322188449848
1975 0.10481012658227848
1976 0.10526315789473684
1977 0.10520991401112798
1978 0.1051567239635996
1979 0.10510358767054068
1980 0.10505050505050505
1981 0.104997476022211
1982 0.10494450050454086
1983 0.10489157841654059
1984 0.10483870967741936
1985 0.10478589420654912
1986 0.10473313192346426
1987 0.1046804227478611
1988 0.10462776659959759
1989 0.10457516339869281
1990 0.10452261306532663
1991 0.10447011551983927
1992 0.10441767068273092
1993 0.10436527847466132
1994 0.10431293881644935
1995 0.10426065162907268
1996 0.10420841683366733
1997 0.1041562343515273
1998 0.1041041041041041
1999 0.1040520260130065
2000 0.104
2001 0.10394802598700649
2002 0.1038961038961039
2003 0.1038442336495257
2004 0.10379241516966067
2005 0.10374064837905236
2006 0.1036889332003988
2007 0.10413552566018934
2008 0.10408366533864542
2009 0.10403185664509706
2010 0.10398009950248756
2011 0.10392839383391347
2012 0.10387673956262425
2013 0.10382513661202186
2014 0.10377358490566038
2015 0.10372208436724566
2016 0.10367063492063493
2017 0.1036192364898364
2018 0.10356788899900891
2019 0.10351659237246162
2020 0.10346534653465346
2021 0.10341415141019297
2022 0.10336300692383778
2023 0.10331191300049432
2024 0.10326086956521739
2025 0.10320987654320987
2026 0.1031589338598223
2027 0.10310804144055254
2028 0.10305719921104536
2029 0.10300640709709216
2030 0.10295566502463054
2031 0.10290497291974397
2032 0.10285433070866142
2033 0.102803738317757
2034 0.10275319567354965
2035 0.10270270270270271
2036 0.10265225933202357
2037 0.10260186548846342
2038 0.10255152109911678
2039 0.10250122609122118
2040 0.10245098039215686
2041 0.10240078392944635
2042 0.10235063663075417
2043 0.10230053842388644
2044 0.1022504892367906
2045 0.10220048899755502
2046 0.10215053763440861
2047 0.10210063507572056
2048 0.10205078125
2049 0.10200097608589556
2050 0.10195121951219512
2051 0.10190151145782544
2052 0.10185185185185185
2053 0.10180224062347784
2054 0.1017526777020448
2055 0.10170316301703163
2056 0.10165369649805447
2057 0.10160427807486631
2058 0.10155490767735666
2059 0.10150558523555124
2060 0.10145631067961165
2061 0.10140708393983504
2062 0.10135790494665374
2063 0.101308773630635
2064 0.10125968992248062
2065 0.10121065375302664
2066 0.10116166505324298
2067 0.10111272375423319
2068 0.10106382978723404
2069 0.10101498308361527
2070 0.10096618357487923
2071 0.10091743119266056
2072 0.10086872586872588
2073 0.10082006753497347
2074 0.10077145612343298
2075 0.10072289156626506
2076 0.10067437379576108
2077 0.1006259027443428
2078 0.10057747834456209
2079 0.10052910052910052
2080 0.10048076923076923
2081 0.10043248438250842
2082 0.10038424591738712
2083 0.10033605376860298
2084 0.10028790786948176
2085 0.10023980815347722
2086 0.10019175455417066
2087 0.10014374700527072
2088 0.10009578544061302
2089 0.10004786979415989
2090 0.1
2091 0.09995217599234815
2092 0.09990439770554493
2093 0.09985666507405638
2094 0.09980897803247374
2095 0.09976133651551312
2096 0.09971374045801527
2097 0.09966618979494515
2098 0.0996186844613918
2099 0.0995712243925679
2100 0.09952380952380953
2101 0.09947643979057591
2102 0.0994291151284491
2103 0.09938183547313362
2104 0.09933460076045628
2105 0.0992874109263658
2106 0.09924026590693258
2107 0.09919316563834836
2108 0.09962049335863378
2109 0.10004741583688952
2110 0.1
2111 0.09995262908574136
2112 0.09990530303030302
2113 0.09985802176999527
2114 0.09981078524124881
2115 0.09976359338061466
2116 0.0997164461247637
2117 0.09966934341048654
2118 0.09962228517469311
2119 0.09957527135441246
2120 0.09952830188679246
2121 0.09948137670909948
2122 0.0994344957587182
2123 0.0993876589731512
2124 0.09934086629001883
2125 0.09929411764705882
2126 0.09924741298212605
2127 0.09920075223319229
2128 0.09915413533834587
2129 0.09910756223579145
2130 0.09906103286384976
2131 0.0990145471609573
2132 0.09943714821763602
2133 0.09939052977027661
2134 0.09934395501405811
2135 0.09929742388758782
2136 0.09925093632958802
2137 0.09920449227889565
2138 0.09915809167446211
2139 0.09911173445535297
2140 0.09906542056074766
2141 0.09901914992993928
2142 0.09897292250233426
2143 0.09892673821745217
2144 0.09888059701492537
2145 0.09883449883449884
2146 0.09878844361602983
2147 0.09874243129948766
2148 0.09869646182495345
2149 0.09865053513261983
2150 0.0986046511627907
2151 0.09855880985588099
2152 0.09851301115241635
2153 0.09846725499303298
2154 0.09842154131847725
2155 0.09837587006960556
2156 0.09833024118738404
2157 0.09828465461288827
2158 0.09823911028730306
2159 0.09819360815192218
2160 0.09814814814814815
2161 0.0981027302174919
2162 0.09805735430157261
2163 0.09801202034211742
2164 0.09796672828096119
2165 0.09792147806004618
2166 0.09787626962142197
2167 0.09783110290724505
2168 0.09778597785977859
2169 0.09774089442139235
2170 0.09769585253456221
2171 0.09765085214187011
2172 0.09760589318600368
2173 0.0975609756097561
2174 0.09751609935602576
2175 0.09747126436781609
2176 0.0974264705882353
2177 0.09738171796049609
2178 0.09733700642791551
2179 0.09729233593391463
2180 0.09724770642201835
2181 0.09720311783585511
2182 0.09715857011915674
2183 0.09711406321575813
2184 0.09706959706959707
2185 0.09702517162471395
2186 0.0969807868252516
2187 0.09693644261545496
2188 0.09689213893967093
2189 0.0968478757423481
2190 0.09680365296803653
2191 0.09675947056138749
2192 0.09671532846715329
2193 0.09667122663018696
2194 0.09662716499544212
2195 0.09658314350797266
2196 0.0965391621129326
2197 0.09649522075557579
2198 0.09645131938125569
2199 0.0964074579354252
2200 0.09636363636363636
2201 0.0963198546115402
2202 0.09627611262488647
2203 0.09623241034952337
2204 0.09618874773139746
2205 0.09614512471655329
2206 0.09610154125113328
2207 0.09605799728137744
2208 0.09601449275362318
2209 0.09597102761430512
2210 0.09592760180995476
2211 0.09588421528720036
2212 0.09584086799276673
2213 0.09579755987347492
2214 0.0957542908762421
2215 0.09571106094808127
2216 0.09566787003610108
2217 0.09562471808750564
2218 0.09558160504959423
2219 0.09553853086976115
2220 0.09549549549549549
2221 0.09545249887438091
2222 0.09540954095409541
2223 0.09536662168241115
2224 0.09532374100719425
2225 0.0952808988764045
2226 0.09523809523809523
2227 0.09519533004041311
2228 0.09515260323159784
2229 0.09510991475998205
2230 0.09506726457399103
2231 0.09502465262214253
2232 0.09498207885304659
2233 0.09493954321540528
2234 0.09489704565801253
2235 0.09485458612975392
2236 0.09481216457960644
2237 0.09476978095663835
2238 0.09472743521000894
2239 0.09468512728896829
2240 0.09464285714285714
2241 0.09460062472110665
2242 0.09455842997323818
2243 0.09451627284886313
2244 0.0944741532976827
2245 0.09443207126948774
2246 0.0943900267141585
2247 0.09434801958166444
2248 0.09430604982206406
2249 0.09426411738550466
2250 0.09422222222222222
2251 0.09418036428254109
2252 0.0941385435168739
2253 0.09409675987572126
2254 0.0940550133096717
2255 0.09401330376940133
2256 0.09397163120567376
2257 0.09392999556933983
2258 0.09388839681133747
2259 0.09384683488269145
2260 0.09380530973451327
2261 0.09376382131800089
2262 0.09372236958443855
2263 0.09368095448519664
2264 0.09363957597173145
2265 0.09359823399558499
2266 0.09355692850838482
2267 0.09351565946184384
2268 0.09347442680776014
2269 0.09343323049801674
2270 0.0933920704845815
2271 0.09335094671950682
2272 0.09330985915492958
2273 0.09326880774307084
2274 0.0932277924362357
2275 0.09318681318681318
2276 0.09314586994727592
2277 0.09310496267018006
2278 0.09306409130816505
2279 0.09302325581395349
2280 0.09298245614035087
2281 0.09294169224024551
2282 0.09290096406660824
2283 0.09286027157249234
2284 0.09281961471103327
2285 0.09277899343544858
2286 0.09273840769903761
2287 0.09269785745518146
2288 0.09265734265734266
2289 0.0926168632590651
2290 0.0925764192139738
2291 0.09253601047577477
2292 0.0924956369982548
2293 0.09245529873528129
2294 0.09241499564080209
2295 0.09237472766884532
2296 0.09233449477351917
2297 0.09229429690901175
2298 0.09225413402959094
2299 0.09221400608960417
2300 0.09217391304347826
2301 0.09213385484571925
2302 0.09209383145091225
2303 0.09205384281372124
2304 0.0920138888888889
2305 0.09197396963123644
2306 0.09193408499566348
2307 0.09189423493714781
2308 0.09185441941074524
2309 0.09181463837158943
2310 0.09177489177489177
2311 0.09173517957594116
2312 0.09169550173010381
2313 0.09165585819282317
2314 0.09161624891961971
2315 0.09157667386609071
2316 0.09153713298791019
2317 0.09149762624082866
2318 0.091458153580673
2319 0.09141871496334628
2320 0.09137931034482759
2321 0.0913399396811719
2322 0.0913006029285099
2323 0.09126130004304778
2324 0.09122203098106713
2325 0.09118279569892473
2326 0.09114359415305245
2327 0.09110442629995702
2328 0.09106529209621993
2329 0.09102619149849721
2330 0.09098712446351931
2331 0.09094809094809095
2332 0.09090909090909091
2333 0.09087012430347192
2334 0.0908311910882605
2335 0.09079229122055675
2336 0.09118150684931507
2337 0.09114249037227215
2338 0.09110350727117195
2339 0.0910645575032065
2340 0.09102564102564102
2341 0.09098675779581375
2342 0.09094790777113577
2343 0.09090909090909091
2344 0.0908703071672355
2345 0.0908315565031983
2346 0.0907928388746803
2347 0.09075415423945463
2348 0.09071550255536627
2349 0.09067688378033206
2350 0.09063829787234043
2351 0.09059974478945129
2352 0.09056122448979592
2353 0.09052273693157671
2354 0.09048428207306712
2355 0.09044585987261146
2356 0.0904074702886248
2357 0.0903691132795927
2358 0.09033078880407125
2359 0.09029249682068673
2360 0.0902542372881356
2361 0.09021601016518424
2362 0.09017781541066892
2363 0.09013965298349556
2364 0.0901015228426396
2365 0.09006342494714588
2366 0.09002535925612849
2367 0.08998732572877059
2368 0.08994932432432433
2369 0.0899113550021106
2370 0.08987341772151898
2371 0.08983551244200759
2372 0.08979763912310287
2373 0.0897597977243995
2374 0.08972198820556024
2375 0.08968421052631578
2376 0.08964646464646464
2377 0.08960875052587294
2378 0.08957106812447435
2379 0.08953341740226986
2380 0.08949579831932773
2381 0.08945821083578329
2382 0.08942065491183879
2383 0.08938313050776332
2384 0.08934563758389262
2385 0.08930817610062892
2386 0.0892707460184409
2387 0.08923334729786343
2388 0.08919597989949749
2389 0.08915864378401005
2390 0.08912133891213389
2391 0.0890840652446675
2392 0.08904682274247491
2393 0.08900961136648558
2394 0.08897243107769423
2395 0.08893528183716075
2396 0.08889816360601002
2397 0.08886107634543179
2398 0.08882402001668056
2399 0.08878699458107545
2400 0.08875
2401 0.08871303623490212
2402 0.08867610324729393
2403 0.08863920099875156
2404 0.08860232945091515
2405 0.08856548856548857
2406 0.0885286783042394
2407 0.08849189862899876
2408 0.08845514950166113
2409 0.08841843088418432
2410 0.08838174273858922
2411 0.08834508502695977
2412 0.08830845771144279
2413 0.08827186075424782
2414 0.08823529411764706
2415 0.08819875776397515
2416 0.08816225165562915
2417 0.08812577575506826
2418 0.0880893300248139
2419 0.08805291442744936
2420 0.08801652892561984
2421 0.08798017348203221
2422 0.087943848059455
2423 0.08790755262071812
2424 0.08787128712871287
2425 0.08783505154639175
2426 0.08779884583676835
2427 0.08776266996291718
2428 0.08772652388797364
2429 0.0876904075751338
2430 0.08765432098765433
2431 0.08761826408885233
2432 0.08758223684210527
2433 0.08754623921085081
2434 0.08751027115858669
2435 0.08747433264887064
2436 0.0874384236453202
2437 0.08740254411161263
2438 0.08736669401148482
2439 0.08733087330873308
2440 0.08729508196721311
2441 0.08725931995083983
2442 0.08722358722358722
2443 0.08718788374948834
2444 0.08715220949263502
2445 0.08711656441717791
2446 0.08708094848732624
2447 0.08704536166734778
2448 0.08700980392156862
2449 0.08697427521437322
2450 0.08693877551020408
2451 0.08690330477356181
2452 0.0868678629690049
2453 0.08683245006114962
2454 0.08679706601466992
2455 0.08676171079429736
2456 0.08672638436482084
2457 0.08669108669108669
2458 0.08665581773799837
2459 0.08662057747051646
2460 0.08658536585365853
2461 0.08655018285249898
2462 0.08651502843216897
2463 0.08647990255785627
2464 0.0864448051948052
2465 0.08640973630831643
2466 0.08637469586374696
2467 0.08633968382650993
2468 0.08630470016207456
2469 0.08626974483596597
2470 0.08623481781376519
2471 0.08619991906110887
2472 0.08616504854368932
2473 0.08613020622725434
2474 0.08609539207760711
2475 0.08606060606060606
2476 0.08602584814216478
2477 0.08599111828825191
2478 0.08595641646489104
2479 0.08592174263816055
2480 0.08588709677419355
2481 0.08585247883917775
2482 0.08581788879935535
2483 0.08578332662102296
2484 0.08574879227053141
2485 0.08571428571428572
2486 0.08567980691874497
2487 0.0856453558504222
2488 0.08561093247588425
2489 0.08557653676175171
2490 0.0855421686746988
2491 0.08550782818145324
2492 0.08547351524879615
2493 0.08543922984356198
2494 0.08540497193263834
2495 0.08537074148296593
2496 0.08533653846153846
2497 0.08530236283540249
2498 0.08526821457165733
2499 0.08523409363745499
2500 0.0852
2501 0.08516593362654938
2502 0.08513189448441247
2503 0.08509788254095085
2504 0.08506389776357827
2505 0.08502994011976048
2506 0.08499600957701517
2507 0.08496210610291184
2508 0.08492822966507177
2509 0.0848943802311678
2510 0.0848605577689243
2511 0.08482676224611709
2512 0.08479299363057324
2513 0.08475925189017111
2514 0.08472553699284009
2515 0.08469184890656063
2516 0.08465818759936407
2517 0.08462455303933254
2518 0.0845909451945989
2519 0.08455736403334657
2520 0.08452380952380953
2521 0.08449028163427211
2522 0.084456780333069
2523 0.08442330558858502
2524 0.08438985736925515
2525 0.08435643564356436
2526 0.08432304038004751
2527 0.08468539770478829
2528 0.08465189873417721
2529 0.08461842625543693
2530 0.08458498023715415
2531 0.08455156064796523
2532 0.08451816745655608
2533 0.08448480063166205
2534 0.08445146014206788
2535 0.0844181459566075
2536 0.08438485804416404
2537 0.0843515963736697
2538 0.08431836091410559
2539 0.08428515163450177
2540 0.08425196850393701
2541 0.08421881149153876
2542 0.08418568056648308
2543 0.08415257569799449
2544 0.08411949685534591
2545 0.08408644400785854
2546 0.0840534171249018
2547 0.0840204161758932
2548 0.08398744113029827
2549 0.08395449195763044
2550 0.08392156862745098
2551 0.08388867110936887
2552 0.08385579937304075
2553 0.08382295338817078
2554 0.08379013312451057
2555 0.0837573385518591
2556 0.0837245696400626
2557 0.08369182635901447
2558 0.0836591086786552
2559 0.08362641656897225
2560 0.08359375
2561 0.0835611089418196
2562 0.08352849336455893
2563 0.08349590323839251
2564 0.08346333853354135
2565 0.08343079922027291
2566 0.08339828526890102
2567 0.08336579664978574
2568 0.08333333333333333
2569 0.08330089528999611
2570 0.08326848249027237
2571 0.08323609490470633
2572 0.08320373250388803
2573 0.08317139525845317
2574 0.08313908313908314
2575 0.08310679611650486
2576 0.08307453416149069
2577 0.08304229724485836
2578 0.08301008533747091
2579 0.08297789841023652
2580 0.08294573643410853
2581 0.08291359938008523
2582 0.08288148721920992
2583 0.08284939992257065
2584 0.08281733746130031
2585 0.0827852998065764
2586 0.08275328692962104
2587 0.08272129880170082
2588 0.08268933539412673
2589 0.08265739667825416
2590 0.08262548262548262
2591 0.08259359320725589
2592 0.08256172839506173
2593 0.08252988816043193
2594 0.08249807247494217
2595 0.08246628131021194
2596 0.08243451463790447
2597 0.08240277242972661
2598 0.08237105465742879
2599 0.08233936129280492
2600 0.0823076923076923
2601 0.08227604767397155
2602 0.08224442736356649
2603 0.08221283134844411
2604 0.08218125960061444
2605 0.08214971209213053
2606 0.08211818879508825
2607 0.08208668968162638
2608 0.08205521472392638
2609 0.08202376389421234
2610 0.08199233716475096
2611 0.0819609345078514
2612 0.08192955589586524
2613 0.08189820130118637
2614 0.08186687069625095
2615 0.08183556405353729
2616 0.08180428134556575
2617 0.08177302254489874
2618 0.08174178762414057
2619 0.08171057655593739
2620 0.0816793893129771
2621 0.08164822586798931
2622 0.08161708619374523
2623 0.08158597026305757
2624 0.08155487804878049
2625 0.08152380952380953
2626 0.08149276466108149
2627 0.08146174343357442
2628 0.08143074581430745
2629 0.08139977177634082
2630 0.08136882129277566
2631 0.08133789433675409
2632 0.08130699088145897
2633 0.08127611090011394
2634 0.0812452543659833
2635 0.08159392789373814
2636 0.0815629742033384
2637 0.08153204398938187
2638 0.08150113722517058
2639 0.08147025388404698
2640 0.08143939393939394
2641 0.0814085573646346
2642 0.0813777441332324
2643 0.08134695421869088
2644 0.08131618759455371
2645 0.08128544423440454
2646 0.08125472411186697
2647 0.08122402720060445
2648 0.08119335347432025
2649 0.08116270290675727
2650 0.08113207547169811
2651 0.08110147114296491
2652 0.08107088989441931
2653 0.0810403316999623
2654 0.08100979653353428
2655 0.08097928436911488
2656 0.08094879518072289
2657 0.08091832894241625
2658 0.08088788562829195
2659 0.0808574652124859
2660 0.08082706766917293
2661 0.08079669297256671
2662 0.0807663410969196
2663 0.08073601201652272
2664 0.0807057057057057
2665 0.08067542213883677
2666 0.08064516129032258
2667 0.08061492313460818
2668 0.08058470764617691
2669 0.08055451479955039
2670 0.08052434456928839
2671 0.08049419692998877
2672 0.08046407185628743
2673 0.0804339693228582
2674 0.08040388930441286
2675 0.08037383177570094
2676 0.08034379671150972
2677 0.08031378408666418
2678 0.08028379387602688
2679 0.08025382605449795
2680 0.08022388059701492
2681 0.08019395747855278
2682 0.08016405667412378
2683 0.08013417815877749
2684 0.0801043219076006
2685 0.08007448789571694
2686 0.08004467609828742
2687 0.08001488649050986
2688 0.07998511904761904
2689 0.07995537374488658
2690 0.07992565055762081
2691 0.07989594946116685
2692 0.07986627043090638
2693 0.0798366134422577
2694 0.07980697847067557
2695 0.07977736549165121
2696 0.07974777448071217
2697 0.07971820541342232
2698 0.07968865826538177
2699 0.07965913301222675
2700 0.07962962962962963
2701 0.07960014809329878
2702 0.07957068837897853
2703 0.07954125046244913
2704 0.07951183431952663
2705 0.07948243992606285
2706 0.0794530672579453
2707 0.07942371629109715
2708 0.0793943870014771
2709 0.07936507936507936
2710 0.07933579335793357
2711 0.07930652895610475
2712 0.07927728613569321
2713 0.0792480648728345
2714 0.07921886514369934
2715 0.07918968692449356
2716 0.07916053019145802
2717 0.07913139492086861
2718 0.07910228108903605
2719 0.07907318867230599
2720 0.07904411764705882
2721 0.07901506798970967
2722 0.07898603967670831
2723 0.07895703268453912
2724 0.078928046989721
2725 0.07889908256880734
2726 0.07887013939838591
2727 0.07884121745507884
2728 0.07881231671554252
2729 0.07878343715646757
2730 0.07875457875457875
2731 0.07872574148663493
2732 0.07869692532942898
2733 0.07866813025978778
2734 0.07863935625457205
2735 0.07861060329067641
2736 0.07858187134502924
2737 0.07855316039459262
2738 0.0785244704163623
2739 0.07849580138736766
2740 0.07846715328467153
2741 0.0784385260853703
2742 0.07840991976659373
2743 0.07838133430550492
2744 0.07835276967930029
2745 0.07832422586520947
2746 0.07829570284049527
2747 0.07826720058245358
2748 0.0782387190684134
2749 0.07821025827573663
2750 0.07818181818181819
2751 0.0781533987640858
2752 0.078125
2753 0.07809662186705413
2754 0.07806826434277414
2755 0.0780399274047187
2756 0.07801161103047896
2757 0.07798331519767863
2758 0.0779550398839739
2759 0.07792678506705328
2760 0.07789855072463768
2761 0.07787033683448026
2762 0.0778421433743664
2763 0.07781397032211365
2764 0.07778581765557163
2765 0.07775768535262206
2766 0.0777295733911786
2767 0.07770148174918684
2768 0.07767341040462428
2769 0.07764535933550018
2770 0.0776173285198556
2771 0.07758931793576326
2772 0.07756132756132757
2773 0.07753335737468446
2774 0.07750540735400144
2775 0.07747747747747748
2776 0.07744956772334294
2777 0.07742167806985956
2778 0.07739380849532038
2779 0.07736595897804965
2780 0.07733812949640288
2781 0.07731032002876663
2782 0.07728253055355859
2783 0.07725476104922745
2784 0.07722701149425287
2785 0.07719928186714542
2786 0.07717157214644652
2787 0.07714388231072838
2788 0.07711621233859398
2789 0.07708856220867695
2790 0.07706093189964158
2791 0.07703332139018274
2792 0.07700573065902579
2793 0.0769781596849266
2794 0.07695060844667144
2795 0.07692307692307693
2796 0.07689556509298999
2797 0.07686807293528782
2798 0.07684060042887778
2799 0.07681314755269739
2800 0.07678571428571429
2801 0.0767583006069261
2802 0.07673090649536046
2803 0.07670353193007493
2804 0.07667617689015692
2805 0.0766488413547237
2806 0.07662152530292231
2807 0.07659422871392946
2808 0.07656695156695156
2809 0.07653969384122464
2810 0.07651245551601424
2811 0.07648523657061544
2812 0.07645803698435277
2813 0.07643085673658016
2814 0.07640369580668088
2815 0.0763765541740675
2816 0.07634943181818182
2817 0.07632232871849486
2818 0.07629524485450674
2819 0.07626818020574672
2820 0.07624113475177305
2821 0.07621410847217298
2822 0.07618710134656272
2823 0.07616011335458732
2824 0.07613314447592068
2825 0.07610619469026549
2826 0.07607926397735315
2827 0.07605235231694375
2828 0.07602545968882603
2829 0.07599858607281725
2830 0.07597173144876325
2831 0.07594489579653832
2832 0.0759180790960452
2833 0.07589128132721497
2834 0.07586450247000706
2835 0.07583774250440917
2836 0.07581100141043723
2837 0.07578427916813535
2838 0.07575757575757576
2839 0.07573089115885875
2840 0.07570422535211267
2841 0.07567757831749385
2842 0.07565095003518649
2843 0.07562434048540274
2844 0.07559774964838256
2845 0.07557117750439367
2846 0.07554462403373155
2847 0.07551808921671935
2848 0.07549157303370786
2849 0.07546507546507547
2850 0.07543859649122807
2851 0.07541213609259909
2852 0.07538569424964937
2853 0.07535927094286715
2854 0.07533286615276805
2855 0.07530647985989491
2856 0.07528011204481792
2857 0.07525376268813441
2858 0.07522743177046885
2859 0.07520111927247289
2860 0.07517482517482517
2861 0.07514854945823139
2862 0.07512229210342418
2863 0.07509605309116311
2864 0.07506983240223464
2865 0.07504363001745201
2866 0.07501744591765527
2867 0.0749912800837112
2868 0.07496513249651325
2869 0.07493900313698153
2870 0.07491289198606271
2871 0.07488679902473006
2872 0.07486072423398328
2873 0.0748346675948486
2874 0.07480862908837857
2875 0.07478260869565218
2876 0.07475660639777469
2877 0.07473062217587766
2878 0.07470465601111884
2879 0.07467870788468219
2880 0.07465277777777778
2881 0.07462686567164178
2882 0.07460097154753643
2883 0.07457509538674992
2884 0.07454923717059639
2885 0.07452339688041594
2886 0.07449757449757449
2887 0.0744717700034638
2888 0.07444598337950138
2889 0.0744202146071305
2890 0.07439446366782007
2891 0.07436873054306468
2892 0.07434301521438451
2893 0.07431731766332526
2894 0.07429163787145819
2895 0.07426597582037997
2896 0.0742403314917127
2897 0.0742147048671039
2898 0.07418909592822637
2899 0.07416350465677819
2900 0.07413793103448275
2901 0.0741123750430886
2902 0.0740868366643694
2903 0.074061315880124
2904 0.07403581267217631
2905 0.07401032702237521
2906 0.07398485891259463
2907 0.0739594083247334
2908 0.07393397524071527
2909 0.07390855964248882
2910 0.07388316151202749
2911 0.07385778083132943
2912 0.07383241758241758
2913 0.07380707174733951
2914 0.07378174330816746
2915 0.07375643224699828
2916 0.07407407407407407
2917 0.0740486801508399
2918 0.07402330363262509
2919 0.07399794450154162
2920 0.07397260273972603
2921 0.07394727832933927
2922 0.07392197125256673
2923 0.0738966814916182
2924 0.07387140902872777
2925 0.07384615384615385
2926 0.07382091592617908
2927 0.07379569525111035
2928 0.07377049180327869
2929 0.07374530556503926
2930 0.07372013651877134
2931 0.0736949846468782
2932 0.07366984993178717
2933 0.07364473235594954
2934 0.0736196319018405
2935 0.07359454855195911
2936 0.07356948228882834
2937 0.0735444330949949
2938 0.07351940095302927
2939 0.07349438584552569
2940 0.07346938775510205
2941 0.07344440666439986
2942 0.07341944255608429
2943 0.07339449541284404
2944 0.07336956521739131
2945 0.0733446519524618
2946 0.07331975560081466
2947 0.07329487614523245
2948 0.07327001356852103
2949 0.07324516785350967
2950 0.07322033898305084
2951 0.07319552694002034
2952 0.07317073170731707
2953 0.07314595326786319
2954 0.07312119160460392
2955 0.07309644670050762
2956 0.07307171853856563
2957 0.07304700710179236
2958 0.07302231237322515
2959 0.0729976343359243
2960 0.07297297297297298
2961 0.0729483282674772
2962 0.07292370020256583
2963 0.07289908876139048
2964 0.0728744939271255
2965 0.07284991568296796
2966 0.07282535401213756
2967 0.07280080889787664
2968 0.07277628032345014
2969 0.07275176827214551
2970 0.07272727272727272
2971 0.07270279367216426
2972 0.07267833109017496
2973 0.07265388496468214
2974 0.0726294552790854
2975 0.07294117647058823
2976 0.07291666666666667
2977 0.07289217332885455
2978 0.07286769644056414
2979 0.07284323598522995
2980 0.07281879194630872
2981 0.07279436430727944
2982 0.07276995305164319
2983 0.07274555816292323
2984 0.07272117962466489
2985 0.07269681742043552
2986 0.07267247153382451
2987 0.07264814194844325
2988 0.07262382864792503
2989 0.07259953161592506
2990 0.0725752508361204
2991 0.07255098629220996
2992 0.07252673796791444
2993 0.07250250584697628
2994 0.07247828991315965
2995 0.07245409015025042
2996 0.07242990654205607
2997 0.07240573907240574
2998 0.0723815877251501
2999 0.07235745248416138
3000 0.07233333333333333
3001 0.07230923025658113
3002 0.07228514323784144
3003 0.07226107226107226
3004 0.07223701731025299
3005 0.07221297836938435
3006 0.07218895542248836
3007 0.07216494845360824
3008 0.07214095744680851
3009 0.07211698238617481
3010 0.07209302325581396
3011 0.07206908003985386
3012 0.07204515272244356
3013 0.07202124128775307
3014 0.07199734571997346
3015 0.07197346600331675
3016 0.07194960212201591
3017 0.07192575406032482
3018 0.07190192180251823
3019 0.07187810533289168
3020 0.07185430463576159
3021 0.07183051969546508
3022 0.07180675049636003
3023 0.071782997022825
3024 0.07175925925925926
3025 0.07173553719008265
3026 0.07171183079973563
3027 0.07168814007267922
3028 0.07166446499339497
3029 0.07164080554638494
3030 0.07161716171617162
3031 0.07159353348729793
3032 0.07156992084432717
3033 0.07154632377184306
3034 0.07152274225444957
