1 7.609591427704867
2 0.29847272066907987
3 0.3170559059191771
4 0.19431113771916986
5 1.262439693020825
6 4.748074468898505
7 0.5617723427593629
8 3.0937756639947245
9 1.153066843717206
10 1.725619520750615
11 0.33023224028692516
12 0.7189356553536771
13 1.4778087667612905
14 0.06746072667431821
15 1.0462900161693582
16 0.06642662955265179
17 7.101792372668626
18 0.4765647773005312
19 1.7706649971724207
20 0.21317522136073225
21 0.7873298873839943
22 2.183708239382112
23 0.12257396155265614
24 0.6451145298051053
25 1.0213955405760455
26 1.1402692063867956
27 0.8014126963082236
28 6.062830950632325
29 1.0733231512332115
30 0.7223718708004966
31 0.5299225536307611
32 0.9839435845278255
33 1.251992512597661
34 1.522889682711213
35 0.2584820398845825
36 0.49592970475960824
37 0.44320093020094725
38 0.17949183805965074
39 1.1706049022216238
40 0.886780778821421
41 1.4099723806243478
42 3.71578115015968
43 0.3881924267160478
44 0.8449036478207779
45 8.284058770251574
46 1.0997002339204627
47 1.0597477504169694
48 1.1271843578352545
49 0.4762503154232742
50 0.6462632451547966
51 2.8386061957221966
52 1.7561039592361976
53 1.015558648812581
54 1.5280817616419617
55 0.1289647821532925
56 0.5908652159770527
57 1.061196959366663
58 1.0179493656640364
59 0.4799682106717752
60 0.5614290528110488
61 0.5487235041240327
62 0.5604203163774533
63 2.9990045197463906
64 1.4325426693270236
65 0.09705761019189542
66 0.385786555326888
67 0.8702836857188501
68 0.8470632540554506
69 0.7927843688787377
70 1.9032496160331085
71 0.7112453143893942
72 1.280105821404952
73 1.1465596579135136
74 2.1017016381492803
75 0.5681760474592552
76 1.359383368085903
77 1.1133282671005624
78 1.5598986274200854
79 1.0068045716331793
80 0.20138455181431558
81 0.7486371952570113
82 0.546719628996314
83 1.0801221301908128
84 0.8870878541362134
85 1.9780529310329102
86 1.046826972101585
87 0.5221291330277756
88 0.3255600784938127
89 0.8829183535099957
90 0.8616644895411039
91 0.8356111382936862
92 0.9606897515587208
93 1.0043871799012203
94 2.3828453151386375
95 1.0450074413416865
96 0.5732600946268409
97 1.0790059377840715
98 0.9215722798707344
99 1.8242902469126787
100 0.30485282598437485
101 1.1875066430091132
102 1.3467199295675185
103 1.7090428081763067
104 1.1211078161333439
105 0.586291503344662
106 0.6985793180235043
107 1.974294411345987
108 2.2820698701017577
109 0.6227383386939037
110 0.6066379877850249
111 1.1392166556029288
112 0.823448984099978
113 1.2145449458893567
114 0.5464924948367585
115 0.9225595201607552
116 0.15554963959285978
117 0.9870463395982934
118 0.7358994352897982
119 0.5232517980989647
120 1.4559966383097496
121 1.3236190538640449
122 0.9876264497091931
123 0.8827235707022628
124 1.0785777572414927
125 0.8132851377264824
126 0.8463500673122618
127 0.5683346636747032
128 0.82167636609481
129 0.9275003497079733
130 1.2962815924320024
131 1.1587063236104542
132 1.5215427954597138
133 0.949506968230636
134 0.7770248293535112
135 0.5744595537374736
136 1.0215969162759853
137 1.0607681439541987
138 1.0356886597828785
139 1.085055045005125
140 1.6872427312689229
141 1.133708278540688
142 1.5060452763695522
143 1.6203282472891243
144 0.8829865414034698
145 0.648843848008326
146 1.9397963135698588
147 0.7541036832245407
148 0.5507672619581963
149 1.4087902879095446
150 0.9214904594597119
151 1.1442417550686685
152 0.6880236794472975
153 0.7414049721542267
154 1.0174475938651921
155 1.040862299296958
156 0.789734839499091
157 1.0509891547289023
158 1.151756689325752
159 0.8663962835393508
160 1.1449685704937096
161 1.3604235479330913
162 0.522619383010868
163 0.9449509779594883
164 1.0197762119980247
165 0.8759256213848027
166 0.7949587149662003
167 0.5324886791771011
168 1.891862343672757
169 0.9872077446738592
170 1.0733288436567399
171 0.8389561516902933
172 0.9405877245182386
173 1.4554319902263575
174 2.0236684567738763
175 0.5579617656998571
176 1.2379390831777644
177 0.8945437659667642
178 1.2109020275126854
179 1.77044877963398
180 0.8667467073018732
181 0.7245646664106157
182 0.9045740166134634
183 0.7035534227558621
184 0.7261704204411454
185 0.022728011719610825
186 0.8709585433582105
187 0.9165286872078158
188 0.9432435366410737
189 1.0110389413815277
190 0.7178573177072067
191 0.580451531224548
192 1.1773913549390402
193 1.2005755074561986
194 1.3677356065248785
195 0.841665645731901
196 1.891152218936548
197 1.0492340711162145
198 0.8630176533026479
199 0.7103021682057461
200 0.7107909438946991
201 0.7980425911262994
202 0.6762743548693053
203 1.5370332541181553
204 0.7648158356822706
205 0.9330245910389608
206 0.773019926667597
207 0.3435682070813035
208 0.6562368488878001
209 1.2738933259927268
210 0.9926833462805729
211 1.6541372250952395
212 0.5850943057210665
213 0.4765671669852965
214 1.7214585778236138
215 0.6772878225345667
216 1.8653254393939116
217 0.5776715705829271
218 1.2730066584264785
219 1.2812438222196245
220 1.3895652023485234
221 1.244397567137622
222 1.5640877497165644
223 1.1910580122531556
224 1.3771930636836902
225 0.7032307921968426
226 0.48283095131267073
227 0.6137298098331654
228 1.4825265759128885
229 1.0105011189220694
230 0.67844590156293
231 0.9659092788824537
232 0.21255703697006517
233 2.633269381524965
234 0.4746190228138916
235 1.0821974772939253
236 1.3326368323172564
237 0.7762619725671428
238 0.8146688637050505
239 0.32947733179961597
240 1.4515839202575516
241 0.9317107152143248
242 1.4376233352703827
243 1.3579551653801136
244 0.8430165438780237
245 0.36759440771325447
246 1.225299647214598
247 1.2162999160860568
248 0.4518705595077034
249 1.9755876227540539
250 0.87538624215808
251 0.6054223014729306
252 1.0865004559845028
253 1.5501956976481626
254 2.476057165681561
255 1.014990841998404
256 0.7165744357926113
257 1.047176962416591
258 0.7208628916601131
259 1.3129598305722383
260 0.7513422255533755
261 1.4163764173741604
262 1.0392062969846514
263 0.8800696580224597
264 0.7832769819076637
265 0.7288167886618583
266 1.1966326921375434
267 1.1607492270505266
268 0.10971830920315158
269 1.0244041886902637
270 1.0976534843904941
271 1.2406717271270715
272 0.9195291595093927
273 1.536559520710368
274 0.9748583374975057
275 1.141483175187644
276 1.5606883957082502
277 0.8660862310449767
278 0.9671867596416294
279 0.8802002445943145
280 1.0240684385725793
281 0.7201891898735897
282 0.9872128584213224
283 1.116314534643403
284 1.3712374126828866
285 0.8540133131159866
286 1.1243897406195087
287 1.225130026769228
288 1.6430299936881485
289 1.1945410982221292
290 1.0897307061239252
291 0.9606228670690329
292 1.0911630498372447
293 1.1767052282047208
294 1.7179370754889847
295 0.7240476760181535
296 0.9603431076374116
297 0.719713246679685
298 1.51874401035273
299 0.9556315342625687
300 0.7574512949270702
301 1.061371361656846
302 1.0503807790909863
303 1.9247492867406066
304 0.9482756696701029
305 1.0340985292902267
306 0.813103391163459
307 0.9568712552955779
308 0.9045127612778082
309 0.9438281728706995
310 0.7606740583212233
311 0.6249593215931524
312 0.6201000393846998
313 1.7195367682518232
314 1.0051402669804488
315 1.0338228390067092
316 1.3469421374625683
317 0.4360251362738379
318 0.8519773289329345
319 0.803707136707813
320 0.6216745117839519
321 1.1299561425874023
322 0.8406489485312492
323 0.3423434583646425
324 0.9981389591624549
325 1.0277176217196937
326 1.6669129167864176
327 1.1188054357659247
328 1.5285033350059007
329 0.6244237853529968
330 0.9929923154677355
331 0.9650719764526158
332 1.2064357785271267
333 1.3177778587015696
334 1.113122099115062
335 0.806444877125012
336 0.48482462876950577
337 0.6820491854681539
338 0.46343454056093275
339 4.675020698353497
340 1.1227264118437739
341 1.2315198940465395
342 0.9564956608142441
343 2.6788814992521317
344 0.4134071750045568
345 0.8753209233623508
346 1.6162960123356773
347 0.7284328321483287
348 1.1318830330630045
349 1.2605543006743338
350 2.9447360316800713
351 2.2660567150873576
352 1.0229473566559761
353 2.0256725429516567
354 0.7406093376204487
355 0.8572877719591613
356 0.7598398045715419
357 0.8347798956672001
358 1.5022234616947765
359 1.4948922109414529
360 0.4833035861559662
361 0.8256482327677405
362 0.9562491856438643
363 0.7919397300461013
364 0.69507953891747
365 0.7098384645020535
366 4.205711758526215
367 0.8540202002372173
368 0.6629233995441423
369 0.7721957464201328
370 1.4166421979883634
371 2.9782644311252287
372 1.2153165620407913
373 0.3364150762450858
374 1.1394669915186137
375 1.40530313317454
376 0.9788320123276869
377 1.0270529331569271
378 0.8852629988148637
379 0.5660906588078017
380 1.2032445624775387
381 0.9950321651099424
382 2.1975955704485965
383 1.1417585761062758
384 0.586698149423288
385 0.912543763504023
386 0.6843421554610455
387 2.3085100412859836
388 1.1916205501589443
389 2.1595340515359966
390 2.9706610396525286
391 0.9030870731427869
392 1.4697608848488908
393 0.7699614546539176
394 3.565555930885875
395 0.7935460263318224
396 1.4225381694354713
397 0.6881657729019953
398 1.008485479879285
399 0.7042287790555247
400 1.1385561068117653
401 1.65130840040846
402 1.0951702730581319
403 0.546130015299359
404 0.8712765453359951
405 1.232061476535367
406 3.535271812701061
407 0.5652791144140519
408 1.1241224141429396
409 0.8980371484145319
410 1.2419323512628577
411 1.0001384951037846
412 0.79276791258412
413 2.330982620406891
414 0.6005957385980304
415 0.9700212069711802
416 0.9259245914692301
417 0.8601287813403657
418 1.2086861740631938
419 1.3701412878672705
420 0.5047559843497766
421 0.9070243975670457
422 1.9272366064912045
423 2.800320216546041
424 0.7183353405897235
425 2.413008295189537
426 0.24993731656136092
427 1.3119099041410185
428 0.8001277450868423
429 0.8096369130772455
430 1.0609526444071329
431 0.862933549579736
432 0.5598818422767032
433 0.9211979859645794
434 1.0433089844294205
435 2.064498487932587
436 0.7767094469871177
437 0.9055879821196958
438 1.0406280689251517
439 1.014993201996416
440 0.9543183610618219
441 0.42403805247303195
442 1.309671062056806
443 1.6708996276514971
444 0.6160078368980785
445 1.282111255557395
446 5.092043766414097
447 0.8971491442558619
448 1.3073636242743467
449 1.1012373783317624
450 1.022897008154623
451 1.0918856486330955
452 1.2237697090491264
453 0.9072228795127207
454 1.424749198452816
455 1.4479085811098824
456 0.3939821522893342
457 1.287184296412875
458 0.916648700167993
459 1.138813799435523
460 1.2011312875456364
461 1.0831430342679056
462 0.834013847254042
463 0.6911736912225519
464 1.0739059707386855
465 1.1754982671218046
466 4.276716065467759
467 2.5846022444805463
468 1.2002177525510562
469 1.3288678992325995
470 0.30047980538686125
471 1.3459684093086448
472 1.3729573979208796
473 0.1938524344836487
474 1.641114495362603
475 0.6883531093837608
476 1.0897747658506538
477 0.42068006495836807
478 1.0908875729032108
479 1.6985501225771718
480 1.30051973117831
481 0.5085878907308626
482 2.1421993608657877
483 0.8887441684707899
484 0.9441842570367404
485 0.7071265004933943
486 0.22658479515841312
487 1.0325559775987514
488 2.902731642703232
489 0.5999221917019939
490 0.3062778400346516
491 1.0833085810372551
492 0.6979673109475969
493 1.0622527111500655
494 1.3684080974556774
495 0.4395872349351027
496 0.9132944394348896
497 0.47228110801791623
498 1.0903957724939055
499 2.277645841034628
500 1.069940621420471
501 0.5021188298442084
502 1.7047919417795874
503 0.6420357193816382
504 0.3936695209145339
505 0.7724537394882602
506 1.800073356278347
507 1.1034541971895735
508 1.0388912881374646
509 1.2292987008522496
510 0.7680116579095324
511 0.7734093087126056
512 0.8295943653959262
513 1.467250443636064
514 1.1430811728544974
515 1.0885803168078232
516 2.9309628184514445
517 0.7634028215294242
518 0.661389516795375
519 1.7777266927072068
520 0.9375533277667215
521 1.178252390770117
522 1.0120824207731807
523 1.0807203038039754
524 1.1001709592426028
525 1.0152492085812983
526 3.4827159248448027
527 1.0422638968197018
528 0.8463118712463134
529 0.8141380256577762
530 1.0066409172158899
531 1.3152462120598039
532 0.7826140812194841
533 2.5714552835407423
534 0.7980357771259297
535 0.9013647937190566
536 0.46634748112941493
537 0.7208954431663644
538 1.0524651329656287
539 2.512173974368355
540 1.014314218769248
541 1.552243144628606
542 1.1288941660145408
543 0.8091461691720168
544 1.1757966311333752
545 1.5041223174221647
546 0.7704079154542175
547 1.317373360119602
548 0.14395074441890768
549 0.6871673053301398
550 1.1467441507572511
551 1.4916294310012053
552 0.9309145043567688
553 0.757389366702398
554 0.5615853244491674
555 0.49774176509709517
556 1.1074747956026252
557 2.1251558709013367
558 0.9042931989357004
559 1.3938012012588705
560 1.4532055943311302
561 0.8580403031605277
562 1.0165544918361253
563 0.8803719368175452
564 0.7340065278311391
565 2.091721042206017
566 1.3081560716007192
567 2.5847603936916825
568 0.5154650155775824
569 0.5003492380705459
570 1.0139206554694793
571 0.6884004976739344
572 0.7937189963730669
573 0.7320591822486908
574 1.7406122905804602
575 1.48931130816482
576 0.9746616832735523
577 0.5876996484520712
578 1.009255182081521
579 1.644487911011023
580 1.7769759938770189
581 1.9404646628119195
582 1.1433727777927487
583 0.3936798152226386
584 1.051173432572906
585 0.9810610568966305
586 0.36344943217175496
587 1.1500510923749283
588 1.0719333547941718
589 2.345386390256263
590 0.9030172642363612
591 0.9880385264047468
592 1.582016574852963
593 0.8920391899885274
594 0.9186859332649091
595 1.6376383490508248
596 0.9343551952758395
597 1.0999108747636803
598 0.796625644815784
599 0.8741662775709017
600 0.2986114812239261
601 1.3250546777049494
602 1.1385989939075731
603 0.9041234734136145
604 1.1122504548665602
605 1.0033272997274112
606 1.2638389207681837
607 0.7829712581908059
608 0.9658656287643035
609 0.8516489432307716
610 1.031655591206449
611 0.952433728501088
612 1.1059276511953107
613 0.3157281344066745
614 1.1471065727817538
615 1.1410562533191158
616 0.7289755626860721
617 0.9123494737437781
618 0.5520132678618499
619 1.0473203270621685
620 0.5381257610765674
621 1.169944721499974
622 1.0506296154157766
623 1.8858134647304883
624 0.8409732370661547
625 1.5524946325888351
626 1.0719935082682894
627 0.8287317362079685
628 0.9258147179468765
629 0.5189160311510858
630 1.1068613573831716
631 0.605569459181068
632 0.8671217215000323
633 0.4292848704572902
634 0.7312283772835986
635 0.25295199476463126
636 1.9881785342818779
637 0.4544467021402998
638 0.7743460640255954
639 1.0846623696576823
640 0.7981656083436789
641 0.9396720959837829
642 1.032143002922364
643 1.4765661699006578
644 0.9633116663726192
645 0.9089091483315578
646 0.4111713265653717
647 1.0302246659439585
648 0.6961873567016061
649 0.5494582995009111
650 1.2071152023110205
651 0.253625671490146
652 1.0393306393981336
653 0.8908413627201905
654 0.7048776578366859
655 0.6934721670110967
656 1.289100760966113
657 0.8623742638114853
658 0.8791988553472573
659 1.2174627330317296
660 1.1339955495244294
661 1.0259943461498109
662 1.0330265933026737
663 0.8793562547257943
664 0.45050681154298816
665 1.063317322083206
666 0.8842156312001616
667 0.5934493126572556
668 0.4483340696523682
669 0.5512422814720255
670 0.8159006122805978
671 0.8390781043442352
672 1.1772097715274792
673 0.9779994659332493
674 1.1680023854643298
675 2.2673088863990003
676 0.22283622210006218
677 3.3460175588181875
678 1.622459142072302
679 1.1792160763146002
680 1.093343453574576
681 1.836345115022706
682 1.1636367655496505
683 1.1782480749029531
684 1.568490352812383
685 3.7133900593141256
686 0.6839720402552065
687 1.1010056676411633
688 1.4949041844703606
689 0.9406383395250659
690 1.2376944573977067
691 0.9336711877770087
692 2.3112648124862223
693 1.0274257124599133
694 1.246637507363056
695 1.538946214103847
696 0.2417329221503276
697 0.8856142427613143
698 0.9195913175907926
699 0.6706556175072025
700 1.419935647310424
701 2.1759537928527726
702 1.1618399741886072
703 1.4100928041550522
704 1.8650483787651468
705 1.0657526870357314
706 0.6461978238467524
707 0.9693881280131911
708 1.5506155818275789
709 0.6741579034441247
710 1.1096990372046194
711 1.377696606684475
712 0.5781339040644315
713 1.5612617928124177
714 0.9121812027249061
715 0.8492081360929106
716 0.942358783335646
717 0.9038780595724043
718 0.5289056304387346
719 0.8552820464886376
720 0.6875129475058265
721 1.5859989123222247
722 1.0208933319627507
723 1.162913523998753
724 1.4121925408783114
725 1.3101265231501817
726 0.9072901378721244
727 1.80843874941792
728 1.0330731586820003
729 0.8227964259662847
730 0.8046697918495376
731 0.44347578251428177
732 1.2490055388644428
733 1.0741581101772464
734 0.7954871951310852
735 1.2751164898899008
736 0.6223436524987757
737 0.3567207500717641
738 0.9716386026511122
739 1.031109821029767
740 0.7648045606634711
741 3.104981181674397
742 1.0258021867332368
743 1.665134468125594
744 1.5174197181864582
745 1.013381558363639
746 0.9641517917334999
747 1.86144638690152
748 2.323913088608416
749 1.0607191809660437
750 1.3358410222863266
751 0.987927992688578
752 4.191203080742005
753 0.832977194976411
754 0.9215484741868731
755 0.9961512034458994
756 1.2872244616655586
757 0.9465397585730912
758 0.6880057384204109
759 1.3312462039509325
760 1.1230250672073392
761 1.2916782882986277
762 1.1887383654129984
