1 0.3774710227909277
2 0.5326666420821504
3 1.3448880679478348
4 1.473562380027197
5 4.54732965706145
6 0.019039368698803186
7 41.93097660533765
8 6.608637693897071
9 1.7567813836839892
10 0.723775053025762
11 1.822325717704811
12 0.5736926778763071
13 2.3823156032222497
14 7.9133552270472824
15 0.06555581569283853
16 0.5561362673138873
17 0.2178385323500021
18 1.869700671266568
19 0.8567451730339739
20 1.0320282655192123
21 3.6094906470067105
22 0.5620128057326241
23 24.941266381509365
24 45.30295183484603
25 0.12364653285681414
26 2.1943635265071184
27 18.524454503322342
28 0.5456627366220933
29 0.3296177322227612
30 0.28135315198987
31 2.5284991485827586
32 0.6786445706711408
33 0.8074856058862433
34 0.184323171815931
35 2.300149720111574
36 0.30957751643525183
37 0.600877604539991
38 0.10266366447351995
39 1.0668703437309532
40 0.7860162490509592
41 0.985361106672664
42 1.4688610332579537
43 1.0303160268483114
44 1.1692672829160196
45 31.56260133858791
46 0.578332339042312
47 1.2853306017701713
48 10.462491853526052
49 1.8608209111850824
50 0.661929600750364
51 0.7563212808808228
52 0.6719583057973123
53 12.088671434335707
54 1.837227163359181
55 0.2932412687512777
56 0.1254663058975336
57 1.0959100116608085
58 0.39441170342146326
59 1.2955752848234816
60 1.1987379220449481
61 0.9063061083361932
62 4.025042947386013
63 0.9189164599884644
64 3.8397185119956174
65 0.9377556090874914
66 0.924123679745227
67 4.379423119081484
68 0.983434355246557
69 1.1665715077204044
70 1.141171496762119
71 1.193111333134985
72 0.29934444125100557
73 0.9638384699304953
74 7.294931245699078
75 1.8484693570023256
76 1.019079824870046
77 0.8472967806808839
78 0.5802696047221121
79 1.1057314214144007
80 0.8863905942831559
81 5.783067795040841
82 1.4364568412017418
83 0.8191967135473903
84 0.9169953398771574
85 3.290992286553304
86 0.22987497971396637
87 0.6459483406056497
88 1.643080071912201
89 0.8870187017824827
90 3.802135607169523
91 0.7189826230856263
92 1.5323452041333954
93 1.461148025870408
94 0.5127816559965382
95 0.6470655138315291
96 1.009584754401737
97 0.9997382236549588
98 1.0126759449467464
99 1.7334825295360898
100 0.27910981156017806
101 0.7550485831132938
102 0.9939370328795131
103 1.2362262471548464
104 0.9118004601016371
105 0.512597819826439
106 0.9776235118450072
107 0.9994553250478526
108 1.5715350381344244
109 1.832703490747428
110 0.7269427105387235
111 0.8823466990582315
112 0.8778348856144971
113 0.8224582771015606
114 1.1589690826055448
115 1.0301910505548288
116 2.1770554962281903
117 0.8358364146770985
118 0.90078165467073
119 1.1527468450301672
120 1.3887417233636987
121 0.060065925377470755
122 1.2245098667969547
123 1.5699163203629285
124 1.2186194282868095
125 0.9944611894679608
126 0.743279440243655
127 0.9972256872291162
128 0.6906563162479092
129 1.095217001698714
130 1.088208164761379
131 0.9372917363401613
132 1.1609231783106106
133 1.4315065999240275
134 0.9364342241474306
135 0.767236794063828
136 1.329287580967229
137 0.8913071878719643
138 1.0649252830723799
139 1.7416359838190016
140 1.6427807415271618
141 1.017449477627463
142 0.6012552928956327
143 1.6604361178711493
144 0.8589905363870789
145 1.3524566915314618
146 0.9284441672134097
147 0.9325061998366739
148 0.5018371611232095
149 1.8738822533568593
150 1.126874378918522
151 0.1557392691602227
152 0.9759134821200057
153 1.202904990243437
154 0.8232858520474771
155 2.4341010422498464
156 1.0067667184577713
157 0.3637207283441605
158 0.9381769880547753
159 0.5156940061795413
160 1.0164228589363948
161 0.9857928612576801
162 0.5698734502784054
163 1.6680052648249064
164 1.0938317379520077
165 2.1255811750500784
166 0.7213475707519981
167 1.902429683853503
168 1.1579091569576265
169 0.653404296434435
170 1.1782732167524934
171 0.8718215321563375
172 1.0119956248629163
173 1.0321003759048766
174 1.7936070220804516
175 0.4183494784911095
176 0.8671296057027591
177 1.142303435624532
178 1.32587445002547
179 1.573800883723257
180 1.1176930666425864
181 1.4168747761579537
182 1.5861442309456237
183 0.7339708741977707
184 1.1156976567737744
185 2.817684161284106
186 0.8797426780010116
187 0.6112193431497839
188 0.37677506518944215
189 1.474517179275492
190 1.5410144802628518
191 1.6253399840089207
192 0.5594487825511953
193 1.7386007609263952
194 0.29598097022538084
195 1.076860686892074
196 1.0327678415059298
197 1.7387071533460916
198 0.7087241715540827
199 0.49202751382297377
200 1.1174332801004214
201 1.2825748681485716
202 0.5879982278013963
203 1.170234366172909
204 0.7842549600341282
205 0.6060824092068621
206 2.372939866389217
207 0.6632170060151789
208 0.6031436823643899
209 3.126116212262712
210 0.9435191463015801
211 0.9154833465017973
212 0.9853589496641622
213 0.830735915225943
214 0.741308786630877
215 0.5714023060980016
216 1.0726483998230243
217 1.2258746846032726
218 0.9853548828637732
219 1.5642537761588624
220 0.7762753577068483
221 1.685718303481177
222 1.9354921377229828
223 0.6875496523498661
224 1.661049753165204
225 1.3358931801118705
226 1.1123112721049842
227 0.8160235397422217
228 0.8238340967699204
229 1.005410379263718
230 1.0739822749857075
231 0.9281961447842159
232 1.951919214694697
233 0.8841840868887614
234 1.5297393687566372
235 1.7419628417170556
236 1.206763161182027
237 0.4675222168539948
238 1.062460028404884
239 0.9994231824857375
240 1.562198798458265
241 1.0366573613324401
242 0.7302812431688406
243 0.6390837770296277
244 1.125038852446118
245 1.251367525732754
246 0.6388988341152092
247 1.2258780124438824
248 1.0696684857595795
249 1.0193144073195772
250 3.39441376053673
251 0.9506526353905825
252 0.8429057916973425
253 0.853810441765963
254 1.1176147493129047
255 1.5994741811826654
256 1.108364775487393
257 1.692077980359881
258 0.598791547123289
259 1.5132579984115424
260 1.3290003850774903
261 1.032835217622691
262 1.3290489881334888
263 1.814138127111664
264 2.5984967941502046
265 1.1586439464265421
266 0.8779354297262604
267 0.8048893751888975
268 0.7601361697585638
269 0.47075182908502644
270 4.850894017594889
271 1.5919693798712788
272 1.0721127145161637
273 0.7772398344120215
274 0.7165373853863247
275 1.7603380409302958
276 1.0337721897667385
277 1.3071589634518037
278 1.3875223108775092
279 0.9044205395058342
280 1.2994143151875501
281 1.7725077128788973
282 1.1630181813472162
283 1.3478923110741576
284 0.45467853417978965
285 0.7219097643978537
286 1.6437260155183109
287 0.8516096153617844
288 0.5695712995251272
289 0.956358039284761
290 1.618320764018356
291 1.2647922998657855
292 0.5382030007516765
293 1.8606831868971936
294 1.064460408723126
295 1.15575327965981
296 0.24658706757650745
297 0.9543735247003229
298 1.0231486521903885
299 0.48416053999875597
300 1.2486978690335835
301 1.6423754928962115
302 0.9611409956975829
303 1.835444248799642
304 1.0005094601184117
305 1.1123792432884256
306 0.8462991893438881
307 0.9429892764471467
308 1.422354980115296
309 1.259764128794278
310 0.8377754566969949
311 0.8190955334054355
312 0.821927926474007
313 0.8892316170138179
314 0.9898583637854417
315 0.1592163991903546
316 1.1624386288430806
317 0.6924356766613081
318 0.9970767834915715
319 1.2708196115035224
320 1.3086048647561477
321 1.3138045285730642
322 0.8101102894502294
323 0.7617446755906877
324 1.0250840084722592
325 1.1099632374358044
326 1.8928295553839012
327 0.6111981170279788
328 1.0993181958243432
329 1.3948762615660208
330 0.9485435204271695
331 0.6627408826569609
332 0.9539416601441782
333 1.0316247190856476
334 1.0971850880382414
335 1.014168727210255
336 0.7535946402811496
337 0.9043717505178953
338 0.8922776076314878
339 1.80528287070989
340 0.7375527585501075
341 1.5013487269093082
342 1.2931599500587767
343 0.5755643985101855
344 1.2042743723868072
345 3.4367787100956853
346 0.6959904763785779
347 0.773493264997665
348 1.9946282350678046
349 2.0419967834430066
350 1.3600099655900866
351 1.2735187153415084
352 0.7553029343513297
353 1.0239239648568228
354 1.1166977140776122
355 0.9472643054155316
356 0.9826622157228644
357 1.44824328949827
358 1.6817752593731476
359 0.8487198242691552
360 1.1595948240302343
361 0.33027051848222055
362 0.825619188065206
363 1.1167821662259503
364 0.5846421529688177
365 1.4333550911363984
366 1.0023580879439422
367 1.208223286985089
368 1.4429536472650921
369 0.47874530333824644
370 1.4195471505687698
371 1.564959538700383
372 1.5255327509860068
373 1.0020072959395157
374 0.8272893755021509
375 0.9350693540569682
376 0.9106601759800423
377 0.3810876106109239
378 1.0225769876916475
379 1.4157147599283113
380 0.8542189049307941
381 0.32899337048081256
382 1.3807087834276488
383 1.0416858306830823
384 0.8794594001335011
385 1.0144200765654794
386 1.0475248044412264
387 1.3803029985470123
388 0.8445581750810887
389 1.031073409864159
390 0.7891322338695328
391 0.634333841633164
392 0.9850121871190525
393 0.771667081635835
394 1.762198959222974
395 0.6457499605056733
396 0.4359785701646618
397 1.0628112153324578
398 1.1664273792287234
399 1.107999470899234
400 0.5515943887864954
401 0.497413417299954
402 0.5589063298216651
403 2.2755316625846036
404 0.7510991198975205
405 0.44364558957478034
406 0.9738610784710738
407 0.862725297597222
408 1.1363734462613668
409 0.5294107730362277
410 0.9264278587723401
411 0.9100816951475269
412 1.252113646693336
413 1.1024656355374378
414 1.2083093664078761
415 0.6431710001736551
416 0.8977915872956895
417 1.1272000814596124
418 0.5073122219747156
419 0.8274257590436543
420 0.9390030973119099
421 0.7052779944746974
422 0.8470037306292252
423 0.7499486010010273
424 0.8246537908410219
425 1.6282892388240262
426 1.0399040305679115
427 2.0341097460368522
428 0.822487658138745
429 0.5549313330475422
430 1.0189006241800391
431 1.1283720274709417
432 1.154673797511977
433 1.1217062109574807
434 0.6132825459455925
435 1.0086034151190182
436 1.0939577022652685
437 1.6755560026189866
438 3.3830799441104706
439 0.7618028349877451
440 0.9835510480916618
441 0.5723346403649412
442 1.0913000800838446
443 2.967365155860727
444 3.6547534485188313
445 2.4938484259294014
446 0.9146132145466003
447 1.5000592396051544
448 1.0520354580486364
449 0.29541441280395475
450 0.6310144764412677
451 0.42743515387702125
452 1.0521957465618772
453 0.8172676003435981
454 1.4953757046392346
455 1.0299680715730288
456 1.1350082174145193
457 1.320383410133941
458 1.1199188329237457
459 1.0124014237683396
460 0.9583423083251719
461 0.9809939790889511
462 0.2620574596971285
463 1.1982358962399087
464 1.048945314672687
465 1.9524516769450564
466 0.9830461993289749
467 0.8047228016267691
468 1.3521771752567096
469 0.9802282223683124
470 0.7812216635418702
471 1.120245942474355
472 1.6110960097015012
473 0.8800318033777049
474 1.8228532956805104
475 1.7528960840450798
476 0.6592846768776204
477 1.5141438830658644
478 1.2229378937073077
479 0.9272787268155864
480 0.8545270094308989
481 1.203817439654268
482 1.172342151309348
483 1.6951427350192871
484 0.5900046836743114
485 7.495732968541827
486 1.5622775358481964
487 1.032667261409562
488 1.3903868569703164
489 0.9838061712138247
490 2.1584362974235307
491 0.8096953831198452
492 1.088920478035778
493 1.0163203560452152
494 1.0768939599273533
495 0.7257980738370937
496 0.7201709348326086
497 1.8094623189133603
498 0.7828314715171167
499 1.4671761471174172
500 0.7587173909234414
501 0.6030077667548362
502 0.7102546339254542
503 0.7640199262716746
504 0.8263416341471684
505 0.68286772008476
506 2.2753844903225695
507 0.8053110192188626
508 1.0556327980293696
509 1.7387067230857207
510 1.0133938517043473
511 0.8981623551610252
512 1.3236979195335823
513 0.9392694961133208
514 1.0098042069490107
515 0.8281729207883454
516 0.9577136125083721
517 1.6078709378335363
518 1.6552063357719422
519 1.1985288805174306
520 0.6537568411241462
521 0.8260951132202631
522 0.9406048919143812
523 0.25318844915946026
524 1.2584102965327038
525 2.433008681726712
526 1.2650904918602777
527 0.8459355565292747
528 1.229987008406152
529 1.0445999279069047
530 0.9212185057339404
531 1.696361020359873
532 0.9770606699933204
533 1.3382263162912444
534 0.6760432116500422
535 1.0291040013408799
536 0.3376837777280906
537 0.7116451555935168
538 0.9179595989787129
539 0.9990848171931017
540 0.7330899122577198
541 0.8740921418882017
542 1.008044486385526
543 0.7349118982625401
544 1.222160810519827
545 1.0751914071626847
546 1.6086210573010686
547 0.7866830484657086
548 0.9625595110558648
549 1.231431398937338
550 0.5835875308678415
551 1.1503152762932616
552 1.0150593370392829
553 1.7440114051279625
554 0.9080491870864126
555 1.3319265523305406
556 0.941096836372932
557 0.7063517201325733
558 0.47110633344287306
559 0.8520419644289898
560 0.936153863884529
561 0.9815475035837913
562 0.977387328474157
563 1.2367137994588795
564 0.8248709716397791
565 1.5649743133466245
566 2.437892275450715
567 0.6877398664626926
568 1.7630065063401072
569 0.27043136713577204
570 0.5292600622683923
571 1.1777497725467188
572 0.4856826956735489
573 0.028190297924154464
574 1.2601262807802376
575 0.9743501827767165
576 1.115275237239823
577 1.0064453344386954
578 0.3646491032705202
579 1.1172834492027535
580 0.2582760297862215
581 1.133624204324851
582 0.4714671387095864
583 1.1269683846208667
584 6.525422813228659
585 1.216513683208642
586 1.4974301828442154
587 1.4568800012345222
588 0.9115987704990778
589 0.8263611283231403
590 0.780291397093425
591 1.0173433243521626
592 1.7532770637066337
593 0.8357124684407555
594 0.14331043342101155
595 1.0111481669043199
596 3.592752476108995
597 1.550291753978909
598 1.1026318845562755
599 0.8173209808601951
600 0.13165412103290167
601 1.0856922227023122
602 0.9684210573512398
603 5.636467031838374
604 1.0610208114020272
605 0.7785985025306573
606 1.0082755129380838
607 0.07582456009681955
608 0.6483335846074761
609 1.2868980092885427
610 1.7160942848747858
611 1.3582261468713386
612 1.8406389798979477
613 1.6002846007062044
614 1.0030825821440053
615 2.398776550704579
616 0.731418829509605
617 0.8280759475723397
618 1.1468356581817336
619 0.9273073217811532
620 1.2988658417982644
621 1.142612020040955
622 1.495925634171374
623 1.0900757799964105
624 1.0524016588584422
625 0.7856223916453184
626 1.221182738300152
627 1.2258709979888016
628 1.3463543505181996
629 0.9901105211155089
630 1.3007726414190406
631 1.0257859899496824
632 0.900299792007121
633 1.4602087031834676
634 0.7010948838189283
635 3.744556571758372
636 1.3477818207431773
637 1.8261684330425567
638 0.3149002785949981
639 0.3298945386514917
640 0.2675424092137466
641 1.3846115672325536
642 1.0665283492362079
643 0.8333740427910333
644 0.6477683390096063
645 1.467291676672785
646 0.7602798563430004
647 1.4002803568568676
648 0.5979053263596017
649 0.9076604046007593
650 1.026688609027564
651 0.6931587191699332
652 0.770988864056908
653 0.9739927400906959
654 0.9594046245182642
655 1.2167061997603787
656 0.420658390952175
657 0.5749067357497197
658 0.8905321598672625
659 1.0711046742972778
660 1.409220169801776
661 1.0060961944435725
662 1.1298196414523252
663 0.6893961410510606
664 0.7336496064096639
665 1.140957690641057
666 0.7055572436089695
667 0.9517529868902069
668 1.81437541393929
669 0.74764233538063
670 1.1253729718330292
671 1.2188337360358714
672 1.3477304072058374
673 1.1941319824251257
674 0.9228789600604904
675 0.6736352171173333
676 0.6645205273869258
677 0.825745160921742
678 0.42673006316942835
679 1.0708161708596466
680 1.2179334422000598
681 0.9525750786708037
682 1.154325821817648
683 0.8277101234014163
684 1.212194921987219
685 2.4529485791260592
686 1.9818998022605354
687 1.2262268787138775
688 0.36229591908829284
689 1.8104579880922413
690 1.1304976437951841
691 1.251737281990898
692 0.20313399850098063
693 1.1297627022941688
694 2.501608768700472
695 0.8363000998470432
696 0.5238170227186509
697 1.259623976391979
698 0.6078033656854441
699 1.1298918109334566
700 0.7321409502714058
701 0.5723289887377513
702 0.997457157212584
703 1.2184239777084869
704 0.5755379989525415
705 0.8265265099293329
706 1.4224225408948525
707 0.7082011854572147
708 1.0503744255846994
709 1.113265803598691
710 1.14438900468911
711 0.9789117407879043
712 0.9219046049233212
713 1.1353890581665635
714 0.3715992513104863
715 1.1666664079036768
716 0.9101400697818448
717 1.044387885218941
718 0.5365862790682423
719 0.5507693126143824
720 1.372882744430181
721 1.476913144194981
722 1.6166901366681794
723 0.2936791468489576
724 1.4934317129185586
725 0.21594981086392234
726 1.223544312295406
727 1.027645127054432
728 0.9875540981546749
729 1.0037827849116892
730 0.5452003664058493
731 0.9194377247017467
732 1.0785258788421523
733 0.6149659488778448
734 0.8884599395029935
735 0.4807158467526334
736 4.9287467220510335
737 1.549851686794994
738 0.8090653289530758
739 1.208336847674521
740 0.6535949352438469
741 1.0560066607554548
742 1.2286732324094978
743 0.8632484440518102
744 0.7199445783456169
745 1.4060803209809878
746 3.4154495749868135
747 0.2732491271583422
