1 1.0463416884576267
2 1.0214896682872523
3 0.5221852646983995
4 2.624950246259229
5 1.4205506877997565
6 0.29754157714318247
7 0.2553055558122938
8 4.261115280791146
9 13.673315889856445
10 3.9796026523713426
11 0.4718112810137842
12 19.205384120701467
13 0.12066364752368532
14 0.7725977859982119
15 1.5953336014414894
16 5.869658319858173
17 0.012180801049260582
18 0.005087524876435552
19 2.5622786830429645
20 6.397954991120083
21 9.694358930027303
22 0.5651838491321426
23 1.092776637899891
24 0.7078186914935383
25 0.03916864900175419
26 0.4330033734021903
27 0.4056538730874313
28 4.048845713008212
29 0.5517115414879937
30 0.48114586455407915
31 0.6056029909063323
32 1.2409804379014846
33 0.4147138788192706
34 0.27259352446822344
35 1.1495587268866905
36 0.5059171113844142
37 1.0475016997227349
38 1.120082273374737
39 0.7329539506800758
40 8.453259977411566
41 1.2801967009601594
42 0.7824047263482364
43 0.9117580891684514
44 4.337320228321427
45 1.463886675807283
46 0.19913015222084152
47 3.039129686854198
48 3.3185502702388474
49 1.7544451630317126
50 0.2505471503500227
51 1.3048920039912668
52 0.9264744943296783
53 1.7066537375518578
54 1.1386565773911397
55 1.5644069061760915
56 1.4172714082566815
57 2.780934000874887
58 0.020942310888579806
59 0.023456880291414236
60 1.1925035671078597
61 0.4667705423973791
62 1.3279408552764735
63 0.5603899969898845
64 0.7810071849406373
65 1.7276204034644067
66 0.8211427330260016
67 1.330731245001385
68 0.4609734976455182
69 1.230456378332226
70 0.907065954169686
71 0.061656176355817445
72 1.9373055284065943
73 6.8466808143892175
74 0.6451178758465121
75 0.4356710192410988
76 1.0906843039917062
77 0.9811757512268685
78 0.6028744264866842
79 0.9599192265954266
80 0.016162484701185722
81 2.0111520532645626
82 1.1540040334181363
83 0.989343150664009
84 1.0532088347687738
85 1.6458161117821342
86 2.064599414994417
87 0.6930784283945118
88 1.0281446391155276
89 3.867075626753936
90 1.1670315060561707
91 0.08543167347990437
92 1.212958661899788
93 0.9647480901033312
94 0.07635460450441493
95 0.9315287331445267
96 0.9322109596825956
97 0.3102029636213601
98 0.05486983761729959
99 1.3501301332043076
100 0.7645069119701938
101 0.9619032705437427
102 0.1431194921767511
103 1.3803991233124688
104 1.1702507010300591
105 1.3107017359488449
106 0.9981410320594932
107 0.7436492549790186
108 0.16676482654167263
109 0.8088827028428881
110 0.789051705350296
111 1.1710612172049242
112 1.2405800170641303
113 1.3359161910819966
114 0.11274340451459737
115 1.0878747520132768
116 1.0469437419832868
117 1.7551060287266655
118 0.9489860032480828
119 0.5680925175960672
120 1.6496494513384419
121 1.0069685430025783
122 0.929510098653918
123 1.5371163767606517
124 1.018969797161638
125 0.827049087285476
126 0.37769920885770003
127 0.9586131117597059
128 0.6344509824983853
129 0.3475951627548623
130 0.7248805722666684
131 1.0233759147485517
132 0.8651908604707079
133 0.9802717855046088
134 0.7053581370550847
135 0.7725111447822759
136 0.547937026634566
137 0.43397627956180695
138 0.5984334837842877
139 1.1522185895909984
140 0.8617052664534768
141 1.2430730067808964
142 0.8412135205638112
143 0.8088662557419953
144 0.7874618536990781
145 3.9039947398314605
146 1.0913741724382684
147 1.4959158775740382
148 0.8560390980741612
149 1.4281099876768502
150 1.9995673725009437
151 0.5891355577776737
152 0.8089647624061383
153 1.1707645040769359
154 2.534086210240402
155 1.0154810452917074
156 0.33964912086063176
157 0.9628604311823596
158 0.8387752483934604
159 1.3397474182600762
160 0.8495121827094269
161 0.8608300977531356
162 0.648186230768132
163 1.0161887887106567
164 0.9764227706000977
165 1.4393535490460463
166 0.6757408376182555
167 0.5054008055508725
168 1.4657066377802614
169 0.7916142636738503
170 0.899362719413231
171 0.811494344172234
172 1.0098055766367886
173 1.1722126341082224
174 4.625487839579907
175 0.981615533119065
176 1.5272705967157498
177 1.3440716958205603
178 1.4782364366473646
179 0.7401186359416222
180 0.610976927437654
181 0.6376358778468778
182 2.1625651297124686
183 0.8206098693909405
184 0.7175324633741424
185 0.8074837761784152
186 0.9167496031245627
187 0.41494992818859655
188 0.4656799999443912
189 0.8340457272665391
190 1.3092240858539017
191 0.9129074579771219
192 1.0722818771574154
193 1.6881961666884364
194 1.7418266878325237
195 0.8499712184040566
196 1.5041398439548874
197 0.49638752481115694
198 0.7841379282351815
199 1.2786612312684702
200 0.9929655547918143
201 1.175857091593844
202 1.6124571928401183
203 1.0781297578884184
204 1.1871450339008383
205 0.8241242744917369
206 0.8905790523975657
207 1.062045460225211
208 1.8442024157911054
209 0.5934950595541209
210 1.4073137273828018
211 0.8908753991771078
212 1.0530891133753684
213 1.1170804665572331
214 1.1820064969872046
215 0.7169420512512499
216 1.0610968867699972
217 1.0039508481479602
218 1.4693864362960223
219 1.1745992077903544
220 0.275704448080746
221 1.394954313609249
222 1.1358951786750382
223 2.3296108069586303
224 0.6484525053061505
225 0.6458937045985581
226 1.0001640877367064
227 0.9605239984294137
228 1.765665979808643
229 0.5134869339242083
230 1.651117049808787
231 0.5983071711359514
232 1.7005022603858055
233 0.7847247215275195
234 0.6691103765613652
235 1.3105766214199126
236 1.4293815945004993
237 0.7959898033148963
238 0.6220578080340735
239 0.7628019736832371
240 1.2895446998836733
241 0.35571821008306376
242 1.0115772837916686
243 2.0155090892534524
244 0.6888813352635758
245 0.8976727103590053
246 1.0104504252408781
247 1.5735917271017703
248 0.8618634760543202
249 1.421812663960105
250 0.837580739652774
251 0.66926144789862
252 0.7926839718859383
253 1.1037651271791389
254 1.0648539943028765
255 1.1422487589830277
256 0.9397766151022758
257 1.3275242654620303
258 1.9210604053818434
259 0.8867615116602683
260 1.2936031464448314
261 1.4328941475633243
262 2.593592541652181
263 1.2393947869546402
264 1.1336324269366447
265 1.0483863257926245
266 1.2438562586170296
267 0.7764672885762204
268 0.9363994557035561
269 0.6903474056534503
270 0.647048085352963
271 0.7103528089406874
272 1.098719354381569
273 1.054448827886121
274 0.985639244971031
275 0.6381292549635998
276 1.1239833716756105
277 0.7628350422235117
278 0.6001058654687015
279 0.9235352688761724
280 1.184695128712686
281 1.7467664164903436
282 1.768117260932623
283 0.47305730759793313
284 0.5625603443890079
285 1.6053831126847629
286 0.5070871497032544
287 0.8127276017665956
288 1.176253414362436
289 0.7717321759670183
290 1.0308535183063106
291 1.5072235994626588
292 1.0222081941814583
293 1.172463888054612
294 0.9563874631060262
295 1.1657068782136624
296 0.9287701426861905
297 0.47184350404543385
298 0.8617436984327914
299 1.0351454450533726
300 0.873159449479958
301 0.5618907686255407
302 0.6589672389732739
303 0.7923966898705169
304 2.9680216309682876
305 0.7901227936059693
306 0.8235729119361435
307 1.1675415375878795
308 0.7043571815000966
309 0.9477888002849434
310 1.1222254803970044
311 1.1528063706311795
312 1.0763817630854073
313 1.2712189619705614
314 1.2475231564677458
315 0.9939155850508965
316 1.1570970072201952
317 0.8012562973991959
318 0.595685285439513
319 0.2661068393027476
320 1.3068638442201623
321 0.889297882742872
322 1.137710470075298
323 1.0335759970852125
324 1.0207273796273435
325 0.9077392317338174
326 1.7081836508004375
327 0.8318878577493742
328 1.8261939851521742
329 1.2540582380461431
330 0.7243298127843646
331 0.7977787246288319
332 1.1167390486670314
333 1.0427020380610206
334 1.1135371261610247
335 1.0250012521989549
336 1.2683036384441146
337 0.36569263875053326
338 1.2323447573475816
339 1.1562996974526882
340 1.2751037236550007
341 0.9540238376143123
342 1.7215189290871327
343 0.6962767966892108
344 0.5997958205434138
345 2.847566537246924
346 4.011782638466137
347 1.0879310419505326
348 0.7334796901901639
349 1.7805463890213844
350 1.0762152466680335
351 0.7773420008584487
352 0.961184934801752
353 1.405855569241866
354 1.4637591805809385
355 1.0262311775339394
356 0.9163189269741785
357 0.8062126137722702
358 0.919679930531407
359 1.636941543772523
360 0.649463931471885
361 2.106828738373529
362 0.4674454248545091
363 0.8561366694090988
364 1.0078958167792063
365 0.8849453139486556
366 0.886766374928419
367 1.8067896222690347
368 2.5389999323310017
369 0.8535493972265427
370 0.9108645246794062
371 0.6622712276615036
372 1.743408512634302
373 1.3292061817797385
374 0.6713725218961677
375 1.3170518818379156
376 0.7101571389647079
377 1.998812184411478
378 1.0739841904595149
379 0.17224116918378646
380 0.6542169676154709
381 1.1334873887316514
382 1.0819180738958154
383 1.3353850870021002
384 0.5338026600750779
385 0.9564589441751947
386 0.6551566132785474
387 1.0532786456118266
388 1.1046809478899449
389 1.2486211705845716
390 0.7633506854839256
391 1.5394532389797069
392 1.475704708162592
393 1.2890893700314847
394 2.7982566246300293
395 1.3104169354141506
396 0.905675432007939
397 0.8851135841111342
398 0.8649241432218131
399 0.9508091617394494
400 0.8571436922731115
401 2.247664368373797
402 1.5405697710590531
403 0.8702624149634924
404 1.0653884782347953
405 1.6507518877882332
406 0.7098067306706651
407 0.8119431331070538
408 1.5633304720652872
409 0.08641937277906075
410 1.5881406497168984
411 0.8014345538218156
412 0.9200506814871846
413 0.0810140874957048
414 0.953304924002229
415 0.998795802807543
416 1.0778947789425892
417 0.7790494806645959
418 0.81242846781961
419 0.8842669783224959
420 0.758870637878549
421 1.5727290070198046
422 0.5949035741109019
423 1.557394972332766
424 1.1220210674143498
425 3.113654782146194
426 1.0473182805690393
427 0.9741592465294894
428 0.31855912513020257
429 1.2757283228003837
430 1.3546024743541452
431 0.7377853554583539
432 0.38845320356182356
433 0.7710811478391487
434 1.9195352209579284
435 0.7004741346694072
436 0.9628093975959274
437 0.6641581551647276
438 1.8770867581305175
439 0.7723820712809543
440 0.8942345825634868
441 1.3105636706166683
442 1.5483092553405977
443 1.499529266581424
444 0.8620572169056081
445 0.709907445192005
446 0.9755938802878895
447 0.9199942339509255
448 0.49490096611884976
449 0.7242540339289992
450 1.7345578449442196
451 1.031178115698778
452 0.9480345454557821
453 0.6274855366785432
454 0.9445139080622956
455 1.077933355274837
456 1.225918369166957
457 0.9353339083015962
458 1.0373273675195582
459 1.039652917131085
460 1.0156208422934696
461 0.8115543991893425
462 1.418464308136897
463 1.6416701919288976
464 1.0184540636765695
465 0.5304442973342275
466 0.9779127621858188
467 0.9924697607745713
468 1.3174887566298175
469 0.512949883500284
470 0.8938359512167324
471 1.0045081484790515
472 1.5445419194368915
473 1.0466999225125662
474 1.1705983511687597
475 1.385699034977194
476 0.5390756872795688
477 1.4796714799671922
478 1.0783266246037984
479 0.9921563317938921
480 0.7376498261205624
481 0.5275669260876934
482 1.2384339331557335
483 1.3526226810626252
484 1.0139494703456153
485 1.5293223133236133
486 0.8695290430469172
487 0.7836901844940227
488 0.9493145158637416
489 2.827806029498818
490 3.783189426003352
491 0.9638343478532592
492 1.0056390088673905
493 1.0566888165760329
494 1.0674174003303933
495 1.1172767797398608
496 1.1350301611753595
497 1.1171842388430184
498 0.8092409272784734
499 0.7281369965294484
500 0.8515297510101512
501 2.709584835480628
502 1.388464922672196
503 1.3617709205856452
504 1.213391521684078
505 1.0429150028890406
506 0.8315604437145357
507 0.8225240041665318
508 1.3783238895260845
509 1.0017669783189171
510 1.259582162127113
511 1.1298845856905746
512 0.8642976300353854
513 0.6811389351916881
514 1.1310423484264205
515 1.1486173522604992
516 1.047127290620106
517 0.36376694035681384
518 0.7680552829840028
519 0.23282789991314387
520 0.9023763960641914
521 0.7273185413584354
522 0.6722166237763574
523 1.3270979576082587
524 0.5175513771866865
525 1.0362939290168152
526 1.1955765006897483
527 1.1482595043464672
528 1.0761180122061689
529 0.6795687732304598
530 0.9409796917182414
531 0.31559744163156445
532 1.2551411509511123
533 1.6726692743831484
534 0.648642218411579
535 1.204916492165276
536 0.9548045645931316
537 0.7740261868277303
538 2.225924441973765
539 1.0054089235412333
540 0.7634641774371886
541 0.7057099230413476
542 1.909494370216376
543 0.4547397284925838
544 1.4954392100994958
545 0.7062486071199496
546 0.760855743249876
547 1.0292194949176023
548 1.4985272872381248
549 0.9834429286316977
550 1.1650610497255824
551 0.9829266780327488
552 1.3439211363616068
553 1.1718536979362075
554 0.9468695937219211
555 0.5911681628399954
556 1.1221103767473786
557 1.6670102890001488
558 1.791967463159525
559 1.2513615583558517
560 0.9121622545932362
561 0.37217799000696283
562 0.7824630536843594
563 1.9833570240619398
564 0.5908959235052286
565 0.6499704438073817
566 1.0804779752573148
567 0.9725995396784454
568 1.8854526205214248
569 1.73290712474951
570 2.150489902025791
571 0.8107334818604809
572 1.216794689943559
573 0.966482112560955
574 0.7034106862913287
575 0.7682972098089424
576 0.5351718763243902
577 1.1429424737001854
578 1.2795047270023858
579 2.965174193501145
580 0.9899665576696987
581 0.5159647190175689
582 0.5803203262660241
583 0.7634662454207591
584 0.670607500614592
585 0.6401173911867951
586 0.9927206749477713
587 2.269073376683436
588 1.2498073670051122
589 2.355680290403883
590 0.9587883182585561
591 0.9332338411533984
592 0.7670159420283338
593 1.1135013654031252
594 0.385623129680386
595 1.6667060275429195
596 1.3944656440222716
597 0.9172765888790394
598 0.43253317144741815
599 1.161426965886729
600 0.9092648419719579
601 0.9959543032193168
602 0.71097931729924
603 0.718075596395024
604 1.6598060330743043
605 1.1170266324315354
606 1.0885844305355359
607 1.0925877849762107
608 1.603780759536744
609 1.4252810218437477
610 1.026102361299357
611 0.6590942290014817
612 1.4478811989671023
613 1.0913305030333338
614 1.1121573171217003
615 0.6644106932003182
616 0.9834727589307136
617 0.5319779320924974
618 1.2374025053005449
619 1.847159501189771
620 1.4792703138264036
621 1.2819733642915387
622 0.9572336104789448
623 0.3464381736253909
624 1.7614288778214828
625 0.6104586100310908
626 1.2077566401218602
627 2.7325628206227797
628 0.7543985216614585
629 1.688632551044505
630 0.37543557131338445
631 0.5206752868139839
632 1.005978975763563
633 1.034302366344174
634 0.9626292192988393
635 1.7244118185002997
636 1.0611746574784957
637 1.1892511013558575
638 2.1107902949716153
639 0.9452051683324942
640 0.36585723211000326
641 0.44621565484666087
642 1.4405913182933465
643 0.9810387135416202
644 1.3762494859571508
645 0.6038526749976076
646 0.6632899164616223
647 1.6658048818981488
648 1.4221413685405586
649 0.916302674746922
650 0.8450519728779695
651 1.478617685205162
652 0.3763246713586882
653 0.9682245326643598
654 0.41403576527186464
655 1.1489805442051362
656 0.8770634927424409
657 0.8697518434411962
658 1.0797885756344914
659 1.135469422239703
660 1.4248012726284038
661 0.8301354639677494
662 0.8746106706508372
663 0.8356674649133959
664 1.412782308417653
665 0.5429656497676801
666 0.9290044798473893
667 1.246959925095189
668 1.2563724648872325
669 1.8967374055179957
670 1.258589383503651
671 1.528623477875525
672 2.003922908399627
673 1.5004166958934253
674 0.4028731083645069
675 2.5467196075786855
676 0.8538308401450964
677 0.38193089864182705
678 1.0103595114421542
679 1.151735033712335
680 1.162473463521333
681 0.6043189027794517
682 0.4605709947322382
683 1.3548892504011822
684 0.5478392123423361
685 1.2831963155006199
686 1.3495241343235052
687 0.9841777176038881
688 0.7037193054122747
689 0.6664565564153468
690 0.9269642411111416
691 1.6428605501428837
692 0.8851147078735004
693 1.4632939643148322
694 0.43663694704616746
695 0.8417852701061658
696 0.9775450837004631
697 0.9972577410784834
698 0.8065395214849982
699 0.6553561783059854
700 1.161158754712048
701 0.8613779900359558
702 0.6269436634238023
703 0.6744845627252157
704 0.9248453726773728
705 1.148070209519473
706 1.4417882324843934
707 1.037807882529557
708 1.6385401366871377
709 0.8153769651821149
710 1.1061410975192059
711 0.7022732072042261
712 0.5977524649610827
713 0.9590747573785998
714 1.4316564808768815
715 0.9111684105187564
716 0.35301301911054833
717 1.2396566865407774
718 2.430698694132565
719 0.5094073653269442
720 0.43618892657452085
721 1.3388740645108355
722 2.550054282901099
723 1.3428393036371742
724 0.4379868186293139
725 1.0676005888445312
726 1.010924191479043
727 1.1865339077414894
