1 1.9098937252857362
2 0.045826435937541043
3 1.203713720354008
4 0.5712208936005898
5 0.9468629361568159
6 1.300377723869371
7 0.4500331315288148
8 0.20322215259497314
9 2.8546570861427765
10 1.2824800920070147
11 6.952517866556032
12 1.8855354912125732
13 0.7166561956783584
14 1.2854599310709818
15 0.11165332843325694
16 0.13931803530493253
17 1.0205851199592884
18 0.1986291656173355
19 0.42259100324077814
20 0.5776460808747088
21 0.9429344055215746
22 2.087207190678638
23 1.4203859664169547
24 0.8023466230543868
25 1.9194154524609404
26 1.5259807317331717
27 1.3580266774922185
28 1.2334096183569592
29 1.0483614950169833
30 1.3337729683569317
31 0.5153908030847204
32 0.28394589013162924
33 0.5628831754678789
34 0.6936389599165358
35 2.67091662862472
36 1.1534832615123294
37 0.7253413868334149
38 1.198154094721185
39 0.7675943149393987
40 0.873414031497709
41 1.4191451298151743
42 0.8290718929790082
43 0.6261487691644627
44 1.0149777290256423
45 1.5585839515983437
46 0.45911465512120125
47 0.6491625322034813
48 1.7592734894909303
49 0.9178160405970323
50 0.9778871690883502
51 0.4535400596791559
52 1.9391166203332755
53 1.2907967811798053
54 1.2054653042225865
55 0.16375612679176713
56 0.5035054673257974
57 1.31113487948522
58 1.0145078875773441
59 1.0330027390333223
60 0.8298329972992008
61 0.5029627212630535
62 0.8504586053902015
63 1.1244553123389478
64 0.8634659007256099
65 0.8591981765320297
66 1.2586295175261462
67 1.2912947772463474
68 0.6478497756391948
69 0.8988374925823721
70 1.6443932388220883
71 1.0923900917396847
72 0.9169345374604497
73 0.864583150778348
74 0.5941143501760582
75 0.635324210232723
76 1.409924071637807
77 0.8351119576809606
78 0.8086599620004024
79 0.7170765072818417
80 1.1076910796034372
81 0.8449767389565852
82 1.2467105312780604
83 0.7433342175228717
84 1.0541591733122055
85 1.4349942114736485
86 1.1138253072069517
87 1.9597734831801241
88 1.2704338536382531
89 1.7312893711537338
90 1.2364449181593797
91 1.1524385517141102
92 0.45657095584701857
93 0.8104963562845978
94 0.7558154222542864
95 0.731173669454531
96 1.381565602204741
97 1.6091917391606103
98 1.040887737446552
99 0.46739472630046386
100 0.7363654904627659
101 2.3541277528027305
102 0.652919373683448
103 1.2620800827871175
104 0.784615458383473
105 2.1520002974159773
106 1.2102031336891095
107 0.722761269955961
108 1.4597576207775962
109 0.7208292509362209
110 0.4293482332377581
111 0.7378386977927838
112 1.0319576267023918
113 1.0227508203023403
114 1.141681434143896
115 0.8092078599454193
116 1.0045033887417967
117 1.1569962339627016
118 2.8020359726848385
119 0.9807392196586091
120 0.8186452498938583
121 1.0061493324907622
122 1.138080219711099
123 0.5820725509636743
124 1.1115744453219036
125 0.9700074289982484
126 0.9044297288954469
127 0.8059665227510943
128 0.6815801061303601
129 0.6195257608272012
130 2.3784541161767176
131 1.1610549613387033
132 0.9312724001960759
133 0.6122124581442171
134 0.379238598099366
135 1.074844165671758
136 0.8186264595370982
137 1.3623485266280935
138 0.5027674097391444
139 1.2699563821789002
140 1.009379892889787
141 0.6766056240416558
142 0.7758441237172062
143 0.5235412559582614
144 1.1058032697815994
145 2.496610065905627
146 1.5758035584729138
147 1.0418607877820378
148 0.9903839268133586
149 1.1691713284274292
150 0.3489106003424686
151 1.3146961949705058
152 0.9862797709253505
153 1.1972461516705408
154 1.0990461217911411
155 1.7598647646131382
156 0.8158829968898887
157 0.8530849338447039
158 0.656267897906249
159 0.8905085710637507
160 1.0722572335371805
161 4.5632355936238085
162 3.187877058119798
163 2.340824276062627
164 0.6180981576309714
165 1.0319411975499755
166 0.2520386213273979
167 0.8366625366740252
168 0.8285700920748656
169 1.4725711060826925
170 1.68977981024017
171 0.9350007050019579
172 1.2814851741004096
173 0.4459710285876635
174 1.3561400542340407
175 0.5228746215219268
176 1.0662204788770728
177 1.1062626025610545
178 1.8512860465211822
179 0.6293482134518908
180 1.5872701184843676
181 0.7330140123094567
182 1.3583167916350614
183 0.47077293182020946
184 0.7986632451128591
185 1.3982113426039393
186 1.132655409579348
187 1.0133545243410786
188 1.0793089540884964
189 0.7332423360083201
190 1.2825434570991971
191 0.809856358705386
192 0.8720258915232159
193 1.2129009533809383
194 1.2565841921484666
195 1.1495954505275732
196 2.3510835816980205
197 0.834221504059271
198 0.8141016628043006
199 1.3493945717500233
200 1.214528307123475
201 0.9205250590759649
202 1.1549939749346
203 1.4382632825773165
204 1.1874716129794862
205 1.5676987200170749
206 0.9207382572245699
207 0.5435490107109746
208 1.0228415295361486
209 0.7432990392658076
210 3.390987124497433
211 1.0549768357297982
212 1.1845009570319271
213 1.0060983359507285
214 1.2513511731835008
215 1.7090014893145593
216 1.3551537441363797
217 0.8019245389177332
218 1.0460597915739231
219 0.5583816440148949
220 1.5265843147966047
221 0.5553992033198187
222 0.5597259946446737
223 0.9092805118334433
224 0.9601314215160904
225 1.0150810443610567
226 1.103262714821484
227 1.279091687269307
228 1.3266328264716905
229 1.031141799800645
230 0.6577868755666215
231 0.8052761280267422
232 0.6458669079776554
233 0.8357515571501882
234 0.9523813997804359
235 1.1138503201332275
236 3.0306555981781105
237 0.4860359249586489
238 1.379326952927713
239 1.16036457748122
240 0.9449104523024536
241 1.2783915278151388
242 0.8016974909067998
243 0.5285290179954507
244 0.8157832490477306
245 0.9829170977600834
246 1.343812243337865
247 0.6690865080080801
248 0.9787120631687111
249 0.9295086850498331
250 0.3806978639317253
251 1.285323216126087
252 0.9086304987960298
253 3.178198943116828
254 0.6056271281908668
255 1.2626859207040158
256 0.6193864561175413
257 1.9891253583905766
258 1.104570548048997
259 0.9057099568933704
260 1.2855139726161282
261 0.8291996041848941
262 1.2935225686885377
263 1.018927270462771
264 1.4422868277602532
265 1.2513102959507394
266 0.9197704206027701
267 0.988516171912654
268 0.6508502120922071
269 4.670335198976187
270 0.4367493854368323
271 3.652353376567686
272 0.7145653910828227
273 1.1660366905388944
274 1.3612311096285266
275 2.0635189461458574
276 0.6983306630567885
277 0.7489040690995141
278 1.0159875101784495
279 1.120697809357447
280 1.4585500768116306
281 0.3094796594094651
282 0.8607651582826079
283 0.867312282365965
284 1.586563297522444
285 0.928017131206494
286 1.792790735378263
287 0.9466573287597893
288 0.9725964325505603
289 0.8638399742487298
290 0.3632361231066029
291 1.335649392577273
292 0.513393464102756
293 1.3477884043132486
294 0.9864152703716481
295 0.5279974407821371
296 1.1021839882310958
297 1.1680048847376878
298 0.9511756101844555
299 1.4870804997915041
300 1.5123179073733564
301 1.19871148857076
302 2.4811827190350795
303 0.5217617635329919
304 1.7057153741080047
305 1.6058344396521222
306 0.8816998862121693
307 0.8113965837632429
308 0.7298562174485532
309 1.269842191222109
310 0.827531158308697
311 1.5691635314621604
312 1.4202156346037647
313 0.6614126888172064
314 0.3853644207447554
315 0.8429112556947141
316 0.8745867765523918
317 0.8042309974462798
318 0.9639617031417392
319 1.584102682863887
320 0.6526920916639779
321 1.1111892738586626
322 0.6940823535811848
323 1.1155594784936
324 1.3900711868431455
325 0.8868384580572155
326 1.7324108131749736
327 1.0160427024276333
328 0.48230279682864324
329 0.5161747460652041
330 1.883316822505161
331 1.1538622658937674
332 1.203003653454475
333 0.48751591870391
334 1.2883902854308769
335 0.9234009561531681
336 0.8102831367573379
337 1.1394956643378518
338 0.745769584837933
339 1.103687570030922
340 0.7734257376695365
341 1.8387174356037483
342 0.9957543305295379
343 0.5985419420044578
344 0.6905914553496502
345 1.1985192352941134
346 0.934102763079146
347 0.8548688043928956
348 0.5257490383380328
349 0.7598094367458336
350 1.3695310882416145
351 1.2117511292463723
352 0.41678216404094437
353 0.8707503086910889
354 1.4493134337342435
355 1.0169598317789812
356 0.6830315107203204
357 2.220132441600772
358 1.1705640270644506
359 1.0212540949139548
360 1.575102430479481
361 0.6662099399248088
362 0.7000221650913978
363 1.7779753153267304
364 1.2046145956630123
365 1.025946712747498
366 1.1176662337262127
367 1.266424728824771
368 1.149656363538426
369 1.4474172004456147
370 1.2554819591627375
371 5.476148649014121
372 1.1140595425484776
373 0.7710602370121736
374 1.5927838232121638
375 1.4114930847477387
376 0.1759964181371474
377 1.3048275586220737
378 1.0952744348994736
379 0.25017158581258914
380 0.6886981835235557
381 0.9335307808419347
382 3.250937001839149
383 1.3716831375581677
384 1.3619302825839474
385 0.5079040357663049
386 1.535838836738802
387 0.1677714421310266
388 0.8735440777564943
389 1.0310381526488228
390 1.053793814086264
391 1.2277043421421354
392 0.780895945426857
393 1.4240844262821482
394 0.6484353914909663
395 0.8956733131667353
396 0.7800991551218608
397 1.6486930769927572
398 1.4147045841724644
399 1.3533792993970652
400 0.961282231156571
401 2.04062092917173
402 0.6369725245160412
403 0.5503137203253269
404 0.9539490062816046
405 1.022131360105339
406 1.2593167049687988
407 0.8358592272368095
408 0.6381428983780317
409 1.2325744907933922
410 0.40684294195369813
411 1.0619783278478243
412 2.0671303876771603
413 0.7283421607057474
414 0.7448827275139318
415 0.8184264983007807
416 1.30655847229634
417 0.8885593642674768
418 1.0906650797387307
419 1.937332827879395
420 1.3778371221697314
421 0.7651983916103042
422 1.042704955206836
423 1.552882436223929
424 1.6701814089638352
425 1.6780491506063773
426 0.5557340592796606
427 0.3475824941624256
428 0.9895356297044066
429 1.0893782295768781
430 1.428727469714294
431 2.636468614696195
432 0.4417883940304135
433 0.7708629687298103
434 0.9526134805165916
435 1.142581875376454
436 0.6025228836160469
437 0.5113302328346699
438 0.9380090705692212
439 0.8517492421427577
440 0.10756336764000533
441 0.8356609744180679
442 1.0101252399710652
443 0.4723035182088787
444 0.48244666687178683
445 0.9744694813839938
446 1.1275881386436097
447 1.1437945102063316
448 1.0310093234921889
449 2.8518970601955544
450 0.8569915129163322
451 0.9463362856660904
452 0.7422455624140697
453 1.2755046275013833
454 0.6420751053318634
455 0.8110966066284704
456 0.7638635795942891
457 0.9824667936903114
458 0.7550042081088892
459 0.4724837197250088
460 0.9745642724753191
461 0.9734483521625759
462 1.5061173705805893
463 0.9900145859488771
464 0.8582452122120828
465 1.516929287230071
466 3.26036282201694
467 1.3236256977851084
468 0.8314835255069756
469 0.9664634070242271
470 0.8385627424369468
471 1.177712423969469
472 1.080201301555807
473 1.17826608377697
474 1.0052419683982419
475 1.0158461802879442
476 1.2372159087392658
477 1.3215246230513629
478 1.3985459855152562
479 0.6492542191094571
480 0.8116104115909221
481 1.0917634843951223
482 1.1830351549410867
483 0.8850066232506094
484 1.3945792569546487
485 1.635801623593052
486 2.497322310116521
487 0.856401549541679
488 0.35440142996420787
489 0.5921374479117537
490 0.908759135437176
491 1.5370935088124165
492 1.3683100601973186
493 0.9392760767273179
494 0.6946157443059721
495 0.33453699741179155
496 0.9253355348831771
497 0.8243772614895946
498 0.9768391697495291
499 0.5027304848384686
500 0.9363199521825222
501 0.956823863287944
502 2.1036888649163914
503 1.4363737629147355
504 1.7385420316671065
505 0.16653455483680346
506 0.6239890220081266
507 2.4298831017460536
508 1.8551193351953457
509 0.6136696483505301
510 0.4762382439769711
511 1.2446891567323324
512 0.899171139911972
513 1.0648214276077677
514 1.0909285504428345
515 2.3709036627236664
516 0.5363083318696418
517 0.1582245781186409
518 0.7538571543855559
519 1.7239615033925588
520 0.9005627321960155
521 0.9366371210270812
522 0.7862944868091368
523 0.5544893999093786
524 1.089552928230728
525 2.287894669783145
526 1.6647393965068238
527 0.7892035395060734
528 0.9284984652128025
529 0.8983993481859142
530 0.9290355785770645
531 0.973765521788012
532 1.0063336334038266
533 1.1144572909800805
534 0.6060447367110556
535 0.6585098433499526
536 4.920168592689388
537 1.073673921493283
538 0.8295233708530051
539 1.7117411550640607
540 1.102322753934069
541 0.9164272968261451
542 0.9810520935887285
543 2.2151432554750774
544 1.0165637386687694
545 0.8133625640985422
546 0.7803373966398529
547 0.7983971698347335
548 1.5108488408262106
549 1.55999095970279
550 0.9707785130185335
551 1.0087733431364783
552 0.8224157289500291
553 3.215857626184588
554 0.6130281651533687
555 0.8119230308373644
556 1.7691255114776119
557 2.443078084546276
558 1.4807883524834897
559 0.5969460421401835
560 1.2316226832973702
561 0.6770748191811626
562 2.1790856841763997
563 1.9611551836704937
564 1.9957684311571597
565 1.431538746452022
566 0.7492398114860328
567 0.9342957238741063
568 1.0748977690608859
569 1.1013918239825888
570 0.43842239071159106
571 0.7896373200933171
572 1.2849702389397173
573 0.7193682257560302
574 1.3531410224095615
575 0.9792919599436514
576 1.2399938744153476
577 0.974670257616813
578 1.6936888052142127
579 0.9172450130969307
580 1.272242394491872
581 0.9880596056093294
582 0.870389819217492
583 1.4260931344408383
584 0.45589327408486735
585 1.0334357418850009
586 0.8775948641933825
587 1.2073881081008924
588 1.0694992032190929
589 1.022545419432472
590 0.7292333478925553
591 0.7093448499428128
592 0.5533751904030473
593 1.208535712987405
594 1.1246781634717293
595 0.42611288464267094
596 0.3821486743230873
597 1.0128453900933658
598 0.605970052060751
599 0.939553596332246
600 0.9891738210284423
601 1.241804771520375
602 0.784497151559848
603 1.6700956260232431
604 1.0056328286664613
605 0.8598188515880997
606 2.424417517402016
607 0.67685605724951
608 0.751677282732713
609 1.3355283403336236
610 1.174520514858524
611 2.687916029380083
612 0.9576944891122835
613 0.8192865318671471
614 1.8658775389984092
615 1.5281829282210164
616 1.2030097004359017
617 0.7550895243992759
618 0.30434115722955946
619 2.7310642461475445
620 1.880707567301962
621 0.7609636333481709
622 1.256674160504451
623 0.7026512166150386
624 1.8837805847697995
625 0.7278277324327921
626 4.498307328830557
627 2.359492470734971
628 1.2940669657752717
629 0.8169144100175554
630 0.3348693067121931
631 1.1569570138104333
632 1.6313506435359786
633 1.034452858711652
634 0.8988465566426324
635 1.7757950359654449
636 1.1631470394799992
637 0.7265481218698551
638 1.0973743229451978
639 3.057555891292325
640 1.3948174701652944
641 0.5927143785859237
642 1.101868038971035
643 2.3219721492697922
644 0.9607834881888484
645 0.8425581240437894
646 0.9708666650553242
647 0.9071709553392554
648 1.2224364898110922
649 1.3283130276442061
650 0.9645448786862212
651 1.0085082198098543
652 0.8942287356263353
653 0.9739239842904456
654 1.257770892451961
655 1.0014270236936422
656 0.8694469350744475
657 0.4972327785983015
658 0.9258494937780803
659 0.9188021748611667
660 0.4884955747767807
661 1.1778302224509254
662 0.9675217040543853
663 1.2550524370437293
664 1.5745455092697997
665 1.1005054243066748
666 1.8864993566746806
667 0.8633418991661256
668 0.583716398962009
669 1.1141621837468465
670 1.2393977327668642
671 0.9433153808904647
672 1.369684933076546
673 0.8992319708493773
674 1.663019689457026
675 1.0715080032781876
676 2.14061483921854
677 1.1013535491646944
678 2.8840951229543044
679 1.1657970390817618
680 0.27295568159794714
681 1.0773708197038756
682 1.6394926180748575
683 1.2378615503679729
684 0.7491267299000437
685 1.0888031464169934
686 0.990583817938507
