1 0.5939269504682755
2 0.7430130331944441
3 0.32595860733682036
4 3.653282890111808
5 1.928374317886655
6 0.6881911510824965
7 0.7921852194188167
8 1.166694657517403
9 2.8147416876824387
10 1.5243624911930087
11 1.0297431776262314
12 0.7235121368604976
13 0.06621988809859607
14 1.6706710924273063
15 3.8252418985435486
16 0.9192226631339463
17 1.9902801927377285
18 0.2853930648765954
19 1.1465054153476542
20 1.2639479826401339
21 2.262011136262032
22 0.36435461125686386
23 1.023136152077664
24 0.16643745404795865
25 1.0365197351031523
26 1.6378519070267288
27 0.6106943096888187
28 1.0353217130184866
29 1.2473136298069605
30 1.4618714009576959
31 0.4178430065226107
32 1.1223403722496275
33 0.4570264949142614
34 1.1555581624826634
35 1.3974969339797294
36 0.5593800362003818
37 0.9662648821360452
38 0.30930413582600463
39 2.4197319035872527
40 0.3686597258132837
41 0.8628334946104198
42 0.7903886624136632
43 1.1178221874702594
44 1.4469827660175905
45 2.5937561118809356
46 1.2307885511296697
47 0.7303661015301448
48 0.7919406955423519
49 0.8157117518359623
50 0.32617433253935346
51 1.2433191956945415
52 0.8039153776576844
53 0.4635014465848797
54 0.970250816816752
55 0.13154370574896374
56 1.6301428404792464
57 0.7298448504599755
58 1.8227722112511282
59 0.6444836195485107
60 0.9170237677670497
61 1.2146217677287054
62 0.8338769416250409
63 0.7166391575670631
64 0.8077094542252916
65 0.4590366954425971
66 0.9833572099772458
67 0.36363476387337623
68 0.11361250946335787
69 0.9900095834008612
70 0.5831188656383305
71 0.7809953050683043
72 1.051667012873461
73 1.4847485642495795
74 0.9894597267317334
75 0.42039088777763994
76 0.8630997877332095
77 0.7935517903755941
78 0.6540141249375088
79 1.0653724253796257
80 0.7223926600795466
81 1.7334333390379568
82 1.1522226835954177
83 0.8814000050281359
84 0.7768390455869509
85 1.6126746622727304
86 1.0065976104333734
87 1.2587788236748385
88 1.363525172590538
89 0.515536707108645
90 1.101660694771339
91 0.9139305767299084
92 0.7930646757709534
93 1.2229959945511357
94 1.1467434086328452
95 0.8871583986978078
96 1.207816384344013
97 1.4189666917485653
98 0.5323802855968183
99 0.61497564479566
100 1.2942075428303756
101 0.5895836066667194
102 1.0252870805400398
103 0.8292641781307837
104 1.256216078292318
105 1.1886012072663397
106 1.5271224989788925
107 0.8878698725517458
108 2.2949129098838923
109 0.5354835088666345
110 0.8715846007522665
111 1.0498157391344956
112 1.9299060462279074
113 1.3580462980276578
114 1.6619710355245274
115 0.9237561129029056
116 1.0422584182870764
117 0.32210828967237737
118 0.9649078532886864
119 1.0979130906579961
120 1.1808204955056039
121 0.3677062121217128
122 1.1285500114125955
123 1.305546180578705
124 1.8228507639739093
125 1.0547902493146777
126 3.008802397507699
127 0.19358606836611167
128 0.38603333745160234
129 0.9535643690236537
130 0.6143884252500503
131 0.8651147078430461
132 1.4396082100012038
133 1.280549915522874
134 0.8448291672407254
135 0.7657031604819772
136 0.6130318091735287
137 2.854924817419427
138 2.2540279082197863
139 0.6385530896310108
140 0.6399784612291537
141 1.1398400755921416
142 2.2944223082621504
143 1.0277565807665983
144 0.7710812825194857
145 1.0629133310574093
146 1.6865334079773695
147 0.622039515840945
148 2.0398003362810955
149 2.0834790314978306
150 0.850467913014234
151 0.6291517642556776
152 0.8758302507886496
153 2.0876607335935646
154 1.2780763454669581
155 1.0811818432720564
156 0.5150004050195193
157 2.294927510471736
158 1.011804001964208
159 1.1398633363309079
160 1.672091975149125
161 1.0079795777608795
162 0.7085654408764075
163 0.7055861103257787
164 1.8959869999436456
165 1.3750338924116923
166 1.6883218048814481
167 1.2437069198753297
168 0.9682582254046713
169 1.3260816952222332
170 1.8297394591514675
171 1.1361916585512903
172 0.9113858440024476
173 0.7850768637822152
174 1.3476718892394555
175 1.3799170508316212
176 1.0435120154252275
177 0.48025287264997224
178 0.5712410023143766
179 0.45614360169416635
180 0.4553440419274278
181 0.8395611896340349
182 1.1337453031130762
183 1.293511858604391
184 1.016237126359746
185 0.6470180742629907
186 0.9395319491095145
187 1.205861904026355
188 0.8412039444205917
189 1.0191970638752195
190 0.9013634515669904
191 1.4519706275993118
192 0.7044410833902663
193 0.9397183590740186
194 2.3541385418980956
195 1.3645133765324853
196 1.9621715485979432
197 0.5382535284336887
198 0.7361758164758962
199 0.6969967935804438
200 0.08910490312914675
201 2.338264991190226
202 1.6465363191001794
203 0.9440006658452623
204 1.7950575684211951
205 0.5956627552347945
206 0.906158314090674
207 0.7009193486327217
208 0.7632270803264621
209 1.866907250300389
210 1.0332898377778537
211 1.576475755332788
212 0.5864009107916973
213 1.4480658049036281
214 0.6102221779240901
215 0.7177290747456364
216 1.0854384458189958
217 0.38269005249426435
218 1.10641794583213
219 1.3489157772335587
220 0.9838962820627613
221 1.724892114146198
222 0.579078958731451
223 0.01941810328445119
224 0.889953572309771
225 1.0536049614233243
226 1.1064147741188954
227 0.6220917302503628
228 1.1744290810911566
229 1.2932904494031563
230 1.2877664814198602
231 4.904377604098169
232 0.9142291584757896
233 0.5197733241319915
234 0.9967954296162848
235 1.3120765347506806
236 1.602065421108008
237 0.43128275106064784
238 1.3656878243934272
239 0.8378732099704764
240 0.047052696324179424
241 1.0316273524608526
242 0.6596071167148513
243 3.419530679154919
244 1.3046926113673947
245 0.8099003115082067
246 0.4657994436206044
247 0.7655813240729556
248 2.401905680818435
249 1.1109769060992025
250 1.2696318483210212
251 0.7278826389339365
252 1.199168371839252
253 0.9676791552870083
254 0.7506973612689958
255 0.4426816247080558
256 1.2427789775027618
257 0.9571093165222818
258 1.2582640772303058
259 0.7998260628998681
260 1.4165701113587608
261 0.7016773559130719
262 0.650340252086452
263 1.5715643616209598
264 0.7043881735333752
265 1.1052351613717888
266 3.883015033064822
267 1.2894489175127821
268 1.1468451901288097
269 1.2168406922635946
270 0.5173615879682484
271 1.4263815900761327
272 3.293114917753534
273 0.8666224922460841
274 1.3104461346287462
275 1.6069580960127892
276 0.7968973587500902
277 1.2478374935401408
278 0.8036497680996989
279 1.177330434290197
280 0.7693617007065572
281 0.6938798843578048
282 0.48192490774679825
283 1.7343686810571675
284 1.0693124757700312
285 0.7753695151914728
286 0.9277215049357381
287 0.2771183233210605
288 0.7866957968252009
289 2.907254636830088
290 1.010732045110585
291 1.7823701112139183
292 1.7902179075753406
293 0.853991871109905
294 1.5107515494191062
295 1.2866030587089254
296 0.8600722332207235
297 0.36442092639439005
298 2.2128545043043393
299 3.542406738427661
300 1.2509439892188223
301 2.1874783280600774
302 0.5839396045275739
303 0.9892470311257462
304 1.1439554123750915
305 0.7467855867454533
306 0.9306497915926352
307 1.4576972095198983
308 0.40619364872808206
309 1.049093666738692
310 0.894632162167079
311 0.7987242331182869
312 1.213786841286239
313 0.9395879985004745
314 1.5374288633832456
315 1.103637208561014
316 0.8506407205220936
317 1.0644302914350008
318 0.7476118630780907
319 1.0267028195702326
320 1.3155120389197605
321 1.2605409666395262
322 0.5546070731521581
323 0.9919881731897072
324 1.3761262406135273
325 0.7239382445407356
326 0.36752368780742023
327 0.602697190147491
328 0.9995329312741654
329 1.2613202008283768
330 0.9514727134648424
331 0.9798743475184671
332 0.843622335386861
333 1.0965195251011512
334 2.243226697890653
335 0.8667368312423307
336 1.074369672218142
337 0.8860287426809531
338 10.812391271476843
339 0.8510847656361608
340 1.3511083143663847
341 1.5647272367754679
342 1.230284225026942
343 3.81697209500463
344 0.2871772114285326
345 0.5879551549610225
346 1.3241979912225144
347 1.6666869656820074
348 1.322149844594824
349 0.7922453820799411
350 0.642650889663121
351 0.3996414578050911
352 0.7478177589806922
353 1.023363846498592
354 1.9139894349729667
355 0.7585086948112795
356 2.751421082082957
357 0.8543727716874844
358 0.918698967534519
359 1.104301718638064
360 4.4566990783441
361 0.7771608412529565
362 1.1360774729946923
363 0.9661650135090027
364 0.9596502749049473
365 1.7118020852703608
366 0.9932368312682787
367 5.664718307990976
368 1.2609130342159887
369 3.1687450328337805
370 1.8909197624905478
371 1.396190712277128
372 1.3460401427043132
373 0.16547818640311257
374 1.2862000234798545
375 1.1714314836472906
376 0.9507762806182658
377 0.9530678806749747
378 0.752435138680975
379 1.0556246376554927
380 0.9577911561355986
381 3.717910463652691
382 1.7526186132616264
383 0.9539080195546314
384 0.886486813754248
385 3.2785018486154263
386 1.3359857234103085
387 0.9325543076891926
388 1.4406863718641745
389 0.42667420021988195
390 1.0693576043324564
391 0.8151485273853792
392 1.048215018363309
393 0.9961339526299875
394 0.9634930198005183
395 0.7655571187988603
396 1.468541321400956
397 1.503274288455395
398 1.0529014853244005
399 1.31686946678663
400 1.5520394358185352
401 1.1573574824126693
402 1.532300545375065
403 0.9123873748835366
404 0.8855459354414623
405 0.8072955279528994
406 1.3438226253333532
407 1.6629551198127788
408 0.8842720340737237
409 1.3189808912292988
410 6.696868961324484
411 1.3700146051453244
412 1.191212636173922
413 0.8681784014732349
414 1.651128961550566
415 0.33339117316952654
416 0.7941799241451009
417 0.8806152272666489
418 0.8898832158011357
419 1.014540220492484
420 0.7929705131865247
421 1.9059232394192707
422 0.4921590096771383
423 1.552115574774519
424 0.8524255734385223
425 0.2932045717093065
426 1.0294449307379647
427 0.9374434360267434
428 2.308189380052744
429 1.405261370976186
430 1.5119308725340084
431 0.590596030483898
432 1.2421628393007826
433 0.6583338354987098
434 0.5456008766089347
435 2.043695425037514
436 0.677671975029535
437 0.8673632096072382
438 0.2593303828075535
439 0.9145767625230452
440 1.222625014232545
441 0.7631763421207536
442 0.6105548527505977
443 1.1042249105226376
444 1.1180363390071266
445 0.8479235302259533
446 1.4238822612814037
447 0.8519253252187283
448 1.2105456257431388
449 0.5203307222790721
450 0.8288235981006882
451 1.165140081576186
452 0.8168106401540418
453 11.561157041893464
454 0.8893647273574798
455 0.5528011937207502
456 1.1210532815582812
457 0.9950643172935282
458 1.0350158961164435
459 0.6818797841218144
460 1.1417017273608336
461 1.1586884347062718
462 0.9051964780068485
463 1.3702970813016913
464 0.9069700836683994
465 1.1852835390445025
466 0.722022240970239
467 0.6779588842671891
468 1.4199825974468239
469 0.9378008713703793
470 1.1888172266029344
471 1.1596363655939324
472 1.548273994679156
473 1.699978931869506
474 0.5966341308928504
475 0.8739804659884399
476 0.34403398070483227
477 0.5664828104119252
478 1.0740221169632975
479 0.9353341700557698
480 0.6599325040464072
481 2.0967499851460802
482 0.7341760719357492
483 1.5212891418009027
484 0.9606397700948565
485 1.201844595521366
486 0.9662613956363338
487 0.8693941730972289
488 1.6106010259092327
489 1.2950269817563362
490 0.6405141665489008
491 0.6884959690566781
492 0.9693824569526536
493 1.915335554051464
494 0.9994412597764345
495 0.8905681162959717
496 0.8879175637402117
497 1.0020359935541785
498 0.8859959929307406
499 1.2984195293820433
500 1.9018752905470604
501 1.0429260479958877
502 0.9763529473304823
503 1.202612121531453
504 0.9772724532230064
505 2.3283247094672297
506 1.1012505431258037
507 0.32699130481181227
508 1.2426298321035967
509 0.9918599267089331
510 0.6418522198870796
511 0.5520459997597085
512 2.1807656742634083
513 0.8489460465301686
514 1.0183675999810036
515 0.9020479407809637
516 1.9470292340261461
517 1.1976396695612408
518 1.9586058035724
519 0.5417302291118128
520 1.1491826403361327
521 1.071978037486154
522 2.41602990469986
523 0.8905249599801865
524 1.0218936988288914
525 0.6541356535597246
526 1.3128971104124987
527 0.9795905698141907
528 0.509817695232597
529 0.8801584567578682
530 1.2372971274271045
531 1.0369667385607497
532 0.5703379299765035
533 0.671240645615908
534 0.3051466031456377
535 1.903451531153541
536 0.4806196994335241
537 0.8880764691316105
538 1.0744242307551195
539 1.0072002025269755
540 1.9425638549679471
541 1.0213772109649977
542 1.0412742215952497
543 0.9892919696175193
544 0.822043772243221
545 0.9849018429652865
546 0.7434746188113295
547 0.4490908772818195
548 0.9516449285905428
549 1.0635595190341633
550 0.6745260436420277
551 1.1308406227008376
552 1.3043860254976982
553 2.1285857041250034
554 1.6620236382898377
555 0.27157336392203335
556 0.9106059483060291
557 1.004764094118562
558 1.098025471428214
559 2.248256184845254
560 0.8206126457415828
561 1.7118318591032624
562 0.9558253585607334
563 0.37193337811623495
564 0.9972937119937832
565 0.8587455882854479
566 0.7583175806003036
567 1.3159240495458213
568 1.0226445914967337
569 0.9382927089288067
570 0.8335486141331048
571 1.5758579562663384
572 0.7561526076866695
573 0.9213123326626125
574 1.2799079260264243
575 1.9107429723059481
576 1.510837336377692
577 1.0398487532781406
578 0.93873534613471
579 1.1342459079741032
580 1.052463349286304
581 1.1586211888893234
582 1.1502519270056215
583 0.3868031745128952
584 0.8578133456534398
585 0.5093717004682876
586 1.3584749301859145
587 0.6225021972660905
588 1.6624212126432585
589 1.633092122030922
590 0.6160250514978542
591 0.4844717217377503
592 1.128704024239251
593 1.1956355553045694
594 1.2000962867851408
595 0.9347637374012254
596 1.7969431048657316
597 0.7530193030167074
598 2.9727616284768232
599 1.248016443880143
600 1.1634807473631765
601 0.6245445553739284
602 0.7762166297997506
603 0.15281192335675017
604 1.4446388415704303
605 1.5222838714076088
606 0.9932853662556074
607 0.7543215707767862
608 0.9083335600758345
609 0.6726962491614324
610 1.0195083562640623
611 1.6381595071119337
612 0.8988076160579116
613 0.33181210267010625
614 0.9153377157986791
615 0.8603901228561193
616 1.1316844851168852
617 1.9274313021144185
618 1.3979519667756002
619 1.0301113572757528
620 1.234706613722636
621 0.5642180132142641
622 0.8089834219121755
623 0.7369357225620305
624 1.9320179040992702
625 0.7460457234472627
626 1.6105201283690314
627 1.08601460431791
628 0.7425866288546392
629 0.4994476223183908
630 0.7064277127193599
631 1.0652185790993023
632 1.02973754204199
633 1.360326167993316
634 0.7792077262269352
635 0.413974037995181
636 0.9933678694224756
637 0.6484219759589527
638 0.4338216539499073
639 1.191462754384589
640 1.153075272309254
641 0.7381923511360488
642 0.9144868773355986
643 0.9127508607399543
644 1.1104007672115852
645 1.0831411450367425
646 3.3011991955394393
647 1.4097161533323117
648 1.317060368875473
649 0.896124746556457
650 0.647036461839343
651 0.16503760907812917
652 1.2142589255152412
653 0.878834616576528
654 1.3611679371187622
655 0.9001777880542698
656 0.9355333437130411
657 0.5482577643554633
658 1.0262673325808775
659 2.8775609923919783
660 0.893141962469495
661 1.815326592566657
662 1.0475020926969434
663 0.8557012626593445
664 0.8215057252160216
665 0.9523932184087078
666 0.6454281855237411
667 1.2595487791618734
668 1.2136104749939207
669 0.5040962060403108
670 0.9323478136332733
671 0.9871830201043527
672 0.7793978655719906
673 1.3522641815814487
674 0.5637280640896121
675 6.397255342864799
676 0.6743457628391031
677 1.0776636068535699
678 0.8325649069931083
679 2.3764974203906832
680 1.1253445980577137
681 1.6772647739305417
682 0.8969758563221821
