1 1.2972667936385616
2 0.3023444199127386
3 0.25686063233397577
4 1.224246180616394
5 1.5381371207451782
6 1.0693309490389649
7 1.8947662550773794
8 0.1579872869402407
9 0.6466480534272618
10 0.8162675272459445
11 0.23589863914961537
12 1.8269426629830654
13 0.03448714652013868
14 1.0968389732186445
15 0.518007607824033
16 0.07971625621507239
17 1.3391062704787107
18 0.6991912009985959
19 0.08194604313731112
20 0.0795740882965824
21 0.25107605422538043
22 0.14459701398301905
23 0.4418925168324628
