1 1.0448065829078992
2 1.2678594844805806
3 1.5529462009184638
4 1.5345081743177447
5 0.3385481042421217
6 1.1768751709036995
7 0.06353841889308288
8 0.23726858301917875
9 0.02768983354124494
10 0.18953062879077806
11 0.330685541859094
12 1.2193233011117977
13 0.8863486234035047
14 0.3625560508763596
15 1.0009821271951278
16 0.48022345770336283
17 1.0371031193420528
18 0.12621886422877085
19 0.6377873001295599
20 1.4534101925432499
21 1.3434213255377332
22 0.3338079042715794
23 0.15874096670382445
24 1.242983572686893
25 1.041064482437594
26 0.308894791694049
27 0.6561950389731195
28 0.35239731338389607
29 0.07456524653533746
30 0.1220134261229777
31 0.6286986479991798
32 0.9400289194958469
33 0.48282572603596463
34 0.7349491413654103
