1 1.0354490552298137
2 0.8298977966610983
3 1.0863591131584815
4 0.427482676592326
5 0.6440572387650314
6 0.1584235063393886
7 0.6188528741128453
8 1.9371328001508168
9 0.9590088271408885
10 0.07609718712719835
11 1.9054187991622984
12 0.6775809223361481
13 0.3839939108521249
14 0.6404174126449331
15 1.3486640886231107
16 0.34874438506518496
17 0.05786587523205437
18 0.05703898353991453
19 1.015739727548304
20 0.22700103315691203
21 0.06002399831023319
22 0.4248113496685828
23 0.18877520633100806
24 0.48299115467265763
25 1.2904622920273336
26 1.557355968357455
27 1.0127824100665248
28 0.1233345727129913
29 0.22381228075613666
30 0.6508922625288948
31 0.11926625157078452
32 0.7680811067047852
33 0.5587360257295593
34 0.1479547111341286
35 0.8090841624711925
36 0.020007455013064127
37 0.452444387367873
38 0.18278846251877734
39 0.7426243738445804
