1 1.0073417441351558
2 0.910533027468652
3 0.294845897361188
4 1.3942242039783996
5 0.1364357086524423
6 2.8597778369400113
7 1.530499385426285
8 2.9690636582353394
9 0.3501429549628199
10 0.16151367026049915
11 1.0465984218744677
12 0.0410729235453879
13 0.605963257829264
14 0.4436481326920599
15 0.20855138622927955
16 0.9636167065959073
17 0.2920857052535832
18 0.8049762502033948
19 1.2357866088468517
20 0.29251765576494154
21 0.00479310470991048
22 1.0819317711842196
23 0.5833455956949982
24 0.4375849205437399
25 1.1716751739192772
26 0.9844974319386876
27 0.9809754016310097
28 0.6438384791507581
29 0.9419794642210094
30 0.3309605238379286
31 0.18139094734033742
32 1.0025487512216391
33 0.4875965517028212
34 0.22464238058170177
35 0.08680849258642684
36 0.013439750511733612
37 0.8933612284004837
38 0.22419596108289536
