1 1.0
2 1.0
3 1.0
4 1.0
5 1.0
6 1.0
7 1.0
8 1.0
9 1.0
10 1.0
11 1.0
12 1.0
13 1.0
14 1.0
15 1.0
16 1.0
17 1.0
18 1.0
19 1.0
20 1.0
21 1.0
22 1.0
23 1.0
24 1.0
25 1.0
26 1.0
27 1.0
28 1.0
29 1.0
30 1.0
31 1.0
32 1.0
33 1.0
34 1.0
35 1.0
36 0.9722222222222222
37 0.9459459459459459
38 0.9473684210526315
39 0.9487179487179487
40 0.95
41 0.9512195121951219
42 0.9523809523809523
43 0.9534883720930233
44 0.9318181818181818
45 0.9333333333333333
46 0.9130434782608695
47 0.9148936170212766
48 0.9166666666666666
49 0.8979591836734694
50 0.9
51 0.8823529411764706
52 0.8846153846153846
53 0.8867924528301887
54 0.8888888888888888
55 0.8909090909090909
56 0.875
57 0.8596491228070176
58 0.8620689655172413
59 0.864406779661017
60 0.8666666666666667
61 0.8688524590163934
62 0.8709677419354839
63 0.873015873015873
64 0.875
65 0.8769230769230769
66 0.8787878787878788
67 0.8656716417910447
68 0.8676470588235294
69 0.855072463768116
70 0.8428571428571429
71 0.8309859154929577
72 0.8194444444444444
73 0.8082191780821918
74 0.7972972972972973
75 0.7866666666666666
76 0.7894736842105263
77 0.7792207792207793
78 0.7692307692307693
79 0.759493670886076
80 0.75
81 0.7407407407407407
82 0.7317073170731707
83 0.7228915662650602
84 0.7142857142857143
85 0.7058823529411765
86 0.6976744186046512
87 0.7011494252873564
