1 1.0
2 1.0
3 1.0
4 1.0
5 1.0
6 1.0
7 1.0
8 1.0
9 1.0
10 1.0
11 1.0
12 1.0
13 1.0
14 1.0
15 1.0
16 1.0
17 1.0
18 1.0
19 1.0
20 1.0
21 0.9523809523809523
22 0.9545454545454546
23 0.9565217391304348
24 0.9583333333333334
25 0.96
26 0.9615384615384616
27 0.9629629629629629
28 0.9642857142857143
29 0.9655172413793104
30 0.9666666666666667
31 0.967741935483871
32 0.96875
33 0.9696969696969697
34 0.9705882352941176
35 0.9714285714285714
36 0.9722222222222222
37 0.972972972972973
38 0.9473684210526315
39 0.9487179487179487
40 0.95
41 0.926829268292683
42 0.9285714285714286
43 0.9302325581395349
44 0.9090909090909091
45 0.9111111111111111
46 0.9130434782608695
47 0.8936170212765957
48 0.8958333333333334
49 0.8979591836734694
50 0.9
51 0.9019607843137255
52 0.9038461538461539
53 0.8867924528301887
54 0.8888888888888888
55 0.8909090909090909
56 0.8928571428571429
57 0.8947368421052632
58 0.896551724137931
59 0.8813559322033898
60 0.8666666666666667
61 0.8524590163934426
62 0.8387096774193549
63 0.8412698412698413
64 0.84375
65 0.8307692307692308
66 0.8181818181818182
67 0.8208955223880597
68 0.8088235294117647
69 0.8115942028985508
