1 1.0
2 1.0
3 1.0
4 1.0
5 1.0
6 1.0
7 1.0
8 1.0
9 1.0
10 1.0
11 1.0
12 1.0
13 1.0
14 1.0
15 1.0
16 1.0
17 1.0
18 1.0
19 1.0
20 1.0
21 1.0
22 1.0
23 1.0
24 1.0
25 1.0
26 1.0
27 1.0
28 1.0
29 1.0
30 1.0
31 1.0
32 1.0
33 1.0
34 1.0
35 1.0
36 1.0
37 1.0
38 1.0
39 1.0
40 1.0
41 1.0
42 1.0
43 0.9767441860465116
44 0.9772727272727273
45 0.9777777777777777
46 0.9782608695652174
47 0.9574468085106383
48 0.9375
49 0.9183673469387755
50 0.9
51 0.9019607843137255
52 0.9038461538461539
53 0.8867924528301887
54 0.8703703703703703
55 0.8727272727272727
56 0.8571428571428571
57 0.8596491228070176
58 0.8620689655172413
59 0.847457627118644
60 0.8333333333333334
61 0.8360655737704918
62 0.8225806451612904
63 0.8095238095238095
64 0.796875
65 0.7846153846153846
66 0.7878787878787878
