1 1.0
2 1.0
3 1.0
4 1.0
5 1.0
6 1.0
7 1.0
8 1.0
9 1.0
10 1.0
11 1.0
12 1.0
13 0.9230769230769231
14 0.9285714285714286
15 0.9333333333333333
16 0.9375
17 0.9411764705882353
18 0.9444444444444444
19 0.9473684210526315
20 0.95
21 0.9523809523809523
22 0.9545454545454546
23 0.9565217391304348
24 0.9583333333333334
25 0.96
26 0.9615384615384616
27 0.9629629629629629
28 0.9642857142857143
29 0.9655172413793104
30 0.9666666666666667
31 0.967741935483871
32 0.96875
33 0.9696969696969697
34 0.9705882352941176
35 0.9714285714285714
36 0.9722222222222222
37 0.972972972972973
38 0.9736842105263158
39 0.9743589743589743
40 0.975
41 0.975609756097561
42 0.9761904761904762
43 0.9767441860465116
44 0.9772727272727273
45 0.9555555555555556
46 0.9565217391304348
47 0.9574468085106383
48 0.9583333333333334
49 0.9387755102040817
50 0.94
51 0.9411764705882353
52 0.9423076923076923
53 0.9245283018867925
54 0.9259259259259259
55 0.9272727272727272
56 0.9285714285714286
57 0.9298245614035088
58 0.9310344827586207
59 0.9322033898305084
60 0.9333333333333333
61 0.9344262295081968
62 0.9354838709677419
63 0.9365079365079365
64 0.9375
65 0.9230769230769231
66 0.9242424242424242
67 0.9104477611940298
68 0.9117647058823529
69 0.9130434782608695
70 0.9142857142857143
71 0.9154929577464789
72 0.9166666666666666
73 0.9178082191780822
74 0.918918918918919
75 0.92
76 0.9078947368421053
77 0.9090909090909091
78 0.8974358974358975
79 0.8860759493670886
80 0.875
81 0.8641975308641975
82 0.8658536585365854
83 0.8674698795180723
84 0.8690476190476191
85 0.8588235294117647
86 0.8488372093023255
87 0.8505747126436781
88 0.8522727272727273
