1 1.0
2 1.0
3 1.0
4 1.0
5 1.0
6 1.0
7 1.0
8 1.0
9 1.0
10 1.0
11 1.0
12 1.0
13 1.0
14 0.9285714285714286
15 0.9333333333333333
16 0.9375
17 0.9411764705882353
18 0.9444444444444444
19 0.9473684210526315
20 0.95
21 0.9523809523809523
22 0.9545454545454546
23 0.9565217391304348
24 0.9583333333333334
25 0.96
26 0.9615384615384616
27 0.9629629629629629
28 0.9642857142857143
29 0.9655172413793104
30 0.9666666666666667
31 0.967741935483871
32 0.96875
33 0.9393939393939394
34 0.9411764705882353
35 0.9142857142857143
36 0.9166666666666666
37 0.918918918918919
38 0.9210526315789473
39 0.9230769230769231
40 0.925
41 0.926829268292683
42 0.9285714285714286
43 0.9302325581395349
44 0.9318181818181818
45 0.9333333333333333
46 0.9130434782608695
47 0.9148936170212766
48 0.8958333333333334
49 0.8775510204081632
50 0.88
51 0.8823529411764706
52 0.8846153846153846
53 0.8679245283018868
54 0.8703703703703703
55 0.8727272727272727
56 0.875
57 0.8596491228070176
58 0.8620689655172413
59 0.864406779661017
60 0.85
61 0.8524590163934426
62 0.8548387096774194
63 0.8412698412698413
64 0.84375
65 0.8307692307692308
66 0.8333333333333334
67 0.8208955223880597
68 0.8088235294117647
69 0.7971014492753623
70 0.7857142857142857
71 0.7746478873239436
72 0.7638888888888888
73 0.7534246575342466
74 0.7432432432432432
75 0.7466666666666667
76 0.75
77 0.7532467532467533
78 0.7564102564102564
79 0.759493670886076
80 0.7625
81 0.7654320987654321
82 0.7682926829268293
83 0.7710843373493976
84 0.7619047619047619
85 0.7529411764705882
86 0.7558139534883721
87 0.7471264367816092
88 0.7386363636363636
89 0.7303370786516854
90 0.7333333333333333
91 0.7252747252747253
92 0.717391304347826
93 0.7204301075268817
94 0.7127659574468085
95 0.7052631578947368
96 0.6979166666666666
97 0.7010309278350515
