1 1.0
2 1.0
3 1.0
4 1.0
5 1.0
6 1.0
7 1.0
8 1.0
9 1.0
10 1.0
11 1.0
12 1.0
13 1.0
14 1.0
15 1.0
16 0.9375
17 0.9411764705882353
18 0.8888888888888888
19 0.8947368421052632
20 0.9
21 0.9047619047619048
22 0.9090909090909091
23 0.9130434782608695
24 0.9166666666666666
25 0.92
26 0.9230769230769231
27 0.9259259259259259
28 0.9285714285714286
29 0.9310344827586207
30 0.9333333333333333
31 0.9354838709677419
32 0.9375
33 0.9393939393939394
34 0.9411764705882353
35 0.9428571428571428
36 0.9444444444444444
37 0.9459459459459459
38 0.9473684210526315
39 0.9230769230769231
40 0.925
41 0.9024390243902439
42 0.9047619047619048
43 0.9069767441860465
44 0.9090909090909091
45 0.9111111111111111
46 0.9130434782608695
47 0.9148936170212766
48 0.9166666666666666
49 0.8979591836734694
50 0.88
51 0.8823529411764706
52 0.8653846153846154
53 0.8490566037735849
54 0.8518518518518519
55 0.8545454545454545
