1 0.0
2 0.5
3 0.6666666666666666
4 0.75
5 0.6
6 0.5
7 0.42857142857142855
8 0.375
9 0.3333333333333333
10 0.3
11 0.2727272727272727
12 0.3333333333333333
13 0.38461538461538464
14 0.42857142857142855
15 0.4666666666666667
16 0.5
17 0.47058823529411764
18 0.4444444444444444
19 0.42105263157894735
20 0.4
21 0.38095238095238093
22 0.36363636363636365
23 0.34782608695652173
24 0.3333333333333333
25 0.32
26 0.34615384615384615
27 0.3333333333333333
28 0.35714285714285715
29 0.3448275862068966
30 0.3333333333333333
31 0.3548387096774194
32 0.34375
33 0.3333333333333333
34 0.3235294117647059
35 0.34285714285714286
36 0.3611111111111111
37 0.3783783783783784
38 0.39473684210526316
39 0.38461538461538464
40 0.375
41 0.36585365853658536
42 0.35714285714285715
43 0.3488372093023256
44 0.36363636363636365
45 0.37777777777777777
46 0.391304347826087
47 0.40425531914893614
48 0.4166666666666667
49 0.40816326530612246
50 0.42
51 0.4117647058823529
52 0.4230769230769231
53 0.4339622641509434
54 0.42592592592592593
55 0.41818181818181815
56 0.4107142857142857
57 0.40350877192982454
58 0.41379310344827586
59 0.423728813559322
60 0.43333333333333335
61 0.4426229508196721
62 0.43548387096774194
63 0.42857142857142855
64 0.421875
65 0.4153846153846154
66 0.42424242424242425
67 0.43283582089552236
68 0.4411764705882353
69 0.43478260869565216
70 0.42857142857142855
71 0.4225352112676056
72 0.4166666666666667
73 0.410958904109589
74 0.40540540540540543
75 0.41333333333333333
76 0.42105263157894735
77 0.4155844155844156
78 0.4230769230769231
79 0.4177215189873418
80 0.4125
81 0.4074074074074074
82 0.4024390243902439
83 0.40963855421686746
84 0.40476190476190477
85 0.4117647058823529
86 0.4069767441860465
87 0.40229885057471265
88 0.4090909090909091
89 0.4044943820224719
90 0.4
91 0.3956043956043956
92 0.391304347826087
93 0.3978494623655914
94 0.39361702127659576
95 0.3894736842105263
96 0.3854166666666667
97 0.38144329896907214
98 0.37755102040816324
99 0.37373737373737376
100 0.38
101 0.37623762376237624
102 0.38235294117647056
103 0.3883495145631068
104 0.38461538461538464
105 0.38095238095238093
106 0.37735849056603776
107 0.37383177570093457
108 0.37037037037037035
109 0.3669724770642202
110 0.36363636363636365
111 0.36036036036036034
112 0.35714285714285715
113 0.36283185840707965
114 0.35964912280701755
115 0.3565217391304348
116 0.35344827586206895
117 0.3504273504273504
118 0.3474576271186441
119 0.3445378151260504
120 0.3416666666666667
121 0.34710743801652894
122 0.3442622950819672
123 0.34146341463414637
124 0.3387096774193548
125 0.336
126 0.3333333333333333
127 0.33070866141732286
128 0.328125
129 0.3333333333333333
130 0.33076923076923076
131 0.33587786259541985
132 0.3333333333333333
133 0.3383458646616541
134 0.3358208955223881
135 0.3333333333333333
136 0.3382352941176471
137 0.34306569343065696
138 0.34782608695652173
139 0.34532374100719426
140 0.34285714285714286
141 0.3475177304964539
142 0.34507042253521125
143 0.34265734265734266
144 0.3402777777777778
145 0.33793103448275863
146 0.3356164383561644
147 0.3333333333333333
148 0.3310810810810811
149 0.3288590604026846
150 0.32666666666666666
151 0.32450331125827814
152 0.32894736842105265
153 0.32679738562091504
154 0.3246753246753247
155 0.3225806451612903
156 0.32051282051282054
157 0.3184713375796178
158 0.31645569620253167
159 0.31446540880503143
160 0.3125
161 0.3105590062111801
162 0.30864197530864196
163 0.3067484662576687
164 0.31097560975609756
165 0.3090909090909091
166 0.3072289156626506
167 0.30538922155688625
168 0.30357142857142855
169 0.30177514792899407
170 0.3
171 0.2982456140350877
172 0.29651162790697677
173 0.2947976878612717
174 0.29310344827586204
175 0.2914285714285714
176 0.2897727272727273
177 0.288135593220339
178 0.28651685393258425
179 0.2849162011173184
180 0.2833333333333333
181 0.281767955801105
182 0.2802197802197802
183 0.2786885245901639
184 0.27717391304347827
185 0.2756756756756757
186 0.27419354838709675
187 0.2727272727272727
188 0.2712765957446808
189 0.2698412698412698
190 0.26842105263157895
191 0.27225130890052357
192 0.2708333333333333
193 0.2694300518134715
194 0.27319587628865977
195 0.2717948717948718
196 0.27040816326530615
197 0.26903553299492383
198 0.2676767676767677
199 0.2663316582914573
200 0.265
201 0.263681592039801
202 0.2623762376237624
203 0.26108374384236455
204 0.25980392156862747
205 0.25853658536585367
206 0.25728155339805825
207 0.2560386473429952
208 0.2548076923076923
209 0.2535885167464115
210 0.2523809523809524
211 0.25118483412322273
212 0.25
213 0.24882629107981222
214 0.2523364485981308
215 0.2558139534883721
216 0.25462962962962965
217 0.2534562211981567
218 0.25229357798165136
219 0.2511415525114155
220 0.2545454545454545
221 0.25339366515837103
222 0.25225225225225223
223 0.25112107623318386
224 0.25
225 0.25333333333333335
226 0.252212389380531
227 0.2511013215859031
228 0.25
229 0.24890829694323144
230 0.24782608695652175
231 0.24675324675324675
232 0.24568965517241378
233 0.2446351931330472
234 0.24358974358974358
235 0.2425531914893617
236 0.24152542372881355
237 0.24050632911392406
238 0.23949579831932774
239 0.2384937238493724
240 0.2375
241 0.23651452282157676
242 0.23553719008264462
243 0.2345679012345679
244 0.2336065573770492
245 0.23265306122448978
246 0.23170731707317074
247 0.23076923076923078
248 0.22983870967741934
249 0.23293172690763053
250 0.232
251 0.23107569721115537
252 0.23015873015873015
253 0.22924901185770752
254 0.2283464566929134
255 0.22745098039215686
256 0.2265625
257 0.22568093385214008
258 0.2248062015503876
259 0.22393822393822393
260 0.2230769230769231
261 0.2222222222222222
262 0.22137404580152673
263 0.22053231939163498
264 0.2196969696969697
265 0.2188679245283019
266 0.21804511278195488
267 0.21722846441947566
268 0.21641791044776118
269 0.21561338289962825
270 0.21481481481481482
271 0.2177121771217712
272 0.21691176470588236
273 0.21611721611721613
274 0.21532846715328466
275 0.21454545454545454
276 0.213768115942029
277 0.21299638989169675
278 0.21223021582733814
279 0.2114695340501792
280 0.21071428571428572
281 0.2099644128113879
282 0.20921985815602837
283 0.20848056537102475
284 0.20774647887323944
285 0.20701754385964913
286 0.2062937062937063
287 0.20557491289198607
288 0.2048611111111111
289 0.2041522491349481
290 0.20344827586206896
291 0.2027491408934708
292 0.20205479452054795
293 0.20477815699658702
294 0.20408163265306123
295 0.2033898305084746
296 0.20270270270270271
297 0.20202020202020202
298 0.20134228187919462
299 0.20066889632107024
300 0.2
301 0.19933554817275748
302 0.1986754966887417
303 0.19801980198019803
304 0.19736842105263158
305 0.19672131147540983
306 0.19607843137254902
307 0.19543973941368079
308 0.19480519480519481
309 0.1941747572815534
310 0.1935483870967742
311 0.19292604501607716
312 0.19230769230769232
313 0.19169329073482427
314 0.1910828025477707
315 0.19047619047619047
316 0.189873417721519
317 0.1892744479495268
318 0.18867924528301888
319 0.18808777429467086
320 0.1875
321 0.18691588785046728
322 0.18633540372670807
323 0.18575851393188855
324 0.18518518518518517
325 0.18461538461538463
326 0.18404907975460122
327 0.1834862385321101
328 0.18292682926829268
329 0.182370820668693
330 0.18181818181818182
331 0.18126888217522658
332 0.18072289156626506
333 0.18018018018018017
334 0.17964071856287425
335 0.1791044776119403
336 0.17857142857142858
337 0.17804154302670624
338 0.17751479289940827
339 0.17699115044247787
340 0.17647058823529413
341 0.17595307917888564
342 0.17543859649122806
343 0.1749271137026239
344 0.1744186046511628
345 0.17391304347826086
346 0.17341040462427745
347 0.1729106628242075
348 0.1724137931034483
349 0.17191977077363896
350 0.17142857142857143
351 0.17094017094017094
352 0.17045454545454544
353 0.16997167138810199
354 0.1694915254237288
355 0.16901408450704225
356 0.16853932584269662
357 0.16806722689075632
358 0.16759776536312848
359 0.1671309192200557
360 0.16666666666666666
361 0.16620498614958448
362 0.16574585635359115
363 0.1652892561983471
364 0.16483516483516483
365 0.1643835616438356
366 0.16393442622950818
367 0.16348773841961853
368 0.16304347826086957
369 0.16260162601626016
370 0.16216216216216217
371 0.16172506738544473
372 0.16129032258064516
373 0.16085790884718498
374 0.16042780748663102
375 0.16
376 0.1595744680851064
377 0.15915119363395225
378 0.15873015873015872
379 0.158311345646438
380 0.15789473684210525
381 0.15748031496062992
382 0.15706806282722513
383 0.1566579634464752
384 0.15625
385 0.15584415584415584
386 0.15544041450777202
387 0.15503875968992248
388 0.15463917525773196
389 0.15424164524421594
390 0.15384615384615385
391 0.1534526854219949
392 0.15306122448979592
393 0.15267175572519084
394 0.15228426395939088
395 0.1518987341772152
396 0.15151515151515152
397 0.15113350125944586
398 0.1507537688442211
399 0.15037593984962405
400 0.15
401 0.14962593516209477
402 0.14925373134328357
403 0.1488833746898263
404 0.1485148514851485
405 0.14814814814814814
406 0.1477832512315271
407 0.14742014742014742
408 0.14705882352941177
409 0.1466992665036675
410 0.14634146341463414
411 0.145985401459854
412 0.14563106796116504
413 0.14527845036319612
414 0.14492753623188406
415 0.14457831325301204
416 0.14423076923076922
417 0.14388489208633093
418 0.14354066985645933
419 0.1431980906921241
420 0.14285714285714285
421 0.14251781472684086
422 0.14218009478672985
423 0.14184397163120568
424 0.14150943396226415
425 0.1411764705882353
426 0.14084507042253522
427 0.1405152224824356
428 0.14018691588785046
429 0.13986013986013987
430 0.13953488372093023
431 0.13921113689095127
432 0.1388888888888889
433 0.13856812933025403
434 0.1382488479262673
435 0.13793103448275862
436 0.13761467889908258
437 0.13729977116704806
438 0.136986301369863
439 0.1366742596810934
440 0.13636363636363635
441 0.1360544217687075
442 0.13574660633484162
443 0.13544018058690746
444 0.13513513513513514
445 0.1348314606741573
446 0.13452914798206278
447 0.1342281879194631
448 0.13392857142857142
449 0.133630289532294
450 0.13333333333333333
451 0.13303769401330376
452 0.13274336283185842
453 0.13245033112582782
454 0.13215859030837004
455 0.13406593406593406
456 0.1337719298245614
457 0.13347921225382933
458 0.1331877729257642
459 0.1328976034858388
460 0.13260869565217392
461 0.13232104121475055
462 0.13203463203463203
463 0.13174946004319654
464 0.1314655172413793
465 0.13118279569892474
466 0.13090128755364808
467 0.13062098501070663
468 0.13034188034188035
469 0.1300639658848614
470 0.12978723404255318
471 0.12951167728237792
472 0.1292372881355932
473 0.12896405919661733
474 0.12869198312236288
475 0.12842105263157894
476 0.12815126050420167
477 0.1278825995807128
478 0.12761506276150628
479 0.12734864300626306
480 0.12708333333333333
481 0.12681912681912683
482 0.12655601659751037
483 0.12629399585921325
484 0.12603305785123967
485 0.12577319587628866
486 0.12551440329218108
487 0.12525667351129363
488 0.125
489 0.12474437627811862
490 0.12448979591836734
491 0.12423625254582485
492 0.12398373983739837
493 0.12373225152129817
494 0.12348178137651822
495 0.12323232323232323
496 0.12298387096774194
497 0.1227364185110664
498 0.12248995983935743
499 0.12224448897795591
500 0.122
501 0.1217564870259481
502 0.12151394422310757
503 0.12127236580516898
504 0.12103174603174603
505 0.12079207920792079
506 0.12055335968379446
507 0.1203155818540434
508 0.12007874015748031
509 0.11984282907662082
510 0.11960784313725491
511 0.11937377690802348
512 0.119140625
513 0.1189083820662768
514 0.11867704280155641
515 0.11844660194174757
516 0.1182170542635659
517 0.11798839458413926
518 0.11776061776061776
519 0.11753371868978806
520 0.11730769230769231
521 0.11708253358925144
522 0.11685823754789272
523 0.11663479923518165
524 0.11641221374045801
525 0.11619047619047619
526 0.11596958174904944
527 0.1157495256166983
528 0.11553030303030302
529 0.11531190926275993
530 0.11509433962264151
531 0.11487758945386065
532 0.11466165413533834
533 0.11444652908067542
534 0.11423220973782772
535 0.11401869158878504
536 0.11380597014925373
537 0.11359404096834265
538 0.11338289962825279
539 0.11317254174397032
540 0.11296296296296296
541 0.11275415896487985
542 0.11254612546125461
543 0.11233885819521179
544 0.11213235294117647
545 0.11192660550458716
546 0.11172161172161173
547 0.11151736745886655
548 0.11131386861313869
549 0.1111111111111111
550 0.11090909090909092
551 0.11070780399274047
552 0.1105072463768116
553 0.11030741410488246
554 0.11010830324909747
555 0.10990990990990991
556 0.10971223021582734
557 0.10951526032315978
558 0.10931899641577061
559 0.10912343470483005
560 0.10892857142857143
561 0.10873440285204991
562 0.10854092526690391
563 0.108348134991119
564 0.10815602836879433
565 0.1079646017699115
566 0.10777385159010601
567 0.10758377425044091
568 0.1073943661971831
569 0.10720562390158173
570 0.10701754385964912
571 0.10683012259194395
572 0.10664335664335664
573 0.10645724258289703
574 0.10627177700348432
575 0.10608695652173913
576 0.10590277777777778
577 0.10571923743500866
578 0.10553633217993079
579 0.10535405872193437
580 0.10517241379310345
581 0.10499139414802065
582 0.10481099656357389
583 0.10463121783876501
584 0.10445205479452055
585 0.10427350427350428
586 0.10409556313993173
587 0.10391822827938671
588 0.10374149659863946
589 0.1035653650254669
590 0.10338983050847457
591 0.10321489001692047
592 0.10304054054054054
593 0.10286677908937605
594 0.1026936026936027
595 0.10252100840336134
596 0.10234899328859061
597 0.10217755443886097
598 0.1020066889632107
599 0.1018363939899833
600 0.10166666666666667
601 0.10149750415973377
602 0.10132890365448505
603 0.1011608623548922
604 0.10099337748344371
605 0.10082644628099173
606 0.10066006600660066
607 0.10049423393739704
608 0.10032894736842106
609 0.10016420361247948
610 0.1
611 0.09983633387888707
612 0.09967320261437909
613 0.09951060358890701
614 0.0993485342019544
615 0.0991869918699187
616 0.09902597402597403
617 0.09886547811993517
618 0.09870550161812297
619 0.09854604200323101
620 0.09838709677419355
621 0.09822866344605476
622 0.09807073954983923
623 0.09791332263242375
624 0.09775641025641026
625 0.0976
626 0.09744408945686901
627 0.09728867623604466
628 0.09872611464968153
629 0.0985691573926868
630 0.09841269841269841
631 0.098256735340729
632 0.0981012658227848
633 0.09794628751974724
634 0.09779179810725552
635 0.09763779527559055
636 0.09748427672955975
637 0.09733124018838304
638 0.09717868338557993
639 0.09702660406885759
640 0.096875
641 0.0967238689547582
642 0.09657320872274143
643 0.09642301710730948
644 0.09627329192546584
645 0.09612403100775194
646 0.09597523219814241
647 0.09582689335394126
648 0.09567901234567901
649 0.09553158705701079
650 0.09538461538461539
651 0.09523809523809523
652 0.0950920245398773
653 0.09494640122511486
654 0.09480122324159021
655 0.09465648854961832
656 0.09451219512195122
657 0.0943683409436834
658 0.09422492401215805
659 0.09408194233687406
660 0.09393939393939393
661 0.09379727685325265
662 0.09365558912386707
663 0.09351432880844646
664 0.09337349397590361
665 0.09323308270676692
666 0.09309309309309309
667 0.09295352323838081
668 0.09281437125748503
669 0.09267563527653214
670 0.09253731343283582
671 0.09239940387481371
672 0.09226190476190477
673 0.09212481426448738
674 0.09198813056379822
675 0.09185185185185185
676 0.09171597633136094
677 0.0915805022156573
678 0.09144542772861357
679 0.09131075110456553
680 0.09117647058823529
681 0.09104258443465492
682 0.09090909090909091
683 0.09077598828696926
684 0.09064327485380116
685 0.0905109489051095
686 0.09037900874635568
687 0.09024745269286755
688 0.09011627906976744
689 0.0899854862119013
690 0.08985507246376812
691 0.08972503617945007
692 0.08959537572254335
693 0.08946608946608947
694 0.0893371757925072
695 0.08920863309352518
696 0.08908045977011494
697 0.08895265423242468
698 0.08882521489971347
699 0.08869814020028613
700 0.08857142857142856
701 0.0884450784593438
702 0.08831908831908832
703 0.08819345661450925
704 0.08806818181818182
705 0.08794326241134752
706 0.08781869688385269
707 0.0876944837340877
708 0.08757062146892655
709 0.08744710860366714
710 0.08732394366197183
711 0.08720112517580872
712 0.08707865168539326
713 0.08695652173913043
714 0.08683473389355742
715 0.08671328671328671
716 0.08659217877094973
717 0.08647140864714087
718 0.08635097493036212
719 0.08623087621696801
720 0.08611111111111111
721 0.08599167822468794
722 0.08587257617728532
723 0.08575380359612725
724 0.0856353591160221
725 0.08551724137931034
726 0.08539944903581267
727 0.08528198074277854
728 0.08516483516483517
729 0.0850480109739369
730 0.08493150684931507
731 0.08481532147742818
732 0.08469945355191257
733 0.08458390177353342
734 0.08446866485013624
735 0.08435374149659863
736 0.08423913043478261
737 0.08412483039348712
738 0.08401084010840108
739 0.08389715832205684
740 0.08378378378378379
741 0.08367071524966262
742 0.08355795148247978
743 0.08344549125168237
744 0.08333333333333333
745 0.08322147651006712
746 0.08310991957104558
747 0.08299866131191433
748 0.08288770053475936
749 0.08277703604806408
750 0.08266666666666667
751 0.08255659121171771
752 0.08244680851063829
753 0.08233731739707835
754 0.08222811671087533
755 0.08211920529801324
756 0.082010582010582
757 0.08190224570673713
758 0.08179419525065963
759 0.08168642951251646
760 0.08157894736842106
761 0.08147174770039421
762 0.08136482939632546
763 0.08125819134993446
764 0.08115183246073299
765 0.08104575163398693
766 0.08093994778067885
767 0.08083441981747067
768 0.08072916666666667
769 0.08062418725617686
770 0.08051948051948052
771 0.08041504539559015
772 0.08031088082901554
773 0.08020698576972833
774 0.08010335917312661
775 0.08
776 0.07989690721649484
777 0.07979407979407979
778 0.07969151670951156
779 0.07958921694480103
780 0.07948717948717948
781 0.0793854033290653
782 0.0792838874680307
783 0.07918263090676884
784 0.07908163265306123
785 0.07898089171974522
786 0.07888040712468193
787 0.07878017789072427
788 0.07868020304568528
789 0.07858048162230671
790 0.07848101265822785
791 0.07838179519595449
792 0.07828282828282829
793 0.07818411097099622
794 0.07808564231738035
795 0.0779874213836478
796 0.07788944723618091
797 0.07779171894604768
798 0.07769423558897243
799 0.07759699624530664
800 0.0775
801 0.07740324594257178
802 0.0773067331670823
803 0.07721046077210461
804 0.07711442786069651
805 0.07701863354037267
806 0.07692307692307693
807 0.0768277571251549
808 0.07673267326732673
809 0.07663782447466007
810 0.07654320987654321
811 0.07644882860665844
812 0.07635467980295567
813 0.07626076260762607
814 0.07616707616707617
815 0.07607361963190185
816 0.07598039215686274
817 0.07588739290085679
818 0.07579462102689487
819 0.0757020757020757
820 0.07560975609756097
821 0.07551766138855055
822 0.07542579075425791
823 0.07533414337788578
824 0.07524271844660194
825 0.07515151515151515
826 0.07506053268765134
827 0.07496977025392987
828 0.0748792270531401
829 0.07478890229191798
830 0.0746987951807229
831 0.07460890493381468
832 0.07451923076923077
833 0.0744297719087635
834 0.07434052757793765
835 0.07425149700598803
836 0.07416267942583732
837 0.07407407407407407
838 0.07398568019093078
839 0.07389749702026222
840 0.07380952380952381
841 0.07372175980975029
842 0.07363420427553444
843 0.07354685646500593
844 0.07345971563981042
845 0.07337278106508875
846 0.07328605200945626
847 0.07319952774498228
848 0.07311320754716981
849 0.07302709069493522
850 0.07294117647058823
851 0.07285546415981199
852 0.07276995305164319
853 0.07268464243845252
854 0.07259953161592506
855 0.07251461988304093
856 0.07242990654205607
857 0.073512252042007
858 0.07342657342657342
859 0.07334109429569266
860 0.07325581395348837
861 0.07317073170731707
862 0.07308584686774942
863 0.07300115874855156
864 0.07291666666666667
865 0.07283236994219654
866 0.07274826789838337
867 0.0726643598615917
868 0.07258064516129033
869 0.07249712313003452
870 0.07241379310344828
871 0.07233065442020666
872 0.07224770642201835
873 0.07216494845360824
874 0.07208237986270023
875 0.072
