1 1.0
2 0.5
3 0.3333333333333333
4 0.5
5 0.6
6 0.5
7 0.5714285714285714
8 0.625
9 0.5555555555555556
10 0.5
11 0.5454545454545454
12 0.5
13 0.46153846153846156
14 0.42857142857142855
15 0.4666666666666667
16 0.4375
17 0.47058823529411764
18 0.5
19 0.47368421052631576
20 0.45
21 0.42857142857142855
22 0.4090909090909091
23 0.43478260869565216
24 0.4166666666666667
25 0.44
26 0.4230769230769231
27 0.4074074074074074
28 0.39285714285714285
29 0.3793103448275862
30 0.36666666666666664
31 0.3548387096774194
32 0.375
33 0.3939393939393939
34 0.38235294117647056
35 0.37142857142857144
36 0.3888888888888889
37 0.40540540540540543
38 0.42105263157894735
39 0.41025641025641024
40 0.4
41 0.3902439024390244
42 0.40476190476190477
43 0.3953488372093023
44 0.38636363636363635
45 0.37777777777777777
46 0.391304347826087
47 0.40425531914893614
48 0.3958333333333333
49 0.40816326530612246
50 0.42
51 0.4117647058823529
52 0.40384615384615385
53 0.41509433962264153
54 0.42592592592592593
55 0.41818181818181815
56 0.4107142857142857
57 0.42105263157894735
58 0.43103448275862066
59 0.423728813559322
60 0.4166666666666667
61 0.4262295081967213
62 0.41935483870967744
63 0.42857142857142855
64 0.4375
65 0.4461538461538462
66 0.45454545454545453
67 0.4626865671641791
68 0.45588235294117646
69 0.463768115942029
70 0.4714285714285714
71 0.4647887323943662
72 0.4583333333333333
73 0.4657534246575342
74 0.4594594594594595
75 0.4533333333333333
76 0.4473684210526316
77 0.44155844155844154
78 0.44871794871794873
79 0.4430379746835443
80 0.4375
81 0.43209876543209874
82 0.4268292682926829
83 0.42168674698795183
84 0.42857142857142855
85 0.43529411764705883
86 0.43023255813953487
87 0.4367816091954023
88 0.4318181818181818
89 0.42696629213483145
90 0.4222222222222222
91 0.4175824175824176
92 0.41304347826086957
93 0.40860215053763443
94 0.40425531914893614
95 0.4
96 0.3958333333333333
97 0.4020618556701031
98 0.40816326530612246
99 0.40404040404040403
100 0.4
101 0.39603960396039606
102 0.39215686274509803
103 0.3883495145631068
104 0.38461538461538464
105 0.38095238095238093
106 0.37735849056603776
107 0.37383177570093457
108 0.37037037037037035
109 0.3669724770642202
110 0.36363636363636365
111 0.36036036036036034
112 0.35714285714285715
113 0.35398230088495575
114 0.3508771929824561
115 0.3565217391304348
116 0.3620689655172414
117 0.358974358974359
118 0.3559322033898305
119 0.35294117647058826
120 0.35
121 0.34710743801652894
122 0.3524590163934426
123 0.34959349593495936
124 0.3467741935483871
125 0.344
126 0.3412698412698413
127 0.33858267716535434
128 0.3359375
129 0.3333333333333333
130 0.33076923076923076
131 0.33587786259541985
132 0.3333333333333333
133 0.3308270676691729
134 0.3283582089552239
135 0.32592592592592595
136 0.3235294117647059
137 0.32116788321167883
138 0.3188405797101449
139 0.3237410071942446
140 0.32142857142857145
141 0.3191489361702128
142 0.31690140845070425
143 0.32167832167832167
144 0.3194444444444444
145 0.31724137931034485
146 0.3150684931506849
147 0.3129251700680272
148 0.3108108108108108
149 0.3087248322147651
150 0.30666666666666664
151 0.304635761589404
152 0.3092105263157895
153 0.30718954248366015
154 0.3051948051948052
155 0.3032258064516129
156 0.30128205128205127
157 0.29936305732484075
158 0.2974683544303797
159 0.29559748427672955
160 0.29375
161 0.2981366459627329
162 0.2962962962962963
163 0.3006134969325153
164 0.29878048780487804
165 0.296969696969697
166 0.29518072289156627
167 0.2934131736526946
168 0.2916666666666667
169 0.28994082840236685
170 0.28823529411764703
171 0.29239766081871343
172 0.29069767441860467
173 0.28901734104046245
174 0.28735632183908044
175 0.2857142857142857
176 0.2840909090909091
177 0.2824858757062147
178 0.2808988764044944
179 0.27932960893854747
180 0.2777777777777778
181 0.27624309392265195
182 0.2802197802197802
183 0.2786885245901639
184 0.27717391304347827
185 0.2756756756756757
186 0.27419354838709675
187 0.2727272727272727
188 0.2712765957446808
189 0.2698412698412698
190 0.26842105263157895
191 0.2670157068062827
192 0.265625
193 0.26424870466321243
194 0.26288659793814434
195 0.26153846153846155
196 0.2602040816326531
197 0.25888324873096447
198 0.25757575757575757
199 0.2562814070351759
200 0.255
201 0.2537313432835821
202 0.2524752475247525
203 0.2512315270935961
204 0.25
205 0.24878048780487805
206 0.24757281553398058
207 0.2463768115942029
208 0.24519230769230768
209 0.24401913875598086
210 0.24285714285714285
211 0.24170616113744076
212 0.24056603773584906
213 0.23943661971830985
214 0.2383177570093458
215 0.2372093023255814
216 0.2361111111111111
217 0.2350230414746544
218 0.23394495412844038
219 0.2328767123287671
220 0.2318181818181818
221 0.23076923076923078
222 0.22972972972972974
223 0.22869955156950672
224 0.22767857142857142
225 0.22666666666666666
226 0.22566371681415928
227 0.22466960352422907
228 0.2236842105263158
229 0.22270742358078602
230 0.2217391304347826
231 0.22077922077922077
232 0.21982758620689655
233 0.21888412017167383
234 0.21794871794871795
235 0.2170212765957447
236 0.21610169491525424
237 0.21518987341772153
238 0.2184873949579832
239 0.2175732217573222
240 0.21666666666666667
241 0.2157676348547718
242 0.21487603305785125
243 0.2139917695473251
244 0.21311475409836064
245 0.21224489795918366
246 0.21138211382113822
247 0.21052631578947367
248 0.20967741935483872
249 0.20883534136546184
250 0.208
251 0.20717131474103587
252 0.20634920634920634
253 0.20553359683794467
254 0.2047244094488189
255 0.20392156862745098
256 0.203125
257 0.20233463035019456
258 0.20155038759689922
259 0.20077220077220076
260 0.2
261 0.20306513409961685
262 0.20229007633587787
263 0.20152091254752852
264 0.20075757575757575
265 0.2
266 0.19924812030075187
267 0.19850187265917604
268 0.19776119402985073
269 0.1970260223048327
270 0.1962962962962963
271 0.19557195571955718
272 0.1948529411764706
273 0.19413919413919414
274 0.19343065693430658
275 0.19272727272727272
276 0.19202898550724637
277 0.19133574007220217
278 0.1906474820143885
279 0.18996415770609318
280 0.18928571428571428
281 0.18861209964412812
282 0.1879432624113475
283 0.1872791519434629
284 0.18661971830985916
285 0.18596491228070175
286 0.1853146853146853
287 0.18466898954703834
288 0.1840277777777778
289 0.18339100346020762
290 0.18275862068965518
291 0.18213058419243985
292 0.1815068493150685
293 0.18088737201365188
294 0.18027210884353742
295 0.17966101694915254
296 0.17905405405405406
297 0.17845117845117844
298 0.17785234899328858
299 0.17725752508361203
300 0.17666666666666667
301 0.1760797342192691
302 0.17549668874172186
303 0.17491749174917492
304 0.17434210526315788
305 0.1737704918032787
306 0.17320261437908496
307 0.17263843648208468
308 0.17207792207792208
309 0.1715210355987055
310 0.17096774193548386
311 0.17041800643086816
312 0.16987179487179488
313 0.16932907348242812
314 0.16878980891719744
315 0.16825396825396827
316 0.16772151898734178
317 0.167192429022082
318 0.16666666666666666
319 0.16614420062695925
320 0.16875
321 0.16822429906542055
322 0.16770186335403728
323 0.16718266253869968
324 0.16666666666666666
325 0.16615384615384615
326 0.1656441717791411
327 0.1651376146788991
328 0.16463414634146342
329 0.1641337386018237
330 0.16363636363636364
331 0.16314199395770393
332 0.16265060240963855
333 0.16216216216216217
334 0.16167664670658682
335 0.16119402985074627
336 0.16071428571428573
337 0.16023738872403562
338 0.15976331360946747
339 0.1592920353982301
340 0.1588235294117647
341 0.15835777126099707
342 0.15789473684210525
343 0.15743440233236153
344 0.1569767441860465
345 0.1565217391304348
346 0.15606936416184972
347 0.15561959654178675
348 0.15517241379310345
349 0.15472779369627507
350 0.15428571428571428
351 0.15384615384615385
352 0.1534090909090909
353 0.1529745042492918
354 0.15254237288135594
355 0.15211267605633802
356 0.15168539325842698
357 0.15126050420168066
358 0.15083798882681565
359 0.15041782729805014
360 0.1527777777777778
361 0.1523545706371191
362 0.15193370165745856
363 0.15151515151515152
364 0.1510989010989011
365 0.1506849315068493
366 0.15027322404371585
367 0.14986376021798364
368 0.14945652173913043
369 0.14905149051490515
370 0.14864864864864866
371 0.14824797843665768
372 0.1478494623655914
373 0.14745308310991956
374 0.14705882352941177
375 0.14666666666666667
