1 1.0
2 0.5
3 0.6666666666666666
4 0.75
5 0.6
6 0.5
7 0.42857142857142855
8 0.375
9 0.3333333333333333
10 0.4
11 0.36363636363636365
12 0.3333333333333333
13 0.3076923076923077
14 0.2857142857142857
15 0.3333333333333333
16 0.375
17 0.4117647058823529
18 0.3888888888888889
19 0.3684210526315789
20 0.35
21 0.3333333333333333
22 0.3181818181818182
23 0.30434782608695654
24 0.2916666666666667
25 0.32
26 0.3076923076923077
27 0.3333333333333333
28 0.32142857142857145
29 0.3103448275862069
30 0.3
31 0.3225806451612903
32 0.3125
33 0.3333333333333333
34 0.35294117647058826
35 0.34285714285714286
36 0.3611111111111111
37 0.3783783783783784
38 0.39473684210526316
39 0.38461538461538464
40 0.4
41 0.3902439024390244
42 0.38095238095238093
43 0.37209302325581395
44 0.36363636363636365
45 0.37777777777777777
46 0.3695652173913043
47 0.3829787234042553
48 0.375
49 0.3673469387755102
50 0.36
51 0.35294117647058826
52 0.34615384615384615
53 0.3584905660377358
54 0.35185185185185186
55 0.36363636363636365
56 0.35714285714285715
57 0.3684210526315789
58 0.3620689655172414
59 0.3559322033898305
60 0.35
61 0.3442622950819672
62 0.3548387096774194
63 0.36507936507936506
64 0.359375
65 0.35384615384615387
66 0.3484848484848485
67 0.34328358208955223
68 0.3382352941176471
69 0.3333333333333333
70 0.32857142857142857
71 0.323943661971831
72 0.3194444444444444
73 0.3150684931506849
74 0.32432432432432434
75 0.3333333333333333
76 0.34210526315789475
77 0.33766233766233766
78 0.3333333333333333
79 0.3291139240506329
80 0.3375
81 0.3333333333333333
82 0.34146341463414637
83 0.3493975903614458
84 0.35714285714285715
85 0.35294117647058826
86 0.3488372093023256
87 0.3448275862068966
88 0.3522727272727273
89 0.34831460674157305
90 0.34444444444444444
91 0.34065934065934067
92 0.34782608695652173
93 0.3548387096774194
94 0.35106382978723405
95 0.35789473684210527
96 0.3541666666666667
97 0.35051546391752575
98 0.3469387755102041
99 0.35353535353535354
100 0.35
101 0.3465346534653465
102 0.35294117647058826
103 0.34951456310679613
104 0.3557692307692308
105 0.3523809523809524
106 0.3584905660377358
107 0.3644859813084112
108 0.3611111111111111
109 0.3669724770642202
110 0.36363636363636365
111 0.36036036036036034
112 0.35714285714285715
113 0.36283185840707965
114 0.35964912280701755
115 0.3565217391304348
116 0.35344827586206895
117 0.3504273504273504
118 0.3559322033898305
119 0.35294117647058826
120 0.35
121 0.34710743801652894
122 0.3442622950819672
123 0.34146341463414637
124 0.3467741935483871
125 0.344
126 0.3412698412698413
127 0.33858267716535434
128 0.3359375
129 0.3333333333333333
130 0.33076923076923076
131 0.33587786259541985
132 0.3333333333333333
133 0.3308270676691729
134 0.3358208955223881
135 0.34074074074074073
136 0.34558823529411764
137 0.34306569343065696
138 0.34057971014492755
139 0.3381294964028777
140 0.3357142857142857
141 0.3333333333333333
142 0.33098591549295775
143 0.32867132867132864
144 0.3263888888888889
145 0.32413793103448274
146 0.3219178082191781
147 0.3197278911564626
148 0.31756756756756754
149 0.3221476510067114
150 0.32666666666666666
151 0.32450331125827814
152 0.3223684210526316
153 0.3202614379084967
154 0.3246753246753247
155 0.3225806451612903
156 0.3269230769230769
157 0.3248407643312102
158 0.3227848101265823
159 0.3270440251572327
160 0.325
161 0.32919254658385094
162 0.3271604938271605
163 0.3312883435582822
164 0.32926829268292684
165 0.3333333333333333
166 0.3313253012048193
167 0.33532934131736525
168 0.3333333333333333
169 0.33136094674556216
170 0.32941176470588235
171 0.3333333333333333
172 0.3313953488372093
173 0.32947976878612717
174 0.3275862068965517
175 0.3314285714285714
176 0.32954545454545453
177 0.327683615819209
178 0.3258426966292135
179 0.3240223463687151
180 0.32222222222222224
181 0.32044198895027626
182 0.31868131868131866
183 0.3224043715846995
184 0.32065217391304346
185 0.31891891891891894
186 0.3225806451612903
187 0.32085561497326204
188 0.3191489361702128
189 0.32275132275132273
190 0.32105263157894737
191 0.3193717277486911
192 0.3177083333333333
193 0.3160621761658031
194 0.31443298969072164
195 0.3128205128205128
196 0.3112244897959184
197 0.3096446700507614
198 0.30808080808080807
199 0.3065326633165829
200 0.305
201 0.3034825870646766
202 0.30198019801980197
203 0.30049261083743845
204 0.30392156862745096
205 0.3024390243902439
206 0.30097087378640774
207 0.30434782608695654
208 0.30288461538461536
209 0.3014354066985646
210 0.3
211 0.2985781990521327
212 0.2971698113207547
213 0.29577464788732394
214 0.29906542056074764
215 0.29767441860465116
216 0.2962962962962963
217 0.29493087557603687
218 0.29357798165137616
219 0.2922374429223744
220 0.29545454545454547
221 0.29411764705882354
222 0.2927927927927928
223 0.2914798206278027
224 0.29017857142857145
225 0.29333333333333333
226 0.2920353982300885
227 0.2907488986784141
228 0.2894736842105263
229 0.28820960698689957
230 0.28695652173913044
231 0.29004329004329005
232 0.28879310344827586
233 0.2875536480686695
234 0.2863247863247863
235 0.2851063829787234
236 0.2838983050847458
237 0.28270042194092826
238 0.2815126050420168
239 0.2803347280334728
240 0.2791666666666667
241 0.27800829875518673
242 0.2768595041322314
243 0.2757201646090535
244 0.27459016393442626
245 0.27346938775510204
246 0.27235772357723576
247 0.27125506072874495
248 0.2701612903225806
249 0.26907630522088355
250 0.268
251 0.26693227091633465
252 0.26587301587301587
253 0.26877470355731226
254 0.2677165354330709
255 0.26666666666666666
256 0.265625
257 0.26459143968871596
258 0.26356589147286824
259 0.2625482625482625
260 0.26153846153846155
261 0.26053639846743293
262 0.2595419847328244
263 0.2585551330798479
264 0.25757575757575757
265 0.25660377358490566
266 0.2556390977443609
267 0.25842696629213485
268 0.2574626865671642
269 0.25650557620817843
270 0.25555555555555554
271 0.25461254612546125
272 0.2536764705882353
273 0.25274725274725274
274 0.2518248175182482
275 0.2509090909090909
276 0.25
277 0.2490974729241877
278 0.24820143884892087
279 0.24731182795698925
280 0.24642857142857144
281 0.24555160142348753
282 0.24468085106382978
283 0.24381625441696114
284 0.24295774647887325
285 0.24210526315789474
286 0.24125874125874125
287 0.24041811846689895
288 0.23958333333333334
289 0.23875432525951557
290 0.23793103448275862
291 0.23711340206185566
292 0.2363013698630137
293 0.2354948805460751
294 0.23469387755102042
295 0.23389830508474577
296 0.23310810810810811
297 0.23232323232323232
298 0.23154362416107382
299 0.23076923076923078
300 0.23
301 0.2292358803986711
302 0.22847682119205298
303 0.22772277227722773
304 0.22697368421052633
305 0.2262295081967213
306 0.22549019607843138
307 0.2247557003257329
308 0.22402597402597402
309 0.22330097087378642
310 0.22258064516129034
311 0.22186495176848875
312 0.22115384615384615
313 0.22044728434504793
314 0.2197452229299363
315 0.21904761904761905
316 0.21835443037974683
317 0.22082018927444794
318 0.22012578616352202
319 0.219435736677116
320 0.21875
321 0.21806853582554517
322 0.21739130434782608
323 0.21671826625386997
324 0.21604938271604937
325 0.2153846153846154
326 0.2147239263803681
327 0.21406727828746178
328 0.21646341463414634
329 0.21580547112462006
330 0.21515151515151515
331 0.21450151057401812
332 0.21385542168674698
333 0.2132132132132132
334 0.2125748502994012
335 0.21194029850746268
336 0.2113095238095238
337 0.21068249258160238
338 0.21005917159763313
339 0.20943952802359883
340 0.2088235294117647
341 0.20821114369501467
342 0.20760233918128654
343 0.20699708454810495
344 0.2063953488372093
345 0.20579710144927535
346 0.20520231213872833
347 0.20461095100864554
348 0.20402298850574713
349 0.2034383954154728
350 0.20285714285714285
351 0.2022792022792023
352 0.20170454545454544
353 0.20113314447592068
354 0.20056497175141244
355 0.2
356 0.199438202247191
357 0.19887955182072828
358 0.19832402234636873
359 0.1977715877437326
360 0.19722222222222222
361 0.19667590027700832
362 0.19613259668508287
363 0.19559228650137742
364 0.19505494505494506
365 0.19452054794520549
366 0.19398907103825136
367 0.19346049046321526
368 0.19293478260869565
369 0.19241192411924118
370 0.1918918918918919
371 0.19137466307277629
372 0.19086021505376344
373 0.1903485254691689
374 0.18983957219251338
375 0.18933333333333333
376 0.18882978723404256
377 0.1883289124668435
378 0.18783068783068782
379 0.18733509234828497
380 0.1868421052631579
381 0.18635170603674542
382 0.18586387434554974
383 0.185378590078329
384 0.18489583333333334
385 0.18441558441558442
386 0.18393782383419688
387 0.1834625322997416
388 0.18298969072164947
389 0.18251928020565553
390 0.18205128205128204
391 0.18414322250639387
392 0.1836734693877551
393 0.183206106870229
394 0.18274111675126903
395 0.18227848101265823
396 0.18181818181818182
397 0.181360201511335
398 0.18090452261306533
399 0.18045112781954886
400 0.18
401 0.17955112219451372
402 0.1791044776119403
403 0.17866004962779156
404 0.1782178217821782
405 0.17777777777777778
406 0.17733990147783252
407 0.1769041769041769
408 0.17647058823529413
409 0.17603911980440098
410 0.17560975609756097
411 0.17518248175182483
412 0.17475728155339806
413 0.17433414043583534
414 0.17391304347826086
415 0.17349397590361446
416 0.17307692307692307
417 0.17266187050359713
418 0.1722488038277512
419 0.1718377088305489
420 0.17142857142857143
421 0.171021377672209
422 0.17061611374407584
423 0.1702127659574468
424 0.16981132075471697
425 0.16941176470588235
426 0.16901408450704225
427 0.1686182669789227
428 0.16822429906542055
429 0.16783216783216784
430 0.16744186046511628
431 0.16705336426914152
432 0.16666666666666666
433 0.16628175519630484
434 0.16589861751152074
435 0.16551724137931034
436 0.1651376146788991
437 0.16475972540045766
438 0.1643835616438356
439 0.16400911161731208
440 0.16363636363636364
441 0.16326530612244897
442 0.16289592760180996
443 0.16252821670428894
444 0.16216216216216217
445 0.16179775280898875
446 0.16143497757847533
447 0.1610738255033557
448 0.16071428571428573
449 0.1603563474387528
450 0.16
451 0.15964523281596452
452 0.1592920353982301
453 0.15894039735099338
454 0.15859030837004406
455 0.15824175824175823
456 0.15789473684210525
457 0.1575492341356674
458 0.1572052401746725
459 0.1568627450980392
460 0.1565217391304348
461 0.1561822125813449
462 0.15584415584415584
463 0.15550755939524838
464 0.15517241379310345
465 0.15698924731182795
466 0.15665236051502146
467 0.15631691648822268
468 0.15598290598290598
469 0.15565031982942432
470 0.15531914893617021
471 0.15498938428874734
472 0.15466101694915255
473 0.1543340380549683
474 0.1540084388185654
475 0.15368421052631578
476 0.15336134453781514
477 0.1530398322851153
478 0.15271966527196654
479 0.1524008350730689
480 0.15208333333333332
481 0.15176715176715178
482 0.15145228215767634
483 0.15113871635610765
484 0.15082644628099173
485 0.15051546391752577
486 0.15020576131687244
487 0.14989733059548255
488 0.14959016393442623
489 0.1492842535787321
490 0.1489795918367347
491 0.14867617107942974
492 0.1483739837398374
493 0.14807302231237324
494 0.14777327935222673
495 0.14747474747474748
496 0.14717741935483872
497 0.14688128772635814
498 0.1465863453815261
499 0.1462925851703407
500 0.146
501 0.14570858283433133
502 0.1454183266932271
503 0.14512922465208747
504 0.14484126984126985
505 0.14455445544554454
506 0.1442687747035573
507 0.14398422090729784
508 0.1437007874015748
509 0.14341846758349705
510 0.14313725490196078
511 0.14285714285714285
512 0.142578125
513 0.14230019493177387
514 0.14202334630350194
515 0.141747572815534
516 0.14147286821705427
517 0.14119922630560927
518 0.14092664092664092
519 0.14065510597302505
520 0.14038461538461539
521 0.1401151631477927
522 0.13984674329501914
523 0.13957934990439771
524 0.13931297709923665
525 0.13904761904761906
526 0.13878326996197718
527 0.13851992409867173
528 0.13825757575757575
529 0.13799621928166353
530 0.13773584905660377
531 0.1374764595103578
532 0.13721804511278196
533 0.13696060037523453
534 0.13670411985018727
535 0.13644859813084112
536 0.13619402985074627
537 0.13594040968342644
538 0.13568773234200743
539 0.13543599257884972
540 0.13518518518518519
541 0.13493530499075784
542 0.13468634686346864
543 0.13443830570902393
544 0.13419117647058823
545 0.13394495412844037
546 0.1336996336996337
547 0.13345521023765997
548 0.1332116788321168
549 0.13296903460837886
550 0.13272727272727272
551 0.132486388384755
552 0.1322463768115942
553 0.13200723327305605
554 0.13176895306859207
555 0.13153153153153152
556 0.13129496402877697
557 0.1310592459605027
558 0.13082437275985664
559 0.13059033989266547
560 0.13035714285714287
561 0.13012477718360071
562 0.1298932384341637
563 0.12966252220248667
564 0.12943262411347517
565 0.12920353982300886
566 0.12897526501766785
567 0.12874779541446207
568 0.12852112676056338
569 0.1282952548330404
570 0.1280701754385965
571 0.12784588441331
572 0.12762237762237763
573 0.1273996509598604
574 0.12717770034843207
575 0.12695652173913044
576 0.1267361111111111
577 0.1265164644714038
578 0.12629757785467127
579 0.12607944732297063
580 0.12586206896551724
581 0.12564543889845095
582 0.1254295532646048
583 0.12521440823327615
584 0.125
585 0.12478632478632479
586 0.12457337883959044
587 0.12436115843270869
588 0.12414965986394558
589 0.12393887945670629
590 0.12372881355932204
591 0.12351945854483926
592 0.12331081081081081
593 0.12310286677908938
594 0.12289562289562289
595 0.1226890756302521
596 0.12248322147651007
597 0.12227805695142378
598 0.12207357859531773
599 0.12186978297161936
600 0.12166666666666667
601 0.12146422628951747
602 0.1212624584717608
603 0.12106135986733002
604 0.12086092715231789
605 0.1206611570247934
606 0.12046204620462046
607 0.12026359143327842
608 0.12006578947368421
609 0.11986863711001643
610 0.11967213114754098
611 0.11947626841243862
612 0.119281045751634
613 0.11908646003262642
614 0.11889250814332247
615 0.11869918699186992
616 0.1185064935064935
617 0.11993517017828201
618 0.11974110032362459
619 0.11954765751211632
620 0.11935483870967742
621 0.11916264090177134
622 0.1189710610932476
623 0.1187800963081862
624 0.11858974358974358
625 0.12
