1 1.0
2 1.0
3 1.0
4 1.0
5 1.0
6 1.0
7 1.0
8 1.0
9 1.0
10 1.0
11 1.0
12 1.0
13 1.0
14 0.9285714285714286
15 0.9333333333333333
16 0.9375
17 0.9411764705882353
18 0.9444444444444444
19 0.9473684210526315
20 0.9
21 0.9047619047619048
22 0.8636363636363636
23 0.8260869565217391
24 0.7916666666666666
25 0.8
26 0.8076923076923077
27 0.8148148148148148
28 0.8214285714285714
29 0.8275862068965517
30 0.8333333333333334
31 0.8387096774193549
32 0.84375
33 0.8484848484848485
34 0.8235294117647058
35 0.8
36 0.8055555555555556
