1 0.0
2 0.5
3 0.6666666666666666
4 0.75
5 0.8
6 0.8333333333333334
7 0.7142857142857143
8 0.75
9 0.7777777777777778
10 0.8
11 0.8181818181818182
12 0.8333333333333334
13 0.8461538461538461
14 0.8571428571428571
15 0.8
16 0.8125
17 0.8235294117647058
18 0.8333333333333334
19 0.8421052631578947
20 0.85
21 0.8095238095238095
22 0.8181818181818182
23 0.8260869565217391
24 0.8333333333333334
25 0.8
26 0.8076923076923077
27 0.8148148148148148
28 0.8214285714285714
29 0.8275862068965517
30 0.8
31 0.7741935483870968
32 0.78125
33 0.7878787878787878
34 0.7941176470588235
