1 1.0
2 1.0
3 1.0
4 1.0
5 1.0
6 1.0
7 1.0
8 1.0
9 1.0
10 1.0
11 1.0
12 1.0
13 1.0
14 1.0
15 1.0
16 1.0
17 1.0
18 1.0
19 1.0
20 1.0
21 1.0
22 1.0
23 1.0
24 1.0
25 1.0
26 0.9615384615384616
27 0.9629629629629629
28 0.9642857142857143
29 0.9655172413793104
30 0.9666666666666667
31 0.967741935483871
32 0.96875
33 0.9696969696969697
34 0.9705882352941176
35 0.9714285714285714
36 0.9444444444444444
37 0.9459459459459459
38 0.9473684210526315
39 0.9230769230769231
40 0.925
41 0.926829268292683
42 0.9285714285714286
43 0.9302325581395349
44 0.9318181818181818
45 0.9333333333333333
46 0.9347826086956522
47 0.9148936170212766
48 0.9166666666666666
49 0.8979591836734694
50 0.9
51 0.9019607843137255
52 0.8846153846153846
53 0.8679245283018868
54 0.8703703703703703
55 0.8727272727272727
56 0.875
57 0.8771929824561403
58 0.8793103448275862
59 0.864406779661017
60 0.8666666666666667
61 0.8688524590163934
62 0.8709677419354839
63 0.873015873015873
64 0.875
65 0.8769230769230769
66 0.8636363636363636
67 0.8656716417910447
68 0.8529411764705882
69 0.855072463768116
70 0.8571428571428571
71 0.8591549295774648
72 0.8611111111111112
73 0.863013698630137
74 0.8513513513513513
75 0.8533333333333334
76 0.8552631578947368
77 0.8571428571428571
78 0.8461538461538461
79 0.8354430379746836
80 0.825
81 0.8271604938271605
82 0.8292682926829268
83 0.8313253012048193
84 0.8333333333333334
85 0.8352941176470589
86 0.8372093023255814
87 0.8275862068965517
88 0.8181818181818182
89 0.8202247191011236
90 0.8222222222222222
91 0.8241758241758241
92 0.8260869565217391
93 0.8172043010752689
94 0.8191489361702128
95 0.8105263157894737
96 0.8125
97 0.8041237113402062
98 0.8061224489795918
99 0.797979797979798
100 0.79
101 0.7920792079207921
102 0.7941176470588235
103 0.7864077669902912
104 0.7884615384615384
105 0.780952380952381
106 0.7830188679245284
107 0.7757009345794392
108 0.7777777777777778
109 0.7798165137614679
110 0.7818181818181819
111 0.7747747747747747
112 0.7767857142857143
113 0.7699115044247787
114 0.7719298245614035
115 0.7652173913043478
116 0.7586206896551724
117 0.7521367521367521
118 0.7457627118644068
119 0.7478991596638656
120 0.7416666666666667
121 0.7355371900826446
122 0.7295081967213115
123 0.7317073170731707
124 0.7258064516129032
125 0.728
126 0.7301587301587301
127 0.7322834645669292
128 0.7265625
129 0.7286821705426356
130 0.7307692307692307
131 0.732824427480916
132 0.7348484848484849
133 0.7368421052631579
134 0.7313432835820896
135 0.725925925925926
136 0.7205882352941176
137 0.7153284671532847
138 0.7101449275362319
139 0.7122302158273381
140 0.7071428571428572
141 0.7092198581560284
142 0.704225352112676
143 0.6993006993006993
144 0.6944444444444444
145 0.6896551724137931
146 0.684931506849315
147 0.6802721088435374
148 0.6756756756756757
149 0.6778523489932886
150 0.6733333333333333
151 0.6688741721854304
152 0.6710526315789473
153 0.6666666666666666
154 0.6688311688311688
155 0.6709677419354839
156 0.6666666666666666
157 0.6624203821656051
158 0.6582278481012658
159 0.6540880503144654
160 0.65
161 0.6459627329192547
162 0.6481481481481481
163 0.6441717791411042
164 0.6463414634146342
165 0.6424242424242425
166 0.6445783132530121
167 0.6407185628742516
168 0.6428571428571429
169 0.6390532544378699
170 0.6352941176470588
171 0.6374269005847953
172 0.6337209302325582
173 0.6358381502890174
174 0.632183908045977
175 0.6285714285714286
176 0.6306818181818182
177 0.6271186440677966
178 0.6292134831460674
179 0.6256983240223464
180 0.6222222222222222
181 0.6187845303867403
182 0.6208791208791209
183 0.6174863387978142
184 0.6195652173913043
185 0.6162162162162163
186 0.6182795698924731
187 0.6203208556149733
188 0.6170212765957447
189 0.6137566137566137
190 0.6157894736842106
191 0.612565445026178
192 0.609375
193 0.6062176165803109
194 0.6082474226804123
195 0.6102564102564103
196 0.6071428571428571
197 0.6091370558375635
198 0.6111111111111112
199 0.6080402010050251
200 0.605
201 0.6019900497512438
202 0.6039603960396039
203 0.6009852216748769
204 0.5980392156862745
205 0.5951219512195122
206 0.5922330097087378
207 0.5942028985507246
208 0.5913461538461539
209 0.5933014354066986
210 0.5952380952380952
211 0.5924170616113744
212 0.5943396226415094
213 0.596244131455399
214 0.5934579439252337
215 0.5906976744186047
216 0.5879629629629629
217 0.5852534562211982
218 0.5871559633027523
219 0.589041095890411
220 0.5909090909090909
221 0.5882352941176471
222 0.5900900900900901
223 0.5874439461883408
224 0.5848214285714286
225 0.5866666666666667
226 0.584070796460177
227 0.5859030837004405
228 0.5833333333333334
229 0.5807860262008734
230 0.5782608695652174
231 0.5757575757575758
232 0.5732758620689655
233 0.5708154506437768
234 0.5683760683760684
235 0.5659574468085107
236 0.5635593220338984
237 0.5611814345991561
238 0.5630252100840336
239 0.5606694560669456
240 0.5625
241 0.5601659751037344
242 0.5578512396694215
243 0.5555555555555556
244 0.5532786885245902
245 0.5510204081632653
246 0.5487804878048781
247 0.5465587044534413
248 0.5443548387096774
249 0.5461847389558233
250 0.548
251 0.545816733067729
252 0.5436507936507936
253 0.5454545454545454
254 0.5433070866141733
255 0.5411764705882353
256 0.54296875
257 0.5447470817120622
258 0.5426356589147286
259 0.5405405405405406
260 0.5384615384615384
261 0.5363984674329502
262 0.5343511450381679
263 0.532319391634981
264 0.5340909090909091
265 0.5320754716981132
266 0.5300751879699248
267 0.5318352059925093
268 0.5298507462686567
269 0.5278810408921933
270 0.5259259259259259
271 0.5239852398523985
272 0.5220588235294118
273 0.5201465201465202
274 0.5182481751824818
275 0.5163636363636364
276 0.5144927536231884
277 0.516245487364621
278 0.5143884892086331
279 0.5125448028673835
280 0.5107142857142857
281 0.5088967971530249
282 0.5070921985815603
283 0.508833922261484
284 0.5070422535211268
285 0.5087719298245614
286 0.506993006993007
287 0.5052264808362369
288 0.5034722222222222
289 0.5017301038062284
290 0.503448275862069
291 0.5051546391752577
292 0.5034246575342466
293 0.5051194539249146
294 0.5034013605442177
295 0.5050847457627119
296 0.5033783783783784
297 0.5016835016835017
298 0.5
299 0.4983277591973244
300 0.49666666666666665
301 0.4950166112956811
302 0.4966887417218543
303 0.49834983498349833
304 0.4967105263157895
305 0.49508196721311476
306 0.4934640522875817
307 0.49185667752442996
308 0.4902597402597403
309 0.4886731391585761
310 0.49032258064516127
311 0.4919614147909968
312 0.49038461538461536
313 0.49201277955271566
314 0.49044585987261147
315 0.4888888888888889
316 0.4873417721518987
317 0.48580441640378547
318 0.48427672955974843
319 0.4827586206896552
320 0.48125
321 0.4797507788161994
322 0.4782608695652174
323 0.47678018575851394
324 0.47530864197530864
325 0.47384615384615386
326 0.4723926380368098
327 0.4709480122324159
328 0.4695121951219512
329 0.46808510638297873
330 0.4666666666666667
331 0.4652567975830816
332 0.463855421686747
333 0.46546546546546547
334 0.46407185628742514
335 0.46567164179104475
336 0.4642857142857143
337 0.4629080118694362
338 0.46153846153846156
339 0.46017699115044247
340 0.4588235294117647
341 0.4574780058651026
342 0.45614035087719296
343 0.45481049562682213
344 0.45348837209302323
345 0.45217391304347826
346 0.4508670520231214
347 0.4495677233429395
348 0.4482758620689655
349 0.4469914040114613
350 0.44571428571428573
351 0.4444444444444444
352 0.4431818181818182
353 0.44192634560906513
354 0.4406779661016949
355 0.4394366197183099
356 0.4410112359550562
357 0.43977591036414565
358 0.43854748603351956
359 0.4373259052924791
360 0.4361111111111111
361 0.43490304709141275
362 0.43646408839779005
363 0.43526170798898073
364 0.4340659340659341
365 0.4328767123287671
366 0.43169398907103823
367 0.4305177111716621
368 0.42934782608695654
369 0.43089430894308944
370 0.4297297297297297
371 0.42857142857142855
372 0.4274193548387097
373 0.4262734584450402
374 0.42513368983957217
375 0.424
376 0.4228723404255319
377 0.4217506631299735
378 0.42063492063492064
379 0.41952506596306066
380 0.41842105263157897
381 0.41732283464566927
382 0.4162303664921466
383 0.4151436031331593
384 0.4140625
385 0.412987012987013
386 0.41450777202072536
387 0.4134366925064599
388 0.41237113402061853
389 0.41131105398457585
390 0.41025641025641024
391 0.4092071611253197
392 0.40816326530612246
393 0.4071246819338422
394 0.40609137055837563
395 0.4050632911392405
396 0.40404040404040403
397 0.40302267002518893
398 0.4020100502512563
399 0.40100250626566414
400 0.4
401 0.4014962593516209
402 0.40049751243781095
403 0.39950372208436724
404 0.39851485148514854
405 0.39753086419753086
406 0.39655172413793105
407 0.39803439803439805
408 0.39705882352941174
409 0.3960880195599022
410 0.3975609756097561
411 0.39659367396593675
412 0.39563106796116504
413 0.39709443099273606
414 0.3961352657004831
415 0.39518072289156625
416 0.39663461538461536
417 0.39568345323741005
418 0.39473684210526316
419 0.3937947494033413
420 0.39285714285714285
421 0.3919239904988123
422 0.3933649289099526
423 0.39243498817966904
424 0.3915094339622642
425 0.3905882352941176
426 0.38967136150234744
427 0.3911007025761124
428 0.3901869158878505
429 0.38927738927738925
430 0.3883720930232558
431 0.3874709976798144
432 0.38657407407407407
433 0.3856812933025404
434 0.3847926267281106
435 0.3839080459770115
436 0.3830275229357798
437 0.38215102974828374
438 0.3812785388127854
439 0.3804100227790433
440 0.3795454545454545
441 0.3786848072562358
442 0.3778280542986425
443 0.37697516930022573
444 0.3783783783783784
445 0.3775280898876405
446 0.37668161434977576
447 0.378076062639821
448 0.37723214285714285
449 0.37639198218262804
450 0.37777777777777777
451 0.376940133037694
452 0.37610619469026546
453 0.37527593818984545
454 0.3744493392070485
455 0.37362637362637363
456 0.37280701754385964
457 0.37199124726477023
458 0.37117903930131
459 0.37037037037037035
460 0.3695652173913043
461 0.368763557483731
462 0.36796536796536794
463 0.367170626349892
464 0.36637931034482757
465 0.36774193548387096
466 0.3669527896995708
467 0.36616702355460384
468 0.36538461538461536
469 0.3646055437100213
470 0.3638297872340426
471 0.3630573248407643
472 0.3622881355932203
473 0.36152219873150104
474 0.36075949367088606
475 0.36
476 0.3592436974789916
477 0.3584905660377358
478 0.3577405857740586
479 0.3569937369519833
480 0.35625
481 0.35550935550935553
482 0.35477178423236516
483 0.35403726708074534
484 0.35330578512396693
485 0.3525773195876289
486 0.35390946502057613
487 0.3531827515400411
488 0.35450819672131145
489 0.3537832310838446
490 0.35306122448979593
491 0.35234215885947046
492 0.3516260162601626
493 0.3509127789046653
494 0.35020242914979755
495 0.34949494949494947
496 0.3487903225806452
497 0.34808853118712274
498 0.3473895582329317
499 0.3466933867735471
500 0.346
501 0.34530938123752497
502 0.34462151394422313
503 0.34393638170974156
504 0.34325396825396826
505 0.3425742574257426
506 0.34189723320158105
507 0.34122287968441817
508 0.3405511811023622
509 0.33988212180746563
510 0.3392156862745098
511 0.3385518590998043
512 0.337890625
513 0.33723196881091616
514 0.33852140077821014
515 0.33980582524271846
516 0.3391472868217054
517 0.33849129593810445
518 0.33976833976833976
519 0.33911368015414256
520 0.3384615384615385
521 0.3397312859884837
522 0.3390804597701149
523 0.3384321223709369
524 0.3377862595419847
525 0.33714285714285713
526 0.3365019011406844
527 0.33586337760910817
528 0.3352272727272727
529 0.33459357277882795
530 0.3339622641509434
531 0.3352165725047081
532 0.33458646616541354
533 0.3339587242026266
534 0.3333333333333333
535 0.33271028037383177
536 0.332089552238806
537 0.33147113594040967
538 0.3308550185873606
539 0.3302411873840445
540 0.3296296296296296
541 0.33086876155268025
542 0.33025830258302585
543 0.3296500920810313
544 0.3290441176470588
545 0.3284403669724771
546 0.32783882783882784
547 0.3272394881170018
548 0.3284671532846715
549 0.32786885245901637
550 0.32727272727272727
551 0.32667876588021777
552 0.32608695652173914
553 0.325497287522604
554 0.3249097472924188
555 0.32432432432432434
556 0.3237410071942446
557 0.3231597845601436
558 0.3225806451612903
559 0.3220035778175313
560 0.32142857142857145
561 0.32085561497326204
562 0.3220640569395018
563 0.32149200710479575
564 0.32092198581560283
565 0.32035398230088497
566 0.3197879858657244
567 0.31922398589065254
568 0.31866197183098594
569 0.3181019332161687
570 0.3175438596491228
571 0.3169877408056042
572 0.31643356643356646
573 0.3158813263525305
574 0.3153310104529617
575 0.3165217391304348
576 0.3159722222222222
577 0.31542461005199307
578 0.314878892733564
579 0.3143350604490501
580 0.31551724137931036
581 0.31497418244406195
582 0.31443298969072164
583 0.3156089193825043
584 0.3150684931506849
585 0.3145299145299145
586 0.31399317406143346
587 0.313458262350937
588 0.3129251700680272
589 0.31239388794567063
590 0.31186440677966104
591 0.311336717428088
592 0.3108108108108108
593 0.3102866779089376
594 0.30976430976430974
595 0.31092436974789917
596 0.3104026845637584
597 0.3098827470686767
598 0.3093645484949833
599 0.3088480801335559
600 0.30833333333333335
601 0.30782029950083195
602 0.3073089700996678
603 0.30845771144278605
604 0.30960264900662254
605 0.3090909090909091
606 0.3085808580858086
607 0.30807248764415157
608 0.30756578947368424
609 0.3070607553366174
610 0.30655737704918035
611 0.3060556464811784
612 0.3055555555555556
613 0.30505709624796085
614 0.30456026058631924
615 0.3040650406504065
616 0.30357142857142855
617 0.30307941653160453
618 0.30258899676375406
619 0.30210016155088854
620 0.3016129032258065
621 0.30112721417069244
622 0.30064308681672025
623 0.3001605136436597
624 0.29967948717948717
625 0.2992
626 0.3003194888178914
627 0.29984051036682613
628 0.29936305732484075
629 0.2988871224165342
630 0.2984126984126984
631 0.2979397781299525
632 0.2974683544303797
633 0.296998420221169
634 0.29652996845425866
635 0.29606299212598425
636 0.29559748427672955
637 0.29513343799058084
638 0.2946708463949843
639 0.2942097026604069
640 0.29375
641 0.29329173166926675
642 0.29283489096573206
643 0.29237947122861585
644 0.2919254658385093
645 0.2930232558139535
646 0.29256965944272445
647 0.2921174652241113
648 0.2916666666666667
649 0.29121725731895226
650 0.2907692307692308
651 0.2903225806451613
652 0.29141104294478526
653 0.29096477794793263
654 0.290519877675841
655 0.2900763358778626
656 0.2896341463414634
657 0.289193302891933
658 0.2887537993920973
659 0.2883156297420334
660 0.2878787878787879
661 0.2874432677760968
662 0.28700906344410876
663 0.2865761689291101
664 0.2876506024096386
665 0.28721804511278193
666 0.28678678678678676
667 0.2863568215892054
668 0.28592814371257486
669 0.28550074738415543
670 0.28507462686567164
671 0.2846497764530551
672 0.28422619047619047
673 0.2838038632986627
674 0.28338278931750743
675 0.28296296296296297
676 0.28254437869822485
677 0.2821270310192024
678 0.28171091445427726
679 0.2812960235640648
680 0.28088235294117647
681 0.28046989720998533
682 0.28005865102639294
683 0.2796486090775988
684 0.27923976608187134
685 0.28029197080291973
686 0.27988338192419826
687 0.2794759825327511
688 0.27906976744186046
689 0.27866473149492016
690 0.2782608695652174
691 0.2778581765557164
692 0.2774566473988439
693 0.27705627705627706
694 0.276657060518732
695 0.2762589928057554
696 0.27586206896551724
697 0.27546628407460544
698 0.27507163323782235
699 0.27467811158798283
700 0.2742857142857143
701 0.2738944365192582
702 0.27492877492877493
703 0.27453769559032715
704 0.2741477272727273
705 0.27375886524822696
706 0.273371104815864
707 0.272984441301273
708 0.2725988700564972
709 0.2736248236953456
710 0.27323943661971833
711 0.27285513361462727
712 0.27247191011235955
713 0.2720897615708275
714 0.27170868347338933
715 0.2727272727272727
716 0.2723463687150838
717 0.2719665271966527
718 0.27158774373259054
719 0.2712100139082058
720 0.2722222222222222
721 0.27184466019417475
722 0.27146814404432135
723 0.2710926694329184
724 0.27071823204419887
725 0.27034482758620687
726 0.2699724517906336
727 0.2696011004126547
728 0.2692307692307692
729 0.26886145404663925
730 0.2684931506849315
731 0.26812585499316005
732 0.2677595628415301
733 0.2673942701227831
734 0.2670299727520436
735 0.26666666666666666
736 0.266304347826087
737 0.26594301221166894
738 0.26558265582655827
739 0.2652232746955345
740 0.2648648648648649
741 0.2658569500674764
742 0.26549865229110514
743 0.2651413189771198
744 0.2647849462365591
745 0.2644295302013423
746 0.2640750670241287
747 0.2637215528781794
748 0.26336898395721925
749 0.2630173564753004
750 0.26266666666666666
751 0.2636484687083888
752 0.2632978723404255
753 0.26294820717131473
754 0.2625994694960212
755 0.26225165562913905
756 0.2619047619047619
757 0.261558784676354
758 0.262532981530343
759 0.2621870882740448
760 0.2618421052631579
761 0.2614980289093298
762 0.26115485564304464
763 0.2608125819134993
764 0.2604712041884817
765 0.2601307189542484
766 0.2597911227154047
767 0.25945241199478486
768 0.2591145833333333
769 0.26007802340702213
770 0.2597402597402597
771 0.2594033722438392
772 0.25906735751295334
773 0.258732212160414
774 0.25839793281653745
775 0.25806451612903225
776 0.25773195876288657
777 0.2574002574002574
778 0.2570694087403599
779 0.25673940949935814
780 0.2564102564102564
781 0.2560819462227913
782 0.2557544757033248
783 0.2554278416347382
784 0.25510204081632654
785 0.25477707006369427
786 0.25572519083969464
787 0.2554002541296061
788 0.2550761421319797
789 0.25475285171102663
790 0.25443037974683547
791 0.25410872313527183
792 0.2537878787878788
793 0.25346784363177804
794 0.2531486146095718
795 0.2528301886792453
796 0.25251256281407036
797 0.2521957340025094
798 0.2518796992481203
799 0.25156445556946183
800 0.25125
801 0.250936329588015
802 0.2506234413965087
803 0.25155666251556663
804 0.2512437810945274
805 0.25093167701863356
806 0.2506203473945409
807 0.2503097893432466
808 0.25123762376237624
809 0.25092707045735474
810 0.2506172839506173
811 0.25030826140567203
812 0.25
813 0.24969249692496925
814 0.2493857493857494
815 0.249079754601227
816 0.24877450980392157
817 0.2484700122399021
818 0.24816625916870416
819 0.2490842490842491
820 0.24878048780487805
821 0.24847746650426308
822 0.24817518248175183
823 0.24787363304981774
824 0.24757281553398058
825 0.24727272727272728
826 0.2469733656174334
827 0.24667472793228537
828 0.2463768115942029
829 0.24607961399276237
830 0.2457831325301205
831 0.24548736462093862
832 0.24519230769230768
833 0.24489795918367346
834 0.2446043165467626
835 0.24431137724550897
836 0.2452153110047847
837 0.24492234169653523
838 0.24463007159904535
839 0.24433849821215733
840 0.24404761904761904
841 0.2437574316290131
842 0.24346793349168647
843 0.2431791221826809
844 0.24289099526066352
845 0.24260355029585798
846 0.24231678486997635
847 0.24203069657615112
848 0.2417452830188679
849 0.2414605418138987
850 0.2411764705882353
851 0.2408930669800235
852 0.24061032863849766
853 0.2403282532239156
854 0.24004683840749413
855 0.23976608187134502
856 0.23948598130841123
857 0.23920653442240372
858 0.23892773892773891
859 0.23864959254947612
860 0.23837209302325582
861 0.23809523809523808
862 0.23781902552204176
863 0.23754345307068367
864 0.23726851851851852
865 0.23699421965317918
866 0.23672055427251731
867 0.2364475201845444
868 0.23617511520737328
869 0.23590333716915995
870 0.23563218390804597
871 0.23536165327210104
872 0.23509174311926606
873 0.23482245131729668
874 0.2345537757437071
875 0.2342857142857143
876 0.23401826484018265
877 0.233751425313569
878 0.23348519362186787
879 0.23321956769055746
880 0.23295454545454544
881 0.23269012485811577
882 0.23242630385487528
883 0.232163080407701
884 0.2319004524886878
885 0.23163841807909605
886 0.23137697516930023
887 0.23111612175873733
888 0.23085585585585586
889 0.23059617547806524
890 0.2303370786516854
891 0.23007856341189675
892 0.22982062780269058
893 0.22956326987681971
894 0.22930648769574943
895 0.23016759776536314
896 0.22991071428571427
897 0.22965440356744704
898 0.23051224944320714
899 0.23025583982202447
900 0.23
901 0.2297447280799112
902 0.229490022172949
903 0.2292358803986711
904 0.22898230088495575
905 0.2287292817679558
906 0.22847682119205298
907 0.22822491730981256
908 0.22797356828193832
909 0.22772277227722773
910 0.22747252747252747
911 0.22722283205268934
912 0.22697368421052633
913 0.2267250821467689
914 0.22647702407002188
915 0.2262295081967213
916 0.2259825327510917
917 0.2257360959651036
918 0.22549019607843138
919 0.2252448313384113
920 0.225
921 0.2247557003257329
922 0.2245119305856833
923 0.22426868905742145
924 0.22402597402597402
925 0.22378378378378377
926 0.22354211663066956
927 0.22330097087378642
928 0.22306034482758622
929 0.2238966630785791
930 0.22365591397849463
931 0.22341568206229862
932 0.22317596566523606
933 0.22293676312968919
934 0.22269807280513917
935 0.22245989304812835
936 0.2222222222222222
937 0.22198505869797225
938 0.22174840085287847
939 0.2215122470713525
940 0.22127659574468084
941 0.22104144527098832
942 0.2208067940552017
943 0.2205726405090138
944 0.22033898305084745
945 0.2201058201058201
946 0.21987315010570824
947 0.21964097148891235
948 0.21940928270042195
949 0.2191780821917808
950 0.21894736842105264
951 0.21976866456361724
952 0.21953781512605042
953 0.2193074501573977
954 0.2190775681341719
955 0.218848167539267
956 0.2186192468619247
957 0.21839080459770116
958 0.21920668058455114
959 0.21897810218978103
960 0.21875
961 0.21852237252861603
962 0.2182952182952183
963 0.21806853582554517
964 0.21784232365145229
965 0.21761658031088082
966 0.21739130434782608
967 0.2171664943123061
968 0.21694214876033058
969 0.21671826625386997
970 0.21649484536082475
971 0.21627188465499486
972 0.21604938271604937
973 0.2158273381294964
974 0.21560574948665298
975 0.2153846153846154
976 0.2151639344262295
977 0.21494370522006143
978 0.2147239263803681
979 0.21450459652706844
980 0.21428571428571427
981 0.21406727828746178
982 0.21384928716904278
983 0.2136317395727365
984 0.21341463414634146
985 0.2131979695431472
986 0.2129817444219067
987 0.2127659574468085
988 0.2125506072874494
989 0.2123356926188069
990 0.21212121212121213
991 0.2119071644803229
992 0.21169354838709678
993 0.21148036253776434
994 0.2112676056338028
995 0.21105527638190955
996 0.21084337349397592
997 0.21063189568706117
998 0.21042084168336672
999 0.21021021021021022
1000 0.21
1001 0.2097902097902098
1002 0.20958083832335328
1003 0.20937188434695914
1004 0.2101593625498008
1005 0.2099502487562189
1006 0.20974155069582506
1007 0.21052631578947367
1008 0.21031746031746032
1009 0.21010901883052527
1010 0.2099009900990099
1011 0.20969337289812068
1012 0.20948616600790515
1013 0.20927936821322804
1014 0.20907297830374755
1015 0.20886699507389161
1016 0.20866141732283464
1017 0.20845624385447395
1018 0.2082514734774067
1019 0.20804710500490678
1020 0.2088235294117647
1021 0.20861900097943192
1022 0.20841487279843443
1023 0.20918866080156404
1024 0.208984375
1025 0.20878048780487804
1026 0.20857699805068225
1027 0.20837390457643623
1028 0.20817120622568094
1029 0.20796890184645286
1030 0.20776699029126214
1031 0.2075654704170708
1032 0.20736434108527133
1033 0.20716360116166505
1034 0.20696324951644102
1035 0.20676328502415459
1036 0.20656370656370657
1037 0.2063645130183221
1038 0.20616570327552985
1039 0.20596727622714148
1040 0.20673076923076922
1041 0.20653218059558118
1042 0.20633397312859886
1043 0.20613614573346117
1044 0.20593869731800765
1045 0.20574162679425836
1046 0.2055449330783939
1047 0.20534861509073543
1048 0.20515267175572519
1049 0.2049571020019066
1050 0.20476190476190476
1051 0.20456707897240722
1052 0.20437262357414449
1053 0.20417853751187084
1054 0.20398481973434535
1055 0.2037914691943128
1056 0.20359848484848486
1057 0.20340586565752128
1058 0.20321361058601134
1059 0.20302171860245516
1060 0.2037735849056604
1061 0.20358152686145145
1062 0.2033898305084746
1063 0.20319849482596425
1064 0.20300751879699247
1065 0.2028169014084507
1066 0.2026266416510319
1067 0.20243673851921273
1068 0.20224719101123595
1069 0.20205799812909261
1070 0.20186915887850468
1071 0.20168067226890757
1072 0.20149253731343283
1073 0.20130475302889095
1074 0.2011173184357542
1075 0.20093023255813955
1076 0.20074349442379183
1077 0.20148560817084493
1078 0.2012987012987013
1079 0.20111214087117701
1080 0.20092592592592592
1081 0.20074005550416282
1082 0.20055452865064696
1083 0.20036934441366575
1084 0.20018450184501846
1085 0.2
1086 0.1998158379373849
1087 0.20055197792088317
1088 0.20036764705882354
1089 0.20110192837465565
1090 0.20091743119266056
1091 0.20073327222731438
1092 0.20146520146520147
1093 0.2012808783165599
1094 0.20109689213893966
1095 0.2009132420091324
1096 0.20072992700729927
1097 0.20054694621695535
1098 0.20036429872495445
1099 0.20018198362147407
1100 0.2
1101 0.19981834695731154
1102 0.1996370235934664
1103 0.19945602901178605
1104 0.19927536231884058
1105 0.19909502262443438
1106 0.19891500904159132
1107 0.1987353206865402
1108 0.19855595667870035
1109 0.1992786293958521
1110 0.1990990990990991
1111 0.19891989198919893
1112 0.19874100719424462
1113 0.1985624438454627
1114 0.19838420107719928
1115 0.19820627802690582
1116 0.19802867383512546
1117 0.19785138764547897
1118 0.19767441860465115
1119 0.19749776586237713
1120 0.1982142857142857
1121 0.19803746654772525
1122 0.19786096256684493
1123 0.19768477292965272
1124 0.19750889679715303
1125 0.19733333333333333
1126 0.19715808170515098
1127 0.19698314108251996
1128 0.19680851063829788
1129 0.1966341895482728
1130 0.19646017699115045
1131 0.1962864721485411
1132 0.19699646643109542
1133 0.1968225948808473
1134 0.1966490299823633
1135 0.19647577092511012
1136 0.19630281690140844
1137 0.1961301671064204
1138 0.19595782073813708
1139 0.19666374012291485
1140 0.19649122807017544
1141 0.19631901840490798
1142 0.19614711033274956
1143 0.19597550306211722
1144 0.1958041958041958
1145 0.19563318777292577
1146 0.19546247818499127
1147 0.1952920662598082
1148 0.1951219512195122
1149 0.19495213228894692
1150 0.19478260869565217
1151 0.19461337966985232
1152 0.1953125
1153 0.19514310494362533
1154 0.1949740034662045
1155 0.19480519480519481
1156 0.19463667820069205
1157 0.1944684528954192
1158 0.19430051813471502
1159 0.19413287316652286
1160 0.1939655172413793
1161 0.1937984496124031
1162 0.193631669535284
1163 0.1934651762682717
1164 0.19329896907216496
1165 0.19313304721030042
1166 0.19296740994854203
1167 0.1928020565552699
1168 0.19263698630136986
1169 0.1924721984602224
1170 0.19230769230769232
1171 0.19214346712211786
1172 0.19197952218430034
1173 0.1918158567774936
1174 0.19165247018739354
1175 0.19148936170212766
1176 0.1913265306122449
1177 0.1911639762107052
1178 0.19100169779286927
1179 0.19083969465648856
1180 0.1906779661016949
1181 0.1905165114309907
1182 0.19035532994923857
1183 0.19019442096365174
1184 0.19003378378378377
1185 0.189873417721519
1186 0.1897133220910624
1187 0.18955349620893008
1188 0.1893939393939394
1189 0.18923465096719932
1190 0.18907563025210083
1191 0.1889168765743073
1192 0.18875838926174496
1193 0.18860016764459347
1194 0.1884422110552764
1195 0.18828451882845187
1196 0.18812709030100336
1197 0.18796992481203006
1198 0.18781302170283806
1199 0.18765638031693077
1200 0.18833333333333332
1201 0.18817651956702747
1202 0.18801996672212978
1203 0.18786367414796343
1204 0.1877076411960133
1205 0.187551867219917
1206 0.18739635157545606
1207 0.1872410936205468
1208 0.1870860927152318
1209 0.1869313482216708
1210 0.18677685950413223
1211 0.18662262592898432
1212 0.18646864686468648
1213 0.1863149216817807
1214 0.18616144975288304
1215 0.1860082304526749
1216 0.18585526315789475
1217 0.18570254724732949
1218 0.18555008210180624
1219 0.18539786710418377
1220 0.18524590163934426
1221 0.1850941850941851
1222 0.18494271685761046
1223 0.1847914963205233
1224 0.184640522875817
1225 0.18448979591836734
1226 0.18433931484502447
1227 0.18418907905460472
1228 0.18403908794788273
1229 0.1838893409275834
1230 0.183739837398374
1231 0.18359057676685622
1232 0.18344155844155843
1233 0.18329278183292783
1234 0.18314424635332252
1235 0.18299595141700406
1236 0.18284789644012944
1237 0.18270008084074374
1238 0.1825525040387722
1239 0.1824051654560129
1240 0.18225806451612903
1241 0.18211120064464142
1242 0.1819645732689211
1243 0.18262268704746581
1244 0.182475884244373
1245 0.1823293172690763
1246 0.18218298555377208
1247 0.18203688853247796
1248 0.18189102564102563
1249 0.18254603682946358
1250 0.1824
1251 0.18225419664268586
1252 0.18210862619808307
1253 0.1819632881085395
1254 0.18181818181818182
1255 0.18167330677290836
1256 0.18152866242038215
1257 0.18138424821002386
1258 0.18124006359300476
1259 0.18109610802223988
1260 0.18095238095238095
1261 0.18160190325138778
1262 0.1814580031695721
1263 0.18131433095803642
1264 0.18117088607594936
1265 0.18102766798418973
1266 0.18088467614533965
1267 0.18074191002367798
1268 0.1805993690851735
1269 0.18045705279747834
1270 0.18031496062992125
1271 0.18017309205350118
1272 0.1800314465408805
1273 0.17989002356637862
1274 0.17974882260596547
1275 0.1796078431372549
1276 0.17946708463949843
1277 0.1793265465935787
1278 0.17918622848200313
1279 0.17904612978889758
1280 0.17890625
1281 0.17876658860265418
1282 0.17862714508580343
1283 0.17848791893998442
1284 0.17834890965732086
1285 0.17821011673151751
1286 0.17884914463452567
1287 0.17871017871017872
1288 0.17857142857142858
1289 0.17843289371605897
1290 0.17829457364341086
1291 0.17815646785437644
1292 0.1780185758513932
1293 0.17788089713843774
1294 0.1777434312210201
1295 0.1776061776061776
1296 0.17746913580246915
1297 0.17733230531996916
1298 0.17719568567026195
1299 0.17705927636643573
1300 0.17692307692307693
1301 0.1767870868562644
1302 0.17665130568356374
1303 0.17651573292402148
1304 0.17638036809815952
1305 0.17624521072796934
1306 0.17611026033690658
1307 0.17597551644988524
1308 0.17584097859327216
1309 0.17570664629488159
1310 0.17557251908396945
1311 0.17543859649122806
1312 0.17530487804878048
1313 0.17517136329017516
1314 0.1750380517503805
1315 0.17490494296577946
1316 0.17477203647416414
1317 0.17539863325740318
1318 0.17526555386949924
1319 0.17513267626990145
1320 0.175
1321 0.17486752460257382
1322 0.17473524962178516
1323 0.1746031746031746
1324 0.17447129909365558
1325 0.17433962264150943
1326 0.17420814479638008
1327 0.17407686510926904
1328 0.17394578313253012
1329 0.17381489841986456
1330 0.1736842105263158
1331 0.17355371900826447
1332 0.17342342342342343
1333 0.17329332333083272
1334 0.17316341829085458
1335 0.17303370786516853
1336 0.17290419161676646
1337 0.17277486910994763
1338 0.1726457399103139
1339 0.17251680358476476
1340 0.17238805970149254
1341 0.17225950782997762
1342 0.1721311475409836
1343 0.1720029784065525
1344 0.171875
1345 0.17174721189591077
1346 0.17161961367013373
1347 0.1714922048997773
1348 0.17136498516320475
1349 0.17123795404002964
1350 0.1711111111111111
1351 0.17098445595854922
1352 0.17159763313609466
1353 0.1714708056171471
1354 0.17134416543574593
1355 0.17121771217712178
1356 0.1710914454277286
1357 0.1709653647752395
1358 0.17083946980854198
1359 0.17071376011773362
1360 0.17058823529411765
1361 0.1704628949301984
1362 0.17033773861967694
1363 0.1702127659574468
1364 0.17008797653958943
1365 0.16996336996336997
1366 0.1698389458272328
1367 0.16971470373079736
1368 0.1695906432748538
1369 0.16946676406135866
1370 0.16934306569343066
1371 0.16921954777534645
1372 0.16909620991253643
1373 0.16897305171158047
1374 0.16885007278020378
1375 0.16872727272727273
1376 0.1686046511627907
1377 0.16848220769789396
1378 0.1683599419448476
1379 0.16823785351704135
1380 0.1681159420289855
1381 0.16799420709630702
1382 0.1678726483357453
1383 0.16775126536514823
1384 0.1676300578034682
1385 0.16750902527075812
1386 0.1673881673881674
1387 0.167267483777938
1388 0.16714697406340057
1389 0.16702663786897048
1390 0.1669064748201439
1391 0.1667864845434939
1392 0.16666666666666666
1393 0.1665470208183776
1394 0.16642754662840745
1395 0.16630824372759856
1396 0.166189111747851
1397 0.16607015032211883
1398 0.1659513590844063
1399 0.1658327376697641
1400 0.1657142857142857
1401 0.1655960028551035
1402 0.16547788873038516
1403 0.16535994297933002
1404 0.16524216524216523
1405 0.16512455516014235
1406 0.16500711237553342
1407 0.1648898365316276
1408 0.16477272727272727
1409 0.1646557842441448
1410 0.16453900709219857
1411 0.16442239546420978
1412 0.1643059490084986
1413 0.16418966737438076
1414 0.16407355021216408
1415 0.16395759717314487
1416 0.1638418079096045
1417 0.16372618207480594
1418 0.16361071932299012
1419 0.1634954193093728
1420 0.16338028169014085
1421 0.16326530612244897
1422 0.1631504922644163
1423 0.16303583977512298
1424 0.16292134831460675
1425 0.16280701754385965
1426 0.16269284712482468
1427 0.16257883672039244
1428 0.16246498599439776
1429 0.16235129461161651
1430 0.16223776223776223
1431 0.16212438853948288
1432 0.16201117318435754
1433 0.16189811584089323
1434 0.16178521617852162
1435 0.1616724738675958
1436 0.1615598885793872
1437 0.16144745998608212
1438 0.16133518776077885
1439 0.16122307157748436
1440 0.16111111111111112
1441 0.16099930603747398
1442 0.1608876560332871
1443 0.16077616077616078
1444 0.16066481994459833
1445 0.16055363321799307
1446 0.16044260027662519
1447 0.1603317208016586
1448 0.16022099447513813
1449 0.1601104209799862
1450 0.16
1451 0.15988973121984837
1452 0.15977961432506887
1453 0.1596696490020647
1454 0.15955983493810177
1455 0.15945017182130583
1456 0.15934065934065933
1457 0.15923129718599863
1458 0.15912208504801098
1459 0.15901302261823166
1460 0.1589041095890411
1461 0.15879534565366188
1462 0.15868673050615595
1463 0.15857826384142173
1464 0.15846994535519127
1465 0.1583617747440273
1466 0.1582537517053206
1467 0.158145875937287
1468 0.15803814713896458
1469 0.15793056501021102
1470 0.15782312925170067
1471 0.15771583956492183
1472 0.15760869565217392
1473 0.15750169721656485
1474 0.15739484396200815
1475 0.15728813559322033
1476 0.15718157181571815
1477 0.15707515233581584
1478 0.15696887686062247
1479 0.1568627450980392
1480 0.15675675675675677
1481 0.15665091154625252
1482 0.15654520917678813
1483 0.1564396493594066
1484 0.15633423180592992
1485 0.15622895622895622
1486 0.15612382234185734
1487 0.15601882985877605
1488 0.15591397849462366
1489 0.15580926796507724
1490 0.15570469798657718
1491 0.15560026827632462
1492 0.1554959785522788
1493 0.15539182853315472
1494 0.15528781793842034
1495 0.1551839464882943
1496 0.15508021390374332
1497 0.15497661990647962
1498 0.15554072096128171
1499 0.15543695797198132
1500 0.15533333333333332
1501 0.1552298467688208
1502 0.15512649800266312
1503 0.1550232867598137
1504 0.15492021276595744
1505 0.1548172757475083
1506 0.1547144754316069
1507 0.1552753815527538
1508 0.15517241379310345
1509 0.1550695825049702
1510 0.15496688741721854
1511 0.15486432825943083
1512 0.15476190476190477
1513 0.15465961665565103
1514 0.154557463672391
1515 0.15445544554455445
1516 0.15435356200527706
1517 0.15425181278839814
1518 0.1541501976284585
1519 0.15404871626069783
1520 0.15394736842105264
1521 0.15384615384615385
1522 0.15374507227332457
1523 0.15364412344057782
1524 0.15354330708661418
1525 0.15344262295081967
1526 0.15334207077326342
1527 0.15324165029469547
1528 0.1531413612565445
1529 0.15304120340091562
1530 0.15294117647058825
1531 0.15284128020901372
1532 0.15274151436031333
1533 0.15264187866927592
1534 0.15254237288135594
1535 0.15309446254071662
1536 0.15299479166666666
1537 0.15289525048796357
1538 0.1527958387516255
1539 0.15269655620532813
1540 0.1525974025974026
1541 0.15249837767683322
1542 0.15239948119325553
1543 0.152300712896954
1544 0.15220207253886012
1545 0.15210355987055016
1546 0.1520051746442432
1547 0.15190691661279895
1548 0.15180878552971577
1549 0.15171078114912848
1550 0.15161290322580645
1551 0.15151515151515152
1552 0.15141752577319587
1553 0.15132002575660014
1554 0.15122265122265122
1555 0.15112540192926044
1556 0.15102827763496143
1557 0.15093127809890816
1558 0.15083440308087293
1559 0.1507376523412444
1560 0.15064102564102563
1561 0.15054452274183217
1562 0.15044814340588988
1563 0.15035188739603328
1564 0.15025575447570333
1565 0.1501597444089457
1566 0.1500638569604087
1567 0.1499680918953414
1568 0.14987244897959184
1569 0.14977692797960485
1570 0.14968152866242038
1571 0.14958625079567156
1572 0.1494910941475827
1573 0.14939605848696758
1574 0.14930114358322744
1575 0.1492063492063492
1576 0.14911167512690354
1577 0.14901712111604312
1578 0.14892268694550062
1579 0.1488283723875871
1580 0.14873417721518986
1581 0.14864010120177104
1582 0.14854614412136535
1583 0.14845230574857865
1584 0.14835858585858586
1585 0.14826498422712933
1586 0.148171500630517
1587 0.14807813484562066
1588 0.14798488664987405
1589 0.14789175582127123
1590 0.14779874213836477
1591 0.147705845380264
1592 0.14761306532663315
1593 0.1475204017576899
1594 0.14742785445420326
1595 0.14733542319749215
1596 0.14724310776942356
1597 0.14715090795241076
1598 0.14705882352941177
1599 0.14696685428392744
1600 0.146875
1601 0.14678326046221113
1602 0.1466916354556804
1603 0.14660012476606363
1604 0.14650872817955113
1605 0.14641744548286603
1606 0.14632627646326277
1607 0.1462352209085252
1608 0.14614427860696516
1609 0.14605344934742076
1610 0.14596273291925466
1611 0.14649286157666047
1612 0.14640198511166252
1613 0.1463112213267204
1614 0.14622057001239158
1615 0.14613003095975233
1616 0.14603960396039603
1617 0.14594928880643165
1618 0.14585908529048208
1619 0.1457689932056825
1620 0.145679012345679
1621 0.14558914250462676
1622 0.14549938347718866
1623 0.14540973505853358
1624 0.14532019704433496
1625 0.14523076923076922
1626 0.14514145141451415
1627 0.1450522433927474
1628 0.14496314496314497
1629 0.14487415592387967
1630 0.14478527607361963
1631 0.14469650521152666
1632 0.14460784313725492
1633 0.14451928965094918
1634 0.14443084455324356
1635 0.14434250764525994
1636 0.14425427872860636
1637 0.14416615760537568
1638 0.14407814407814407
1639 0.14399023794996949
1640 0.14390243902439023
1641 0.14381474710542352
1642 0.14372716199756394
1643 0.1436396835057821
1644 0.1435523114355231
1645 0.14346504559270518
1646 0.1433778857837181
1647 0.143290831815422
1648 0.14320388349514562
1649 0.14311704063068525
1650 0.14303030303030304
1651 0.14294367050272563
1652 0.14285714285714285
1653 0.14277071990320628
1654 0.14268440145102781
1655 0.14259818731117824
1656 0.14251207729468598
1657 0.1424260712130356
1658 0.14234016887816647
1659 0.14225437010247136
1660 0.14216867469879518
1661 0.14208308248043347
1662 0.14199759326113118
1663 0.14191220685508119
1664 0.14182692307692307
1665 0.14174174174174173
1666 0.14165666266506602
1667 0.14157168566286743
1668 0.14148681055155876
1669 0.14140203714799282
1670 0.14131736526946106
1671 0.1412327947336924
1672 0.14114832535885166
1673 0.14106395696353854
1674 0.14097968936678615
1675 0.1408955223880597
1676 0.14081145584725538
1677 0.14072748956469885
1678 0.14064362336114422
1679 0.1405598570577725
1680 0.14047619047619048
1681 0.1403926234384295
1682 0.1403091557669441
1683 0.14022578728461083
1684 0.14014251781472684
1685 0.1400593471810089
1686 0.13997627520759193
1687 0.13989330171902786
1688 0.13981042654028436
1689 0.13972764949674363
1690 0.13964497041420118
1691 0.13956238911886457
1692 0.13947990543735225
1693 0.13939751919669227
1694 0.13931523022432113
1695 0.1392330383480826
1696 0.1391509433962264
1697 0.1390689451974072
1698 0.13898704358068315
1699 0.13890523837551502
1700 0.1388235294117647
1701 0.1387419165196943
1702 0.13866039952996476
1703 0.13857897827363477
1704 0.13849765258215962
1705 0.13841642228739004
1706 0.13833528722157093
1707 0.13825424721734036
1708 0.13817330210772832
1709 0.13809245172615564
1710 0.13801169590643275
1711 0.13793103448275862
1712 0.1378504672897196
1713 0.13776999416228838
1714 0.13768961493582263
1715 0.13760932944606413
1716 0.13752913752913754
1717 0.1374490390215492
1718 0.13736903376018628
1719 0.1372891215823153
1720 0.1372093023255814
1721 0.13712957582800697
1722 0.13704994192799072
1723 0.13697040046430645
1724 0.1368909512761021
1725 0.13681159420289854
1726 0.13673232908458866
1727 0.13665315576143602
1728 0.13657407407407407
1729 0.13649508386350492
1730 0.13641618497109825
1731 0.1363373772385904
1732 0.13625866050808313
1733 0.1361800346220427
1734 0.13610149942329874
1735 0.13602305475504323
1736 0.1359447004608295
1737 0.1358664363845711
1738 0.13578826237054084
1739 0.13571017826336976
1740 0.135632183908046
1741 0.13555427914991383
1742 0.1354764638346728
1743 0.13539873780837636
1744 0.1353211009174312
1745 0.135243553008596
1746 0.13516609392898052
1747 0.13508872352604465
1748 0.13501144164759726
1749 0.1349342481417953
1750 0.13485714285714287
1751 0.13478012564249
1752 0.13470319634703196
1753 0.13462635482030805
1754 0.1345496009122007
1755 0.13447293447293449
1756 0.13439635535307518
1757 0.13431986340352875
1758 0.1342434584755404
1759 0.13416714042069358
1760 0.1340909090909091
1761 0.13401476433844406
1762 0.13393870601589103
1763 0.13386273397617698
1764 0.13378684807256236
1765 0.13371104815864024
1766 0.13363533408833522
1767 0.13355970571590267
1768 0.1334841628959276
1769 0.13340870548332392
1770 0.13333333333333333
1771 0.13325804630152457
1772 0.13318284424379231
1773 0.13310772701635645
1774 0.133032694475761
1775 0.13295774647887323
1776 0.13288288288288289
1777 0.13280810354530106
1778 0.1327334083239595
1779 0.13265879707700956
1780 0.13258426966292136
1781 0.13250982594048288
1782 0.1324354657687991
1783 0.13236118900729107
1784 0.13228699551569506
1785 0.13221288515406163
1786 0.13213885778275475
1787 0.13206491326245104
1788 0.1319910514541387
1789 0.13191727221911684
1790 0.1318435754189944
1791 0.13176996091568957
1792 0.13169642857142858
1793 0.1316229782487451
1794 0.13154960981047936
1795 0.13147632311977717
1796 0.13140311804008908
1797 0.13132999443516974
1798 0.13125695216907676
1799 0.1311839911061701
1800 0.13111111111111112
1801 0.13103831204886174
1802 0.1309655937846837
1803 0.1314475873544093
1804 0.13137472283813748
1805 0.13130193905817175
1806 0.13122923588039867
1807 0.13115661317100166
1808 0.13108407079646017
1809 0.1310116086235489
1810 0.130939226519337
1811 0.13086692435118719
1812 0.13079470198675497
1813 0.13072255929398788
1814 0.1306504961411246
1815 0.1305785123966942
1816 0.1305066079295154
1817 0.13043478260869565
1818 0.13036303630363036
1819 0.1302913688840022
1820 0.13021978021978023
1821 0.1301482701812191
1822 0.13062568605927552
1823 0.13055403181568842
1824 0.13048245614035087
1825 0.1304109589041096
1826 0.1303395399780942
1827 0.13026819923371646
1828 0.1301969365426696
1829 0.13012575177692728
1830 0.13005464480874318
1831 0.1299836155106499
1832 0.1299126637554585
1833 0.1298417894162575
1834 0.1297709923664122
1835 0.12970027247956403
1836 0.12962962962962962
1837 0.12955906369080022
1838 0.1294885745375408
1839 0.12941816204458945
1840 0.12934782608695652
1841 0.12927756653992395
1842 0.12920738327904452
1843 0.12913727618014106
1844 0.12906724511930587
1845 0.12899728997289972
1846 0.12892741061755147
1847 0.12885760693015702
1848 0.12878787878787878
1849 0.12871822606814495
1850 0.12864864864864864
1851 0.12857914640734738
1852 0.1285097192224622
1853 0.12844036697247707
1854 0.12837108953613807
1855 0.12830188679245283
1856 0.12823275862068967
1857 0.12816370490037696
1858 0.12809472551130247
1859 0.12802582033351265
1860 0.12795698924731183
1861 0.1278882321332617
1862 0.12781954887218044
1863 0.12775093934514226
1864 0.1276824034334764
1865 0.12761394101876675
1866 0.12754555198285103
1867 0.12747723620782003
1868 0.12740899357601712
1869 0.12734082397003746
1870 0.12727272727272726
1871 0.1272047033671833
1872 0.12713675213675213
1873 0.12706887346502937
1874 0.12700106723585913
1875 0.12693333333333334
1876 0.12686567164179105
1877 0.1267980820458178
1878 0.12673056443024494
1879 0.126663118680149
1880 0.12659574468085105
1881 0.126528442317916
1882 0.12646121147715197
1883 0.12692511949017526
1884 0.12685774946921444
1885 0.12679045092838195
1886 0.12672322375397668
1887 0.1266560678325384
1888 0.12658898305084745
1889 0.12652196929592377
1890 0.12698412698412698
1891 0.12691697514542571
1892 0.12684989429175475
1893 0.12678288431061807
1894 0.12671594508975711
1895 0.1266490765171504
1896 0.12658227848101267
1897 0.1265155508697944
1898 0.12644889357218125
1899 0.1263823064770932
1900 0.12631578947368421
1901 0.1262493424513414
1902 0.12618296529968454
1903 0.1261166579085654
1904 0.12605042016806722
1905 0.12598425196850394
1906 0.1259181532004197
1907 0.12585212375458835
1908 0.12578616352201258
1909 0.12572027239392353
1910 0.1256544502617801
1911 0.12558869701726844
1912 0.12552301255230125
1913 0.12545739675901724
1914 0.12539184952978055
1915 0.12532637075718014
1916 0.12526096033402923
1917 0.12519561815336464
1918 0.1251303441084463
1919 0.12506513809275666
1920 0.125
1921 0.12493492972410203
1922 0.12486992715920915
1923 0.12480499219968799
1924 0.12474012474012475
1925 0.12467532467532468
1926 0.12461059190031153
1927 0.12454592631032693
1928 0.12448132780082988
1929 0.12441679626749612
1930 0.12435233160621761
1931 0.12428793371310203
1932 0.12422360248447205
1933 0.12415933781686497
1934 0.12409513960703206
1935 0.12403100775193798
1936 0.12396694214876033
1937 0.12390294269488901
1938 0.1238390092879257
1939 0.12377514182568335
1940 0.12371134020618557
1941 0.12364760432766615
1942 0.12358393408856849
1943 0.12352032938754504
1944 0.12345679012345678
1945 0.12339331619537275
1946 0.12332990750256938
1947 0.12326656394453005
1948 0.12320328542094455
1949 0.12314007183170857
1950 0.12307692307692308
1951 0.1230138390568939
1952 0.12295081967213115
1953 0.1228878648233487
1954 0.12282497441146366
1955 0.12276214833759591
1956 0.12269938650306748
1957 0.12263668880940215
1958 0.12257405515832483
1959 0.1225114854517611
1960 0.12244897959183673
1961 0.1223865374808771
1962 0.12232415902140673
1963 0.12226184411614875
1964 0.12219959266802444
1965 0.12213740458015267
1966 0.12207527975584945
1967 0.12201321809862735
1968 0.12195121951219512
1969 0.12188928390045708
1970 0.1218274111675127
1971 0.121765601217656
1972 0.12170385395537525
1973 0.12164216928535225
1974 0.12158054711246201
1975 0.12151898734177215
1976 0.1214574898785425
1977 0.12139605462822459
1978 0.12133468149646107
1979 0.1212733703890854
1980 0.12121212121212122
1981 0.12115093387178193
1982 0.12108980827447023
1983 0.12102874432677761
1984 0.12096774193548387
1985 0.12090680100755667
1986 0.12084592145015106
1987 0.12078510317060896
1988 0.12072434607645875
1989 0.12066365007541478
1990 0.12060301507537688
1991 0.12054244098442994
1992 0.12048192771084337
1993 0.12042147516307075
1994 0.12036108324974924
1995 0.12030075187969924
1996 0.12024048096192384
1997 0.12018027040560841
1998 0.12012012012012012
1999 0.12006003001500751
2000 0.12
2001 0.1199400299850075
2002 0.11988011988011989
2003 0.11982026959560658
2004 0.11976047904191617
2005 0.11970074812967581
2006 0.11964107676969092
2007 0.11958146487294469
2008 0.11952191235059761
2009 0.11946241911398706
2010 0.11940298507462686
2011 0.11934361014420686
2012 0.11928429423459244
2013 0.11922503725782414
2014 0.11916583912611718
2015 0.11910669975186104
2016 0.11904761904761904
2017 0.11898859692612791
2018 0.11892963330029732
2019 0.1188707280832095
2020 0.1188118811881188
2021 0.11875309252845126
2022 0.11869436201780416
2023 0.11863568956994562
2024 0.11857707509881422
2025 0.11851851851851852
2026 0.11846001974333663
2027 0.11840157868771584
2028 0.11834319526627218
2029 0.11828486939379004
2030 0.11822660098522167
2031 0.11816838995568685
2032 0.11811023622047244
2033 0.11805213969503198
2034 0.11799410029498525
2035 0.11793611793611794
2036 0.11787819253438114
2037 0.11782032400589101
2038 0.11776251226692837
2039 0.11770475723393821
2040 0.11764705882352941
2041 0.11758941695247428
2042 0.11753183153770813
2043 0.11747430249632893
2044 0.11741682974559686
2045 0.11735941320293398
2046 0.11730205278592376
2047 0.1172447484123107
2048 0.1171875
2049 0.1171303074670571
2050 0.11707317073170732
2051 0.11701608971233544
2052 0.11695906432748537
2053 0.11690209449585971
2054 0.11684518013631938
2055 0.11678832116788321
2056 0.11673151750972763
2057 0.1166747690811862
2058 0.11661807580174927
2059 0.11656143759106362
2060 0.11650485436893204
2061 0.11644832605531295
2062 0.11639185257032007
2063 0.11633543383422201
2064 0.11627906976744186
2065 0.1162227602905569
2066 0.11616650532429816
2067 0.11611030478955008
2068 0.11605415860735009
2069 0.11599806669888835
2070 0.11594202898550725
2071 0.1158860453887011
2072 0.11583011583011583
2073 0.11577424023154848
2074 0.11571841851494696
2075 0.11566265060240964
2076 0.11560693641618497
2077 0.11555127587867116
2078 0.11549566891241578
2079 0.11544011544011544
2080 0.11538461538461539
2081 0.11532916866890917
2082 0.11527377521613832
2083 0.11521843494959194
2084 0.11516314779270634
2085 0.11510791366906475
2086 0.11505273250239693
2087 0.11499760421657883
2088 0.11494252873563218
2089 0.11488750598372427
2090 0.11483253588516747
2091 0.11477761836441894
2092 0.1147227533460803
2093 0.11466794075489728
2094 0.11461318051575932
2095 0.11455847255369929
2096 0.11450381679389313
2097 0.11444921316165951
2098 0.11439466158245949
2099 0.11434016198189614
2100 0.11428571428571428
2101 0.1142313184198001
2102 0.11417697431018078
2103 0.11412268188302425
2104 0.11406844106463879
2105 0.11401425178147269
2106 0.11396011396011396
2107 0.11438063597532036
2108 0.11432637571157495
2109 0.11427216690374585
2110 0.11421800947867299
2111 0.11416390336333491
2112 0.11410984848484848
2113 0.11405584477046853
2114 0.1140018921475875
2115 0.11394799054373522
2116 0.11389413988657845
2117 0.11384034010392065
2118 0.11378659112370161
2119 0.11373289287399717
2120 0.11367924528301887
2121 0.11362564827911363
2122 0.11357210179076344
2123 0.11351860574658502
2124 0.11346516007532957
2125 0.11341176470588235
2126 0.11335841956726246
2127 0.11330512458862248
2128 0.11325187969924812
2129 0.11319868482855801
2130 0.11314553990610329
2131 0.11309244486156735
2132 0.11303939962476547
2133 0.11298640412564463
2134 0.11293345829428304
2135 0.11288056206088994
2136 0.11282771535580524
2137 0.1127749181094993
2138 0.1127221702525725
2139 0.11266947171575503
2140 0.11261682242990655
2141 0.11256422232601589
2142 0.11251167133520075
2143 0.11245916938870743
2144 0.11287313432835822
2145 0.11282051282051282
2146 0.11276794035414725
2147 0.11271541686073591
2148 0.11266294227188083
2149 0.11261051651931131
2150 0.11255813953488372
2151 0.11250581125058112
2152 0.11245353159851301
2153 0.112401300510915
2154 0.11234911792014857
2155 0.1122969837587007
2156 0.11224489795918367
2157 0.11219286045433473
2158 0.11214087117701575
2159 0.11208893006021306
2160 0.11203703703703703
2161 0.11198519204072188
2162 0.11193339500462535
2163 0.11188164586222839
2164 0.11182994454713494
2165 0.1117782909930716
2166 0.11172668513388735
2167 0.1116751269035533
2168 0.11162361623616236
2169 0.111572153065929
2170 0.11152073732718894
2171 0.11146936895439889
2172 0.11141804788213629
2173 0.11136677404509894
2174 0.11131554737810488
2175 0.11126436781609196
2176 0.11121323529411764
2177 0.11116214974735875
2178 0.1111111111111111
2179 0.11106011932078935
2180 0.11100917431192661
2181 0.11095827602017423
2182 0.11090742438130156
2183 0.1108566193311956
2184 0.1108058608058608
2185 0.11075514874141876
2186 0.11070448307410796
2187 0.11065386374028349
2188 0.11060329067641682
2189 0.11055276381909548
2190 0.11050228310502283
2191 0.1104518484710178
2192 0.1104014598540146
2193 0.11035111719106247
2194 0.11030082041932543
2195 0.110250569476082
2196 0.11020036429872496
2197 0.11015020482476104
2198 0.11010009099181074
2199 0.110050022737608
2200 0.11
2201 0.10995002271694684
2202 0.10990009082652134
2203 0.10985020426690877
2204 0.10980036297640654
2205 0.10975056689342404
2206 0.10970081595648232
2207 0.10965111010421387
2208 0.10960144927536232
2209 0.10955183340878226
2210 0.10950226244343891
2211 0.10945273631840796
2212 0.10940325497287523
2213 0.10935381834613647
2214 0.1093044263775971
2215 0.109255079006772
2216 0.1092057761732852
2217 0.10915651781686965
2218 0.109107303877367
2219 0.10905813429472735
2220 0.109009009009009
2221 0.1089599279603782
2222 0.10891089108910891
2223 0.10886189833558255
2224 0.10926258992805755
2225 0.10921348314606742
2226 0.1091644204851752
2227 0.10911540188594522
2228 0.10906642728904847
2229 0.10901749663526245
2230 0.10896860986547086
2231 0.10891976692066338
2232 0.10887096774193548
2233 0.10882221227048813
2234 0.10877350044762757
2235 0.1087248322147651
2236 0.10867620751341682
2237 0.1086276262852034
2238 0.10857908847184987
2239 0.10853059401518535
2240 0.10848214285714286
2241 0.10843373493975904
2242 0.10838537020517396
2243 0.10833704859563086
2244 0.10828877005347594
2245 0.10824053452115813
2246 0.10819234194122886
2247 0.1081441922563418
2248 0.10809608540925267
2249 0.10804802134281903
2250 0.108
2251 0.10795202132385606
2252 0.10790408525754884
2253 0.10785619174434088
2254 0.10780834072759539
2255 0.10776053215077605
2256 0.1077127659574468
2257 0.1076650420912716
2258 0.10761736049601417
2259 0.10756972111553785
2260 0.1075221238938053
2261 0.10747456877487838
2262 0.10742705570291777
2263 0.10737958462218294
2264 0.1073321554770318
2265 0.10728476821192053
2266 0.10723742277140336
2267 0.10719011910013233
2268 0.10714285714285714
2269 0.10709563684442486
2270 0.10704845814977973
2271 0.10700132100396301
2272 0.10695422535211267
2273 0.10690717113946327
2274 0.10686015831134564
2275 0.10681318681318681
2276 0.10676625659050967
2277 0.1067193675889328
2278 0.10667251975417033
2279 0.1066257130320316
2280 0.10657894736842105
2281 0.10653222270933801
2282 0.10648553900087643
2283 0.10643889618922471
2284 0.1063922942206655
2285 0.10634573304157549
2286 0.1062992125984252
2287 0.10625273283777875
2288 0.10620629370629371
2289 0.10615989515072084
2290 0.10611353711790393
2291 0.10606721955477957
2292 0.10602094240837696
2293 0.1059747056258177
2294 0.1059285091543156
2295 0.10588235294117647
2296 0.10583623693379791
2297 0.10579016107966914
2298 0.10574412532637076
2299 0.1056981296215746
2300 0.10565217391304348
2301 0.10560625814863103
2302 0.10556038227628149
2303 0.10551454624402953
2304 0.10546875
2305 0.10542299349240782
2306 0.10537727666955768
2307 0.10533159947984395
2308 0.10528596187175043
2309 0.10524036379385016
2310 0.10519480519480519
2311 0.10514928602336651
2312 0.1051038062283737
2313 0.10505836575875487
2314 0.10501296456352636
2315 0.10496760259179265
2316 0.10492227979274611
2317 0.10487699611566681
2318 0.10483175150992234
2319 0.10478654592496765
2320 0.10474137931034483
2321 0.1046962516156829
2322 0.10465116279069768
2323 0.10460611278519157
2324 0.10456110154905336
2325 0.10451612903225807
2326 0.10447119518486672
2327 0.10442629995702621
2328 0.10438144329896908
2329 0.10433662516101332
2330 0.10429184549356223
2331 0.10424710424710425
2332 0.10420240137221269
2333 0.10415773681954565
2334 0.10411311053984576
2335 0.10406852248394004
2336 0.10402397260273973
2337 0.10397946084724005
2338 0.10393498716852011
2339 0.10389055151774262
2340 0.10384615384615385
2341 0.10380179410508329
2342 0.10375747224594364
2343 0.10371318822023047
2344 0.10366894197952219
2345 0.10405117270788912
2346 0.10400682011935208
2347 0.10396250532594802
2348 0.10391822827938671
2349 0.1038739889314602
2350 0.10382978723404256
2351 0.10378562313908975
2352 0.10374149659863946
2353 0.10369740756481088
2354 0.10365335598980459
2355 0.10360934182590234
2356 0.1035653650254669
2357 0.10352142554094187
2358 0.10347752332485156
2359 0.10343365832980077
2360 0.10338983050847457
2361 0.10334603981363828
2362 0.10330228619813717
2363 0.10325856961489632
2364 0.10321489001692047
2365 0.10317124735729387
2366 0.10312764158918004
2367 0.10308407266582172
2368 0.10304054054054054
2369 0.10299704516673702
2370 0.1029535864978903
2371 0.10291016448755799
2372 0.10286677908937605
2373 0.10282343025705858
2374 0.10278011794439765
2375 0.10273684210526315
2376 0.1026936026936027
2377 0.10265039966344132
2378 0.10260723296888141
2379 0.10256410256410256
2380 0.10252100840336134
2381 0.10247795044099119
2382 0.10243492863140219
2383 0.10239194292908099
2384 0.10234899328859061
2385 0.10230607966457023
2386 0.10226320201173512
2387 0.10222036028487641
2388 0.10217755443886097
2389 0.10213478442863122
2390 0.10209205020920502
2391 0.10204935173567545
2392 0.1020066889632107
2393 0.10196406184705391
2394 0.10192147034252297
2395 0.10187891440501044
2396 0.1018363939899833
2397 0.1017939090529829
2398 0.10175145954962468
2399 0.10170904543559817
2400 0.10166666666666667
2401 0.10162432319866722
2402 0.1015820149875104
2403 0.10153974198918019
2404 0.10149750415973377
2405 0.10145530145530146
2406 0.10141313383208644
2407 0.10137100124636476
2408 0.10132890365448505
2409 0.1012868410128684
2410 0.1012448132780083
2411 0.10120282040647034
2412 0.1011608623548922
2413 0.10111893907998343
2414 0.10107705053852527
2415 0.1010351966873706
2416 0.10099337748344371
2417 0.10095159288374017
2418 0.10090984284532671
2419 0.10086812732534105
2420 0.10082644628099173
2421 0.10078479966955803
2422 0.10074318744838975
2423 0.10070160957490713
2424 0.10066006600660066
2425 0.10061855670103093
2426 0.10057708161582853
2427 0.10053564070869386
2428 0.10049423393739704
2429 0.10045286125977769
2430 0.10041152263374485
2431 0.10037021801727684
2432 0.10032894736842106
2433 0.10028771064529388
2434 0.10024650780608052
2435 0.10020533880903491
2436 0.10016420361247948
2437 0.10012310217480509
2438 0.10008203445447088
2439 0.1000410004100041
2440 0.1
2441 0.09995903318312167
2442 0.09991809991809991
2443 0.09987720016373311
2444 0.09983633387888707
2445 0.09979550102249489
2446 0.09975470155355683
2447 0.09971393543114017
2448 0.09967320261437909
2449 0.09963250306247448
2450 0.09959183673469388
2451 0.09955120359037127
2452 0.09951060358890701
2453 0.09947003668976763
2454 0.09942950285248574
2455 0.09938900203665987
2456 0.0993485342019544
2457 0.0993080993080993
2458 0.09926769731489016
2459 0.09922732818218788
2460 0.0991869918699187
2461 0.09914668833807395
2462 0.09910641754670999
2463 0.09906617945594803
2464 0.09902597402597403
2465 0.09898580121703854
2466 0.0989456609894566
2467 0.09890555330360762
2468 0.09886547811993517
2469 0.09882543539894695
2470 0.09878542510121457
2471 0.09874544718737353
2472 0.09870550161812297
2473 0.09866558835422563
2474 0.09862570735650768
2475 0.09858585858585858
2476 0.09854604200323101
2477 0.0985062575696407
2478 0.09846650524616626
2479 0.09842678499394918
2480 0.09838709677419355
2481 0.09834744054816606
2482 0.09830781627719581
2483 0.09826822392267419
2484 0.09822866344605476
2485 0.09818913480885312
2486 0.09814963797264682
2487 0.09811017289907518
2488 0.09807073954983923
2489 0.09803133788670149
2490 0.09799196787148594
2491 0.09795262946607788
2492 0.09791332263242375
2493 0.09787404733253109
2494 0.09783480352846832
2495 0.09779559118236474
2496 0.09775641025641026
2497 0.09771726071285543
2498 0.0976781425140112
2499 0.0976390556222489
2500 0.0976
2501 0.0975609756097561
2502 0.09752198241406874
2503 0.09748302037554935
2504 0.09744408945686901
2505 0.09740518962075849
2506 0.09736632083000799
2507 0.09732748304746709
2508 0.09728867623604466
2509 0.09724990035870865
2510 0.09721115537848606
2511 0.09717244125846276
2512 0.09713375796178345
2513 0.09709510545165141
2514 0.09705648369132856
2515 0.09701789264413518
2516 0.09697933227344992
2517 0.09694080254270958
2518 0.09690230341540905
2519 0.09686383485510124
2520 0.09682539682539683
2521 0.0967869892899643
2522 0.09674861221252974
2523 0.09671026555687673
2524 0.09667194928684628
2525 0.09663366336633664
2526 0.09699129057798891
2527 0.09695290858725762
2528 0.09691455696202532
2529 0.09687623566627125
2530 0.09683794466403162
2531 0.09679968391939944
2532 0.09676145339652449
2533 0.0967232530596131
2534 0.09668508287292818
2535 0.09664694280078895
2536 0.09660883280757097
2537 0.09657075285770596
2538 0.09653270291568164
2539 0.09649468294604174
2540 0.09645669291338582
2541 0.09641873278236915
2542 0.09638080251770259
2543 0.09634290208415258
2544 0.09630503144654089
2545 0.0962671905697446
2546 0.096229379418696
2547 0.0961915979583824
2548 0.09615384615384616
2549 0.09611612397018439
2550 0.09607843137254903
2551 0.09604076832614661
2552 0.09600313479623825
2553 0.09596553074813945
2554 0.09592795614722005
2555 0.0958904109589041
2556 0.09585289514866979
2557 0.09581540868204928
2558 0.09577795152462862
2559 0.09574052364204767
2560 0.095703125
2561 0.09566575556423272
2562 0.09562841530054644
2563 0.09559110417479516
2564 0.09555382215288612
2565 0.09551656920077972
2566 0.09547934528448948
2567 0.0954421503700818
2568 0.09540498442367601
2569 0.09536784741144415
2570 0.09533073929961089
2571 0.09529366005445351
2572 0.0952566096423017
2573 0.0952195880295375
2574 0.09518259518259518
2575 0.09514563106796116
2576 0.09510869565217392
2577 0.09507178890182383
2578 0.09503491078355314
2579 0.09499806126405584
2580 0.09496124031007752
2581 0.09492444788841534
2582 0.09488768396591789
2583 0.0948509485094851
2584 0.09481424148606811
2585 0.09477756286266925
2586 0.09474091260634183
2587 0.09470429068419019
2588 0.0946676970633694
2589 0.09463113171108536
2590 0.0945945945945946
2591 0.09455808568120416
2592 0.09452160493827161
2593 0.09448515233320479
2594 0.09444872783346184
2595 0.09441233140655106
2596 0.09437596302003082
2597 0.09433962264150944
2598 0.0943033102386451
2599 0.09426702577914582
2600 0.09423076923076923
2601 0.09419454056132257
2602 0.09415833973866257
2603 0.09412216673069534
2604 0.09408602150537634
2605 0.09404990403071017
2606 0.09401381427475057
2607 0.09397775220560031
2608 0.09394171779141104
2609 0.0939057110003833
2610 0.09386973180076628
2611 0.0938337801608579
2612 0.09379785604900459
2613 0.09376195943360123
2614 0.09372609028309105
2615 0.09369024856596558
2616 0.09365443425076453
2617 0.09361864730607566
2618 0.09358288770053476
2619 0.0935471554028255
2620 0.09351145038167939
2621 0.09347577260587563
2622 0.09344012204424104
2623 0.09340449866565002
2624 0.09336890243902439
2625 0.09333333333333334
2626 0.0932977913175933
2627 0.09326227636086791
2628 0.09322678843226788
2629 0.09319132750095094
2630 0.09315589353612168
2631 0.09312048650703154
2632 0.09308510638297872
2633 0.09304975313330802
2634 0.09301442672741078
2635 0.09297912713472485
2636 0.09294385432473444
2637 0.09290860826697005
2638 0.09287338893100834
2639 0.09283819628647215
2640 0.0928030303030303
2641 0.09276789095039757
2642 0.0927327781983346
2643 0.09269769201664775
2644 0.09266263237518911
2645 0.09262759924385633
2646 0.09259259259259259
2647 0.09255761239138648
2648 0.09252265861027191
2649 0.09248773121932805
2650 0.09245283018867924
2651 0.09241795548849491
2652 0.09238310708898945
2653 0.09234828496042216
2654 0.09231348907309721
2655 0.09227871939736347
2656 0.09224397590361445
2657 0.0922092585622883
2658 0.09217456734386757
2659 0.09213990221887927
2660 0.09210526315789473
2661 0.0920706501315295
2662 0.09203606311044328
2663 0.09200150206533984
2664 0.09196696696696696
2665 0.09193245778611632
2666 0.0918979744936234
2667 0.09186351706036745
2668 0.09182908545727136
2669 0.09179467965530161
2670 0.09176029962546817
2671 0.09172594533882442
2672 0.09169161676646706
2673 0.0916573138795361
2674 0.09162303664921466
2675 0.09158878504672897
2676 0.09155455904334828
2677 0.09152035861038475
2678 0.09148618371919343
2679 0.09145203434117208
2680 0.0914179104477612
2681 0.09138381201044386
2682 0.09134973900074571
2683 0.09131569139023481
2684 0.0912816691505216
2685 0.09124767225325885
2686 0.09121370067014148
2687 0.09117975437290658
2688 0.09114583333333333
2689 0.09111193752324284
2690 0.09107806691449814
2691 0.09104422147900408
2692 0.09101040118870728
2693 0.09097660601559598
2694 0.09094283593170008
2695 0.09090909090909091
2696 0.09087537091988131
2697 0.09084167593622544
2698 0.09080800593031875
2699 0.09077436087439793
2700 0.09074074074074075
2701 0.09070714550166604
2702 0.09067357512953368
2703 0.09064002959674436
2704 0.09060650887573965
2705 0.09057301293900184
2706 0.09053954175905396
2707 0.09050609530845954
2708 0.09047267355982275
2709 0.09043927648578812
2710 0.09040590405904059
2711 0.09037255625230542
2712 0.09033923303834808
2713 0.0903059343899742
2714 0.09027266028002948
2715 0.09023941068139964
2716 0.09020618556701031
2717 0.09017298490982702
2718 0.09013980868285504
2719 0.09010665685913939
2720 0.0900735294117647
2721 0.0900404263138552
2722 0.09000734753857458
2723 0.08997429305912596
2724 0.08994126284875184
2725 0.08990825688073395
2726 0.08987527512839324
2727 0.08984231756508984
2728 0.08980938416422288
2729 0.08977647489923049
2730 0.08974358974358974
2731 0.08971072867081654
2732 0.08967789165446559
2733 0.08964507866813026
2734 0.08961228968544258
2735 0.08957952468007313
2736 0.089546783625731
2737 0.08951406649616368
2738 0.08948137326515705
2739 0.08944870390653523
2740 0.08941605839416059
2741 0.0893834367019336
2742 0.08935083880379285
2743 0.08931826467371491
2744 0.08928571428571429
2745 0.08925318761384335
2746 0.08922068463219228
2747 0.08918820531488897
2748 0.08915574963609899
2749 0.08912331757002546
2750 0.0890909090909091
2751 0.089058524173028
2752 0.08902616279069768
2753 0.08899382491827097
2754 0.08896151053013798
2755 0.08892921960072596
2756 0.08889695210449927
2757 0.08886470801595937
2758 0.08883248730964467
2759 0.08880028996013048
2760 0.08876811594202899
2761 0.08873596522998914
2762 0.0887038377986966
2763 0.08867173362287369
2764 0.0886396526772793
2765 0.08860759493670886
2766 0.08857556037599422
2767 0.08854354897000362
2768 0.08851156069364162
2769 0.08847959552184904
2770 0.08844765342960288
2771 0.08841573439191627
2772 0.08838383838383838
2773 0.08835196538045438
2774 0.08832011535688536
2775 0.08828828828828829
2776 0.0882564841498559
2777 0.08822470291681671
2778 0.08819294456443484
2779 0.08816120906801007
2780 0.08812949640287769
2781 0.08809780654440849
2782 0.08806613946800863
2783 0.08803449514911965
2784 0.08800287356321838
2785 0.08797127468581688
2786 0.08793969849246232
2787 0.087908144958737
2788 0.08787661406025825
2789 0.08784510577267839
2790 0.08781362007168458
2791 0.08778215693299893
2792 0.08775071633237823
2793 0.08771929824561403
2794 0.08768790264853257
2795 0.08765652951699464
2796 0.08762517882689556
2797 0.08759385055416517
2798 0.08756254467476769
2799 0.08753126116470168
2800 0.0875
2801 0.08746876115672975
2802 0.08743754461099215
2803 0.08740635033892258
2804 0.08737517831669044
2805 0.0873440285204991
2806 0.08731290092658589
2807 0.08728179551122195
2808 0.08725071225071225
2809 0.08721965112139551
2810 0.08718861209964412
2811 0.08715759516186411
2812 0.08712660028449502
2813 0.08709562744400995
2814 0.08706467661691543
2815 0.08703374777975133
2816 0.08700284090909091
2817 0.08732694355697551
2818 0.08729595457771469
2819 0.08726498758424973
2820 0.08723404255319149
2821 0.08720311946118398
2822 0.08717221828490432
2823 0.0871413390010627
2824 0.08711048158640226
2825 0.08707964601769912
2826 0.0870488322717622
2827 0.08701804032543332
2828 0.086987270155587
2829 0.08695652173913043
2830 0.08692579505300353
2831 0.08689509007417874
2832 0.08686440677966102
2833 0.08683374514648783
2834 0.08680310515172901
2835 0.08677248677248678
2836 0.08674188998589563
2837 0.08671131476912232
2838 0.08668076109936575
2839 0.08665022895385699
2840 0.08661971830985915
2841 0.08658922914466737
2842 0.08655876143560873
2843 0.08652831516004221
2844 0.08649789029535865
2845 0.08646748681898067
2846 0.08643710470836262
2847 0.08640674394099052
2848 0.08637640449438203
2849 0.08634608634608634
2850 0.0863157894736842
2851 0.08628551385478779
2852 0.08625525946704067
2853 0.08622502628811778
2854 0.0861948142957253
2855 0.0861646234676007
2856 0.0861344537815126
2857 0.08610430521526076
2858 0.086074177746676
2859 0.08604407135362015
2860 0.08601398601398601
2861 0.08598392170569731
2862 0.0859538784067086
2863 0.08592385609500523
2864 0.08589385474860335
2865 0.08586387434554973
2866 0.08583391486392185
2867 0.08580397628182769
2868 0.08577405857740586
2869 0.08574416172882537
2870 0.08571428571428572
2871 0.08568443051201671
2872 0.08565459610027855
2873 0.08562478245736165
2874 0.08559498956158663
2875 0.08556521739130435
2876 0.08553546592489569
2877 0.08550573514077164
2878 0.08547602501737317
2879 0.08544633553317124
2880 0.08541666666666667
2881 0.08538701839639014
2882 0.08535739070090215
2883 0.08532778355879292
2884 0.08529819694868239
2885 0.08526863084922011
2886 0.08523908523908524
2887 0.08520956009698649
2888 0.08518005540166206
2889 0.08515057113187954
2890 0.08512110726643599
2891 0.08509166378415774
2892 0.08506224066390042
2893 0.0850328378845489
2894 0.08500345542501728
2895 0.0849740932642487
2896 0.08494475138121547
2897 0.08491542975491888
2898 0.08488612836438923
2899 0.08485684718868576
2900 0.08482758620689655
2901 0.08479834539813857
2902 0.08476912474155755
2903 0.08473992421632794
2904 0.08471074380165289
2905 0.0846815834767642
2906 0.08465244322092223
2907 0.0846233230134159
2908 0.08459422283356259
2909 0.08456514266070815
2910 0.08453608247422681
2911 0.08450704225352113
2912 0.08447802197802198
2913 0.08444902162718847
2914 0.08442004118050789
2915 0.08439108061749571
2916 0.08436213991769548
2917 0.08433321906067878
2918 0.08430431802604524
2919 0.0842754367934224
2920 0.08424657534246575
2921 0.0842177336528586
2922 0.08418891170431211
2923 0.08416010947656517
2924 0.08413132694938441
2925 0.0841025641025641
2926 0.08407382091592618
2927 0.08404509736932013
2928 0.08401639344262295
2929 0.08398770911573916
2930 0.08395904436860069
2931 0.08393039918116683
2932 0.08390177353342429
2933 0.08387316740538697
2934 0.08384458077709611
2935 0.08381601362862011
2936 0.0837874659400545
2937 0.08375893769152196
2938 0.08373042886317222
2939 0.08370193943518203
2940 0.0836734693877551
2941 0.08364501870112206
2942 0.08361658735554045
2943 0.0835881753312946
2944 0.08355978260869565
2945 0.0835314091680815
2946 0.0835030549898167
2947 0.0834747200542925
