1 1.0
2 1.0
3 1.0
4 1.0
5 1.0
6 1.0
7 1.0
8 1.0
9 1.0
10 1.0
11 0.9090909090909091
12 0.9166666666666666
13 0.9230769230769231
14 0.9285714285714286
15 0.9333333333333333
16 0.9375
17 0.9411764705882353
18 0.9444444444444444
19 0.9473684210526315
20 0.95
21 0.9523809523809523
22 0.9545454545454546
23 0.9565217391304348
24 0.9583333333333334
25 0.96
26 0.9615384615384616
27 0.9629629629629629
28 0.9642857142857143
29 0.9655172413793104
30 0.9666666666666667
31 0.967741935483871
32 0.96875
33 0.9696969696969697
34 0.9411764705882353
35 0.9428571428571428
36 0.9444444444444444
37 0.9459459459459459
38 0.9473684210526315
39 0.9487179487179487
40 0.95
41 0.9512195121951219
42 0.9523809523809523
43 0.9534883720930233
44 0.9545454545454546
45 0.9555555555555556
46 0.9347826086956522
47 0.9361702127659575
48 0.9375
49 0.9387755102040817
50 0.94
51 0.9411764705882353
52 0.9230769230769231
53 0.9245283018867925
54 0.9259259259259259
55 0.9272727272727272
56 0.9285714285714286
57 0.9298245614035088
58 0.9310344827586207
59 0.9152542372881356
60 0.9166666666666666
61 0.9016393442622951
62 0.8870967741935484
63 0.873015873015873
64 0.875
65 0.8769230769230769
66 0.8636363636363636
67 0.8656716417910447
68 0.8676470588235294
69 0.8695652173913043
70 0.8714285714285714
71 0.8732394366197183
72 0.875
73 0.8767123287671232
74 0.8648648648648649
75 0.8666666666666667
76 0.8552631578947368
77 0.8571428571428571
78 0.8589743589743589
79 0.8607594936708861
80 0.85
81 0.8395061728395061
82 0.8414634146341463
83 0.8433734939759037
84 0.8333333333333334
85 0.8352941176470589
86 0.8255813953488372
87 0.8275862068965517
88 0.8295454545454546
89 0.8314606741573034
90 0.8333333333333334
91 0.8351648351648352
92 0.8260869565217391
93 0.8172043010752689
94 0.8085106382978723
95 0.8
96 0.7916666666666666
97 0.7938144329896907
98 0.7959183673469388
99 0.797979797979798
100 0.79
101 0.7920792079207921
102 0.7941176470588235
103 0.7864077669902912
104 0.7884615384615384
105 0.780952380952381
106 0.7830188679245284
107 0.7757009345794392
108 0.7777777777777778
109 0.7706422018348624
110 0.7727272727272727
111 0.7657657657657657
112 0.7589285714285714
113 0.7522123893805309
114 0.7543859649122807
115 0.7478260869565218
116 0.7413793103448276
117 0.7350427350427351
118 0.7372881355932204
119 0.7310924369747899
120 0.7333333333333333
121 0.7355371900826446
122 0.7377049180327869
123 0.7398373983739838
124 0.7419354838709677
125 0.744
126 0.746031746031746
127 0.7480314960629921
128 0.75
129 0.7441860465116279
130 0.7461538461538462
131 0.7404580152671756
132 0.7424242424242424
133 0.7368421052631579
134 0.7388059701492538
135 0.7407407407407407
136 0.7352941176470589
137 0.7372262773722628
138 0.7391304347826086
139 0.7338129496402878
140 0.7285714285714285
141 0.723404255319149
142 0.7253521126760564
143 0.7202797202797203
144 0.7152777777777778
145 0.7103448275862069
146 0.7054794520547946
147 0.7074829931972789
148 0.7094594594594594
149 0.7114093959731543
150 0.7133333333333334
151 0.7152317880794702
152 0.7171052631578947
153 0.7189542483660131
154 0.7207792207792207
155 0.7161290322580646
156 0.7115384615384616
157 0.7070063694267515
158 0.7088607594936709
159 0.710691823899371
160 0.70625
161 0.7018633540372671
162 0.6975308641975309
163 0.6932515337423313
164 0.6951219512195121
165 0.6909090909090909
166 0.6867469879518072
167 0.6826347305389222
168 0.6785714285714286
169 0.6804733727810651
170 0.6764705882352942
171 0.672514619883041
172 0.6744186046511628
173 0.6763005780346821
174 0.6724137931034483
175 0.6685714285714286
176 0.6704545454545454
177 0.6666666666666666
178 0.6629213483146067
179 0.664804469273743
180 0.6611111111111111
181 0.6629834254143646
182 0.6648351648351648
183 0.6666666666666666
184 0.6630434782608695
185 0.6648648648648648
186 0.6666666666666666
187 0.6631016042780749
188 0.6648936170212766
189 0.6613756613756614
190 0.6578947368421053
191 0.6544502617801047
192 0.6510416666666666
193 0.6476683937823834
194 0.6494845360824743
195 0.6512820512820513
196 0.6479591836734694
197 0.6446700507614214
198 0.6414141414141414
199 0.6432160804020101
200 0.645
201 0.6417910447761194
202 0.6386138613861386
203 0.6354679802955665
204 0.6323529411764706
205 0.6341463414634146
206 0.6310679611650486
207 0.6328502415458938
208 0.6298076923076923
209 0.6267942583732058
210 0.6238095238095238
211 0.6208530805687204
212 0.6179245283018868
213 0.6150234741784038
214 0.616822429906542
215 0.6186046511627907
216 0.6157407407407407
217 0.6129032258064516
218 0.6100917431192661
219 0.6073059360730594
220 0.6045454545454545
221 0.6018099547511312
222 0.5990990990990991
223 0.5964125560538116
224 0.59375
225 0.5955555555555555
226 0.5929203539823009
227 0.5903083700440529
228 0.5877192982456141
229 0.5895196506550219
230 0.591304347826087
231 0.5930735930735931
232 0.5905172413793104
233 0.5879828326180258
234 0.5854700854700855
235 0.5872340425531914
236 0.5889830508474576
237 0.5907172995780591
238 0.592436974789916
239 0.5941422594142259
240 0.5958333333333333
241 0.5933609958506224
242 0.5909090909090909
243 0.588477366255144
244 0.5860655737704918
245 0.5836734693877551
246 0.5853658536585366
247 0.582995951417004
248 0.5806451612903226
249 0.5783132530120482
250 0.576
251 0.5776892430278885
252 0.5793650793650794
253 0.5770750988142292
254 0.5787401574803149
255 0.5764705882352941
256 0.57421875
257 0.5719844357976653
258 0.5697674418604651
259 0.5714285714285714
260 0.5692307692307692
261 0.5670498084291188
262 0.5687022900763359
263 0.5665399239543726
264 0.5681818181818182
265 0.5660377358490566
266 0.5639097744360902
267 0.5655430711610487
268 0.5634328358208955
269 0.5613382899628253
270 0.5592592592592592
271 0.5571955719557196
272 0.5551470588235294
273 0.5531135531135531
274 0.551094890510949
275 0.5490909090909091
276 0.5471014492753623
277 0.5487364620938628
278 0.5467625899280576
279 0.5448028673835126
280 0.5428571428571428
281 0.5409252669039146
282 0.5425531914893617
283 0.5406360424028268
284 0.5387323943661971
285 0.5368421052631579
286 0.534965034965035
287 0.5331010452961672
288 0.53125
289 0.532871972318339
290 0.5310344827586206
291 0.5292096219931272
292 0.5273972602739726
293 0.5290102389078498
294 0.5306122448979592
295 0.5322033898305085
296 0.5304054054054054
297 0.5286195286195287
298 0.5268456375838926
299 0.5284280936454849
300 0.5266666666666666
301 0.5282392026578073
302 0.5264900662251656
303 0.5247524752475248
304 0.5230263157894737
305 0.521311475409836
306 0.5196078431372549
307 0.5211726384364821
308 0.5194805194805194
309 0.517799352750809
310 0.5161290322580645
311 0.5144694533762058
312 0.5128205128205128
313 0.5143769968051118
314 0.5159235668789809
315 0.5142857142857142
316 0.5126582278481012
317 0.5110410094637224
318 0.5094339622641509
319 0.5078369905956113
320 0.50625
321 0.5046728971962616
322 0.5062111801242236
323 0.5077399380804953
324 0.5061728395061729
325 0.5046153846153846
326 0.5030674846625767
327 0.5015290519877675
328 0.5
329 0.5015197568389058
330 0.5
331 0.4984894259818731
332 0.49698795180722893
333 0.4954954954954955
334 0.4940119760479042
335 0.4925373134328358
336 0.49107142857142855
337 0.49258160237388726
338 0.4911242603550296
339 0.4896755162241888
340 0.48823529411764705
341 0.4868035190615836
342 0.4853801169590643
343 0.4839650145772595
344 0.48255813953488375
345 0.4811594202898551
346 0.4797687861271676
347 0.4783861671469741
348 0.47701149425287354
349 0.47564469914040114
350 0.4742857142857143
351 0.47293447293447294
352 0.4715909090909091
353 0.4702549575070821
354 0.4689265536723164
355 0.4676056338028169
356 0.4691011235955056
357 0.47058823529411764
358 0.4692737430167598
359 0.467966573816156
360 0.4666666666666667
361 0.46537396121883656
362 0.46408839779005523
363 0.465564738292011
364 0.4642857142857143
365 0.46301369863013697
366 0.46174863387978143
367 0.4604904632152589
368 0.46195652173913043
369 0.46070460704607047
370 0.46216216216216216
371 0.4609164420485175
372 0.4596774193548387
373 0.46112600536193027
374 0.4625668449197861
375 0.4613333333333333
376 0.4601063829787234
377 0.4588859416445623
378 0.4603174603174603
379 0.45910290237467016
380 0.45789473684210524
381 0.4566929133858268
382 0.45549738219895286
383 0.45430809399477806
384 0.453125
385 0.45454545454545453
386 0.4533678756476684
387 0.45219638242894056
388 0.45103092783505155
389 0.4498714652956298
390 0.44871794871794873
391 0.4475703324808184
392 0.4489795918367347
393 0.44783715012722647
394 0.4467005076142132
395 0.44556962025316454
396 0.4444444444444444
397 0.4433249370277078
398 0.44221105527638194
399 0.44110275689223055
400 0.4425
401 0.44389027431421446
402 0.4427860696517413
403 0.44168734491315137
404 0.4405940594059406
405 0.43950617283950616
406 0.43842364532019706
407 0.43734643734643736
408 0.4362745098039216
409 0.4352078239608802
410 0.43414634146341463
411 0.43309002433090027
412 0.4320388349514563
413 0.43099273607748184
414 0.42995169082125606
415 0.42891566265060244
416 0.42788461538461536
417 0.42685851318944845
418 0.4258373205741627
419 0.42482100238663484
420 0.4238095238095238
421 0.42280285035629456
422 0.42417061611374407
423 0.4231678486997636
424 0.4221698113207547
425 0.4211764705882353
426 0.42018779342723006
427 0.41920374707259955
428 0.4182242990654206
429 0.4172494172494173
430 0.41627906976744183
431 0.41531322505800466
432 0.4166666666666667
433 0.41570438799076215
434 0.4147465437788018
435 0.41379310344827586
436 0.41284403669724773
437 0.41189931350114417
438 0.410958904109589
439 0.41002277904328016
440 0.4090909090909091
441 0.40816326530612246
442 0.4072398190045249
443 0.40632054176072235
444 0.40540540540540543
445 0.4067415730337079
446 0.4080717488789238
447 0.40939597315436244
448 0.40848214285714285
449 0.40757238307349664
450 0.4066666666666667
451 0.4057649667405765
452 0.40707964601769914
453 0.40618101545253865
454 0.4052863436123348
455 0.4065934065934066
456 0.4057017543859649
457 0.4048140043763676
458 0.4039301310043668
459 0.40305010893246185
460 0.40217391304347827
461 0.40130151843817785
462 0.4004329004329004
463 0.39956803455723544
464 0.39870689655172414
465 0.3978494623655914
466 0.39914163090128757
467 0.39828693790149894
468 0.3995726495726496
469 0.39872068230277186
470 0.4
471 0.3991507430997877
472 0.3983050847457627
473 0.3974630021141649
474 0.39662447257383965
475 0.3957894736842105
476 0.3949579831932773
477 0.3941299790356394
478 0.39330543933054396
479 0.3924843423799583
480 0.39166666666666666
481 0.3908523908523909
482 0.3900414937759336
483 0.391304347826087
484 0.390495867768595
485 0.38969072164948454
486 0.3888888888888889
487 0.38809034907597534
488 0.38729508196721313
489 0.38650306748466257
490 0.38571428571428573
491 0.384928716904277
492 0.38414634146341464
493 0.38336713995943206
494 0.3825910931174089
495 0.38181818181818183
496 0.3810483870967742
497 0.38028169014084506
498 0.3795180722891566
499 0.3787575150300601
500 0.38
501 0.3812375249500998
502 0.3804780876494024
503 0.3797216699801193
504 0.37896825396825395
505 0.3782178217821782
506 0.3794466403162055
507 0.378698224852071
508 0.3779527559055118
509 0.37721021611001965
510 0.3764705882352941
511 0.37573385518590996
512 0.375
513 0.3742690058479532
514 0.3735408560311284
515 0.37281553398058254
516 0.37209302325581395
517 0.3713733075435203
518 0.37065637065637064
519 0.371868978805395
520 0.37115384615384617
521 0.3704414587332054
522 0.36973180076628354
523 0.3690248565965583
524 0.3683206106870229
525 0.3676190476190476
526 0.3688212927756654
527 0.3681214421252372
528 0.36742424242424243
529 0.3667296786389414
530 0.3660377358490566
531 0.3653483992467043
532 0.36466165413533835
533 0.36585365853658536
534 0.3651685393258427
535 0.3644859813084112
536 0.36380597014925375
537 0.36312849162011174
538 0.362453531598513
539 0.36363636363636365
540 0.362962962962963
541 0.36414048059149723
542 0.3634686346863469
543 0.36279926335174956
544 0.3639705882352941
545 0.363302752293578
546 0.3626373626373626
547 0.3619744058500914
548 0.3613138686131387
549 0.36065573770491804
550 0.36
551 0.35934664246823955
552 0.358695652173913
553 0.35985533453887886
554 0.3592057761732852
555 0.35855855855855856
556 0.3597122302158273
557 0.3590664272890485
558 0.3602150537634409
559 0.3595706618962433
560 0.35892857142857143
561 0.3582887700534759
562 0.35765124555160144
563 0.35701598579040855
564 0.35638297872340424
565 0.35575221238938054
566 0.3551236749116608
567 0.3544973544973545
568 0.3538732394366197
569 0.3532513181019332
570 0.3526315789473684
571 0.3520140105078809
572 0.3531468531468531
573 0.3525305410122164
574 0.3519163763066202
575 0.35130434782608694
576 0.3506944444444444
577 0.35008665511265163
578 0.3494809688581315
579 0.3488773747841105
580 0.3482758620689655
581 0.3476764199655766
582 0.3470790378006873
583 0.346483704974271
584 0.3458904109589041
585 0.3452991452991453
586 0.3447098976109215
587 0.3441226575809199
588 0.3435374149659864
589 0.34295415959252973
590 0.3423728813559322
591 0.34179357021996615
592 0.34121621621621623
593 0.3406408094435076
594 0.3400673400673401
595 0.33949579831932775
596 0.3389261744966443
597 0.33835845896147404
598 0.3377926421404682
599 0.33889816360601
600 0.3383333333333333
601 0.33943427620632277
602 0.3388704318936877
603 0.3383084577114428
604 0.33774834437086093
605 0.3371900826446281
606 0.33663366336633666
607 0.33607907742998355
608 0.3355263157894737
609 0.33497536945812806
610 0.3344262295081967
611 0.33387888707037644
612 0.3333333333333333
613 0.33278955954323003
614 0.3322475570032573
615 0.33170731707317075
616 0.33116883116883117
617 0.33063209076175043
618 0.3300970873786408
619 0.3295638126009693
620 0.32903225806451614
621 0.3285024154589372
622 0.3295819935691318
623 0.3290529695024077
624 0.3301282051282051
625 0.3296
626 0.329073482428115
627 0.32854864433811803
628 0.32961783439490444
629 0.32909379968203495
630 0.32857142857142857
631 0.329635499207607
632 0.3291139240506329
633 0.3285939968404423
634 0.3280757097791798
635 0.32755905511811023
636 0.3270440251572327
637 0.32653061224489793
638 0.32601880877742945
639 0.325508607198748
640 0.325
641 0.3244929797191888
642 0.32398753894080995
643 0.3234836702954899
644 0.32298136645962733
645 0.32248062015503876
646 0.3219814241486068
647 0.321483771251932
648 0.32098765432098764
649 0.3204930662557781
650 0.32
651 0.3195084485407066
652 0.31901840490797545
653 0.31852986217457885
654 0.3180428134556575
655 0.31755725190839695
656 0.3170731707317073
657 0.3165905631659056
658 0.3161094224924012
659 0.3156297420333839
660 0.3151515151515151
661 0.3146747352496218
662 0.31419939577039274
663 0.3137254901960784
664 0.3132530120481928
665 0.31278195488721805
666 0.3123123123123123
667 0.3118440779610195
668 0.31137724550898205
669 0.3109118086696562
670 0.31044776119402984
671 0.30998509687034276
672 0.31101190476190477
673 0.31054977711738485
674 0.31008902077151335
675 0.30962962962962964
676 0.3091715976331361
677 0.3087149187592319
678 0.308259587020649
679 0.3078055964653903
680 0.3073529411764706
681 0.3069016152716593
682 0.30791788856304986
683 0.3089311859443631
684 0.3084795321637427
685 0.30802919708029197
686 0.3075801749271137
687 0.3071324599708879
688 0.3066860465116279
689 0.3062409288824383
690 0.30579710144927535
691 0.3053545586107091
692 0.30491329479768786
693 0.30447330447330445
694 0.30403458213256485
695 0.3035971223021583
696 0.3031609195402299
697 0.30272596843615496
698 0.3022922636103152
699 0.3032904148783977
700 0.3028571428571429
701 0.3024251069900143
702 0.301994301994302
703 0.3015647226173542
704 0.30113636363636365
705 0.300709219858156
706 0.301699716713881
707 0.3026874115983027
708 0.3022598870056497
709 0.3018335684062059
710 0.30140845070422534
711 0.3009845288326301
712 0.300561797752809
713 0.30014025245441794
714 0.29971988795518206
715 0.2993006993006993
716 0.2988826815642458
717 0.298465829846583
718 0.298050139275766
719 0.29763560500695413
720 0.2986111111111111
721 0.29958391123439665
722 0.30055401662049863
723 0.30013831258644535
724 0.3011049723756906
725 0.3006896551724138
726 0.3002754820936639
727 0.2998624484181568
728 0.29945054945054944
729 0.299039780521262
730 0.29863013698630136
731 0.2982216142270862
732 0.29918032786885246
733 0.2987721691678035
734 0.29836512261580383
735 0.2979591836734694
736 0.297554347826087
737 0.2971506105834464
738 0.2967479674796748
739 0.2963464140730717
740 0.2959459459459459
741 0.29554655870445345
742 0.29514824797843664
743 0.29475100942126514
744 0.2956989247311828
745 0.2953020134228188
746 0.2949061662198391
747 0.29451137884872824
748 0.29411764705882354
749 0.2937249666221629
750 0.29333333333333333
751 0.2929427430093209
752 0.2925531914893617
753 0.2921646746347942
754 0.2917771883289125
755 0.2913907284768212
756 0.291005291005291
757 0.2906208718626156
758 0.29023746701846964
759 0.2898550724637681
760 0.2894736842105263
761 0.290407358738502
762 0.2900262467191601
763 0.28964613368283093
764 0.2892670157068063
765 0.28888888888888886
766 0.2885117493472585
767 0.288135593220339
768 0.2877604166666667
769 0.28738621586475943
770 0.287012987012987
771 0.28664072632944226
772 0.2862694300518135
773 0.2858990944372574
774 0.28552971576227393
775 0.28516129032258064
776 0.2847938144329897
777 0.28442728442728443
778 0.28406169665809766
779 0.28369704749679076
780 0.2833333333333333
781 0.28297055057618437
782 0.28388746803069054
783 0.2835249042145594
784 0.28316326530612246
785 0.28280254777070063
786 0.2824427480916031
787 0.2820838627700127
788 0.2817258883248731
789 0.2813688212927757
790 0.2810126582278481
791 0.28192161820480405
792 0.2828282828282828
793 0.28247162673392184
794 0.28337531486146095
795 0.2830188679245283
796 0.28266331658291455
797 0.2823086574654956
798 0.2819548872180451
799 0.2816020025031289
800 0.28125
801 0.2808988764044944
802 0.2805486284289277
803 0.28019925280199254
804 0.2798507462686567
805 0.2795031055900621
806 0.27915632754342434
807 0.2788104089219331
808 0.2784653465346535
809 0.27812113720642767
810 0.2777777777777778
811 0.27743526510480887
812 0.2770935960591133
813 0.2767527675276753
814 0.2764127764127764
815 0.27607361963190186
816 0.2757352941176471
817 0.27539779681762544
818 0.27506112469437655
819 0.27472527472527475
820 0.27439024390243905
821 0.2740560292326431
822 0.2737226277372263
823 0.2733900364520049
824 0.27305825242718446
825 0.2727272727272727
826 0.27239709443099275
827 0.2720677146311971
828 0.2717391304347826
829 0.27141133896260555
830 0.2710843373493976
831 0.27075812274368233
832 0.2704326923076923
833 0.27010804321728693
834 0.2709832134292566
835 0.27065868263473053
836 0.2703349282296651
837 0.27001194743130225
838 0.26968973747016706
839 0.2693682955899881
840 0.26904761904761904
841 0.26872770511296074
842 0.2684085510688836
843 0.2680901542111507
844 0.2677725118483412
845 0.26745562130177514
846 0.26713947990543735
847 0.2668240850059032
848 0.267688679245283
849 0.2673733804475854
850 0.26705882352941174
851 0.26674500587544064
852 0.2664319248826291
853 0.2661195779601407
854 0.265807962529274
855 0.26666666666666666
856 0.26635514018691586
857 0.2660443407234539
858 0.26573426573426573
859 0.26542491268917345
860 0.2651162790697674
861 0.26480836236933797
862 0.26450116009280744
863 0.2641946697566628
864 0.2638888888888889
865 0.2635838150289017
866 0.2632794457274827
867 0.2629757785467128
868 0.2626728110599078
869 0.26352128883774456
870 0.2632183908045977
871 0.2629161882893226
872 0.2626146788990826
873 0.2623138602520046
874 0.2620137299771167
875 0.26171428571428573
876 0.2614155251141553
877 0.2611174458380844
878 0.2608200455580866
879 0.2616609783845279
880 0.26136363636363635
881 0.26220204313280365
882 0.2619047619047619
883 0.26160815402038506
884 0.26244343891402716
885 0.2621468926553672
886 0.2618510158013544
887 0.2615558060879369
888 0.26126126126126126
889 0.2609673790776153
890 0.2606741573033708
891 0.26038159371492703
892 0.2600896860986547
893 0.2597984322508399
894 0.2595078299776286
895 0.25921787709497207
896 0.25892857142857145
897 0.25863991081382387
898 0.2583518930957684
899 0.25806451612903225
900 0.2577777777777778
901 0.25749167591564925
902 0.2572062084257206
903 0.25692137320044295
904 0.25663716814159293
905 0.256353591160221
906 0.2560706401766004
907 0.2557883131201764
908 0.2555066079295154
909 0.2552255225522552
910 0.2549450549450549
911 0.25466520307354557
912 0.2543859649122807
913 0.25410733844468786
914 0.2538293216630197
915 0.253551912568306
916 0.25327510917030566
917 0.2529989094874591
918 0.25272331154684097
919 0.25244831338411317
920 0.25217391304347825
921 0.251900108577633
922 0.25162689804772237
923 0.2513542795232936
924 0.2510822510822511
925 0.2508108108108108
926 0.2505399568034557
927 0.25026968716289105
928 0.25
929 0.24973089343379978
930 0.24946236559139784
931 0.24919441460794844
932 0.24892703862660945
933 0.24866023579849947
934 0.24839400428265523
935 0.24812834224598931
936 0.24786324786324787
937 0.24759871931696906
938 0.24733475479744135
939 0.2470713525026624
940 0.24680851063829787
941 0.24654622741764082
942 0.24628450106157113
943 0.24602332979851538
944 0.2457627118644068
945 0.2455026455026455
946 0.2452431289640592
947 0.24498416050686378
948 0.24472573839662448
949 0.24446786090621708
950 0.24421052631578946
951 0.24395373291272346
952 0.24369747899159663
953 0.24344176285414482
954 0.2431865828092243
955 0.24293193717277486
956 0.24267782426778242
957 0.24242424242424243
958 0.24217118997912318
959 0.2429614181438999
960 0.24270833333333333
961 0.24245577523413112
962 0.24220374220374222
963 0.24195223260643822
964 0.241701244813278
965 0.24145077720207253
966 0.2412008281573499
967 0.24095139607032057
968 0.24070247933884298
969 0.24045407636738905
970 0.24020618556701032
971 0.2399588053553038
972 0.2397119341563786
973 0.2394655704008222
974 0.23921971252566734
975 0.23897435897435898
976 0.2387295081967213
977 0.23848515864892528
978 0.23824130879345604
979 0.2390194075587334
980 0.23877551020408164
981 0.23853211009174313
982 0.23828920570264767
983 0.2380467955239064
984 0.23780487804878048
985 0.23756345177664975
986 0.23732251521298176
987 0.23708206686930092
988 0.23684210526315788
989 0.23660262891809908
990 0.23636363636363636
991 0.23713420787083753
992 0.2368951612903226
993 0.2366565961732125
994 0.23641851106639838
995 0.23618090452261306
996 0.2359437751004016
997 0.23671013039117353
998 0.23647294589178355
999 0.23623623623623624
1000 0.236
1001 0.23576423576423577
1002 0.23552894211576847
1003 0.23529411764705882
1004 0.2350597609561753
1005 0.23482587064676616
1006 0.2345924453280318
1007 0.23435948361469713
1008 0.23412698412698413
1009 0.23389494549058473
1010 0.23366336633663368
1011 0.2334322453016815
1012 0.233201581027668
1013 0.23297137216189537
1014 0.23274161735700197
1015 0.23251231527093597
1016 0.23228346456692914
1017 0.232055063913471
1018 0.2318271119842829
1019 0.23159960745829244
1020 0.23137254901960785
1021 0.23114593535749264
1022 0.2318982387475538
1023 0.2316715542521994
1024 0.2314453125
1025 0.23121951219512196
1026 0.2309941520467836
1027 0.23076923076923078
1028 0.23054474708171208
1029 0.2303206997084548
1030 0.23009708737864076
1031 0.22987390882638215
1032 0.22965116279069767
1033 0.22942884801548888
1034 0.22920696324951645
1035 0.2289855072463768
1036 0.22876447876447875
1037 0.22854387656702024
1038 0.22832369942196531
1039 0.22810394610202117
1040 0.22788461538461538
1041 0.2276657060518732
1042 0.22744721689059502
1043 0.22818791946308725
1044 0.22796934865900384
1045 0.22775119617224882
1046 0.22753346080305928
1047 0.22731614135625597
1048 0.22709923664122136
1049 0.22688274547187798
1050 0.22666666666666666
1051 0.2274024738344434
1052 0.22718631178707224
1053 0.22697056030389365
1054 0.22675521821631878
1055 0.22654028436018958
1056 0.22632575757575757
1057 0.2261116367076632
1058 0.22589792060491493
1059 0.22568460812086874
1060 0.22641509433962265
1061 0.22620169651272384
1062 0.22598870056497175
1063 0.2257761053621825
1064 0.22556390977443608
1065 0.22535211267605634
1066 0.225140712945591
1067 0.22492970946579194
1068 0.2247191011235955
1069 0.2245088868101029
1070 0.22429906542056074
1071 0.2250233426704015
1072 0.2248134328358209
1073 0.22460391425908668
1074 0.22439478584729983
1075 0.2241860465116279
1076 0.22397769516728624
1077 0.22376973073351902
1078 0.22356215213358072
1079 0.22335495829471733
1080 0.22314814814814815
1081 0.22294172062904719
1082 0.22273567467652494
1083 0.22253000923361035
1084 0.22232472324723246
1085 0.22211981566820277
1086 0.22191528545119704
1087 0.22171113155473782
1088 0.22150735294117646
1089 0.22130394857667585
1090 0.22110091743119267
1091 0.22089825847846012
1092 0.2206959706959707
1093 0.22049405306495884
1094 0.2202925045703839
1095 0.22100456621004566
1096 0.2208029197080292
1097 0.22060164083865086
1098 0.2204007285974499
1099 0.2211101000909918
1100 0.22090909090909092
1101 0.22161671207992734
1102 0.22141560798548093
1103 0.22121486854034453
1104 0.2210144927536232
1105 0.22081447963800904
1106 0.2206148282097649
1107 0.2204155374887082
1108 0.22021660649819494
1109 0.2200180342651037
1110 0.21981981981981982
1111 0.22052205220522053
1112 0.22032374100719423
1113 0.22012578616352202
1114 0.22082585278276481
1115 0.22062780269058296
1116 0.22043010752688172
1117 0.22023276633840644
1118 0.22003577817531306
1119 0.21983914209115282
1120 0.21964285714285714
1121 0.21944692239072258
1122 0.2192513368983957
1123 0.21905609973285842
1124 0.2188612099644128
1125 0.21866666666666668
1126 0.21847246891651864
1127 0.21827861579414373
1128 0.21808510638297873
1129 0.2178919397697077
1130 0.21858407079646017
1131 0.21839080459770116
1132 0.21819787985865724
1133 0.21800529567519858
1134 0.21781305114638447
1135 0.21762114537444935
1136 0.21830985915492956
1137 0.218117854001759
1138 0.2179261862917399
1139 0.2177348551360843
1140 0.21754385964912282
1141 0.21735319894829097
1142 0.2171628721541156
1143 0.2169728783902012
1144 0.21678321678321677
1145 0.2165938864628821
1146 0.2164048865619546
1147 0.21621621621621623
1148 0.21602787456445993
1149 0.21583986074847694
1150 0.21565217391304348
1151 0.2154648132059079
1152 0.2152777777777778
1153 0.21509106678230702
1154 0.21490467937608318
1155 0.21471861471861473
1156 0.21453287197231835
1157 0.2143474503025065
1158 0.21502590673575128
1159 0.21484037963761865
1160 0.21465517241379312
1161 0.2144702842377261
1162 0.21428571428571427
1163 0.21496130696474636
1164 0.21477663230240548
1165 0.2145922746781116
1166 0.2144082332761578
1167 0.21422450728363324
1168 0.21404109589041095
1169 0.21385799828913601
1170 0.21367521367521367
1171 0.2134927412467976
1172 0.21331058020477817
1173 0.21312872975277067
1174 0.21294718909710392
1175 0.2127659574468085
1176 0.21258503401360543
1177 0.21240441801189464
1178 0.21222410865874364
1179 0.21204410517387617
1180 0.211864406779661
1181 0.21253175275190517
1182 0.21235194585448391
1183 0.2121724429416737
1184 0.21199324324324326
1185 0.21181434599156118
1186 0.21163575042158517
1187 0.21145745577085087
1188 0.2112794612794613
1189 0.2111017661900757
1190 0.21092436974789916
1191 0.21074727120067172
1192 0.2105704697986577
1193 0.21039396479463537
1194 0.2102177554438861
1195 0.2100418410041841
1196 0.20986622073578595
1197 0.2096908939014202
1198 0.20951585976627712
1199 0.20934111759799834
1200 0.20916666666666667
1201 0.208992506244796
1202 0.20881863560732114
1203 0.2086450540315877
1204 0.2084717607973422
1205 0.208298755186722
1206 0.20812603648424544
1207 0.207953603976802
1208 0.2077814569536424
1209 0.2076095947063689
1210 0.20743801652892563
1211 0.20726672171758878
1212 0.2070957095709571
1213 0.20692497938994228
1214 0.20675453047775946
1215 0.20658436213991768
1216 0.20641447368421054
1217 0.20624486442070666
1218 0.20607553366174056
1219 0.20672682526661199
1220 0.20737704918032787
1221 0.2072072072072072
1222 0.20703764320785598
1223 0.20686835650040883
1224 0.20669934640522875
1225 0.20653061224489797
1226 0.20636215334420882
1227 0.20619396903015486
1228 0.20602605863192183
1229 0.20585842148087877
1230 0.2056910569105691
1231 0.20552396425670186
1232 0.20535714285714285
1233 0.20519059205190593
1234 0.20502431118314424
1235 0.2048582995951417
1236 0.20469255663430422
1237 0.20452708164915118
1238 0.20436187399030695
1239 0.20419693301049233
1240 0.20403225806451614
1241 0.20386784850926673
1242 0.2037037037037037
1243 0.20353982300884957
1244 0.20337620578778134
1245 0.20321285140562248
1246 0.2030497592295345
1247 0.2028869286287089
1248 0.20272435897435898
1249 0.20256204963971178
1250 0.2024
1251 0.20223820943245405
1252 0.20207667731629392
1253 0.20191540303272146
1254 0.20175438596491227
1255 0.20159362549800797
1256 0.2014331210191083
1257 0.2020684168655529
1258 0.20190779014308427
1259 0.2017474185861795
1260 0.2015873015873016
1261 0.2014274385408406
1262 0.20126782884310618
1263 0.20110847189231987
1264 0.20094936708860758
1265 0.2007905138339921
1266 0.20063191153238547
1267 0.20047355958958168
1268 0.20031545741324921
1269 0.20015760441292357
1270 0.2
1271 0.1998426435877262
1272 0.19968553459119498
1273 0.199528672427337
1274 0.19937205651491366
1275 0.1992156862745098
1276 0.19984326018808776
1277 0.19968676585747847
1278 0.19953051643192488
1279 0.19937451133698203
1280 0.19921875
1281 0.1990632318501171
1282 0.19890795631825273
1283 0.19875292283710055
1284 0.1985981308411215
1285 0.19844357976653695
1286 0.19828926905132194
1287 0.19813519813519814
1288 0.19798136645962733
1289 0.1978277734678045
1290 0.19767441860465115
1291 0.19752130131680867
1292 0.19736842105263158
1293 0.19721577726218098
1294 0.19706336939721794
1295 0.1969111969111969
1296 0.19675925925925927
1297 0.19660755589822668
1298 0.19645608628659475
1299 0.19630484988452657
1300 0.19615384615384615
1301 0.1960030745580323
1302 0.195852534562212
1303 0.19570222563315426
1304 0.1955521472392638
1305 0.19540229885057472
1306 0.19525267993874426
1307 0.19510328997704668
1308 0.19495412844036697
1309 0.19480519480519481
1310 0.1946564885496183
1311 0.1945080091533181
1312 0.19435975609756098
1313 0.19421172886519422
1314 0.19406392694063926
1315 0.19391634980988592
1316 0.19376899696048633
1317 0.19362186788154898
1318 0.19423368740515934
1319 0.19408642911296436
1320 0.19393939393939394
1321 0.19379258137774413
1322 0.19364599092284418
1323 0.19349962207105065
1324 0.1933534743202417
1325 0.1932075471698113
1326 0.19306184012066366
1327 0.19291635267520724
1328 0.19352409638554216
1329 0.19337848006019565
1330 0.19323308270676692
1331 0.1930879038317055
1332 0.19294294294294295
1333 0.19279819954988747
1334 0.1926536731634183
1335 0.19250936329588014
1336 0.19236526946107785
1337 0.19222139117427076
1338 0.19282511210762332
1339 0.19268110530246452
1340 0.1925373134328358
1341 0.19239373601789708
1342 0.19225037257824143
1343 0.1921072226358898
1344 0.19196428571428573
1345 0.19182156133828995
1346 0.19167904903417535
1347 0.1915367483296214
1348 0.19213649851632048
1349 0.19199406968124536
1350 0.19185185185185186
1351 0.19170984455958548
1352 0.1915680473372781
1353 0.19142645971914266
1354 0.1912850812407681
1355 0.19114391143911438
1356 0.19100294985250738
1357 0.19086219602063376
1358 0.19072164948453607
1359 0.1905813097866078
1360 0.19044117647058822
1361 0.19103600293901543
1362 0.19089574155653452
1363 0.19075568598679385
1364 0.1906158357771261
1365 0.19047619047619047
1366 0.1903367496339678
1367 0.19019751280175567
1368 0.19005847953216373
1369 0.18991964937910885
1370 0.1897810218978102
1371 0.18964259664478483
1372 0.18950437317784258
1373 0.18936635105608157
1374 0.18922852983988356
1375 0.1890909090909091
1376 0.18895348837209303
1377 0.1888162672476398
1378 0.18867924528301888
1379 0.1885424220449601
1380 0.18840579710144928
1381 0.1889934829833454
1382 0.18885672937771347
1383 0.18872017353579176
1384 0.18858381502890173
1385 0.1884476534296029
1386 0.18831168831168832
1387 0.18817591925018023
1388 0.18804034582132564
1389 0.18862491000719941
1390 0.1884892086330935
1391 0.18835370237239396
1392 0.1882183908045977
1393 0.18808327351040918
1394 0.18794835007173602
1395 0.1878136200716846
1396 0.1876790830945559
1397 0.1875447387258411
1398 0.18741058655221746
1399 0.18727662616154395
1400 0.18714285714285714
1401 0.1870092790863669
1402 0.18687589158345222
1403 0.18745545260156807
1404 0.18732193732193733
1405 0.18718861209964413
1406 0.18705547652916074
1407 0.1869225302061123
1408 0.18678977272727273
1409 0.18665720369056069
1410 0.18652482269503545
1411 0.18639262934089298
1412 0.18626062322946177
1413 0.18612880396319886
1414 0.185997171145686
1415 0.18586572438162544
1416 0.18573446327683615
1417 0.18560338743824983
1418 0.1854724964739069
1419 0.18534178999295278
1420 0.1852112676056338
1421 0.18508092892329345
1422 0.1849507735583685
1423 0.1848208011243851
1424 0.18469101123595505
1425 0.18456140350877193
1426 0.1844319775596073
1427 0.18430273300630695
1428 0.18417366946778713
1429 0.18404478656403078
1430 0.1839160839160839
1431 0.18378756114605171
1432 0.18365921787709497
1433 0.18353105373342637
1434 0.18340306834030684
1435 0.18327526132404182
1436 0.18314763231197773
1437 0.18302018093249825
1438 0.18289290681502085
1439 0.18276580958999306
1440 0.18263888888888888
1441 0.1825121443442054
1442 0.1823855755894591
1443 0.18225918225918225
1444 0.18213296398891968
1445 0.18200692041522493
1446 0.18188105117565698
1447 0.18175535590877678
1448 0.18162983425414364
1449 0.18150448585231194
1450 0.1813793103448276
1451 0.18125430737422468
1452 0.18112947658402204
1453 0.1810048176187199
1454 0.18088033012379642
1455 0.18075601374570446
1456 0.1813186813186813
1457 0.18119423472889498
1458 0.18106995884773663
1459 0.18094585332419466
1460 0.18082191780821918
1461 0.1806981519507187
1462 0.18057455540355677
1463 0.18045112781954886
1464 0.18032786885245902
1465 0.1802047781569966
1466 0.18076398362892224
1467 0.18064076346284935
1468 0.18051771117166213
1469 0.18039482641252552
1470 0.18027210884353742
1471 0.18014955812372535
1472 0.1800271739130435
1473 0.17990495587236932
1474 0.17978290366350066
1475 0.17966101694915254
1476 0.17953929539295393
1477 0.17941773865944483
1478 0.17929634641407308
1479 0.17917511832319136
1480 0.17905405405405406
1481 0.17893315327481432
1482 0.1788124156545209
1483 0.17869184086311532
1484 0.17857142857142858
1485 0.17845117845117844
1486 0.17833109017496634
1487 0.17821116341627438
1488 0.17809139784946237
1489 0.17797179314976494
1490 0.17785234899328858
1491 0.17773306505700873
1492 0.17761394101876676
1493 0.17749497655726726
1494 0.17737617135207498
1495 0.17725752508361203
1496 0.17713903743315507
1497 0.17702070808283232
1498 0.17757009345794392
1499 0.17745163442294865
1500 0.17733333333333334
1501 0.17721518987341772
1502 0.17709720372836218
1503 0.17697937458416502
1504 0.1768617021276596
1505 0.17674418604651163
1506 0.17662682602921648
1507 0.17650962176509621
1508 0.17639257294429708
1509 0.17627567925778662
1510 0.176158940397351
1511 0.17604235605559232
1512 0.17592592592592593
1513 0.17580964970257765
1514 0.17569352708058125
1515 0.17557755775577558
1516 0.17546174142480211
1517 0.17534607778510217
1518 0.17523056653491437
1519 0.17511520737327188
1520 0.175
1521 0.17488494411571334
1522 0.1747700394218134
1523 0.17465528562048588
1524 0.17454068241469817
1525 0.17442622950819672
1526 0.1743119266055046
1527 0.1741977734119188
1528 0.17408376963350786
1529 0.17396991497710923
1530 0.1738562091503268
1531 0.1737426518615284
1532 0.17362924281984335
1533 0.1735159817351598
1534 0.17340286831812254
1535 0.1732899022801303
1536 0.17317708333333334
1537 0.1730644111906311
1538 0.1729518855656697
1539 0.1728395061728395
1540 0.17272727272727273
1541 0.17261518494484102
1542 0.17250324254215305
1543 0.17239144523655217
1544 0.172279792746114
1545 0.17216828478964402
1546 0.17205692108667528
1547 0.17194570135746606
1548 0.17183462532299743
1549 0.17172369270497095
1550 0.17161290322580644
1551 0.17150225660863957
1552 0.1713917525773196
1553 0.17128139085640695
1554 0.17117117117117117
1555 0.17106109324758842
1556 0.17095115681233933
1557 0.1708413615928067
1558 0.17073170731707318
1559 0.17062219371391918
1560 0.17051282051282052
1561 0.17040358744394618
1562 0.1702944942381562
1563 0.17018554062699937
1564 0.170076726342711
1565 0.16996805111821087
1566 0.1698595146871009
1567 0.16975111678366306
1568 0.16964285714285715
1569 0.16953473550031867
1570 0.16942675159235668
1571 0.16931890515595163
1572 0.1692111959287532
1573 0.1691036236490782
1574 0.16899618805590852
1575 0.1688888888888889
1576 0.16878172588832488
1577 0.1686746987951807
1578 0.16856780735107732
1579 0.16846105129829006
1580 0.16835443037974684
1581 0.16824794433902593
1582 0.168141592920354
1583 0.16803537586860393
1584 0.16792929292929293
1585 0.16782334384858044
1586 0.1677175283732661
1587 0.16761184625078765
1588 0.16750629722921914
1589 0.16740088105726872
1590 0.16729559748427672
1591 0.1671904462602137
1592 0.1670854271356784
1593 0.1669805398618958
1594 0.1668757841907152
1595 0.16677115987460814
1596 0.16666666666666666
1597 0.16656230432060112
1598 0.16645807259073842
1599 0.16635397123202
1600 0.16625
1601 0.16614615865084323
1602 0.16604244694132334
1603 0.16593886462882096
1604 0.1658354114713217
1605 0.16573208722741434
1606 0.1656288916562889
1607 0.1655258245177349
1608 0.1654228855721393
1609 0.16532007458048478
1610 0.16521739130434782
1611 0.16511483550589695
1612 0.16501240694789082
1613 0.16491010539367637
1614 0.16480793060718713
1615 0.16470588235294117
1616 0.1646039603960396
1617 0.1645021645021645
1618 0.16440049443757726
1619 0.16429894996911673
1620 0.16419753086419753
1621 0.16409623689080816
1622 0.16399506781750925
1623 0.16389402341343193
1624 0.16379310344827586
1625 0.1636923076923077
1626 0.16359163591635917
1627 0.16349108789182545
1628 0.16339066339066338
1629 0.1632903621853898
1630 0.16319018404907976
1631 0.1630901287553648
1632 0.16299019607843138
1633 0.16350275566442132
1634 0.16340269277845776
1635 0.163302752293578
1636 0.16320293398533006
1637 0.16310323762981063
1638 0.163003663003663
1639 0.16290420988407567
1640 0.1628048780487805
1641 0.16270566727605118
1642 0.16260657734470157
1643 0.16250760803408398
1644 0.1624087591240876
1645 0.16231003039513678
1646 0.16221142162818955
1647 0.1621129326047359
1648 0.16201456310679613
1649 0.16191631291691935
1650 0.1618181818181818
1651 0.1623258631132647
1652 0.162227602905569
1653 0.16273442226255294
1654 0.1626360338573156
1655 0.16253776435045317
1656 0.16243961352657005
1657 0.1623415811707906
1658 0.16224366706875754
1659 0.1621458710066305
1660 0.16204819277108434
1661 0.16195063214930763
1662 0.1624548736462094
1663 0.1623571858087793
1664 0.1622596153846154
1665 0.16216216216216217
1666 0.16206482593037214
1667 0.16196760647870426
1668 0.1618705035971223
1669 0.16177351707609347
1670 0.16227544910179642
1671 0.16217833632555356
1672 0.16208133971291866
1673 0.16198445905558875
1674 0.16188769414575865
1675 0.1617910447761194
1676 0.1616945107398568
1677 0.16159809183064996
1678 0.16150178784266986
1679 0.16140559857057774
1680 0.16130952380952382
1681 0.16121356335514575
1682 0.1611177170035672
1683 0.16102198455139632
1684 0.16092636579572447
1685 0.16083086053412463
1686 0.16073546856465007
1687 0.16064018968583285
1688 0.16054502369668247
1689 0.16044997039668443
1690 0.1603550295857988
1691 0.1602602010644589
1692 0.16016548463356975
1693 0.1600708800945068
1694 0.15997638724911453
1695 0.15988200589970503
1696 0.15978773584905662
1697 0.1596935769004125
1698 0.15959952885747938
1699 0.15950559152442614
1700 0.15941176470588236
1701 0.1593180482069371
1702 0.1592244418331375
1703 0.1591309453904874
1704 0.159037558685446
1705 0.15894428152492668
1706 0.15885111371629543
1707 0.15875805506736965
1708 0.15866510538641687
1709 0.1585722644821533
1710 0.1584795321637427
1711 0.15897136177673876
1712 0.1588785046728972
1713 0.1587857559836544
1714 0.15869311551925322
1715 0.158600583090379
1716 0.1585081585081585
1717 0.15841584158415842
1718 0.15832363213038417
1719 0.15823152995927864
1720 0.15813953488372093
1721 0.15862870424171993
1722 0.15853658536585366
1723 0.1584445734184562
1724 0.1583526682134571
1725 0.1582608695652174
1726 0.1581691772885284
1727 0.1580775911986103
1728 0.15856481481481483
1729 0.1584731058415269
1730 0.15838150289017341
1731 0.1582900057770075
1732 0.1581986143187067
1733 0.15810732833237162
1734 0.1580161476355248
1735 0.1585014409221902
1736 0.15841013824884792
1737 0.15831894070236038
1738 0.15822784810126583
1739 0.15813686026451984
1740 0.15804597701149425
1741 0.15795519816197587
1742 0.15786452353616534
1743 0.15777395295467583
1744 0.15768348623853212
1745 0.15759312320916904
1746 0.1575028636884307
1747 0.15741270749856898
1748 0.15732265446224256
1749 0.15723270440251572
1750 0.15714285714285714
1751 0.15705311250713877
1752 0.1569634703196347
1753 0.15687393040501996
1754 0.15678449258836943
1755 0.15669515669515668
1756 0.15660592255125286
1757 0.15651678998292545
1758 0.15642775881683732
1759 0.1563388288800455
1760 0.15625
1761 0.15616127200454288
1762 0.15607264472190693
1763 0.15598411798071468
1764 0.15589569160997732
1765 0.1558073654390935
1766 0.15571913929784825
1767 0.155631013016412
1768 0.15554298642533937
1769 0.1554550593555681
1770 0.15593220338983052
1771 0.15584415584415584
1772 0.15575620767494355
1773 0.155668358714044
1774 0.1555806087936866
1775 0.15549295774647887
1776 0.1554054054054054
1777 0.15531795160382666
1778 0.15523059617547807
1779 0.1551433389544688
1780 0.1550561797752809
1781 0.15496911847276812
1782 0.15488215488215487
1783 0.15479528883903534
1784 0.1547085201793722
1785 0.1546218487394958
1786 0.15453527435610304
1787 0.15500839395635144
1788 0.15492170022371365
1789 0.15483510340972612
1790 0.1547486033519553
1791 0.15466219988833055
1792 0.15457589285714285
1793 0.15448968209704406
1794 0.1544035674470457
1795 0.1543175487465181
1796 0.15423162583518932
1797 0.15414579855314414
1798 0.15406006674082315
1799 0.1539744302390217
1800 0.15388888888888888
1801 0.1538034425319267
1802 0.1537180910099889
1803 0.1536328341652801
1804 0.15354767184035475
1805 0.15346260387811633
1806 0.15337763012181616
1807 0.15329275041505258
1808 0.1532079646017699
1809 0.1531232725262576
1810 0.15303867403314916
1811 0.1529541689674213
1812 0.15286975717439294
1813 0.1527854384997242
1814 0.15270121278941565
1815 0.15261707988980716
1816 0.15253303964757708
1817 0.15244909190974132
1818 0.15236523652365236
1819 0.15283122594832327
1820 0.15274725274725276
1821 0.1526633717737507
1822 0.1525795828759605
1823 0.15249588590235874
1824 0.1524122807017544
1825 0.15232876712328766
1826 0.15224534501642936
1827 0.15216201423097975
1828 0.15207877461706784
1829 0.15199562602515035
1830 0.15191256830601094
1831 0.15182960131075915
1832 0.1517467248908297
1833 0.15166393889798144
1834 0.1515812431842966
1835 0.15204359673024523
1836 0.15196078431372548
1837 0.15187806205770277
1838 0.15179542981501631
1839 0.15171288743882544
1840 0.1516304347826087
1841 0.15154807170016296
1842 0.15146579804560262
1843 0.15138361367335865
1844 0.15184381778741865
1845 0.15176151761517614
1846 0.15167930660888407
1847 0.15159718462371413
1848 0.15151515151515152
1849 0.15143320713899405
1850 0.15135135135135136
1851 0.151269584008644
1852 0.1511879049676026
1853 0.15110631408526715
1854 0.15102481121898598
1855 0.1509433962264151
1856 0.15086206896551724
1857 0.15078082929456113
1858 0.15069967707212056
1859 0.1506186121570737
1860 0.15053763440860216
1861 0.15045674368619022
1862 0.15037593984962405
1863 0.15029522275899088
1864 0.15021459227467812
1865 0.15013404825737264
1866 0.15005359056806003
1867 0.14997321906802358
1868 0.14989293361884368
1869 0.149812734082397
1870 0.1497326203208556
1871 0.14965259219668625
1872 0.14957264957264957
1873 0.14949279231179927
1874 0.14941302027748132
1875 0.14933333333333335
1876 0.14925373134328357
1877 0.14917421417155036
1878 0.14909478168264112
1879 0.1490154337413518
1880 0.14893617021276595
1881 0.14885699096225413
1882 0.1487778958554729
1883 0.14869888475836432
1884 0.14861995753715498
1885 0.14854111405835543
1886 0.14846235418875928
1887 0.1483836777954425
1888 0.1483050847457627
1889 0.14822657490735838
1890 0.14814814814814814
1891 0.14806980433633
1892 0.14799154334038056
1893 0.14791336502905442
1894 0.14783526927138332
1895 0.14775725593667546
1896 0.14767932489451477
1897 0.14760147601476015
1898 0.1475237091675448
1899 0.1474460242232754
1900 0.14736842105263157
1901 0.14729089952656496
1902 0.14721345951629863
1903 0.14713610089332632
1904 0.14705882352941177
1905 0.14698162729658792
1906 0.14690451206715635
1907 0.14682747771368643
1908 0.14675052410901468
1909 0.14667365112624411
1910 0.14659685863874344
1911 0.14652014652014653
1912 0.14644351464435146
1913 0.14636696288552012
1914 0.14629049111807732
1915 0.1462140992167102
1916 0.14613778705636743
1917 0.14606155451225875
1918 0.145985401459854
1919 0.14590932777488275
1920 0.14583333333333334
1921 0.14575741801145237
1922 0.14568158168574402
1923 0.1456058242329693
1924 0.14553014553014554
1925 0.14545454545454545
1926 0.14537902388369678
1927 0.14530358069538143
1928 0.14522821576763487
1929 0.1456713322965267
1930 0.1455958549222798
1931 0.14552045572242361
1932 0.14544513457556935
1933 0.1453698913605794
1934 0.1452947259565667
1935 0.14521963824289405
1936 0.14514462809917356
1937 0.14506969540526587
1938 0.14499484004127966
1939 0.14492006188757092
1940 0.14484536082474228
1941 0.14477073673364246
1942 0.1446961894953656
1943 0.14462171899125065
1944 0.14454732510288065
1945 0.14447300771208227
1946 0.14439876670092497
1947 0.1443246019517206
1948 0.14425051334702257
1949 0.14417650076962546
1950 0.1441025641025641
1951 0.14402870322911326
1952 0.14395491803278687
1953 0.14388120839733742
1954 0.14380757420675538
1955 0.14373401534526853
1956 0.14366053169734153
1957 0.14358712314767502
1958 0.1435137895812053
1959 0.14344053088310363
1960 0.1433673469387755
1961 0.1432942376338603
1962 0.14322120285423037
1963 0.14314824248599084
1964 0.1430753564154786
1965 0.1430025445292621
1966 0.14292980671414038
1967 0.14285714285714285
1968 0.14278455284552846
1969 0.14271203656678516
1970 0.14263959390862943
1971 0.14256722475900557
1972 0.14249492900608518
1973 0.1424227065382666
1974 0.14235055724417425
1975 0.14227848101265822
1976 0.14220647773279352
1977 0.14213454729387962
1978 0.14256825075834176
1979 0.14249621020717534
1980 0.14242424242424243
1981 0.14235234729934376
1982 0.14228052472250252
1983 0.1422087745839637
1984 0.14213709677419356
1985 0.1420654911838791
1986 0.1419939577039275
1987 0.14192249622546552
1988 0.14185110663983905
1989 0.14177978883861236
1990 0.14170854271356784
1991 0.14163736815670516
1992 0.14156626506024098
1993 0.14149523331660813
1994 0.14142427281845538
1995 0.1418546365914787
1996 0.14178356713426854
1997 0.14171256885327993
1998 0.14164164164164164
1999 0.14157078539269635
2000 0.1415
2001 0.14142928535732133
2002 0.14135864135864135
2003 0.14128806789815276
2004 0.1412175648702595
2005 0.14114713216957606
2006 0.14107676969092722
2007 0.1410064773293473
2008 0.1409362549800797
2009 0.1408661025385764
2010 0.1407960199004975
2011 0.1407260069617106
2012 0.14065606361829025
2013 0.14058618976651763
2014 0.14051638530287985
2015 0.14044665012406948
2016 0.14037698412698413
2017 0.14030738720872582
2018 0.1402378592666006
2019 0.14016840019811788
2020 0.1400990099009901
2021 0.1400296882731321
2022 0.13996043521266074
2023 0.1398912506178942
2024 0.13982213438735178
2025 0.1397530864197531
2026 0.13968410661401776
2027 0.13961519486926494
2028 0.13954635108481261
2029 0.13947757516017742
2030 0.1394088669950739
2031 0.13934022648941408
2032 0.1392716535433071
2033 0.13920314805705852
2034 0.1391347099311701
2035 0.13906633906633906
2036 0.13899803536345776
2037 0.13892979872361316
2038 0.13886162904808635
2039 0.13879352623835214
2040 0.13872549019607844
2041 0.1386575208231259
2042 0.1385896180215475
2043 0.13852178169358786
2044 0.13845401174168298
2045 0.13838630806845967
2046 0.13831867057673508
2047 0.13825109916951636
2048 0.13818359375
2049 0.1381161542215715
2050 0.1380487804878049
2051 0.1379814724524622
2052 0.13791423001949318
2053 0.13784705309303458
2054 0.13777994157740994
2055 0.13771289537712894
2056 0.13764591439688717
2057 0.13757899854156538
2058 0.13751214771622935
2059 0.13744536182612918
2060 0.13737864077669903
2061 0.13731198447355653
2062 0.13724539282250242
2063 0.13717886572952012
2064 0.1371124031007752
2065 0.137046004842615
2066 0.13697967086156826
2067 0.13691340106434446
2068 0.13684719535783366
2069 0.13678105364910584
2070 0.13671497584541062
2071 0.13664896185417671
2072 0.1365830115830116
2073 0.13651712493970092
2074 0.1364513018322083
2075 0.1363855421686747
2076 0.1363198458574181
2077 0.1362542128069331
2078 0.13618864292589028
2079 0.13612313612313612
2080 0.1360576923076923
2081 0.1359923113887554
2082 0.13592699327569643
2083 0.1358617378780605
2084 0.1357965451055662
2085 0.13573141486810553
2086 0.13566634707574304
2087 0.13560134163871587
2088 0.13553639846743296
2089 0.13547151747247488
2090 0.1354066985645933
2091 0.13534194165471067
2092 0.13527724665391969
2093 0.13521261347348304
2094 0.13514804202483285
2095 0.1350835322195704
2096 0.13501908396946566
2097 0.13495469718645683
2098 0.13489037178265015
2099 0.1348261076703192
2100 0.13476190476190475
2101 0.1346977629700143
2102 0.1346336822074215
2103 0.1345696623870661
2104 0.13450570342205323
2105 0.13444180522565322
2106 0.13437796771130103
2107 0.1343141907925961
2108 0.1342504743833017
2109 0.13418681839734473
2110 0.13412322274881516
2111 0.13405968735196588
2112 0.13399621212121213
2113 0.13393279697113109
2114 0.13386944181646168
2115 0.13380614657210402
2116 0.1337429111531191
2117 0.1336797354747284
2118 0.1336166194523135
2119 0.13355356300141577
2120 0.13349056603773585
2121 0.13342762847713344
2122 0.13336475023562677
2123 0.13330193122939238
2124 0.1332391713747646
2125 0.13317647058823529
2126 0.13311382878645345
2127 0.13305124588622472
2128 0.13298872180451127
2129 0.13292625645843117
2130 0.13286384976525822
2131 0.1328015016424214
2132 0.1327392120075047
2133 0.1326769807782466
2134 0.13261480787253982
2135 0.1325526932084309
2136 0.13249063670411984
2137 0.13242863827795975
2138 0.1323666978484565
2139 0.13230481533426836
2140 0.1322429906542056
2141 0.13218122372723026
2142 0.13211951447245565
2143 0.13205786280914605
2144 0.13199626865671643
2145 0.13193473193473193
2146 0.13187325256290774
2147 0.13181183046110853
2148 0.13175046554934824
2149 0.13168915774778966
2150 0.13162790697674417
2151 0.13156671315667132
2152 0.13150557620817843
2153 0.13144449605202044
2154 0.13138347260909936
2155 0.13132250580046403
2156 0.13126159554730985
2157 0.1312007417709782
2158 0.13113994439295645
2159 0.13107920333487727
2160 0.1310185185185185
2161 0.13095788986580287
2162 0.13089731729879742
2163 0.13083680073971335
2164 0.13077634011090572
2165 0.13071593533487297
2166 0.1306555863342567
2167 0.13059529303184125
2168 0.1305350553505535
2169 0.13047487321346243
2170 0.1304147465437788
2171 0.13035467526485492
2172 0.13029465930018416
2173 0.13023469857340084
2174 0.13017479300827967
2175 0.13011494252873562
2176 0.13005514705882354
2177 0.12999540652273772
2178 0.12993572084481175
2179 0.12987608994951813
2180 0.12981651376146788
2181 0.12975699220541037
2182 0.12969752520623282
2183 0.12963811268896014
2184 0.1295787545787546
2185 0.12951945080091534
2186 0.12946020128087832
2187 0.12940100594421583
2188 0.1293418647166362
2189 0.12928277752398357
2190 0.12922374429223743
2191 0.12916476494751256
2192 0.12910583941605838
2193 0.12904696762425902
2194 0.12898814949863263
2195 0.12892938496583142
2196 0.12887067395264118
2197 0.1288120163859809
2198 0.12875341219290265
2199 0.12869486130059118
2200 0.12863636363636363
2201 0.12857791912766925
2202 0.12851952770208902
2203 0.12846118928733546
2204 0.12840290381125227
2205 0.12834467120181406
2206 0.12828649138712603
2207 0.12822836429542364
2208 0.12817028985507245
2209 0.12811226799456768
2210 0.12805429864253393
2211 0.127996381727725
2212 0.12793851717902352
2213 0.12788070492544057
2214 0.12782294489611562
2215 0.12776523702031603
2216 0.12770758122743683
2217 0.12764997744700046
2218 0.12759242560865644
2219 0.12753492564218116
2220 0.12747747747747748
2221 0.12742008104457453
2222 0.12736273627362737
2223 0.1273054430949168
2224 0.12724820143884893
2225 0.12719101123595505
2226 0.12713387241689128
2227 0.12707678491243826
2228 0.1270197486535009
2229 0.1269627635711081
2230 0.12690582959641256
2231 0.12684894666069027
2232 0.1267921146953405
2233 0.12673533363188536
2234 0.12667860340196957
2235 0.1266219239373602
2236 0.12656529516994633
2237 0.12650871703173894
2238 0.1264521894548704
2239 0.12639571237159447
2240 0.1263392857142857
2241 0.12628290941543954
2242 0.12622658340767173
2243 0.12617030762371823
2244 0.12611408199643495
2245 0.12605790645879733
2246 0.12600178094390027
2247 0.12594570538495772
2248 0.1258896797153025
2249 0.12583370386838594
2250 0.12577777777777777
2251 0.1257219013771657
2252 0.12566607460035523
2253 0.12561029738126941
2254 0.12555456965394854
2255 0.12549889135254988
2256 0.1254432624113475
2257 0.12538768276473194
2258 0.12533215234720993
2259 0.12527667109340415
2260 0.1252212389380531
2261 0.1251658558160106
2262 0.1251105216622458
2263 0.12505523641184269
2264 0.125
2265 0.12494481236203091
2266 0.12488967343336276
2267 0.12483458314953683
2268 0.1247795414462081
2269 0.124724548259145
2270 0.12466960352422908
2271 0.12461470717745486
2272 0.12455985915492958
2273 0.12450505939287286
2274 0.12445030782761654
2275 0.12439560439560439
2276 0.12434094903339192
2277 0.12428634167764603
2278 0.12423178226514486
2279 0.12417727073277754
2280 0.12412280701754386
2281 0.12406839105655414
2282 0.12401402278702892
2283 0.12395970214629873
2284 0.12390542907180385
2285 0.12385120350109409
2286 0.12379702537182852
2287 0.12374289462177525
2288 0.12368881118881118
2289 0.1236347750109218
2290 0.12358078602620087
2291 0.12352684417285029
2292 0.12347294938917976
2293 0.12341910161360663
2294 0.12336530078465563
2295 0.1233115468409586
2296 0.12325783972125436
2297 0.12320417936438834
2298 0.12315056570931245
2299 0.12309699869508482
2300 0.12304347826086956
2301 0.12299000434593654
2302 0.12293657688966117
2303 0.1228831958315241
2304 0.1228298611111111
2305 0.1227765726681128
2306 0.12272333044232438
2307 0.12267013437364542
2308 0.12261698440207973
