1 1.0
2 1.0
3 1.0
4 1.0
5 1.0
6 1.0
7 1.0
8 1.0
9 1.0
10 1.0
11 1.0
12 1.0
13 1.0
14 1.0
15 1.0
16 1.0
17 1.0
18 1.0
19 1.0
20 1.0
21 1.0
22 1.0
23 1.0
24 1.0
25 1.0
26 1.0
27 1.0
28 1.0
29 1.0
30 1.0
31 1.0
32 1.0
33 1.0
34 1.0
35 1.0
36 1.0
37 1.0
38 1.0
39 1.0
40 1.0
41 1.0
42 1.0
43 1.0
44 1.0
45 1.0
46 1.0
47 1.0
48 1.0
49 1.0
50 0.98
51 0.9803921568627451
52 0.9615384615384616
53 0.9622641509433962
54 0.9629629629629629
55 0.9636363636363636
56 0.9642857142857143
57 0.9649122807017544
58 0.9655172413793104
59 0.9661016949152542
60 0.95
61 0.9508196721311475
62 0.9516129032258065
63 0.9523809523809523
64 0.953125
65 0.9538461538461539
66 0.9545454545454546
67 0.9552238805970149
68 0.9558823529411765
69 0.9420289855072463
70 0.9428571428571428
71 0.9436619718309859
72 0.9444444444444444
73 0.9452054794520548
74 0.9324324324324325
75 0.92
76 0.9078947368421053
77 0.8961038961038961
78 0.8974358974358975
79 0.8860759493670886
80 0.875
81 0.8765432098765432
82 0.8780487804878049
83 0.8795180722891566
84 0.8809523809523809
85 0.8705882352941177
86 0.872093023255814
87 0.8620689655172413
88 0.8636363636363636
89 0.8651685393258427
90 0.8555555555555555
91 0.8461538461538461
92 0.8478260869565217
93 0.8494623655913979
94 0.851063829787234
95 0.8526315789473684
96 0.8541666666666666
97 0.8556701030927835
98 0.8469387755102041
99 0.8484848484848485
100 0.84
101 0.8316831683168316
102 0.8333333333333334
103 0.8349514563106796
104 0.8269230769230769
105 0.819047619047619
106 0.8207547169811321
107 0.8130841121495327
108 0.8148148148148148
109 0.8165137614678899
110 0.8181818181818182
111 0.8198198198198198
112 0.8125
113 0.8053097345132744
114 0.8070175438596491
115 0.8
116 0.8017241379310345
117 0.8034188034188035
118 0.8050847457627118
119 0.7983193277310925
120 0.7916666666666666
121 0.7851239669421488
122 0.7786885245901639
123 0.7804878048780488
124 0.782258064516129
125 0.784
126 0.7857142857142857
127 0.7795275590551181
128 0.78125
129 0.7829457364341085
130 0.7769230769230769
131 0.7786259541984732
132 0.7727272727272727
133 0.7669172932330827
134 0.7611940298507462
135 0.7555555555555555
136 0.75
137 0.7518248175182481
138 0.7536231884057971
139 0.7553956834532374
140 0.75
141 0.7446808510638298
142 0.7394366197183099
143 0.7342657342657343
144 0.7291666666666666
145 0.7310344827586207
146 0.726027397260274
147 0.7210884353741497
148 0.722972972972973
149 0.7181208053691275
150 0.72
151 0.7152317880794702
152 0.7171052631578947
153 0.7189542483660131
154 0.7142857142857143
155 0.7161290322580646
156 0.717948717948718
157 0.7197452229299363
158 0.7151898734177216
159 0.710691823899371
160 0.7125
161 0.7080745341614907
162 0.7037037037037037
163 0.6993865030674846
164 0.7012195121951219
165 0.696969696969697
166 0.6927710843373494
167 0.6946107784431138
168 0.6904761904761905
169 0.6923076923076923
170 0.6882352941176471
171 0.6842105263157895
172 0.6802325581395349
173 0.6763005780346821
174 0.6781609195402298
175 0.6742857142857143
176 0.6704545454545454
177 0.672316384180791
178 0.6741573033707865
179 0.6703910614525139
180 0.6666666666666666
181 0.6629834254143646
182 0.6593406593406593
183 0.6612021857923497
184 0.657608695652174
185 0.654054054054054
186 0.6505376344086021
187 0.6470588235294118
188 0.6436170212765957
189 0.6455026455026455
190 0.6421052631578947
191 0.643979057591623
192 0.640625
193 0.6424870466321243
194 0.6391752577319587
195 0.6358974358974359
196 0.6326530612244898
197 0.6294416243654822
198 0.6262626262626263
199 0.628140703517588
200 0.625
201 0.6218905472636815
202 0.6188118811881188
203 0.6157635467980296
204 0.6127450980392157
205 0.6097560975609756
206 0.6067961165048543
207 0.6038647342995169
208 0.6009615384615384
209 0.6028708133971292
210 0.6047619047619047
211 0.6018957345971564
212 0.6037735849056604
213 0.6009389671361502
214 0.5981308411214953
215 0.5953488372093023
216 0.5925925925925926
217 0.5944700460829493
218 0.591743119266055
219 0.593607305936073
220 0.5954545454545455
221 0.5927601809954751
222 0.5945945945945946
223 0.5919282511210763
224 0.5892857142857143
225 0.5866666666666667
226 0.584070796460177
227 0.5814977973568282
228 0.5789473684210527
229 0.5764192139737991
230 0.5739130434782609
231 0.5714285714285714
232 0.5689655172413793
233 0.5665236051502146
234 0.5683760683760684
235 0.5659574468085107
236 0.5635593220338984
237 0.5611814345991561
238 0.5588235294117647
239 0.5564853556485355
240 0.5541666666666667
241 0.5518672199170125
242 0.5495867768595041
243 0.5473251028806584
244 0.5491803278688525
245 0.5469387755102041
246 0.5487804878048781
247 0.5506072874493927
248 0.5483870967741935
249 0.5461847389558233
250 0.544
251 0.545816733067729
252 0.5436507936507936
253 0.541501976284585
254 0.5393700787401575
255 0.5372549019607843
256 0.5390625
257 0.5408560311284046
258 0.5387596899224806
259 0.5366795366795367
260 0.5346153846153846
261 0.5363984674329502
262 0.5343511450381679
263 0.532319391634981
264 0.5303030303030303
265 0.5283018867924528
266 0.5263157894736842
267 0.5243445692883895
268 0.5261194029850746
269 0.5241635687732342
270 0.5222222222222223
271 0.5202952029520295
272 0.5183823529411765
273 0.5164835164835165
274 0.5145985401459854
275 0.5127272727272727
276 0.5108695652173914
277 0.5126353790613718
278 0.5107913669064749
279 0.5089605734767025
280 0.5071428571428571
281 0.505338078291815
282 0.5070921985815603
283 0.5053003533568905
284 0.5070422535211268
285 0.5087719298245614
286 0.5104895104895105
287 0.5087108013937283
288 0.5069444444444444
289 0.5051903114186851
290 0.503448275862069
291 0.5017182130584192
292 0.5034246575342466
293 0.5017064846416383
294 0.5
295 0.49830508474576274
296 0.4966216216216216
297 0.494949494949495
298 0.49328859060402686
299 0.4916387959866221
300 0.49
301 0.4883720930232558
302 0.4867549668874172
303 0.4884488448844885
304 0.4868421052631579
305 0.4852459016393443
306 0.48366013071895425
307 0.4820846905537459
308 0.4805194805194805
309 0.47896440129449835
310 0.4774193548387097
311 0.4758842443729904
312 0.47435897435897434
313 0.4728434504792332
314 0.4713375796178344
315 0.46984126984126984
316 0.47151898734177217
317 0.47003154574132494
318 0.4716981132075472
319 0.4702194357366771
320 0.46875
321 0.4672897196261682
322 0.4658385093167702
323 0.46439628482972134
324 0.46296296296296297
325 0.46153846153846156
326 0.4601226993865031
327 0.45871559633027525
328 0.4573170731707317
329 0.45592705167173253
330 0.45454545454545453
331 0.45317220543806647
332 0.45180722891566266
333 0.45345345345345345
334 0.45209580838323354
335 0.4507462686567164
336 0.4494047619047619
337 0.44807121661721067
338 0.4467455621301775
339 0.44542772861356933
340 0.4470588235294118
341 0.44868035190615835
342 0.4473684210526316
343 0.446064139941691
344 0.44476744186046513
345 0.4434782608695652
346 0.4421965317919075
347 0.4438040345821326
348 0.4454022988505747
349 0.44412607449856734
350 0.44285714285714284
351 0.4415954415954416
352 0.4403409090909091
353 0.43909348441926344
354 0.4378531073446328
355 0.43661971830985913
356 0.4353932584269663
357 0.4341736694677871
358 0.4329608938547486
359 0.43454038997214484
360 0.43333333333333335
361 0.43213296398891965
362 0.430939226519337
363 0.4325068870523416
364 0.4340659340659341
365 0.43561643835616437
366 0.4371584699453552
367 0.4359673024523161
368 0.43478260869565216
369 0.43360433604336046
370 0.43243243243243246
371 0.431266846361186
372 0.43010752688172044
373 0.4289544235924933
374 0.42780748663101603
375 0.4266666666666667
376 0.425531914893617
377 0.4244031830238727
378 0.42328042328042326
379 0.42216358839050133
380 0.42105263157894735
381 0.4199475065616798
382 0.418848167539267
383 0.4177545691906005
384 0.4166666666666667
385 0.4155844155844156
386 0.41450777202072536
387 0.4134366925064599
388 0.41494845360824745
389 0.4138817480719794
390 0.4128205128205128
391 0.4117647058823529
392 0.4107142857142857
393 0.4122137404580153
394 0.41116751269035534
395 0.41012658227848103
396 0.4116161616161616
397 0.4105793450881612
398 0.40954773869346733
399 0.40852130325814534
400 0.41
401 0.4089775561097257
402 0.4079601990049751
403 0.40694789081885857
404 0.40594059405940597
405 0.4049382716049383
406 0.4039408866995074
407 0.40294840294840295
408 0.4019607843137255
409 0.40097799511002447
410 0.4024390243902439
411 0.40389294403892945
412 0.4029126213592233
413 0.4043583535108959
414 0.4033816425120773
415 0.40240963855421685
416 0.4014423076923077
417 0.40047961630695444
418 0.39952153110047844
419 0.39856801909307876
420 0.3976190476190476
421 0.39667458432304037
422 0.3957345971563981
423 0.3947990543735225
424 0.3938679245283019
425 0.39294117647058824
426 0.392018779342723
427 0.3911007025761124
428 0.3901869158878505
429 0.38927738927738925
430 0.39069767441860465
431 0.39211136890951276
432 0.3912037037037037
433 0.3903002309468822
434 0.38940092165898615
435 0.38850574712643676
436 0.3876146788990826
437 0.38672768878718533
438 0.3858447488584475
439 0.38496583143507973
440 0.3840909090909091
441 0.3832199546485261
442 0.38235294117647056
443 0.38148984198645597
444 0.38063063063063063
445 0.3797752808988764
446 0.3789237668161435
447 0.378076062639821
448 0.37723214285714285
449 0.37639198218262804
450 0.37555555555555553
451 0.37472283813747226
452 0.37389380530973454
453 0.3730684326710817
454 0.3744493392070485
455 0.37362637362637363
456 0.37280701754385964
457 0.37199124726477023
458 0.37117903930131
459 0.37037037037037035
460 0.3695652173913043
461 0.368763557483731
462 0.36796536796536794
463 0.367170626349892
464 0.36637931034482757
465 0.3655913978494624
466 0.3648068669527897
467 0.36616702355460384
468 0.36538461538461536
469 0.3646055437100213
470 0.3638297872340426
471 0.3630573248407643
472 0.3622881355932203
473 0.36152219873150104
474 0.36075949367088606
475 0.36
476 0.3592436974789916
477 0.3584905660377358
478 0.3577405857740586
479 0.35908141962421714
480 0.35833333333333334
481 0.3575883575883576
482 0.35684647302904565
483 0.35610766045548653
484 0.3574380165289256
485 0.35670103092783506
486 0.3559670781893004
487 0.35523613963039014
488 0.35450819672131145
489 0.3537832310838446
490 0.3551020408163265
491 0.3543788187372709
492 0.35365853658536583
493 0.35294117647058826
494 0.354251012145749
495 0.35353535353535354
496 0.3528225806451613
497 0.35412474849094566
498 0.3534136546184739
499 0.3527054108216433
500 0.352
501 0.35129740518962077
502 0.350597609561753
503 0.3499005964214712
504 0.3492063492063492
505 0.3485148514851485
506 0.34980237154150196
507 0.34911242603550297
508 0.3484251968503937
509 0.3477406679764244
510 0.34705882352941175
511 0.34637964774951074
512 0.345703125
513 0.34502923976608185
514 0.3443579766536965
515 0.34368932038834954
516 0.3430232558139535
517 0.34235976789168276
518 0.3416988416988417
519 0.34104046242774566
520 0.3403846153846154
521 0.3397312859884837
522 0.3390804597701149
523 0.3384321223709369
524 0.3377862595419847
525 0.33714285714285713
526 0.3365019011406844
527 0.33586337760910817
528 0.3352272727272727
529 0.33459357277882795
530 0.3339622641509434
531 0.3333333333333333
532 0.33270676691729323
533 0.3320825515947467
534 0.33146067415730335
535 0.33084112149532713
536 0.3302238805970149
537 0.329608938547486
538 0.32899628252788105
539 0.32838589981447125
540 0.3277777777777778
541 0.32717190388170053
542 0.32656826568265684
543 0.3259668508287293
544 0.32536764705882354
545 0.3247706422018349
546 0.3241758241758242
547 0.3235831809872029
548 0.32299270072992703
549 0.3224043715846995
550 0.32181818181818184
551 0.32123411978221417
552 0.32065217391304346
553 0.32007233273056057
554 0.3194945848375451
555 0.31891891891891894
556 0.32014388489208634
557 0.31956912028725315
558 0.31899641577060933
559 0.3184257602862254
560 0.3196428571428571
561 0.31907308377896615
562 0.3185053380782918
563 0.3197158081705151
564 0.3191489361702128
565 0.3185840707964602
566 0.31802120141342755
567 0.31746031746031744
568 0.31690140845070425
569 0.3163444639718805
570 0.3175438596491228
571 0.3169877408056042
572 0.31643356643356646
573 0.3158813263525305
574 0.3153310104529617
575 0.31478260869565217
576 0.3142361111111111
577 0.31369150779896016
578 0.31314878892733566
579 0.3126079447322971
580 0.3137931034482759
581 0.3132530120481928
582 0.3127147766323024
583 0.31217838765008576
584 0.3116438356164384
585 0.3111111111111111
586 0.310580204778157
587 0.31175468483816016
588 0.3112244897959184
589 0.31069609507640067
590 0.3101694915254237
591 0.3096446700507614
592 0.3091216216216216
593 0.3086003372681282
594 0.30808080808080807
595 0.30756302521008405
596 0.3070469798657718
597 0.3065326633165829
598 0.3060200668896321
599 0.3055091819699499
600 0.30666666666666664
601 0.30615640599001664
602 0.30564784053156147
603 0.30514096185737977
604 0.304635761589404
605 0.30413223140495865
606 0.30363036303630364
607 0.3031301482701812
608 0.3026315789473684
609 0.3021346469622332
610 0.3016393442622951
611 0.3011456628477905
612 0.3006535947712418
613 0.300163132137031
614 0.2996742671009772
615 0.2991869918699187
616 0.2987012987012987
617 0.29821717990275526
618 0.2977346278317152
619 0.2972536348949919
620 0.2967741935483871
621 0.2962962962962963
622 0.2958199356913183
623 0.2953451043338684
624 0.2948717948717949
625 0.2944
626 0.2939297124600639
627 0.2934609250398724
628 0.2929936305732484
629 0.29252782193958665
630 0.2920634920634921
631 0.29160063391442154
632 0.2911392405063291
633 0.29067930489731436
634 0.2902208201892745
635 0.28976377952755905
636 0.2893081761006289
637 0.28885400313971743
638 0.2884012539184953
639 0.28794992175273865
640 0.2875
641 0.2870514820592824
642 0.2866043613707165
643 0.28615863141524106
644 0.2857142857142857
645 0.28527131782945736
646 0.2848297213622291
647 0.28438948995363217
648 0.2839506172839506
649 0.2835130970724191
650 0.28307692307692306
651 0.282642089093702
652 0.2822085889570552
653 0.28177641653905056
654 0.28134556574923547
655 0.28091603053435116
656 0.2804878048780488
657 0.2800608828006088
658 0.2796352583586626
659 0.27921092564491656
660 0.2787878787878788
661 0.2783661119515885
662 0.27794561933534745
663 0.277526395173454
664 0.27710843373493976
665 0.27669172932330827
666 0.2777777777777778
667 0.2773613193403298
668 0.27844311377245506
669 0.27802690582959644
670 0.27761194029850744
671 0.27719821162444114
672 0.2767857142857143
673 0.2763744427934621
674 0.27596439169139464
675 0.27555555555555555
676 0.27514792899408286
677 0.27474150664697194
678 0.2743362831858407
679 0.27540500736377027
680 0.275
681 0.2745961820851689
682 0.27419354838709675
683 0.27379209370424595
684 0.2733918128654971
685 0.27445255474452557
686 0.27405247813411077
687 0.27365356622998543
688 0.27325581395348836
689 0.2728592162554427
690 0.27246376811594203
691 0.27206946454413894
692 0.27167630057803466
693 0.2712842712842713
694 0.27089337175792505
695 0.27050359712230215
696 0.27011494252873564
697 0.2697274031563845
698 0.2693409742120344
699 0.26895565092989987
700 0.26857142857142857
701 0.268188302425107
702 0.2678062678062678
703 0.267425320056899
704 0.26704545454545453
705 0.26666666666666666
706 0.26628895184135976
707 0.26591230551626593
708 0.2655367231638418
709 0.2651622002820874
710 0.2647887323943662
711 0.26441631504922647
712 0.2640449438202247
713 0.26367461430575034
714 0.26330532212885155
715 0.2629370629370629
716 0.26256983240223464
717 0.26359832635983266
718 0.26323119777158777
719 0.26286509040333794
720 0.2625
721 0.2621359223300971
722 0.26177285318559557
723 0.26141078838174275
724 0.2610497237569061
725 0.26068965517241377
726 0.2603305785123967
727 0.25997248968363135
728 0.25961538461538464
729 0.25925925925925924
730 0.2589041095890411
731 0.2585499316005472
732 0.2581967213114754
733 0.2578444747612551
734 0.2574931880108992
735 0.2571428571428571
736 0.25679347826086957
737 0.2564450474898236
738 0.25609756097560976
739 0.2557510148849797
740 0.2554054054054054
741 0.2550607287449393
742 0.25471698113207547
743 0.2543741588156124
744 0.2540322580645161
745 0.2536912751677852
746 0.25335120643431636
747 0.25301204819277107
748 0.25267379679144386
749 0.2523364485981308
750 0.252
751 0.25166444740346205
752 0.25132978723404253
753 0.250996015936255
754 0.2506631299734748
755 0.2503311258278146
756 0.25
757 0.24966974900924702
758 0.24934036939313983
759 0.2490118577075099
760 0.24868421052631579
761 0.2483574244415243
762 0.24803149606299213
763 0.2490170380078637
764 0.2486910994764398
765 0.24836601307189543
766 0.24804177545691905
767 0.24771838331160365
768 0.24739583333333334
769 0.247074122236671
770 0.24675324675324675
771 0.24643320363164722
772 0.24611398963730569
773 0.24579560155239327
774 0.2454780361757106
775 0.24516129032258063
776 0.24484536082474226
777 0.24453024453024452
778 0.2442159383033419
779 0.24390243902439024
780 0.24358974358974358
781 0.24327784891165172
782 0.24296675191815856
783 0.24265644955300128
784 0.2423469387755102
785 0.24203821656050956
786 0.24173027989821882
787 0.241423125794155
788 0.24111675126903553
789 0.24081115335868186
790 0.24050632911392406
791 0.2402022756005057
792 0.2398989898989899
793 0.23959646910466584
794 0.23929471032745592
795 0.2389937106918239
796 0.23869346733668342
797 0.2383939774153074
798 0.23809523809523808
799 0.23779724655819776
800 0.2375
801 0.23720349563046192
802 0.23690773067331672
803 0.23661270236612703
804 0.236318407960199
805 0.2360248447204969
806 0.23573200992555832
807 0.23543990086741015
808 0.23514851485148514
809 0.23485784919653893
810 0.23580246913580247
811 0.23551171393341552
812 0.23522167487684728
813 0.23493234932349324
814 0.23464373464373464
815 0.2343558282208589
816 0.2340686274509804
817 0.23378212974296206
818 0.2334963325183374
819 0.23321123321123322
820 0.2329268292682927
821 0.23264311814859928
822 0.23236009732360097
823 0.23207776427703525
824 0.23179611650485438
825 0.2315151515151515
826 0.23123486682808717
827 0.2309552599758162
828 0.23067632850241546
829 0.23039806996381182
830 0.23012048192771084
831 0.22984356197352587
832 0.22956730769230768
833 0.22929171668667467
834 0.2290167865707434
835 0.22874251497005987
836 0.2284688995215311
837 0.22819593787335724
838 0.22792362768496421
839 0.22765196662693682
840 0.22738095238095238
841 0.22711058263971462
842 0.22684085510688837
843 0.2265717674970344
844 0.22630331753554503
845 0.22603550295857988
846 0.22576832151300236
847 0.2255017709563164
848 0.22523584905660377
849 0.2249705535924617
850 0.22470588235294117
851 0.2256169212690952
852 0.22535211267605634
853 0.2250879249706917
854 0.22482435597189696
855 0.22456140350877193
856 0.22429906542056074
857 0.22403733955659277
858 0.22377622377622378
859 0.22351571594877764
860 0.22325581395348837
861 0.2229965156794425
862 0.22273781902552203
863 0.22247972190034762
864 0.2222222222222222
865 0.22196531791907514
866 0.22170900692840648
867 0.22145328719723184
868 0.22119815668202766
869 0.22094361334867663
870 0.2206896551724138
871 0.22158438576349024
872 0.2213302752293578
873 0.22107674684994272
874 0.2208237986270023
875 0.22057142857142858
876 0.22031963470319635
877 0.22006841505131128
878 0.21981776765375854
879 0.21956769055745165
880 0.21931818181818183
881 0.21906923950056753
882 0.21882086167800455
883 0.21857304643261607
884 0.21832579185520362
885 0.21807909604519773
886 0.2178329571106095
887 0.21758737316798196
888 0.21734234234234234
889 0.2170978627671541
890 0.21685393258426966
891 0.2166105499438833
892 0.2163677130044843
893 0.21612541993281076
894 0.21588366890380314
895 0.21564245810055865
896 0.21540178571428573
897 0.21516164994425863
898 0.21492204899777284
899 0.21579532814238042
900 0.21555555555555556
901 0.2153163152053274
902 0.21507760532150777
903 0.21483942414174972
904 0.2157079646017699
905 0.2154696132596685
906 0.2152317880794702
907 0.21499448732083792
908 0.21475770925110133
909 0.2145214521452145
910 0.21428571428571427
911 0.21405049396267836
912 0.2138157894736842
913 0.21358159912376778
914 0.21334792122538293
915 0.21311475409836064
916 0.212882096069869
917 0.21264994547437296
918 0.21241830065359477
919 0.21218715995647444
920 0.21195652173913043
921 0.21172638436482086
922 0.21149674620390455
923 0.2112676056338028
924 0.21103896103896103
925 0.21081081081081082
926 0.21058315334773217
927 0.21035598705501618
928 0.2101293103448276
929 0.20990312163616792
930 0.20967741935483872
931 0.20945220193340494
932 0.2092274678111588
933 0.2090032154340836
934 0.20877944325481798
935 0.20855614973262032
936 0.20833333333333334
937 0.20811099252934898
938 0.20788912579957355
939 0.20766773162939298
940 0.2074468085106383
941 0.20722635494155153
942 0.2070063694267516
943 0.2067868504772004
944 0.2065677966101695
945 0.20634920634920634
946 0.20613107822410148
947 0.20591341077085534
948 0.20675105485232068
949 0.2065331928345627
950 0.2063157894736842
951 0.20609884332281808
952 0.20588235294117646
953 0.20566631689401887
954 0.20545073375262055
955 0.20523560209424083
956 0.20502092050209206
957 0.20480668756530826
958 0.2045929018789144
959 0.20437956204379562
960 0.20416666666666666
961 0.20395421436004163
962 0.20374220374220375
963 0.2035306334371755
964 0.2033195020746888
965 0.20310880829015543
966 0.2028985507246377
967 0.20268872802481902
968 0.2024793388429752
969 0.20330237358101136
970 0.20309278350515464
971 0.20288362512873326
972 0.20267489711934156
973 0.20246659815005139
974 0.20225872689938398
975 0.20205128205128206
976 0.20184426229508196
977 0.2016376663254862
978 0.20143149284253578
979 0.20122574055158324
980 0.2010204081632653
981 0.20081549439347604
982 0.20061099796334012
983 0.20040691759918616
984 0.20020325203252032
985 0.2
986 0.1997971602434077
987 0.19959473150962512
988 0.20040485829959515
989 0.20020222446916078
990 0.2
991 0.19979818365287588
992 0.19959677419354838
993 0.19939577039274925
994 0.19919517102615694
995 0.19899497487437187
996 0.19879518072289157
997 0.19859578736208625
998 0.19839679358717435
999 0.1981981981981982
1000 0.198
1001 0.1978021978021978
1002 0.19760479041916168
1003 0.19740777666999004
1004 0.19721115537848605
1005 0.19701492537313434
1006 0.19681908548707752
1007 0.19662363455809334
1008 0.19642857142857142
1009 0.1962338949454906
1010 0.19603960396039605
1011 0.19584569732937684
1012 0.1956521739130435
1013 0.19545903257650543
1014 0.1952662721893491
1015 0.19507389162561575
1016 0.19488188976377951
1017 0.19469026548672566
1018 0.1944990176817289
1019 0.1943081452404318
1020 0.19411764705882353
1021 0.1939275220372184
1022 0.19373776908023482
1023 0.19452590420332355
1024 0.1943359375
1025 0.19414634146341464
1026 0.19395711500974658
1027 0.1937682570593963
1028 0.193579766536965
1029 0.1933916423712342
1030 0.19320388349514564
1031 0.1930164888457808
1032 0.1928294573643411
1033 0.19264278799612777
1034 0.19245647969052224
1035 0.19227053140096617
1036 0.1920849420849421
1037 0.1918997107039537
1038 0.19171483622350674
1039 0.1915303176130895
1040 0.19134615384615383
1041 0.19116234390009607
1042 0.190978886756238
1043 0.19079578139980824
1044 0.19061302681992337
1045 0.19043062200956937
1046 0.19024856596558318
1047 0.19006685768863418
1048 0.1898854961832061
1049 0.18970448045757865
1050 0.1895238095238095
1051 0.18934348239771645
1052 0.18916349809885932
1053 0.1889838556505223
1054 0.1888045540796964
1055 0.18862559241706162
1056 0.1884469696969697
1057 0.18826868495742669
1058 0.1880907372400756
1059 0.18885741265344666
1060 0.18867924528301888
1061 0.1885014137606032
1062 0.18832391713747645
1063 0.18814675446848542
1064 0.18796992481203006
1065 0.18779342723004694
1066 0.18761726078799248
1067 0.18744142455482662
1068 0.18726591760299627
1069 0.18709073900841908
1070 0.18691588785046728
1071 0.18674136321195145
1072 0.1865671641791045
1073 0.1863932898415657
1074 0.186219739292365
1075 0.18604651162790697
1076 0.18587360594795538
1077 0.18570102135561745
1078 0.18552875695732837
1079 0.18535681186283595
1080 0.18518518518518517
1081 0.18501387604070305
1082 0.18484288354898337
1083 0.18467220683287167
1084 0.18450184501845018
1085 0.18433179723502305
1086 0.1841620626151013
1087 0.18399264029438822
1088 0.18382352941176472
1089 0.18365472910927455
1090 0.1834862385321101
1091 0.18331805682859761
1092 0.18315018315018314
1093 0.18298261665141813
1094 0.18281535648994515
1095 0.182648401826484
1096 0.18248175182481752
1097 0.18231540565177756
1098 0.18214936247723132
1099 0.18198362147406733
1100 0.18181818181818182
1101 0.18165304268846502
1102 0.18148820326678766
1103 0.1813236627379873
1104 0.18115942028985507
1105 0.18099547511312217
1106 0.18083182640144665
1107 0.18066847335140018
1108 0.18140794223826714
1109 0.1812443642921551
1110 0.1810810810810811
1111 0.18091809180918092
1112 0.18075539568345322
1113 0.18059299191374664
1114 0.18043087971274685
1115 0.18026905829596412
1116 0.18010752688172044
1117 0.17994628469113697
1118 0.17978533094812166
1119 0.17962466487935658
1120 0.17946428571428572
1121 0.1793041926851026
1122 0.17914438502673796
1123 0.17898486197684774
1124 0.17882562277580072
1125 0.17866666666666667
1126 0.17850799289520428
1127 0.17834960070984915
1128 0.17819148936170212
1129 0.17803365810451727
1130 0.17787610619469027
1131 0.17771883289124668
1132 0.1775618374558304
1133 0.17740511915269197
1134 0.17724867724867724
1135 0.17709251101321585
1136 0.17693661971830985
1137 0.17678100263852242
1138 0.1766256590509666
1139 0.17647058823529413
1140 0.17719298245614035
1141 0.17703768624014024
1142 0.17688266199649738
1143 0.17672790901137359
1144 0.17657342657342656
1145 0.17641921397379912
1146 0.1762652705061082
1147 0.17611159546643418
1148 0.1759581881533101
1149 0.17580504786771106
1150 0.17565217391304347
1151 0.17549956559513466
1152 0.1753472222222222
1153 0.17519514310494363
1154 0.17504332755632582
1155 0.1748917748917749
1156 0.17474048442906576
1157 0.17458945548833188
1158 0.17443868739205526
1159 0.1742881794650561
1160 0.17413793103448275
1161 0.1739879414298019
1162 0.1738382099827883
1163 0.17368873602751506
1164 0.17353951890034364
1165 0.17339055793991417
1166 0.1732418524871355
1167 0.17309340188517566
1168 0.17294520547945205
1169 0.1727972626176219
1170 0.17264957264957265
1171 0.17250213492741248
1172 0.17235494880546076
1173 0.17220801364023872
1174 0.17206132879045996
1175 0.17191489361702128
1176 0.1717687074829932
1177 0.17162276975361088
1178 0.17147707979626486
1179 0.17133163698049195
1180 0.1711864406779661
1181 0.1718882303132938
1182 0.17174280879864637
1183 0.17159763313609466
1184 0.17145270270270271
1185 0.17215189873417722
1186 0.17200674536256325
1187 0.17186183656276327
1188 0.1717171717171717
1189 0.17157275021026072
1190 0.1722689075630252
1191 0.17212426532325778
1192 0.17197986577181207
1193 0.17183570829840739
1194 0.17169179229480738
1195 0.17154811715481172
1196 0.1714046822742475
1197 0.17126148705096073
1198 0.17111853088480802
1199 0.17097581317764804
1200 0.17083333333333334
1201 0.17069109075770192
1202 0.17054908485856904
1203 0.17040731504571904
1204 0.17026578073089702
1205 0.17012448132780084
1206 0.16998341625207297
1207 0.16984258492129245
1208 0.1697019867549669
1209 0.1695616211745244
1210 0.16942148760330578
1211 0.16928158546655656
1212 0.16914191419141913
1213 0.169002473206925
1214 0.16886326194398682
1215 0.16872427983539096
1216 0.16858552631578946
1217 0.1684470008216927
1218 0.1683087027914614
1219 0.1681706316652994
1220 0.1680327868852459
1221 0.1678951678951679
1222 0.16775777414075285
1223 0.16762060506950122
1224 0.16748366013071894
1225 0.1673469387755102
1226 0.16721044045676997
1227 0.16707416462917685
1228 0.16693811074918566
1229 0.16680227827502034
1230 0.16666666666666666
1231 0.16653127538586515
1232 0.1663961038961039
1233 0.16626115166261152
1234 0.16612641815235007
1235 0.1659919028340081
1236 0.16585760517799353
1237 0.16572352465642684
1238 0.16558966074313408
1239 0.16545601291364004
1240 0.16532258064516128
1241 0.1651893634165995
1242 0.16505636070853463
1243 0.16492357200321803
1244 0.1647909967845659
1245 0.1646586345381526
1246 0.16452648475120385
1247 0.16439454691259023
1248 0.1642628205128205
1249 0.16413130504403523
1250 0.164
1251 0.16386890487609912
1252 0.16373801916932906
1253 0.1636073423782921
1254 0.1634768740031898
1255 0.16334661354581673
1256 0.16321656050955413
1257 0.16388225934765313
1258 0.16375198728139906
1259 0.1636219221604448
1260 0.1634920634920635
1261 0.1633624107850912
1262 0.16323296354992076
1263 0.16310372129849565
1264 0.1629746835443038
1265 0.16284584980237155
1266 0.1627172195892575
1267 0.16258879242304658
1268 0.16246056782334384
1269 0.16233254531126873
1270 0.16220472440944883
1271 0.16207710464201416
1272 0.1619496855345912
1273 0.16182246661429694
1274 0.16169544740973313
1275 0.16156862745098038
1276 0.1614420062695925
1277 0.16131558339859045
1278 0.16118935837245696
1279 0.16106333072713058
1280 0.1609375
1281 0.16081186572989853
1282 0.1606864274570983
1283 0.16056118472330475
1284 0.16043613707165108
1285 0.16031128404669262
1286 0.16018662519440124
1287 0.16006216006216006
1288 0.15993788819875776
1289 0.15981380915438323
1290 0.15968992248062017
1291 0.15956622773044152
1292 0.15944272445820434
1293 0.15931941221964424
1294 0.15919629057187018
1295 0.15907335907335907
1296 0.1597222222222222
1297 0.15959907478797225
1298 0.15947611710323575
1299 0.15935334872979215
1300 0.15923076923076923
1301 0.15910837817063797
1302 0.15898617511520738
1303 0.15886415963161934
1304 0.15874233128834356
1305 0.15862068965517243
1306 0.1584992343032159
1307 0.15837796480489671
1308 0.15825688073394495
1309 0.15813598166539344
1310 0.15801526717557252
1311 0.15789473684210525
1312 0.15777439024390244
1313 0.15765422696115766
1314 0.15753424657534246
1315 0.1574144486692015
1316 0.15729483282674772
1317 0.1571753986332574
1318 0.15705614567526555
1319 0.15693707354056102
1320 0.15681818181818183
1321 0.1566994700984103
1322 0.15658093797276854
1323 0.1564625850340136
1324 0.15634441087613293
1325 0.15622641509433963
1326 0.15610859728506787
1327 0.15599095704596835
1328 0.1558734939759036
1329 0.15575620767494355
1330 0.1556390977443609
1331 0.1555221637866266
1332 0.1554054054054054
1333 0.15528882220555137
1334 0.15517241379310345
1335 0.1550561797752809
1336 0.15494011976047903
1337 0.15482423335826478
1338 0.1547085201793722
1339 0.15459297983569828
1340 0.15447761194029852
1341 0.15436241610738255
1342 0.15424739195231
1343 0.154132539091586
1344 0.15401785714285715
1345 0.15390334572490708
1346 0.1537890044576523
1347 0.15367483296213807
1348 0.15356083086053413
1349 0.15344699777613047
1350 0.15333333333333332
1351 0.153219837157661
1352 0.15310650887573965
1353 0.15299334811529933
1354 0.15288035450516987
1355 0.15276752767527677
1356 0.15265486725663716
1357 0.15254237288135594
1358 0.15243004418262152
1359 0.152317880794702
1360 0.15220588235294116
1361 0.15282880235121235
1362 0.1527165932452276
1363 0.15260454878943508
1364 0.15249266862170088
1365 0.1523809523809524
1366 0.15226939970717424
1367 0.15215801024140455
1368 0.15204678362573099
1369 0.15193571950328708
1370 0.15182481751824817
1371 0.15171407731582787
1372 0.15160349854227406
1373 0.15149308084486526
1374 0.15138282387190685
1375 0.15127272727272728
1376 0.1511627906976744
1377 0.15105301379811184
1378 0.1509433962264151
1379 0.15083393763596809
1380 0.15072463768115943
1381 0.15061549601737872
1382 0.15050651230101303
1383 0.15039768618944324
1384 0.15028901734104047
1385 0.15018050541516245
1386 0.15007215007215008
1387 0.1499639509733237
1388 0.14985590778097982
1389 0.14974802015838734
1390 0.14964028776978416
1391 0.14953271028037382
1392 0.14942528735632185
1393 0.14931801866475233
1394 0.1492109038737446
1395 0.14910394265232976
1396 0.1489971346704871
1397 0.148890479599141
1398 0.14878397711015737
1399 0.14867762687634023
1400 0.14857142857142858
1401 0.14846538187009278
1402 0.14835948644793154
1403 0.1482537419814683
1404 0.14814814814814814
1405 0.1480427046263345
1406 0.14793741109530584
1407 0.1478322672352523
1408 0.14772727272727273
1409 0.14762242725337119
1410 0.1475177304964539
1411 0.147413182140326
1412 0.14801699716713881
1413 0.14791224345364473
1414 0.1478076379066478
1415 0.14770318021201415
1416 0.1475988700564972
1417 0.14749470712773466
1418 0.1473906911142454
1419 0.14728682170542637
1420 0.1471830985915493
1421 0.1470795214637579
1422 0.1469760900140647
1423 0.14687280393534785
1424 0.14676966292134833
1425 0.14666666666666667
1426 0.14656381486676018
1427 0.14646110721793973
1428 0.14635854341736695
1429 0.1462561231630511
1430 0.14615384615384616
1431 0.14605171208944795
1432 0.14594972067039105
1433 0.14584787159804605
1434 0.14574616457461645
1435 0.1456445993031359
1436 0.14554317548746518
1437 0.1454418928322895
1438 0.14534075104311545
1439 0.14523974982626825
1440 0.1451388888888889
1441 0.1450381679389313
1442 0.1449375866851595
1443 0.14483714483714483
1444 0.14473684210526316
1445 0.14463667820069204
1446 0.14453665283540804
1447 0.14443676572218384
1448 0.14433701657458564
1449 0.14423740510697033
1450 0.14413793103448275
1451 0.14403859407305306
1452 0.14393939393939395
1453 0.14384033035099794
1454 0.1437414030261348
1455 0.1436426116838488
1456 0.14354395604395603
1457 0.14344543582704186
1458 0.14334705075445817
1459 0.14324880054832076
1460 0.14315068493150684
1461 0.1430527036276523
1462 0.1429548563611491
1463 0.14285714285714285
1464 0.14275956284153005
1465 0.14266211604095563
1466 0.14256480218281037
1467 0.14246762099522836
1468 0.14237057220708446
1469 0.14227365554799182
1470 0.14217687074829932
1471 0.14208021753908906
1472 0.14198369565217392
1473 0.14188730482009504
1474 0.1417910447761194
1475 0.14169491525423727
1476 0.14159891598915988
1477 0.14150304671631686
1478 0.14140730717185385
1479 0.14131169709263017
1480 0.14121621621621622
1481 0.1411208642808913
1482 0.14102564102564102
1483 0.1409305461901551
1484 0.1408355795148248
1485 0.14074074074074075
1486 0.14064602960969044
1487 0.14055144586415602
1488 0.14045698924731181
1489 0.14036265950302215
1490 0.14026845637583893
1491 0.14017437961099932
1492 0.1400804289544236
1493 0.13998660415271266
1494 0.1398929049531459
1495 0.13979933110367893
1496 0.13970588235294118
1497 0.1396125584502338
1498 0.13951935914552738
1499 0.13942628418945963
1500 0.13933333333333334
1501 0.13924050632911392
1502 0.13914780292942744
1503 0.13905522288755823
1504 0.1389627659574468
1505 0.1388704318936877
1506 0.1387782204515272
1507 0.1386861313868613
1508 0.13925729442970822
1509 0.13916500994035785
1510 0.1390728476821192
1511 0.13898080741230973
1512 0.1388888888888889
1513 0.13879709187045605
1514 0.13870541611624834
1515 0.13861386138613863
1516 0.13852242744063326
1517 0.13843111404087013
1518 0.1383399209486166
1519 0.1382488479262673
1520 0.13815789473684212
1521 0.13806706114398423
1522 0.13797634691195795
1523 0.13788575180564674
1524 0.1377952755905512
1525 0.1377049180327869
1526 0.13761467889908258
1527 0.137524557956778
1528 0.13743455497382198
1529 0.13734466971877043
1530 0.13725490196078433
1531 0.13716525146962769
1532 0.1370757180156658
1533 0.136986301369863
1534 0.13689700130378096
1535 0.13680781758957655
1536 0.13671875
1537 0.13662979830839297
1538 0.13654096228868662
1539 0.1364522417153996
1540 0.13636363636363635
1541 0.136275146009085
1542 0.13618677042801555
1543 0.13609850939727802
1544 0.13601036269430053
1545 0.13592233009708737
1546 0.13583441138421734
1547 0.13574660633484162
1548 0.13565891472868216
1549 0.1355713363460297
1550 0.13548387096774195
1551 0.13539651837524178
1552 0.13530927835051546
1553 0.13522215067611076
1554 0.13513513513513514
1555 0.13504823151125403
1556 0.13496143958868895
1557 0.1348747591522158
1558 0.13478818998716302
1559 0.13470173187940987
1560 0.1346153846153846
1561 0.13452914798206278
1562 0.13444302176696543
1563 0.1343570057581574
1564 0.13427109974424553
1565 0.134185303514377
1566 0.13409961685823754
1567 0.13401403956604976
1568 0.13392857142857142
1569 0.1338432122370937
1570 0.1337579617834395
1571 0.1336728198599618
1572 0.13358778625954199
1573 0.13350286077558804
1574 0.13341804320203304
1575 0.13333333333333333
1576 0.13324873096446702
1577 0.13316423589093215
1578 0.13307984790874525
1579 0.13299556681443953
1580 0.13291139240506328
1581 0.13282732447817835
1582 0.13274336283185842
1583 0.1326595072646873
1584 0.13257575757575757
1585 0.13249211356466878
1586 0.13240857503152584
1587 0.1323251417769376
1588 0.13224181360201512
1589 0.13215859030837004
1590 0.1320754716981132
1591 0.13199245757385292
1592 0.13190954773869346
1593 0.1318267419962335
1594 0.13174404015056462
1595 0.13166144200626959
1596 0.13157894736842105
1597 0.13149655604257984
1598 0.13141426783479349
1599 0.13133208255159476
1600 0.13125
1601 0.1311680199875078
1602 0.13108614232209737
1603 0.13100436681222707
1604 0.13092269326683292
1605 0.1308411214953271
1606 0.1307596513075965
1607 0.13067828251400124
1608 0.13059701492537312
1609 0.1305158483530143
1610 0.13043478260869565
1611 0.1303538175046555
1612 0.13027295285359802
1613 0.13019218846869188
1614 0.13011152416356878
1615 0.13003095975232198
1616 0.12995049504950495
1617 0.12987012987012986
1618 0.12978986402966625
1619 0.12970969734403953
1620 0.12962962962962962
1621 0.1295496607032696
1622 0.12946979038224415
1623 0.12939001848428835
1624 0.12931034482758622
1625 0.12923076923076923
1626 0.12915129151291513
1627 0.1290719114935464
1628 0.128992628992629
1629 0.1289134438305709
1630 0.12883435582822086
1631 0.12875536480686695
1632 0.12867647058823528
1633 0.12859767299448868
1634 0.12851897184822522
1635 0.12844036697247707
1636 0.12836185819070906
1637 0.12828344532681735
1638 0.1282051282051282
1639 0.12812690665039658
1640 0.12804878048780488
1641 0.12797074954296161
1642 0.1278928136419001
1643 0.1278149726110773
1644 0.12773722627737227
1645 0.1276595744680851
1646 0.1275820170109356
1647 0.12750455373406194
1648 0.12742718446601942
1649 0.12734990903577925
1650 0.12727272727272726
1651 0.12719563900666264
1652 0.1271186440677966
1653 0.12704174228675136
1654 0.12696493349455865
1655 0.1268882175226586
1656 0.12681159420289856
1657 0.12673506336753168
1658 0.12665862484921592
1659 0.12658227848101267
1660 0.12650602409638553
1661 0.12642986152919927
1662 0.1263537906137184
1663 0.12627781118460613
1664 0.12620192307692307
1665 0.12612612612612611
1666 0.12605042016806722
1667 0.1259748050389922
1668 0.12589928057553956
1669 0.12582384661473936
1670 0.12574850299401197
1671 0.12567324955116696
1672 0.1255980861244019
1673 0.12552301255230125
1674 0.12544802867383512
1675 0.1253731343283582
1676 0.12529832935560858
1677 0.1252236135957066
1678 0.12514898688915377
1679 0.12507444907683143
1680 0.125
1681 0.12492563950029745
1682 0.1248513674197384
1683 0.12477718360071301
1684 0.12470308788598575
1685 0.12462908011869436
1686 0.12455516014234876
1687 0.12448132780082988
1688 0.12440758293838862
1689 0.12433392539964476
1690 0.1242603550295858
1691 0.12418687167356594
1692 0.12411347517730496
1693 0.12404016538688718
1694 0.12396694214876033
1695 0.12389380530973451
1696 0.12382075471698113
1697 0.12374779021803183
1698 0.12367491166077739
1699 0.12360211889346674
1700 0.12352941176470589
1701 0.12345679012345678
1702 0.12338425381903642
1703 0.12331180270111568
1704 0.12323943661971831
1705 0.12316715542521994
1706 0.123094958968347
1707 0.12302284710017575
1708 0.12295081967213115
1709 0.12287887653598596
1710 0.12280701754385964
1711 0.12273524254821741
1712 0.12266355140186916
1713 0.12259194395796848
1714 0.12252042007001167
1715 0.12244897959183673
1716 0.12237762237762238
1717 0.12230634828188701
1718 0.12223515715948778
1719 0.12216404886561955
1720 0.12267441860465116
1721 0.12260313771063336
1722 0.12253193960511034
1723 0.122460824143935
1724 0.12238979118329467
1725 0.12231884057971014
1726 0.12224797219003476
1727 0.12217718587145339
1728 0.12210648148148148
1729 0.12203585887796414
1730 0.12196531791907514
1731 0.121894858463316
1732 0.12182448036951501
1733 0.12175418349682632
1734 0.12168396770472895
1735 0.12161383285302593
1736 0.12154377880184332
1737 0.12147380541162925
1738 0.12140391254315305
1739 0.12133410005750431
1740 0.12126436781609196
1741 0.12119471568064331
1742 0.12112514351320322
1743 0.12105565117613311
1744 0.12098623853211009
1745 0.12091690544412607
1746 0.12084765177548683
1747 0.12077847738981111
1748 0.12070938215102975
1749 0.12064036592338478
1750 0.12057142857142857
1751 0.12050256996002284
1752 0.1204337899543379
1753 0.12036508841985168
1754 0.12029646522234892
1755 0.12022792022792023
1756 0.12015945330296128
1757 0.12009106431417188
1758 0.12002275312855518
1759 0.11995451961341672
1760 0.11988636363636364
1761 0.1198182850653038
1762 0.12031782065834279
1763 0.12024957458876914
1764 0.12018140589569161
1765 0.12011331444759207
1766 0.12004530011325028
1767 0.11997736276174306
1768 0.11990950226244344
1769 0.11984171848501979
1770 0.11977401129943503
1771 0.11970638057594579
1772 0.11963882618510158
1773 0.11957134799774394
1774 0.11950394588500564
1775 0.11943661971830986
1776 0.11936936936936937
1777 0.1193021947101857
1778 0.11923509561304838
1779 0.11916807195053401
1780 0.11910112359550562
1781 0.11903425042111174
1782 0.11896745230078563
1783 0.11890072910824454
1784 0.11883408071748879
1785 0.11876750700280111
1786 0.1187010078387458
1787 0.11863458310016788
1788 0.1185682326621924
1789 0.11850195640022358
1790 0.11843575418994413
1791 0.11836962590731435
1792 0.11830357142857142
1793 0.11823759063022866
1794 0.11817168338907469
1795 0.1181058495821727
1796 0.11804008908685969
1797 0.11797440178074568
1798 0.11790878754171301
1799 0.1178432462479155
1800 0.11777777777777777
1801 0.11771238200999445
1802 0.11764705882352941
1803 0.11758180809761509
1804 0.11751662971175167
1805 0.11745152354570637
1806 0.11738648947951273
1807 0.11732152739346983
1808 0.1172566371681416
1809 0.11719181868435599
1810 0.11712707182320442
1811 0.11706239646604086
1812 0.11699779249448124
1813 0.11693325979040264
1814 0.11686879823594266
1815 0.11680440771349862
1816 0.11674008810572688
1817 0.11667583929554211
1818 0.11661166116611661
1819 0.11654755360087961
1820 0.11648351648351649
1821 0.11641954969796815
1822 0.1163556531284303
1823 0.11629182665935271
1824 0.1162280701754386
1825 0.11616438356164384
1826 0.11610076670317634
1827 0.11603721948549535
1828 0.11597374179431072
1829 0.11591033351558229
1830 0.11584699453551912
1831 0.11578372474057892
1832 0.11572052401746726
1833 0.11565739225313694
1834 0.11559432933478735
1835 0.11553133514986376
1836 0.11546840958605664
1837 0.11540555253130104
1838 0.11534276387377584
1839 0.11528004350190321
1840 0.11521739130434783
1841 0.11515480717001629
1842 0.11509229098805646
1843 0.1155724362452523
1844 0.11550976138828634
1845 0.11544715447154472
1846 0.11538461538461539
1847 0.11532214401732539
1848 0.11525974025974026
1849 0.11519740400216333
1850 0.11513513513513514
1851 0.11507293354943274
1852 0.11501079913606911
1853 0.1149487317862925
1854 0.11488673139158576
1855 0.11482479784366577
1856 0.11476293103448276
1857 0.1147011308562197
1858 0.11463939720129171
1859 0.11457772996234535
1860 0.11451612903225807
1861 0.11445459430413756
1862 0.11439312567132116
1863 0.1143317230273752
1864 0.11427038626609443
1865 0.11420911528150134
1866 0.11414790996784566
1867 0.11408677021960364
1868 0.11402569593147752
1869 0.11396468699839486
1870 0.11390374331550802
1871 0.11384286477819348
1872 0.11378205128205128
1873 0.11372130272290443
1874 0.11366061899679829
1875 0.1136
1876 0.11353944562899787
1877 0.1134789557805008
1878 0.1134185303514377
1879 0.11335816923895689
1880 0.11329787234042553
1881 0.11323763955342903
1882 0.11317747077577045
1883 0.11311736590546999
1884 0.11305732484076433
1885 0.1129973474801061
1886 0.1129374337221633
1887 0.11287758346581876
1888 0.1128177966101695
1889 0.1127580730545262
1890 0.1126984126984127
1891 0.11263881544156532
1892 0.11257928118393234
1893 0.11251980982567353
1894 0.11246040126715945
1895 0.11240105540897098
1896 0.11234177215189874
1897 0.11228255139694254
1898 0.11222339304531086
1899 0.11216429699842022
1900 0.11210526315789474
1901 0.11204629142556549
1902 0.11198738170347003
1903 0.11192853389385181
1904 0.11186974789915967
1905 0.11181102362204724
1906 0.11175236096537251
1907 0.11169375983219716
1908 0.11163522012578617
1909 0.11157674174960712
1910 0.11151832460732984
1911 0.11145996860282574
1912 0.11140167364016737
1913 0.1113434396236278
1914 0.11180773249738767
1915 0.11174934725848563
1916 0.11169102296450939
1917 0.11163275952008346
1918 0.11157455683003129
1919 0.11151641479937467
1920 0.11145833333333334
1921 0.11140031233732431
1922 0.11186264308012488
1923 0.11180447217888716
1924 0.11174636174636175
1925 0.11168831168831168
1926 0.11163032191069575
1927 0.11157239231966788
1928 0.11151452282157677
1929 0.11145671332296526
1930 0.11139896373056994
1931 0.11134127395132055
1932 0.11128364389233955
1933 0.11122607346094154
1934 0.11116856256463288
1935 0.1111111111111111
1936 0.11105371900826447
1937 0.1109963861641714
1938 0.1109391124871001
1939 0.110881897885508
1940 0.11082474226804123
1941 0.11076764554353426
1942 0.11071060762100927
1943 0.11065362840967576
1944 0.11059670781893004
1945 0.11105398457583547
1946 0.11099691675231244
1947 0.11093990755007704
1948 0.11088295687885011
1949 0.11082606464853771
1950 0.11076923076923077
1951 0.11071245515120451
1952 0.11065573770491803
1953 0.11059907834101383
1954 0.1105424769703173
1955 0.11048593350383631
1956 0.11042944785276074
1957 0.11037301992846194
1958 0.11031664964249234
1959 0.11026033690658499
1960 0.11020408163265306
1961 0.11014788373278939
1962 0.11009174311926606
1963 0.11003565970453388
1964 0.109979633401222
1965 0.1099236641221374
1966 0.11037639877924721
1967 0.1103202846975089
1968 0.11026422764227642
1969 0.11020822752666327
1970 0.11015228426395939
1971 0.11009639776763064
1972 0.11004056795131846
1973 0.10998479472883933
1974 0.1099290780141844
1975 0.10987341772151898
1976 0.10981781376518218
1977 0.10976226605968639
1978 0.10970677451971689
1979 0.10965133906013137
1980 0.1095959595959596
1981 0.10954063604240283
1982 0.1094853683148335
1983 0.10943015632879476
1984 0.109375
1985 0.1093198992443325
1986 0.10926485397784491
1987 0.10920986411675894
1988 0.10915492957746478
1989 0.10910005027652087
1990 0.10904522613065326
1991 0.1089904570567554
1992 0.10893574297188754
1993 0.10888108379327646
1994 0.10882647943831494
1995 0.10877192982456141
1996 0.10871743486973948
1997 0.10866299449173761
1998 0.1086086086086086
1999 0.10855427713856929
2000 0.1085
2001 0.10844577711144428
2002 0.10839160839160839
2003 0.10833749375936096
2004 0.10828343313373254
2005 0.10822942643391521
2006 0.10817547357926222
2007 0.1081215744892875
2008 0.10806772908366534
2009 0.10801393728222997
2010 0.10796019900497512
2011 0.1079065141720537
2012 0.10785288270377734
2013 0.107799304520616
2014 0.10774577954319761
2015 0.1076923076923077
2016 0.1076388888888889
2017 0.10758552305404065
2018 0.10753221010901882
2019 0.10797424467558198
2020 0.10792079207920792
2021 0.10786739238000989
2022 0.10781404549950543
2023 0.10776075135936727
2024 0.10770750988142293
2025 0.10765432098765432
2026 0.10760118460019744
2027 0.10754810064134189
2028 0.10749506903353057
2029 0.1074420896993593
2030 0.10738916256157635
2031 0.10733628754308222
2032 0.10728346456692914
2033 0.10772257747171668
2034 0.10766961651917405
2035 0.10761670761670762
2036 0.1075638506876228
2037 0.10751104565537556
2038 0.10745829244357213
2039 0.1074055909759686
2040 0.10735294117647058
2041 0.10779029887310142
2042 0.10773751224289912
2043 0.10768477728830152
2044 0.10763209393346379
2045 0.10757946210268948
2046 0.10752688172043011
2047 0.1074743527112848
2048 0.107421875
2049 0.10736944851146901
2050 0.1073170731707317
2051 0.10726474890297416
2052 0.10721247563352826
2053 0.1071602532878714
2054 0.10759493670886076
2055 0.10754257907542579
2056 0.10749027237354086
2057 0.10743801652892562
2058 0.10738581146744412
2059 0.10733365711510442
2060 0.10728155339805825
2061 0.10722950024260068
2062 0.10717749757516974
2063 0.1071255453223461
2064 0.10707364341085271
2065 0.10702179176755448
2066 0.10696999031945789
2067 0.1069182389937107
2068 0.10686653771760155
2069 0.10681488641855968
2070 0.1067632850241546
2071 0.1067117334620956
2072 0.10666023166023166
2073 0.10660877954655089
2074 0.10655737704918032
2075 0.10650602409638554
2076 0.10645472061657033
2077 0.10640346653827636
2078 0.10635226179018287
2079 0.1063011063011063
2080 0.10625
2081 0.10619894281595386
2082 0.10614793467819404
2083 0.10609697551608258
2084 0.10604606525911708
2085 0.10599520383693045
2086 0.10594439117929051
2087 0.10589362721609967
2088 0.10584291187739464
2089 0.1057922450933461
2090 0.10574162679425837
2091 0.10569105691056911
2092 0.10564053537284895
2093 0.10559006211180125
2094 0.1055396370582617
2095 0.1054892601431981
2096 0.10543893129770993
2097 0.10538865045302813
2098 0.10533841754051478
2099 0.10528823249166269
2100 0.10523809523809524
2101 0.10518800571156592
2102 0.10513796384395814
2103 0.10508796956728483
2104 0.10503802281368821
2105 0.10498812351543943
2106 0.10493827160493827
2107 0.10488846701471286
2108 0.10483870967741936
2109 0.10478899952584163
2110 0.104739336492891
2111 0.10468972051160587
2112 0.10464015151515152
2113 0.10459062943681968
2114 0.10454115421002838
2115 0.10449172576832151
2116 0.10444234404536862
2117 0.10439300897496458
2118 0.10434372049102927
2119 0.10429447852760736
2120 0.10424528301886793
2121 0.10419613389910419
2122 0.10414703110273327
2123 0.10409797456429581
2124 0.10404896421845575
2125 0.104
2126 0.1039510818438382
2127 0.10390220968500236
2128 0.10385338345864661
2129 0.10380460310004697
2130 0.10375586854460093
2131 0.10370717972782731
2132 0.10365853658536585
2133 0.10360993905297702
2134 0.10356138706654171
2135 0.10351288056206089
2136 0.10346441947565543
2137 0.10341600374356574
2138 0.10336763330215154
2139 0.10331930808789154
2140 0.10327102803738318
2141 0.10322279308734236
2142 0.10317460317460317
2143 0.10312645823611759
2144 0.10307835820895522
2145 0.10303030303030303
2146 0.10298229263746506
2147 0.10293432696786213
2148 0.10288640595903166
2149 0.10283852954862727
2150 0.1027906976744186
2151 0.10274291027429103
2152 0.10269516728624535
2153 0.10264746864839759
2154 0.10259981429897864
2155 0.10255220417633411
2156 0.10250463821892393
2157 0.1024571163653222
2158 0.10240963855421686
2159 0.10236220472440945
2160 0.10231481481481482
2161 0.1022674687644609
2162 0.10222016651248844
2163 0.10217290799815072
2164 0.10212569316081331
2165 0.10207852193995381
2166 0.10203139427516159
2167 0.10198431010613752
2168 0.10193726937269372
2169 0.10189027201475334
2170 0.10184331797235023
2171 0.10179640718562874
2172 0.10174953959484347
2173 0.10170271514035895
2174 0.10165593376264949
2175 0.10160919540229885
2176 0.1015625
2177 0.10151584749655489
2178 0.10146923783287419
2179 0.10142267094997705
2180 0.10137614678899083
2181 0.10132966529115085
2182 0.10128322639780019
2183 0.10123683005038937
2184 0.10119047619047619
2185 0.1011441647597254
2186 0.10109789569990851
2187 0.10105166895290352
2188 0.1010054844606947
2189 0.10095934216537232
2190 0.10091324200913242
2191 0.10086718393427659
2192 0.10082116788321167
2193 0.10077519379844961
2194 0.1007292616226071
2195 0.10068337129840546
2196 0.10063752276867031
2197 0.10059171597633136
2198 0.1005459508644222
2199 0.10050022737608004
2200 0.10045454545454545
2201 0.1004089050431622
2202 0.10036330608537693
2203 0.10031774852473899
2204 0.10027223230490018
2205 0.10022675736961452
2206 0.10018132366273799
2207 0.10013593112822837
2208 0.10009057971014493
2209 0.10004526935264826
2210 0.1
2211 0.09995477159656264
2212 0.09990958408679927
2213 0.09986443741527339
2214 0.0998193315266486
2215 0.10022573363431152
2216 0.10018050541516245
2217 0.10013531799729364
2218 0.10009017132551848
2219 0.10004506534474988
2220 0.1
2221 0.09995497523638001
2222 0.0999099909990999
2223 0.09986504723346828
2224 0.09982014388489209
2225 0.0997752808988764
2226 0.09973045822102426
2227 0.09968567579703637
2228 0.09964093357271095
2229 0.09959623149394348
2230 0.09955156950672646
2231 0.09950694755714926
2232 0.09946236559139784
2233 0.09941782355575458
2234 0.09937332139659803
2235 0.09932885906040269
2236 0.09928443649373882
2237 0.09924005364327224
2238 0.09919571045576407
2239 0.09915140687807057
2240 0.09910714285714285
2241 0.09906291834002677
2242 0.09901873327386262
2243 0.09897458760588497
2244 0.09893048128342247
2245 0.09888641425389755
2246 0.09884238646482636
2247 0.09879839786381843
2248 0.09875444839857651
2249 0.0987105380168964
2250 0.09866666666666667
2251 0.0986228342958685
2252 0.09857904085257549
2253 0.0985352862849534
2254 0.09849157054125998
2255 0.09844789356984479
2256 0.09840425531914894
2257 0.09836065573770492
2258 0.0983170947741364
2259 0.09827357237715803
2260 0.09823008849557523
2261 0.09818664307828394
2262 0.09814323607427056
2263 0.09809986743261158
2264 0.0980565371024735
2265 0.09801324503311258
2266 0.09796999117387467
2267 0.09792677547419497
2268 0.09788359788359788
2269 0.09784045835169679
2270 0.09779735682819383
2271 0.0977542932628798
2272 0.0977112676056338
2273 0.09766827980642323
2274 0.09762532981530343
2275 0.09758241758241758
2276 0.09753954305799649
2277 0.09749670619235837
2278 0.09745390693590869
2279 0.09741114523913998
2280 0.09736842105263158
2281 0.09732573432704954
2282 0.09728308501314636
2283 0.09724047306176084
2284 0.09719789842381786
2285 0.09715536105032822
2286 0.09711286089238845
2287 0.09707039790118059
2288 0.09702797202797203
2289 0.09698558322411534
2290 0.09694323144104804
2291 0.09690091663029245
2292 0.0968586387434555
2293 0.09681639773222853
2294 0.0967741935483871
2295 0.09673202614379085
2296 0.09668989547038327
2297 0.09664780148019156
2298 0.09660574412532637
2299 0.09656372335798173
2300 0.09652173913043478
2301 0.09647979139504563
2302 0.09643788010425716
2303 0.09639600521059488
2304 0.09635416666666667
2305 0.0963123644251627
2306 0.09627059843885516
2307 0.09622886866059818
2308 0.09618717504332755
2309 0.09614551754006063
2310 0.09610389610389611
2311 0.09606231068801385
2312 0.09602076124567474
2313 0.0959792477302205
2314 0.09593777009507347
2315 0.0958963282937365
2316 0.09585492227979274
2317 0.09581355200690549
2318 0.09577221742881795
2319 0.09573091849935317
2320 0.09568965517241379
2321 0.0956484274019819
2322 0.09560723514211886
2323 0.09556607834696514
2324 0.09552495697074011
2325 0.09548387096774194
2326 0.09544282029234738
2327 0.09540180489901161
2328 0.09536082474226804
2329 0.0953198797767282
2330 0.09527896995708154
2331 0.09523809523809523
2332 0.09519725557461406
2333 0.09515645092156022
2334 0.09511568123393316
2335 0.09507494646680942
2336 0.0954623287671233
2337 0.09542148053059478
2338 0.09538066723695467
2339 0.09533988884138521
2340 0.0952991452991453
2341 0.09525843656557027
2342 0.09521776259607173
2343 0.09517712334613743
2344 0.09513651877133106
2345 0.09509594882729211
2346 0.09505541346973571
2347 0.0950149126544525
2348 0.09497444633730835
2349 0.09493401447424436
2350 0.09489361702127659
2351 0.09485325393449597
2352 0.09481292517006802
2353 0.09477263068423289
2354 0.09473237043330501
2355 0.09469214437367304
2356 0.09465195246179967
2357 0.09461179465422147
2358 0.09457167090754877
2359 0.09453158117846545
2360 0.09449152542372881
2361 0.09445150360016942
2362 0.09441151566469094
2363 0.09437156157427
2364 0.094331641285956
2365 0.09429175475687103
2366 0.09425190194420964
2367 0.0942120828052387
2368 0.0941722972972973
2369 0.09413254537779654
2370 0.0940928270042194
2371 0.09405314213412062
2372 0.09401349072512648
2373 0.09397387273493468
2374 0.09393428812131424
2375 0.09389473684210527
2376 0.09385521885521886
2377 0.09381573411863693
2378 0.09377628259041211
2379 0.0937368642286675
2380 0.09369747899159664
2381 0.09365812683746325
2382 0.09361880772460117
2383 0.09357952161141418
2384 0.09354026845637584
2385 0.09350104821802935
2386 0.09346186085498742
2387 0.09342270632593214
2388 0.09338358458961474
2389 0.09334449560485558
2390 0.09330543933054393
2391 0.0932664157256378
2392 0.09322742474916387
2393 0.0931884663602173
2394 0.09314954051796157
2395 0.0931106471816284
2396 0.09307178631051753
2397 0.09303295786399667
2398 0.09299416180150125
2399 0.09295539808253439
2400 0.09291666666666666
2401 0.09287796751353602
2402 0.09283930058284763
2403 0.0928006658343737
2404 0.09276206322795341
2405 0.09272349272349273
2406 0.09268495428096425
2407 0.09264644786040714
2408 0.0926079734219269
2409 0.09256953092569531
2410 0.09253112033195021
2411 0.09249274160099544
2412 0.09245439469320066
2413 0.09241607956900125
2414 0.09237779618889809
2415 0.09233954451345756
2416 0.09230132450331126
2417 0.09226313611915597
2418 0.09222497932175351
2419 0.09218685407193054
2420 0.09214876033057852
2421 0.09211069805865345
2422 0.09207266721717589
2423 0.09203466776723071
2424 0.091996699669967
2425 0.09195876288659793
2426 0.09192085737840065
2427 0.09188298310671611
2428 0.09184514003294893
2429 0.09180732811856732
2430 0.09176954732510288
2431 0.09173179761415055
2432 0.09169407894736842
2433 0.0916563912864776
2434 0.09161873459326211
2435 0.09158110882956878
2436 0.09154351395730706
2437 0.09150594993844892
2438 0.09146841673502872
2439 0.09143091430914309
2440 0.09139344262295082
2441 0.09135600163867268
2442 0.09131859131859132
2443 0.09128121162505116
2444 0.09124386252045827
2445 0.09120654396728016
2446 0.09116925592804578
2447 0.09113199836534532
2448 0.09109477124183006
2449 0.09105757452021233
2450 0.0910204081632653
2451 0.09098327213382293
2452 0.09094616639477977
2453 0.09090909090909091
2454 0.0908720456397718
2455 0.09083503054989817
2456 0.09079804560260586
2457 0.09076109076109076
2458 0.09072416598860862
2459 0.09068727124847499
2460 0.09065040650406504
2461 0.09061357171881348
2462 0.09057676685621446
2463 0.09053999187982135
2464 0.09050324675324675
2465 0.09046653144016227
2466 0.09042984590429846
2467 0.09039319010944467
2468 0.09035656401944894
2469 0.0903199675982179
2470 0.0902834008097166
2471 0.09024686361796844
2472 0.09021035598705501
2473 0.09017387788111605
2474 0.09013742926434923
2475 0.0901010101010101
2476 0.09006462035541195
2477 0.09002825999192572
2478 0.08999192897497982
2479 0.0899556272690601
2480 0.08991935483870968
2481 0.08988311164852882
2482 0.08984689766317486
2483 0.08981071284736206
2484 0.08977455716586151
2485 0.089738430583501
2486 0.08970233306516492
2487 0.08966626457579413
2488 0.08963022508038586
2489 0.08959421454399358
2490 0.0895582329317269
2491 0.08952228020875151
2492 0.08948635634028893
2493 0.08945046129161653
2494 0.08941459502806737
2495 0.08937875751503006
2496 0.08934294871794872
2497 0.08930716860232278
2498 0.08927141713370697
2499 0.08923569427771108
2500 0.0892
2501 0.08916433426629349
2502 0.0891286970423661
2503 0.08909308829404715
2504 0.08905750798722045
2505 0.08902195608782436
2506 0.08898643256185156
2507 0.08895093737534902
2508 0.08891547049441786
2509 0.08888003188521323
2510 0.08884462151394422
2511 0.08880923934687375
2512 0.08877388535031847
2513 0.08873855949064863
2514 0.08870326173428798
2515 0.08866799204771372
2516 0.08863275039745629
2517 0.08859753675009932
2518 0.08856235107227958
2519 0.08852719333068677
2520 0.0884920634920635
2521 0.08845696152320508
2522 0.08842188739095956
2523 0.08838684106222751
2524 0.08835182250396197
2525 0.08831683168316831
2526 0.08828186856690419
2527 0.08824693312227938
2528 0.0882120253164557
2529 0.0881771451166469
2530 0.08814229249011858
2531 0.08810746740418807
2532 0.08807266982622433
2533 0.08803789972364785
2534 0.08800315706393054
2535 0.08796844181459566
2536 0.08793375394321766
2537 0.08789909341742215
2538 0.08786446020488574
2539 0.08782985427333596
2540 0.08779527559055118
2541 0.08776072412436049
2542 0.08772619984264358
2543 0.08769170271333071
2544 0.08765723270440251
2545 0.08762278978388999
2546 0.08758837391987431
2547 0.08755398508048685
2548 0.08751962323390895
2549 0.08748528834837191
2550 0.08745098039215686
2551 0.08741669933359467
2552 0.08738244514106583
2553 0.08734821778300039
2554 0.08731401722787784
2555 0.08727984344422701
2556 0.08724569640062597
2557 0.087211576065702
2558 0.08717748240813135
2559 0.0871434153966393
2560 0.087109375
2561 0.08707536118703631
2562 0.08704137392661983
2563 0.0870074131876707
2564 0.08697347893915756
2565 0.08693957115009747
2566 0.08690568978955573
2567 0.08687183482664589
2568 0.08683800623052959
2569 0.08680420397041651
2570 0.0867704280155642
2571 0.08673667833527811
2572 0.08670295489891135
2573 0.08666925767586475
2574 0.08663558663558664
2575 0.08660194174757281
2576 0.08656832298136646
2577 0.08653473030655802
2578 0.0865011636927851
2579 0.08646762310973245
2580 0.08643410852713178
2581 0.08640061991476172
2582 0.08636715724244771
2583 0.08633372048006194
2584 0.08630030959752322
2585 0.0862669245647969
2586 0.08623356535189482
2587 0.08620023192887515
2588 0.08616692426584235
2589 0.08613364233294708
2590 0.0861003861003861
2591 0.08606715553840216
2592 0.08603395061728394
2593 0.08600077130736598
2594 0.08596761757902853
2595 0.08593448940269749
2596 0.08590138674884437
2597 0.08586830958798614
2598 0.08583525789068515
2599 0.08580223162754906
2600 0.08576923076923076
2601 0.0857362552864283
2602 0.08570330514988471
2603 0.08567038033038801
2604 0.08563748079877112
2605 0.0856046065259117
2606 0.08557175748273216
2607 0.08553893364019946
2608 0.08550613496932516
2609 0.0854733614411652
2610 0.08544061302681992
2611 0.08540788969743393
2612 0.08537519142419601
2613 0.08534251817833907
2614 0.08530986993114001
2615 0.0852772466539197
2616 0.0852446483180428
2617 0.08521207489491785
2618 0.08517952635599695
2619 0.08514700267277586
2620 0.08511450381679389
2621 0.08508202975963373
2622 0.08504958047292144
2623 0.08501715592832634
2624 0.08498475609756098
2625 0.08495238095238095
2626 0.08492003046458492
2627 0.08488770460601447
2628 0.08485540334855403
2629 0.08482312666413085
2630 0.08479087452471483
2631 0.0847586469023185
2632 0.08472644376899696
2633 0.0846942650968477
2634 0.08466211085801063
2635 0.08462998102466793
2636 0.08459787556904401
2637 0.08456579446340538
2638 0.08453373768006066
2639 0.08450170519136037
2640 0.08446969696969697
2641 0.08443771298750473
2642 0.08440575321725965
2643 0.08437381763147939
2644 0.08434190620272315
2645 0.08431001890359169
2646 0.08427815570672713
2647 0.08424631658481299
2648 0.08421450151057402
2649 0.08418271045677614
2650 0.08415094339622642
2651 0.08411920030177292
2652 0.08408748114630468
2653 0.0840557859027516
2654 0.0840241145440844
2655 0.0839924670433145
2656 0.08396084337349398
2657 0.08392924350771547
2658 0.08389766741911212
2659 0.08386611508085746
2660 0.08383458646616541
2661 0.08380308154829012
2662 0.08377160030052593
2663 0.08374014269620729
2664 0.08370870870870871
2665 0.08367729831144466
2666 0.08364591147786947
2667 0.08361454818147732
2668 0.0835832083958021
2669 0.08355189209441738
2670 0.08352059925093633
2671 0.08348932983901161
2672 0.08345808383233533
2673 0.08342686120463898
2674 0.08339566192969335
2675 0.08373831775700935
2676 0.08370702541106129
2677 0.08367575644378035
2678 0.08364451082897685
2679 0.08361328854050018
2680 0.08358208955223881
2681 0.0835509138381201
2682 0.08351976137211037
2683 0.08348863212821468
2684 0.08345752608047691
2685 0.08342644320297951
2686 0.08339538346984364
2687 0.08336434685522888
2688 0.08333333333333333
2689 0.08330234287839346
2690 0.08327137546468401
2691 0.08324043106651802
2692 0.08320950965824665
2693 0.0831786112142592
2694 0.08314773570898293
2695 0.08311688311688312
2696 0.0830860534124629
2697 0.08305524657026325
2698 0.08302446256486286
2699 0.08299370137087811
2700 0.08296296296296296
2701 0.08293224731580896
2702 0.08290155440414508
2703 0.0828708842027377
2704 0.08284023668639054
2705 0.08280961182994455
2706 0.0827790096082779
2707 0.08274842999630587
2708 0.0827178729689808
2709 0.08305647840531562
2710 0.08302583025830258
2711 0.08299520472150498
2712 0.08296460176991151
2713 0.08293402137854773
2714 0.08290346352247605
2715 0.08287292817679558
2716 0.08284241531664212
2717 0.08281192491718807
2718 0.08278145695364239
2719 0.08275101140125046
2720 0.08272058823529412
2721 0.08269018743109151
2722 0.08265980896399706
2723 0.0826294528094014
2724 0.08259911894273128
2725 0.08256880733944955
2726 0.08253851797505503
2727 0.08250825082508251
2728 0.08247800586510264
2729 0.08244778307072187
2730 0.08241758241758242
2731 0.08238740388136213
2732 0.08235724743777452
2733 0.08232711306256861
2734 0.0822970007315289
2735 0.08226691042047532
2736 0.08223684210526316
2737 0.08220679576178297
2738 0.08217677136596055
2739 0.08214676889375684
2740 0.08211678832116788
2741 0.08208682962422474
2742 0.08205689277899343
2743 0.08202697776157492
2744 0.08199708454810496
2745 0.08196721311475409
2746 0.0819373634377276
2747 0.08190753549326538
2748 0.08187772925764192
2749 0.08184794470716625
2750 0.08181818181818182
2751 0.08178844056706652
2752 0.08175872093023256
2753 0.08172902288412641
2754 0.08169934640522876
2755 0.08166969147005444
2756 0.0816400580551524
2757 0.08161044613710555
2758 0.08158085569253082
2759 0.08155128669807901
2760 0.08152173913043478
2761 0.08149221296631655
2762 0.08182476466328747
2763 0.08179515019905899
2764 0.08176555716353111
2765 0.08173598553345389
2766 0.08170643528561099
2767 0.08167690639681965
2768 0.08164739884393063
2769 0.0816179126038281
2770 0.0815884476534296
2771 0.08155900396968603
2772 0.08152958152958154
2773 0.08150018031013342
2774 0.081831290555155
2775 0.0818018018018018
2776 0.08177233429394813
2777 0.08174288800864242
2778 0.08171346292296616
2779 0.08168405901403382
2780 0.08165467625899281
2781 0.08162531463502337
2782 0.08159597411933861
2783 0.08156665468918434
2784 0.08153735632183907
2785 0.081508078994614
2786 0.08147882268485283
2787 0.08144958736993183
2788 0.08142037302725968
2789 0.08139117963427751
2790 0.08136200716845877
2791 0.08133285560730921
2792 0.08130372492836677
2793 0.08127461510920157
2794 0.0812455261274159
2795 0.081216457960644
2796 0.08118741058655221
2797 0.08115838398283876
2798 0.08112937812723374
2799 0.0811003929974991
2800 0.08107142857142857
2801 0.08104248482684756
2802 0.08101356174161313
2803 0.08098465929361398
2804 0.08095577746077033
2805 0.08092691622103387
2806 0.08089807555238775
2807 0.08086925543284645
2808 0.08084045584045584
2809 0.08081167675329298
2810 0.0807829181494662
2811 0.0807541800071149
2812 0.08072546230440968
2813 0.0810522573764664
2814 0.08102345415778252
2815 0.08099467140319716
2816 0.08096590909090909
2817 0.08093716719914804
2818 0.08090844570617459
2819 0.08087974459028024
2820 0.08085106382978724
2821 0.08082240340304857
2822 0.08079376328844791
2823 0.08076514346439957
2824 0.08073654390934844
2825 0.0807079646017699
2826 0.08067940552016985
2827 0.08065086664308455
2828 0.08062234794908062
2829 0.08059384941675504
2830 0.08056537102473499
2831 0.08053691275167785
2832 0.08050847457627118
2833 0.08048005647723261
2834 0.08045165843330981
2835 0.08042328042328042
2836 0.08039492242595205
2837 0.08036658442016215
2838 0.080338266384778
2839 0.08030996829869673
2840 0.08028169014084507
2841 0.08025343189017951
2842 0.08022519352568613
2843 0.08019697502638058
2844 0.08016877637130802
2845 0.08014059753954306
2846 0.08011243851018975
2847 0.08008429926238145
2848 0.0800561797752809
2849 0.08002808002808003
2850 0.08
2851 0.08032269379165205
2852 0.0802945301542777
2853 0.08026638626007711
2854 0.08023826208829712
2855 0.08021015761821366
2856 0.08018207282913166
2857 0.08015400770038501
2858 0.0801259622113366
2859 0.0800979363413781
2860 0.08006993006993007
2861 0.0800419433764418
2862 0.08001397624039133
2863 0.07998602864128536
2864 0.07995810055865922
2865 0.07993019197207679
2866 0.0799023028611305
2867 0.07987443320544123
2868 0.0798465829846583
2869 0.07981875217845939
2870 0.07979094076655052
2871 0.07976314872866597
2872 0.07973537604456825
2873 0.07970762269404803
2874 0.07967988865692414
2875 0.07965217391304348
2876 0.07962447844228095
2877 0.07959680222453945
2878 0.07956914523974983
2879 0.0795415074678708
2880 0.07951388888888888
2881 0.07948628948281847
2882 0.0794587092297016
2883 0.07943114810960805
2884 0.07940360610263524
2885 0.07937608318890814
2886 0.07934857934857935
2887 0.07932109456182888
2888 0.07929362880886427
2889 0.0792661820699204
2890 0.07923875432525952
2891 0.07921134555517122
2892 0.07918395573997233
2893 0.07915658486000691
2894 0.07912923289564616
2895 0.07910189982728842
2896 0.07907458563535912
2897 0.07904729030031067
2898 0.0790200138026225
2899 0.07899275612280096
2900 0.0789655172413793
2901 0.07893829713891762
2902 0.07891109579600275
2903 0.07888391319324836
2904 0.07885674931129477
2905 0.07882960413080894
2906 0.07880247763248452
2907 0.07877536979704163
2908 0.07874828060522696
2909 0.07872121003781368
2910 0.07869415807560137
2911 0.078667124699416
2912 0.07864010989010989
2913 0.07861311362856162
2914 0.07858613589567605
2915 0.07855917667238423
2916 0.07853223593964334
2917 0.07850531367843674
2918 0.07847840986977382
2919 0.07845152449468996
2920 0.07842465753424657
2921 0.07839780896953098
2922 0.0783709787816564
2923 0.07834416695176188
2924 0.07831737346101231
2925 0.07829059829059828
2926 0.07826384142173616
2927 0.07823710283566791
2928 0.0782103825136612
2929 0.07818368043700921
2930 0.07815699658703072
2931 0.07813033094506994
2932 0.07844474761255116
2933 0.07841800204568701
2934 0.07839127471029311
2935 0.07836456558773425
2936 0.07833787465940055
2937 0.07831120190670753
2938 0.07828454731109598
2939 0.07825791085403198
2940 0.0782312925170068
2941 0.0782046922815369
2942 0.07817811012916383
2943 0.0781515460414543
2944 0.078125
2945 0.07809847198641766
2946 0.07807196198234895
2947 0.07804546996946046
2948 0.0780189959294437
2949 0.07799253984401493
2950 0.07796610169491526
2951 0.07793968146391055
2952 0.07791327913279132
2953 0.07788689468337284
2954 0.07786052809749493
2955 0.077834179357022
2956 0.07780784844384303
2957 0.07778153533987149
2958 0.0777552400270453
2959 0.0777289624873268
2960 0.0777027027027027
2961 0.07767646065518406
2962 0.07765023632680622
2963 0.07762402969962875
2964 0.07759784075573549
2965 0.0775716694772344
2966 0.07754551584625759
2967 0.07751937984496124
2968 0.07749326145552561
2969 0.07746716066015494
2970 0.07744107744107744
2971 0.07741501178054527
2972 0.07738896366083446
2973 0.07769929364278506
2974 0.07767316745124411
2975 0.07764705882352942
2976 0.07762096774193548
2977 0.07759489418878066
2978 0.07756883814640698
2979 0.07754279959718026
2980 0.07751677852348993
2981 0.07749077490774908
2982 0.07746478873239436
2983 0.07743881997988603
2984 0.0777479892761394
2985 0.07772194304857621
2986 0.07769591426657736
2987 0.07766990291262135
2988 0.07764390896921017
2989 0.07761793241886919
2990 0.07759197324414716
2991 0.07756603142761619
2992 0.07754010695187166
2993 0.07751419979953224
2994 0.07748830995323981
2995 0.07746243739565943
2996 0.0774365821094793
2997 0.07741074407741075
2998 0.07738492328218813
2999 0.07735911970656886
3000 0.07733333333333334
3001 0.0773075641452849
3002 0.07728181212524983
3003 0.07725607725607726
3004 0.07723035952063914
3005 0.07720465890183029
3006 0.0771789753825682
3007 0.07715330894579316
3008 0.07712765957446809
3009 0.0771020272515786
3010 0.07707641196013289
3011 0.07705081368316175
3012 0.07702523240371846
3013 0.07699966810487886
3014 0.07697412076974121
3015 0.07694859038142621
3016 0.07692307692307693
3017 0.0768975803778588
3018 0.07687210072895957
3019 0.07684663795958926
3020 0.07682119205298013
3021 0.07679576299238662
3022 0.07677035076108538
3023 0.07674495534237512
3024 0.07671957671957672
3025 0.07669421487603306
3026 0.07666886979510905
3027 0.0766435414601916
3028 0.07661822985468957
3029 0.07659293496203368
3030 0.07656765676567656
3031 0.0765423952490927
3032 0.07651715039577836
3033 0.07649192218925156
3034 0.07646671061305207
3035 0.07644151565074135
3036 0.0764163372859025
3037 0.07639117550214027
3038 0.07636603028308098
3039 0.07634090161237249
3040 0.07631578947368421
3041 0.076290693850707
3042 0.0762656147271532
3043 0.0762405520867565
3044 0.07621550591327202
3045 0.0761904761904762
3046 0.07616546290216678
3047 0.07614046603216278
3048 0.07611548556430446
3049 0.07609052148245327
3050 0.0760655737704918
3051 0.07604064241232383
3052 0.07601572739187418
3053 0.07599082869308876
3054 0.07596594629993451
3055 0.07594108019639935
3056 0.07591623036649214
3057 0.07589139679424273
3058 0.07586657946370176
3059 0.07584177835894083
3060 0.07581699346405228
3061 0.0757922247631493
3062 0.07576747224036577
3063 0.07574273587985635
3064 0.07571801566579635
3065 0.07569331158238173
3066 0.07566862361382909
3067 0.07564395174437562
3068 0.07561929595827901
3069 0.07559465623981754
3070 0.0755700325732899
3071 0.0755454249430153
3072 0.07552083333333333
3073 0.07549625772860397
3074 0.07547169811320754
3075 0.07544715447154472
3076 0.0754226267880364
3077 0.07539811504712382
3078 0.07537361923326835
3079 0.07534913933095161
3080 0.07532467532467532
3081 0.07530022719896137
3082 0.07527579493835172
3083 0.07525137852740837
3084 0.07522697795071336
3085 0.07520259319286872
3086 0.07517822423849643
3087 0.07515387107223842
3088 0.07512953367875648
3089 0.07510521204273228
3090 0.07508090614886731
3091 0.07505661598188289
3092 0.07503234152652005
3093 0.0750080827675396
3094 0.07498383968972204
3095 0.07495961227786753
3096 0.07493540051679587
3097 0.07491120439134646
3098 0.07488702388637831
3099 0.07486285898676992
3100 0.07483870967741936
3101 0.07481457594324412
3102 0.07479045776918117
3103 0.07476635514018691
3104 0.07474226804123711
3105 0.07471819645732689
3106 0.0746941403734707
3107 0.07467009977470229
3108 0.07464607464607464
3109 0.07462206497266002
3110 0.07459807073954984
3111 0.07457409193185471
3112 0.07455012853470437
3113 0.07452618053324767
3114 0.07450224791265253
3115 0.07447833065810594
3116 0.07445442875481387
3117 0.07443054218800128
3118 0.07440667094291212
3119 0.07438281500480923
3120 0.07435897435897436
3121 0.0743351489907081
3122 0.07431133888532991
3123 0.07428754402817804
3124 0.07426376440460948
3125 0.07424
3126 0.07421625079974409
3127 0.07419251678925488
3128 0.0741687979539642
3129 0.07414509427932246
3130 0.07412140575079872
3131 0.07409773235388055
3132 0.07407407407407407
3133 0.07405043089690393
3134 0.07402680280791321
3135 0.07400318979266347
3136 0.07397959183673469
3137 0.07395600892572521
3138 0.07393244104525175
3139 0.07390888818094934
3140 0.07388535031847134
3141 0.07386182744348933
3142 0.07383831954169319
3143 0.07381482659879096
3144 0.0737913486005089
3145 0.07376788553259142
3146 0.07374443738080101
3147 0.07372100413091834
3148 0.07369758576874205
3149 0.07367418228008892
3150 0.07365079365079365
3151 0.07362741986670898
3152 0.07360406091370558
3153 0.07358071677767206
3154 0.0735573874445149
3155 0.07353407290015848
3156 0.07351077313054499
3157 0.07348748812163447
3158 0.07346421785940468
3159 0.07344096232985121
3160 0.07341772151898734
3161 0.07339449541284404
3162 0.07337128399746995
3163 0.0733480872589314
3164 0.07332490518331226
3165 0.07330173775671406
3166 0.07327858496525584
3167 0.0732554467950742
3168 0.07323232323232323
3169 0.0732092142631745
3170 0.07318611987381704
3171 0.07316304005045728
3172 0.07313997477931904
3173 0.07311692404664355
3174 0.07309388783868935
3175 0.07307086614173228
3176 0.07304785894206549
3177 0.07302486622599937
3178 0.07300188797986155
3179 0.07297892418999685
3180 0.0729559748427673
3181 0.07293303992455202
3182 0.07291011942174733
3183 0.07288721332076657
3184 0.0728643216080402
3185 0.0728414442700157
3186 0.07281858129315756
3187 0.07279573266394729
3188 0.07277289836888332
3189 0.07275007839448103
3190 0.07272727272727272
3191 0.07270448135380758
3192 0.07268170426065163
3193 0.07265894143438772
3194 0.07263619286161553
3195 0.07261345852895149
3196 0.07259073842302878
3197 0.07256803253049735
3198 0.07254534083802376
3199 0.07252266333229133
3200 0.0725
3201 0.07247735082786629
3202 0.07245471580262336
3203 0.07243209491102091
3204 0.07240948813982521
3205 0.07238689547581903
3206 0.07236431690580163
3207 0.07234175241658872
3208 0.07231920199501247
3209 0.07229666562792147
3210 0.07227414330218068
3211 0.07225163500467144
3212 0.0722291407222914
3213 0.07220666044195456
3214 0.07218419415059116
3215 0.07216174183514774
3216 0.07213930348258707
3217 0.07211687907988809
3218 0.07209446861404599
3219 0.07207207207207207
3220 0.07204968944099378
3221 0.0720273207078547
3222 0.07200496585971446
3223 0.07198262488364877
3224 0.07196029776674938
3225 0.07193798449612403
3226 0.07191568505889646
3227 0.07189339944220638
3228 0.07187112763320942
3229 0.07184886961907712
3230 0.0718266253869969
3231 0.07180439492417208
3232 0.07178217821782178
3233 0.07175997525518095
3234 0.07173778602350031
3235 0.07171561051004637
3236 0.07169344870210136
3237 0.07167130058696324
3238 0.07164916615194565
3239 0.07162704538437789
3240 0.07160493827160494
3241 0.07158284480098735
3242 0.0715607649599013
3243 0.07153869873573851
3244 0.07151664611590629
3245 0.07149460708782743
3246 0.07147258163894023
3247 0.07145056975669849
3248 0.07142857142857142
3249 0.0714065866420437
3250 0.07138461538461538
3251 0.07136265764380191
3252 0.07134071340713408
3253 0.071318782662158
3254 0.07129686539643516
3255 0.07127496159754225
3256 0.07125307125307126
3257 0.07123119435062941
3258 0.07120933087783916
3259 0.07118748082233814
3260 0.07116564417177915
3261 0.07114382091383012
3262 0.07112201103617413
3263 0.07110021452650934
3264 0.07107843137254902
3265 0.07105666156202144
3266 0.07103490508266994
3267 0.07101316192225283
3268 0.07099143206854346
3269 0.07096971550933007
3270 0.0709480122324159
3271 0.07092632222561908
3272 0.07090464547677261
3273 0.07088298197372442
3274 0.0708613317043372
3275 0.07083969465648855
3276 0.07081807081807082
3277 0.07079646017699115
3278 0.07077486272117145
3279 0.07075327843854834
3280 0.07103658536585365
3281 0.0710149344711978
3282 0.07099329677026203
3283 0.07097167225098995
3284 0.07095006090133983
3285 0.07092846270928463
3286 0.07090687766281192
3287 0.07088530574992394
3288 0.07086374695863747
3289 0.07084220127698389
3290 0.07082066869300911
3291 0.07079914919477362
3292 0.07077764277035237
3293 0.0707561494078348
3294 0.07073466909532483
3295 0.07071320182094082
3296 0.07069174757281553
3297 0.07067030633909614
3298 0.07064887810794421
3299 0.07062746286753561
3300 0.0706060606060606
3301 0.07058467131172372
3302 0.07056329497274379
3303 0.07054193157735392
3304 0.07052058111380145
3305 0.07049924357034795
3306 0.07047791893526921
3307 0.07045660719685516
3308 0.07043530834340991
3309 0.07041402236325174
3310 0.07039274924471299
3311 0.07037148897614014
3312 0.07035024154589371
3313 0.07032900694234832
3314 0.07030778515389258
3315 0.07028657616892911
3316 0.07026537997587455
3317 0.07024419656315949
3318 0.07022302591922845
3319 0.07020186803253992
3320 0.07018072289156627
3321 0.07015959048479374
3322 0.07013847080072245
3323 0.07011736382786639
3324 0.07009626955475332
3325 0.07007518796992482
3326 0.07005411906193626
3327 0.07003306281935678
3328 0.07001201923076923
3329 0.0699909882847702
3330 0.06996996996996997
3331 0.06994896427499249
3332 0.0699279711884754
3333 0.0699069906990699
3334 0.06988602279544091
3335 0.06986506746626686
3336 0.0698441247002398
3337 0.06982319448606533
3338 0.06980227681246255
3339 0.06978137166816412
3340 0.06976047904191617
3341 0.0697395989224783
3342 0.06971873129862358
3343 0.0696978761591385
3344 0.06967703349282296
3345 0.06965620328849029
3346 0.06963538553496712
3347 0.06961458022109351
3348 0.06959378733572281
3349 0.0695730068677217
3350 0.06955223880597015
3351 0.06953148313936139
3352 0.06951073985680191
3353 0.06949000894721145
3354 0.06946929039952296
3355 0.06944858420268256
3356 0.06942789034564958
3357 0.06940720881739648
3358 0.06938653960690887
3359 0.06936588270318547
3360 0.0693452380952381
3361 0.06932460577209164
3362 0.06930398572278405
3363 0.06928337793636634
3364 0.06926278240190249
3365 0.06924219910846954
3366 0.06922162804515745
3367 0.0692010692010692
3368 0.06918052256532066
3369 0.06915998812704066
3370 0.06913946587537093
3371 0.06911895579946603
3372 0.06909845788849348
3373 0.06907797213163357
3374 0.06905749851807944
3375 0.06903703703703704
3376 0.06901658767772512
3377 0.06899615042937518
3378 0.0689757252812315
3379 0.06895531222255105
3380 0.06893491124260355
3381 0.0689145223306714
3382 0.06889414547604968
3383 0.06887378066804611
3384 0.06885342789598109
3385 0.0688330871491876
3386 0.06881275841701122
3387 0.06879244168881016
3388 0.06877213695395513
3389 0.06875184420182945
3390 0.06873156342182891
3391 0.06871129460336184
3392 0.06869103773584906
3393 0.06867079280872385
3394 0.06865055981143194
3395 0.06863033873343152
3396 0.06861012956419317
3397 0.06858993229319989
3398 0.06856974690994702
3399 0.06854957340394234
3400 0.06852941176470588
3401 0.0688032931490738
3402 0.06878306878306878
3403 0.06876285630326183
3404 0.06874265569917744
3405 0.06872246696035242
3406 0.06870229007633588
3407 0.06868212503668918
3408 0.06866197183098592
3409 0.06864183044881197
3410 0.0686217008797654
3411 0.06860158311345646
3412 0.06858147713950762
3413 0.06856138294755347
3414 0.06854130052724078
3415 0.06852122986822841
3416 0.06850117096018736
3417 0.0684811237928007
3418 0.0684610883557636
3419 0.06844106463878327
3420 0.06842105263157895
3421 0.06840105232388191
3422 0.06838106370543542
3423 0.06836108676599474
3424 0.0683411214953271
3425 0.06832116788321167
3426 0.06830122591943957
3427 0.06828129559381384
3428 0.06826137689614936
3429 0.06824146981627296
3430 0.06822157434402332
3431 0.06820169046925095
3432 0.06818181818181818
3433 0.06816195747159919
3434 0.0681421083284799
3435 0.06812227074235808
3436 0.0681024447031432
3437 0.06808263020075647
3438 0.06806282722513089
3439 0.06804303576621111
3440 0.06802325581395349
3441 0.06800348735832606
3442 0.06798373038930854
3443 0.06796398489689225
3444 0.06794425087108014
3445 0.06792452830188679
3446 0.06790481717933837
3447 0.06788511749347259
3448 0.06786542923433875
3449 0.06784575239199768
3450 0.06782608695652174
3451 0.06780643291799478
3452 0.06778679026651217
3453 0.0677671589921807
3454 0.0677475390851187
3455 0.06772793053545587
3456 0.06770833333333333
3457 0.06768874746890367
3458 0.06766917293233082
3459 0.06764960971379011
3460 0.0676300578034682
3461 0.06761051719156314
3462 0.06759098786828423
3463 0.06757146982385215
3464 0.06755196304849885
3465 0.06753246753246753
3466 0.0675129832660127
3467 0.06749351023940006
3468 0.06747404844290658
3469 0.06745459786682041
3470 0.06743515850144093
3471 0.06741573033707865
3472 0.0673963133640553
3473 0.06737690757270372
3474 0.06735751295336788
3475 0.06733812949640287
3476 0.06731875719217491
3477 0.06729939603106126
3478 0.06728004600345026
3479 0.0672607070997413
3480 0.06724137931034482
3481 0.06722206262568227
3482 0.0672027570361861
3483 0.06718346253229975
3484 0.06716417910447761
3485 0.06714490674318507
3486 0.06712564543889846
3487 0.06710639518210496
3488 0.06708715596330275
3489 0.06706792777300086
3490 0.0670487106017192
3491 0.06702950443998854
3492 0.06729667812142039
3493 0.06727741196679073
3494 0.06725815684029765
3495 0.06723891273247497
3496 0.06721967963386728
3497 0.06720045753503003
3498 0.06718124642652945
3499 0.06716204629894255
3500 0.06714285714285714
3501 0.06712367894887175
3502 0.06710451170759565
3503 0.06708535540964887
3504 0.0670662100456621
3505 0.06704707560627675
3506 0.06702795208214489
3507 0.06700883946392928
3508 0.06698973774230331
3509 0.06697064690795099
3510 0.06695156695156695
3511 0.06693249786385645
3512 0.06691343963553531
3513 0.06689439225732992
3514 0.06687535571997723
3515 0.06685633001422475
3516 0.0668373151308305
3517 0.06681831106056298
3518 0.06679931779420126
3519 0.06678033532253481
3520 0.06676136363636363
3521 0.06674240272649816
3522 0.06672345258375922
3523 0.06670451319897815
3524 0.0666855845629966
3525 0.06666666666666667
3526 0.06664775950085082
3527 0.06662886305642189
3528 0.06660997732426303
3529 0.06659110229526778
3530 0.06657223796033994
3531 0.06655338431039366
3532 0.06653454133635334
3533 0.0665157090291537
3534 0.06649688737973967
3535 0.06647807637906648
3536 0.06645927601809955
3537 0.06644048628781453
3538 0.06642170717919729
3539 0.06640293868324386
3540 0.06638418079096045
3541 0.06636543349336346
3542 0.06634669678147939
3543 0.06632797064634491
3544 0.06630925507900677
3545 0.06629055007052186
3546 0.06627185561195713
3547 0.06625317169438963
3548 0.06623449830890643
3549 0.06621583544660467
3550 0.06647887323943662
3551 0.06646015206983948
3552 0.06644144144144144
3553 0.06642274134534197
3554 0.06640405177265053
3555 0.06638537271448663
3556 0.06636670416197975
3557 0.06634804610626933
3558 0.06632939853850478
3559 0.06631076144984546
3560 0.06629213483146068
3561 0.06627351867452963
3562 0.06625491297024144
3563 0.06623631770979511
3564 0.06621773288439955
3565 0.0661991584852735
3566 0.06618059450364554
3567 0.06616204093075413
3568 0.06614349775784753
3569 0.06612496497618381
3570 0.06610644257703081
3571 0.0660879305516662
3572 0.06606942889137737
3573 0.06605093758746151
3574 0.06603245663122552
3575 0.06601398601398602
3576 0.06599552572706935
3577 0.06597707576181157
3578 0.06595863610955842
3579 0.06594020676166527
3580 0.0659217877094972
3581 0.06590337894442894
3582 0.06588498045784479
3583 0.06586659224113871
3584 0.06584821428571429
3585 0.06582984658298466
3586 0.06581148912437255
3587 0.06579314190131029
3588 0.06577480490523968
3589 0.06575647812761215
3590 0.06573816155988858
3591 0.0657198551935394
3592 0.06570155902004454
3593 0.0656832730308934
3594 0.06566499721758487
3595 0.06564673157162726
3596 0.06562847608453838
3597 0.06561023074784543
3598 0.06559199555308505
3599 0.06557377049180328
3600 0.06555555555555556
3601 0.06553735073590669
3602 0.06551915602443087
3603 0.06550097141271163
3604 0.06548279689234185
3605 0.06546463245492372
3606 0.06544647809206877
3607 0.06542833379539784
3608 0.06541019955654102
3609 0.06539207536713772
3610 0.06537396121883657
3611 0.06535585710329549
3612 0.06533776301218161
3613 0.06531967893717133
3614 0.0653016048699502
3615 0.065283540802213
3616 0.06526548672566372
3617 0.06524744263201548
3618 0.0652294085129906
3619 0.06521138436032053
3620 0.06519337016574586
3621 0.06517536592101629
3622 0.06515737161789067
3623 0.0651393872481369
3624 0.06512141280353201
3625 0.06510344827586206
3626 0.06508549365692223
3627 0.06506754893851668
3628 0.06504961411245866
3629 0.06503168917057041
3630 0.06501377410468319
3631 0.06499586890663729
3632 0.06497797356828194
3633 0.06496008808147537
3634 0.06494221243808475
3635 0.06492434662998625
3636 0.06490649064906491
3637 0.06488864448721474
3638 0.06487080813633865
3639 0.06485298158834844
3640 0.06483516483516484
3641 0.06481735786871738
3642 0.06479956068094453
3643 0.06478177326379357
3644 0.06476399560922064
3645 0.06474622770919067
3646 0.06472846955567746
3647 0.06471072114066356
3648 0.06469298245614036
3649 0.06467525349410798
3650 0.06465753424657535
3651 0.06463982470556012
3652 0.06462212486308871
3653 0.06460443471119627
3654 0.06458675424192666
3655 0.06456908344733242
3656 0.06455142231947483
3657 0.06453377085042385
3658 0.06451612903225806
3659 0.06449849685706477
3660 0.06448087431693988
3661 0.06446326140398798
3662 0.06444565811032223
3663 0.06442806442806442
3664 0.06441048034934498
3665 0.06439290586630286
3666 0.06437534097108565
3667 0.06435778565584947
3668 0.064340239912759
3669 0.06432270373398746
3670 0.06430517711171663
3671 0.06428766003813675
3672 0.06427015250544663
3673 0.06425265450585353
3674 0.06423516603157321
3675 0.06421768707482993
3676 0.06420021762785637
3677 0.06418275768289367
3678 0.06416530723219141
3679 0.06414786626800761
3680 0.0641304347826087
3681 0.06411301276826949
3682 0.06409560021727322
3683 0.06407819712191148
3684 0.06406080347448426
3685 0.06404341926729987
3686 0.06402604449267499
3687 0.06400867914293464
3688 0.06399132321041215
3689 0.06397397668744917
3690 0.06395663956639566
3691 0.06393931183960987
3692 0.06392199349945829
3693 0.06390468453831573
3694 0.06388738494856525
3695 0.06387009472259811
3696 0.06385281385281386
3697 0.06383554233162023
3698 0.0638182801514332
3699 0.06380102730467695
3700 0.06378378378378378
3701 0.06376654958119427
3702 0.06374932468935711
3703 0.06373210910072914
3704 0.06371490280777538
3705 0.06369770580296896
3706 0.06368051807879115
3707 0.06366333962773132
3708 0.06364617044228695
3709 0.0636290105149636
3710 0.06361185983827493
3711 0.06359471840474265
3712 0.06357758620689655
3713 0.06356046323727445
3714 0.06354334948842219
3715 0.06352624495289368
3716 0.06350914962325081
3717 0.06349206349206349
3718 0.06347498655190963
3719 0.0634579187953751
3720 0.06344086021505377
3721 0.06342381080354743
3722 0.06340677055346589
3723 0.0633897394574268
3724 0.06337271750805586
3725 0.06335570469798658
3726 0.06333870101986044
3727 0.0633217064663268
3728 0.06330472103004292
3729 0.0632877447036739
3730 0.06327077747989276
3731 0.06325381935138033
3732 0.0632368703108253
3733 0.06321993035092419
3734 0.06320299946438136
3735 0.06318607764390897
3736 0.06316916488222699
3737 0.06315226117206316
3738 0.06313536650615302
3739 0.06311848087723991
3740 0.06310160427807486
3741 0.06308473670141673
3742 0.06306787814003206
3743 0.06305102858669516
3744 0.06303418803418803
3745 0.0630173564753004
3746 0.06300053390282968
3747 0.06298372030958099
3748 0.06296691568836713
3749 0.06295012003200853
3750 0.06293333333333333
3751 0.06291655558517728
3752 0.0628997867803838
3753 0.06288302691180389
3754 0.06286627597229622
3755 0.06284953395472703
3756 0.06283280085197018
3757 0.06281607665690711
3758 0.06279936136242682
3759 0.0627826549614259
3760 0.0627659574468085
3761 0.0627492688114863
3762 0.06273258904837853
3763 0.0627159181504119
3764 0.06269925611052073
3765 0.06268260292164675
3766 0.06266595857673925
3767 0.06264932306875498
3768 0.06263269639065817
3769 0.06261607853542053
3770 0.06259946949602122
3771 0.06258286926544683
3772 0.06256627783669141
3773 0.06254969520275643
3774 0.06253312135665076
3775 0.06251655629139073
3776 0.0625
3777 0.06248345247550966
3778 0.06246691371095818
3779 0.062450383699391376
3780 0.06243386243386243
3781 0.0624173499074319
3782 0.06240084611316764
3783 0.06238435104414486
3784 0.06236786469344609
3785 0.06235138705416116
3786 0.06233491811938722
3787 0.06231845788222868
3788 0.06230200633579725
3789 0.06228556347321193
3790 0.062269129287598944
3791 0.0622527037720918
3792 0.0625
3793 0.06248352227788031
3794 0.062467053241960994
3795 0.062450592885375494
3796 0.06243414120126449
3797 0.06241769818277588
3798 0.06240126382306477
3799 0.062384838115293495
3800 0.06236842105263158
3801 0.062352012628255724
3802 0.062335612835349816
3803 0.062319221667104914
3804 0.062302839116719244
3805 0.06228646517739816
3806 0.062270099842354175
3807 0.062253743104806934
3808 0.062237394957983194
3809 0.062221055395116825
3810 0.06220472440944882
3811 0.06218840199422724
3812 0.06217208814270724
3813 0.06215578284815106
3814 0.062139486103828
3815 0.06212319790301442
3816 0.06210691823899371
3817 0.062090647105056324
3818 0.062074384494499736
3819 0.062058130400628436
3820 0.06204188481675393
3821 0.06202564773619471
3822 0.06200941915227629
3823 0.06199319905833115
3824 0.06197698744769874
3825 0.06196078431372549
3826 0.061944589649764764
3827 0.061928403449176904
3828 0.06191222570532915
3829 0.061896056411595714
3830 0.0618798955613577
3831 0.06186374314800313
3832 0.06184759916492693
3833 0.06183146360553091
3834 0.061815336463223784
3835 0.06179921773142112
3836 0.06178310740354536
3837 0.0617670054730258
3838 0.06175091193329859
3839 0.06173482677780672
3840 0.06171875
3841 0.06170268159333507
3842 0.06168662155127538
3843 0.06167056986729118
3844 0.06165452653485952
3845 0.06163849154746424
3846 0.06162246489859594
3847 0.06160644658175202
3848 0.061590436590436594
3849 0.06157443491816056
3850 0.061558441558441555
3851 0.061542456504803944
3852 0.061526479750778816
3853 0.06151051128990397
3854 0.061494551115723925
3855 0.06147859922178988
3856 0.06146265560165975
3857 0.06144672024889811
3858 0.061430793157076204
3859 0.06141487431977196
3860 0.061398963730569946
3861 0.061383061383061384
3862 0.061367167270844125
3863 0.06135128138752265
3864 0.06133540372670807
3865 0.06131953428201811
3866 0.06130367304707708
3867 0.0612878200155159
3868 0.06127197518097208
3869 0.06125613853708969
3870 0.06124031007751938
3871 0.061224489795918366
3872 0.06120867768595041
3873 0.061192873741285826
3874 0.06117707795560145
3875 0.06116129032258064
