1 1.0
2 1.0
3 1.0
4 1.0
5 1.0
6 1.0
7 1.0
8 1.0
9 1.0
10 1.0
11 1.0
12 1.0
13 1.0
14 1.0
15 1.0
16 0.9375
17 0.9411764705882353
18 0.9444444444444444
19 0.9473684210526315
20 0.95
21 0.9523809523809523
22 0.9545454545454546
23 0.9565217391304348
24 0.9166666666666666
25 0.92
26 0.9230769230769231
27 0.9259259259259259
28 0.9285714285714286
29 0.896551724137931
30 0.9
31 0.9032258064516129
32 0.90625
33 0.9090909090909091
34 0.9117647058823529
35 0.9142857142857143
36 0.9166666666666666
37 0.918918918918919
38 0.8947368421052632
39 0.8717948717948718
40 0.875
41 0.8536585365853658
42 0.8571428571428571
