1 1.0
2 1.0
3 1.0
4 1.0
5 1.0
6 1.0
7 1.0
8 1.0
9 1.0
10 1.0
11 1.0
12 1.0
13 1.0
14 1.0
15 1.0
16 1.0
17 1.0
18 1.0
19 1.0
20 1.0
21 1.0
22 1.0
23 1.0
24 1.0
25 1.0
26 1.0
27 1.0
28 1.0
29 1.0
30 1.0
31 1.0
32 0.96875
33 0.9696969696969697
34 0.9411764705882353
35 0.9142857142857143
36 0.9166666666666666
37 0.918918918918919
38 0.9210526315789473
39 0.9230769230769231
40 0.925
41 0.926829268292683
42 0.9285714285714286
43 0.9302325581395349
44 0.9090909090909091
45 0.8888888888888888
46 0.8695652173913043
47 0.851063829787234
48 0.8541666666666666
