1 1.0
2 1.0
3 1.0
4 1.0
5 1.0
6 1.0
7 1.0
8 1.0
9 1.0
10 1.0
11 1.0
12 1.0
13 1.0
14 1.0
15 1.0
16 1.0
17 0.9411764705882353
18 0.9444444444444444
19 0.9473684210526315
20 0.95
21 0.9523809523809523
22 0.9545454545454546
23 0.9565217391304348
24 0.9583333333333334
25 0.96
26 0.9615384615384616
27 0.9629629629629629
28 0.9642857142857143
29 0.9655172413793104
30 0.9666666666666667
31 0.967741935483871
32 0.9375
33 0.9090909090909091
34 0.9117647058823529
35 0.9142857142857143
36 0.8888888888888888
37 0.8918918918918919
38 0.8947368421052632
39 0.8974358974358975
40 0.875
41 0.8536585365853658
42 0.8571428571428571
43 0.8372093023255814
44 0.8409090909090909
45 0.8444444444444444
46 0.8260869565217391
47 0.8085106382978723
48 0.8125
49 0.7959183673469388
50 0.78
51 0.7647058823529411
52 0.7692307692307693
