1 1.0
2 1.0
3 1.0
4 1.0
5 1.0
6 1.0
7 1.0
8 1.0
9 1.0
10 1.0
11 1.0
12 1.0
13 1.0
14 1.0
15 1.0
16 1.0
17 1.0
18 1.0
19 1.0
20 1.0
21 1.0
22 1.0
23 0.9565217391304348
24 0.9583333333333334
25 0.96
26 0.9615384615384616
27 0.9629629629629629
28 0.9642857142857143
29 0.9655172413793104
30 0.9333333333333333
31 0.9354838709677419
32 0.9375
33 0.9393939393939394
34 0.9117647058823529
35 0.9142857142857143
36 0.9166666666666666
37 0.918918918918919
38 0.9210526315789473
39 0.9230769230769231
40 0.9
41 0.9024390243902439
42 0.8809523809523809
43 0.8837209302325582
44 0.8863636363636364
45 0.8666666666666667
46 0.8695652173913043
