0.19392811129659893
0.20902142147951897
0.08318874369156465
0.1329966953035549
0.09400323328998825
0.2341002147654197
0.23874992619973362
0.08088594841786977
0.23763935650764825
0.06034559527316608
0.2453932211260729
0.020195020358535452
0.2212588954684262
0.1645643351394692
0.17448836090883937
0.1749330553995039
0.24714042623321375
0.24279087384415815
0.13273331007217765
0.0013366261617552533
0.23921295312401133
0.20756270301628596
0.032657761929031144
0.19718963403865153
0.24839952678846638
0.12538286869301882
0.246391572482138
0.2486047151437501
0.03770862667814357
0.14484158093163774
0.11444022809000713
0.2446585593546749
0.245651502397408
0.22815579800108918
0.2354205062970857
0.14780626239624345
0.0168653282031316
0.16797763154458165
0.15411368892783636
0.1053669886112513
0.0030371364861137094
0.03090092093584232
0.2434608005165081
0.06496562698534204
0.22232794865275834
0.06674256669928934
0.09644251070648938
0.10358927912611596
0.19087942922489573
0.10747437774673997
0.03021901224244099
0.2491137655451799
0.24173376933560586
0.15140482866917424
0.24967784492893158
0.20216156239501198
0.12697643013787366
0.08069550740269293
0.01694299201429203
0.22501415528771576
0.2263460368963455
0.2114912245326228
0.1880557037609569
0.2485286123129756
0.24842528787117346
0.14924726790917403
0.050268009294434216
0.1626957866810964
0.012021409858837992
0.13054446612363163
0.0622007902846417
0.24942261779660727
0.1887914643480785
0.17601395414547658
0.21120073396879382
0.12411526049012576
0.2499105229416525
0.22416949448926302
0.24999358527944432
0.2392133791608227
0.004854411881116903
0.2420232698721136
0.23516272294273122
0.24949049541777588
0.22652200834063724
0.24994120179311702
0.24477081263420586
0.11481368423239019
0.11168438502270706
0.12045560045404273
0.20779953066176352
0.22683853419713917
0.24013892560235126
0.07271567233660009
0.2263155756872274
0.21381147554948454
0.1267439932568084
5.074024850378124E-4
0.24917693992844467
0.16469740001997873
0.24776549273748633
0.13947087687319024
0.24070446804869663
0.12037381611224392
0.003235263584243356
0.010982409954902116
0.23423415553017954
0.0305847014900887
0.22096894748534399
0.24894775102311634
0.24472560529240064
0.2157383060948824
0.23172091196632802
0.24895435279720937
0.24969615535771028
0.19854304078195684
0.13644264839608486
0.1913084670952432
0.002382064975112617
0.10668443868582644
0.06413379342301209
0.23967309491923194
0.06439439392473083
0.24118149396450933
0.2119898224462516
0.0673987350267208
0.1866879027292377
0.24968803112754778
0.03709415374608127
0.18638172138881695
0.21206920253043143
0.20750950300112717
0.1521893819715534
0.11782256788237505
0.19963885026518763
0.24366507397474127
0.22434654489074898
0.24902075708022758
0.17635666252960308
0.1723799592365678
0.24960660374032886
0.2127240618005603
0.13880193595677043
0.0026013558549623107
0.23262576604154586
0.09058216179113364
0.12709664687473968
0.09996806048563686
0.16158921858092015
0.24259134646639108
0.21303654161020125
0.24996730663373454
0.21871843710705635
0.1570785154157925
0.22693265838878263
0.06541776586936361
0.17434207932677917
0.24913101975714166
0.1626538083707598
0.019654022410683692
0.24847899875149895
0.24079687419636406
0.08837134597833225
0.24865488871039687
0.24636007987895803
0.0957011453069886
0.1668415149007687
0.12379469365385433
0.238416041800893
0.16267745505596046
0.02648385589031603
0.08852446491528781
0.16016068739098682
0.24628312266789007
0.23523985365574512
0.20474362275344893
0.11528531834887885
0.22220958035595603
0.2201413735067941
0.24017411859664126
0.10762807657652056
0.21712273251999878
0.11558548020247841
0.09800735366578985
0.05505981075945651
0.24389605351692564
0.23882293095591864
0.004694335054632162
0.24250916948280843
0.24711453509319953
0.23405886943692214
0.20346308532862803
0.19191559916508735
0.11593100588842242
0.21072816594858007
0.22519085337620864
0.24578332417907556
0.017879195359987346
0.13054039985828206
0.24902891338769206
0.1924738599488641
0.03659260855183515
0.22329333198107526
0.03750082784974724
0.04290128299060592
0.13822612573648266
0.14565711754704413
0.15442979216871472
0.21902861807506707
0.23394402916089138
0.17207616337339382
0.23579130147200517
0.24991055121722677
0.2077727857322542
0.20328712391343282
0.013628824942038298
0.06154772931726552
0.2492436062795935
0.22246285037435873
0.1316323060196697
0.18501734258353375
0.2145789039062065
0.14039029637548978
0.2077638968646854
0.10133632735892224
0.1420529900575213
0.24886961774486618
0.23616206690452424
0.10498647967210574
0.04541002443648848
0.20227964627685247
0.20620756825007136
0.22952496671655453
0.23850845156611056
0.17734976791910675
0.22666813475438594
0.1585631229458959
0.22701242495938
0.1467143193816988
0.18987521460710194
0.2162496499125938
0.24943631579054099
0.006904320300629831
0.23393007290467707
0.22200258582129287
0.09334164164432462
0.24690767750576562
0.24983509897132006
0.11364785931198965
0.054514950964706085
0.24020728349820455
0.24269732598777627
0.24383482538950896
0.24993014780130285
0.194444188508926
0.23090128027222112
0.24997672182424815
0.18464905245842259
0.17178604840799144
0.21233192822955096
0.18747481934411575
0.13318171812460766
0.17265393594846332
0.2459195400511906
0.06875901841655356
0.248191373157121
0.1333808173082782
0.18587590088682987
0.21446289418649617
0.24956951906758568
4.932889610140804E-4
0.20434738761310914
0.20063623855330764
0.1970852245469849
0.21111161234497985
0.24057606040142837
0.04282521644200899
0.17899832636835422
0.18031827719590807
0.0964849301665232
0.13656780854729075
0.0864711253245485
0.1240562876446211
0.1757072025037591
0.20142073019011478
0.19878796079311778
0.15254777939927713
0.09064922587453379
0.2074503951076819
0.20474594397804105
0.24688812692414647
0.2499820288162849
0.23305828437368098
0.2425496645167257
0.19462426029184687
0.11118991969451092
0.24984803535696348
0.14926091475126818
0.20586828304381538
0.18046670710965143
0.07729538643354004
0.18728679333464063
0.010989601710529519
0.23716632173845378
0.22811809593828467
0.14483426820804235
0.12917383684143946
0.07985503185923305
0.24899411028017235
0.23056061134058708
0.11480345954645607
0.04408255816738072
0.15262068354049027
0.24873495786122216
0.1933381263089028
0.23375282597931996
0.24999430044986873
0.14680099431081264
0.1323740462337795
0.23935389495673687
0.15956278755692355
0.24856432362579736
0.22625968252769316
0.24840685941396606
0.2391128269363567
0.08281009668498403
0.17100260279478346
0.21337758794721215
0.10006834975731119
0.16030826838347104
0.24998865307133145
0.1880146640832626
0.16980804282544779
0.21894582860187833
0.13390060488120312
0.23302517664828684
0.22181496798150402
0.01616348233862333
0.18488280824522182
0.1905633238868985
0.1406940498886936
0.24084338876315703
0.0817619815888559
0.08317364461359743
0.009975688335481854
0.11654621025773584
0.0947253108499865
0.2237261212591544
0.054348519107347046
0.07589312493002118
0.16050369942506812
0.1269897547993445
0.23962103881297075
0.05607558201530299
0.18908754232433275
0.14707378641105584
0.04695240280251785
0.14161505125792895
0.19324425137853185
0.01276214067463366
0.1266731954365426
0.11335450721693742
0.22173416530154388
0.24749549904441512
0.18692117494878388
0.19217390757930508
0.143799415596931
0.1511337081771581
0.15408364656243034
0.24012164497938632
0.19898434192978648
0.19976654631871
0.23969288829184138
0.03599883421032474
0.061444494757777045
0.21390506808132906
0.231757097520847
0.17036835070673603
0.24648771769419442
0.1463651818287319
0.21181734497551255
0.2357057286748281
0.07171128197281243
0.20580341244478476
0.24930250344464688
0.11613533652125768
0.14171386070446307
0.22406501152906133
0.07953814895353113
0.11680371045061998
0.22520417820634217
0.2422271283211625
0.24851636116246492
0.24924759840450997
0.2416149542502054
0.24972160700055765
0.12898789234038613
0.11936455116176303
0.19073527416775227
0.08673626680557324
0.20107097342975427
0.20684416756785753
0.15514972696632154
0.21451179564624961
0.2365065334713582
0.20915528663232308
0.050633618772682236
0.17207522868999028
0.04906554682851823
0.24720938200816067
0.12562199432459334
0.09025788387796947
0.0234205604545677
0.23667355646554455
0.17946790131999815
0.07718997640621046
0.2129857402940163
0.2188859184755457
0.19897447326253878
0.07380012891803145
0.1299593327907699
0.23588410492072817
0.2474524593700708
0.22766847123838238
0.2420451018260554
0.20809246453467822
0.24415853331670084
0.22161181302575442
0.23353360749830768
0.22947774112471764
0.08647192233292511
0.11863632041140955
0.24712351650797398
0.15526315361855628
0.24647767420061542
0.24373305181723637
0.13995547944552486
0.1579503053618354
0.22635901694750477
0.1830253098992326
0.24823914375878228
5.732550434544372E-4
0.14334726342818055
0.10168301739560917
0.24910338071354024
0.1404989940283036
0.1448363539203138
0.2281088531445848
0.24635282764069014
0.24966919350861122
0.2311085871581698
0.02544356122989043
0.13182392603485188
0.1467618379266149
0.23006975600739152
0.06336843527370283
0.23822522456793208
0.247753839620872
0.15533448855457443
0.1483381976835993
0.22937919246628352
0.21508615299763414
0.24249622145516134
0.057799871384339445
0.24917686210006768
0.24818239087577115
0.24840744636130033
0.17273304648889423
0.24579156896639395
0.2406088367463718
0.1527165541126651
0.2373268769525196
0.04984337554416639
0.08245959920480414
0.21568473092338764
0.10913965419342098
0.22620733385948114
0.2499142815880432
0.17145491235326793
0.2049077291753661
0.13480987842465836
0.2054740711527218
0.21441741277623363
0.14142091252226419
0.2263737427660165
0.1775275270439718
0.24956669387238192
0.1845518611404005
0.10695751094240928
0.1343556794129845
0.2241503872209354
0.19007246340068157
0.17272279048267497
0.24143825215954817
0.08097749795067646
0.05276769203520871
0.23735542333808635
0.24939682909165975
0.2048616214435112
0.15020326770735198
0.017646904845439314
0.11212089393333673
0.24801011542540383
0.24999756815002058
0.06412668088061847
0.1296889980581915
0.24808034098328666
0.24956721933455794
0.11313933163418888
0.237883496680434
0.22175169273781595
0.15007270937893594
0.20456618622969916
0.24670541870419854
0.1703709464843322
0.2484352249031561
0.16939188009032194
0.2348943376243603
0.13607304946405233
0.20639103828557867
0.18638526284440157
0.02482026060987683
0.22504717112437542
0.22215185812014643
0.027347046961144945
0.24991049355611458
0.10790903018611375
0.1601206507294817
0.21524424238267456
0.0943307926544767
0.20531374541654024
0.08295479664123216
0.2498059950956059
0.22329367884635182
0.24992963630368062
0.24854089390705306
0.23219784396056825
0.08555037038483891
0.24950068380936627
0.03997675783663838
0.05116909963605548
0.24762440255473428
0.20133885464545057
0.24634316308156923
0.07528855726510132
0.16040642362457674
0.0692719966949192
0.14287889245045565
0.12105514173469216
0.20932146704766483
0.16428883370290026
0.18620003335745547
0.23567878131892556
0.06739923736821272
0.0650300408198983
0.15214294467200454
0.14757813160102692
0.11703117805207378
0.1704124302028566
0.15798339980836684
0.24433596255799905
0.24991429187973122
0.17130207964391833
0.13263930984956945
0.24611150155128936
0.12433147452546361
0.14998941443241073
0.14765746886099188
0.11975673894550275
0.24995852965301088
0.2329268519606802
0.24862846339427963
0.05387827189178987
0.08975741253356938
0.18095879717696425
0.20366924089717947
0.19186099148681568
0.053532083813541506
0.23309976976003743
0.22182142120003104
0.048037466448303694
0.08938055664795772
0.24351301822349491
0.03372923078712046
0.0883121190672853
0.15535235994997093
0.24178783290623504
0.24955547144921822
0.24703739763276933
0.2413762438502587
0.24106997420973642
0.23633097435131792
0.17004177485490854
0.17562268765970412
0.24905946322867684
0.1626446009416505
0.212965325116015
0.11459247987009513
0.19199904646287752
0.23856821914028795
0.24790201181523983
9.164724333322726E-4
0.23642321064904284
0.19443075332302975
0.22663715106945848
0.24762630445818593
0.1825972759615007
0.2076162560873556
0.2265085548963276
0.06338364177705384
0.233926604611063
0.21875490582033447
0.2432118058688337
0.06708154181464113
0.2006013345548221
0.08678304137461411
0.17837630368226248
0.20057532020736193
0.19853223193884226
0.07266201717829165
0.19450159540756362
0.2396510317677618
0.12948988735340836
0.23094247607751764
0.12186699326625565
0.011285393092688967
0.07064919499423486
0.09584710953477119
0.07522203097818125
0.14022641125709398
0.026160471258947705
0.199252506956822
0.13260535136042226
0.2480320218325343
0.24915557470200078
0.028281442203230218
0.00484836784258698
0.1516416321450025
0.20547619510640805
0.07036481450552068
0.24979439276222523
0.20365712518205978
0.2432924498642284
0.12165764267839442
0.17109003098526945
0.06461851194383215
0.2429210598732005
0.22471236152567167
0.24753135046588218
0.11709050462255603
0.23436801844509497
0.24098498724247888
0.09938971806917217
0.20894815561539407
0.221630706743607
0.2443558836030625
0.22892363988757516
0.1893036843036743
0.2491512160995634
0.12205289300537528
0.028657365151596212
0.2442247436338486
0.24991238203714208
0.1986445747670597
0.021869783889882456
0.2103161220394308
0.2103462724642783
0.23137923317161807
0.24996359466760606
0.15922572407539745
0.2479135854046644
0.2269277128377244
0.24557783811219822
0.144368729834079
0.10750070258781746
0.01677256507961525
0.04485732896947676
0.16883065838213895
0.05617867955543779
0.24669847925323987
0.018847676829641617
0.16380602867948998
0.11151531363130981
0.14546052860040087
0.17849279409790367
0.06328306136449621
0.22034668571883373
0.24591256183516771
0.21612211613634605
0.15754097754788457
0.24699154850027438
0.13153264517016253
0.010447796221052637
0.2175300170019764
0.2498741630088643
0.17299330833585308
0.06355393718461189
0.03992275903468309
0.027589976425236987
0.07569617378034639
0.23910723721135402
0.23527197016687768
0.08828175835649199
0.24875445031043758
0.18795347389792993
0.24763175078065586
0.24891334177449684
0.24110963760810608
0.15455513090718057
0.08378049030493022
0.19836957730391222
0.06829552945602482
0.24851916549231098
0.2185131176336044
0.15430849099283117
0.2115181080152427
0.24544688080857668
0.18249353253256492
0.03703479310291702
0.24762847137630298
0.11152577181402748
0.2450985383399997
0.028422221440086763
0.2042490152313017
0.23917194407988496
0.19708598389888962
0.1198018842391806
0.21514461891494138
0.08423165995528362
0.21025539692184758
0.13800700933063126
0.1125414252739428
0.1974784563508589
0.19967663501088953
0.24998483659720933
0.14697698444219445
0.14453946747965477
0.24985339819737673
0.05410331509115233
0.16526518741411803
0.07527371514337791
0.18724917933008736
0.23487133546616462
0.18805679961917765
0.03459518525726086
0.03649351401023268
0.20643021944976747
0.21247630031686496
0.10033764870624791
0.04604666845902513
0.22688480316772813
0.19921031750208867
0.2432146405942205
0.1418331549600552
0.20902854175172422
0.12220023744727766
0.2438425617126335
0.16956719887498015
0.17415411191505195
0.24543786577804289
0.04507691872160019
0.2022358072373489
0.09095250567894403
0.14292354168425822
0.1833800291103988
0.12804220196908261
0.16887528120352566
0.24649377427719762
0.1353992432510176
0.1465945128447423
0.20159258197625285
0.24299953516863265
0.21322395942493466
0.04143517035405328
0.21330585157517135
0.13148319926722074
0.1901899769130303
0.16378146532016002
0.23656298897335115
0.09849319235532604
0.2400363999657485
0.24968401115905936
0.13843030435961332
0.030895880225965504
0.24170360468329405
0.19342559036488846
0.14746447109495914
0.03112546798236626
0.24986518145599665
0.093119794882245
0.18181532968415923
0.24846738595403214
0.23670070306268415
0.23813758247834246
0.2499174480128891
0.2385202049909599
0.19338127706622799
0.24433126901073846
0.007602912121978458
0.24645463871702128
0.06580829348853734
0.18135988520771323
0.24624594916784653
0.24473343481180893
0.07750205636036898
0.06849611405688946
0.23896853246720579
0.19959449683891883
0.22565905309445694
0.19499265925410952
0.23969163143965438
0.24510489440959704
0.2449736883691393
0.12492909993215788
0.21239413727639944
0.12800113614804426
0.2351882268914561
0.13373511407595812
0.240729441157413
0.2180829066650178
0.2024219665234028
0.009801975212921909
0.08086427345813375
0.22367262812401248
0.1369012271274542
0.1250034143299801
0.23950665758074485
0.10247846075800628
0.23503437366328833
0.2343302533335125
0.0037530198086214786
0.07469848342897623
0.22611345235425223
0.24957023545786308
0.2277943715239154
0.18720194930993939
0.18677219800696404
0.24844004448932674
0.24785175935538697
0.1858600023801409
0.227656558891307
0.10600500215378
0.1649804955476884
0.038998529108293364
0.17072508133554576
0.017337175402440536
0.015402199297654637
0.08842024295753076
0.10412199883521679
0.2470348282224097
0.2284282518554457
0.09102062348099481
0.24613147082286543
0.12108243936403733
0.08351502986609192
0.04212619397750726
0.22000623133670721
0.14040977224995035
0.025212957703397796
0.06542362718639175
0.23171075885674525
0.17232587558868634
0.24983287189240064
0.24446522771430204
0.219623819221749
0.13194970940003614
0.026953290817522724
0.16349974677729753
0.1670147609501478
0.2442863161271938
0.23194868763651097
0.1635984807492868
0.018777446219508945
0.2123618428832381
0.24343823497160144
0.10512238648572282
0.17159386783926375
0.24369573178970338
0.1793455740937399
0.24954764038252997
0.14418785176567844
0.22885331479692897
0.22267938951538566
0.17698921831800807
0.21870437457633218
0.24887096943676065
0.13191301205476338
0.2053649183974918
0.2455321659857465
0.24956969120306197
0.17126070753745745
0.08568399601913694
0.22080733458235088
0.21943795069816593
0.2001854105067926
0.07834760936947664
0.24967819807149488
0.08735362749761921
0.20250990266430402
0.18945351700339041
0.24916167513741705
0.22418150851980093
0.10566804298289843
0.22241715944735455
0.218321449682507
0.24851831437948504
0.2485227593015032
0.12092658690799486
0.10417078282078704
0.18305141705001665
0.23633917888333017
0.15000077509128854
0.05804756709732363
0.12424610341665128
0.11673493045074397
0.13296660373984767
0.17712631994465208
0.24947071103585436
0.2389524844480962
0.19527538715808815
0.07970798422114017
0.24946987890770858
0.2126622812011456
0.08780668354644339
0.18535493467001307
0.07729321161288812
0.17279929157239976
0.017113895075065125
0.2492671923699229
0.02837640570201403
0.0692216250245211
0.23740869633418982
0.24993935255130192
0.196229558369362
0.09559618205156793
0.23129118086867034
0.07284591236529893
0.2092603693782598
0.18907566807792975
0.20525488600457076
0.24833380932092372
0.04068526856196997
0.1948382667808459
0.1285042132656877
0.2489204307648038
0.18386762290740735
0.13220741186373433
0.14572760677895003
0.2176333896325284
0.17274965121782435
0.22170862323866747
0.06410066932200012
0.2317204855738125
0.24027180596616898
0.03616992694689734
0.23049889586358432
0.23810145583270567
0.24772995931372782
0.12497449916960414
0.1415125651078801
0.23509516876530176
0.2158075567192008
0.16779321041425996
0.24041339484219318
0.05172168076222078
0.24968730259297042
0.08031619197776199
0.022973734189499204
0.1104969229405942
0.23734299302088205
0.21977974094942682
0.06750772375078372
0.2469977148207313
0.2322042577336199
0.24925304729139525
0.24999408670565373
0.21854409561782992
0.21313303538704623
0.15940627749622377
0.15071615185360485
0.2131840963967853
0.1942534795454037
0.2074796692077973
0.14573751520937003
0.24602828081364003
0.07316499456345768
0.08827284541568035
0.06418886987906713
0.2073362059135835
0.24986486402446598
0.0938288321417903
0.24215779400797832
0.2479770560432782
0.0522455460730981
0.18963070131724233
0.022913625642494377
0.16070301871184825
0.2259386178369754
0.10754598943994624
0.24066016769980567
0.21100581989564526
0.1532963374294898
0.18791161462945044
0.24410781177839225
0.004844577641302013
0.16205414713157903
0.1999201475371412
0.247651778713303
0.19065277386483587
0.07432046963426833
0.17381996360462582
0.19143315456175503
0.23851365639984462
0.07532129760544029
0.19294298363612347
0.12044469277473664
0.20987889609422414
0.15972627161314096
0.19401796231847265
0.020773773185909315
0.18838105143291786
0.2011010748583302
0.23414190092662857
0.1782140767036409
0.24906827007041554
0.2165651369357569
0.24506504428733705
0.23581908798891332
0.2261068448908772
0.05219823224382207
0.24101644313592271
0.04581106968678472
0.047987679509975414
0.09154524283720666
0.2366904571628831
0.17856130308572013
0.006812462139078857
0.24778742678653592
0.20662007809856467
0.09119150408278504
0.103833957715804
0.20809812398400507
0.20867650693102868
0.015173341352329173
0.17887791136059136
0.07606662335472554
0.14630195038319674
0.030774413237112396
0.23803590923054296
0.043416785549865444
0.2287863436369099
0.2105753536009411
0.20898274164267167
0.23451643643669576
0.05928793789193263
0.2205924191663074
0.1681014777179012
0.125983060786042
0.04610888179490645
0.18276216338599804
0.24626483663877174
0.24096673436154073
0.15821045372789516
0.12145992057848343
0.17217782815431876
0.232797954621496
0.14282143394365632
0.2420119893050236
0.18814080041659817
0.10674206036106892
0.22223552530637197
0.12547994898379056
0.13660881492087756
0.14805834998221828
0.1846552915112886
0.21114854576435862
0.17551150017637257
0.13995006593176307
0.15500793916218727
0.24901527713308247
0.14869965385513753
0.2129644087021776
0.23123626089438026
0.22714341038358005
0.24257643847406743
0.24221162375040695
0.16292789146291875
0.24617057838713918
0.23815050364706206
0.23809591084797646
0.08292417519175112
0.016219839995445406
0.07043381584605582
0.2287437257183792
0.24093739365441663
0.1601821573699706
0.12239018949725422
0.17569021384679281
0.24999293197938932
0.24251932439427226
0.2165766516524103
0.1755827962421965
0.15273362256631598
0.20502988587348409
0.15020757485938682
0.16076495585737274
0.2087566879158038
0.16205121385658933
0.07420491471926043
0.23818977542484857
0.24694920965719824
0.23768732271191895
0.19032042682613975
0.1649651346286251
0.2031553385349376
0.17428761829266645
0.06603850838445241
0.2058368418345397
0.06591475886585645
0.24811720455835204
0.24694116933595034
0.2490976806551863
0.09334349574626163
0.2439957626704161
0.11325450523517609
0.15244497310257918
0.14213454866410136
0.18425565448844197
0.09405018518951837
0.08814851895737627
0.16378997326978542
0.08637818837737624
0.216177002002016
0.1624868028800012
0.19262034895775526
0.1263974523617921
0.1936824767137972
0.19919182214103848
0.19081878768832283
0.03515239373697873
0.045981342360376855
0.24572614078688185
0.23657235683678993
0.24044287610861925
0.20117378641538808
0.24887423358284588
0.21795999539476724
0.24457581101812262
0.22745571731218206
0.24964854829741326
0.2470396847210751
0.10502165263592704
0.13700154513783333
0.14326273335277864
0.13114266113620354
0.11786176606325673
0.19204805787602383
0.21054118599509006
0.12779797998221754
0.23498071749787883
0.24008294387144677
0.029667948061828927
0.21333180951264924
0.20351914224093032
0.03968849134802249
0.14855763169195144
0.2335094655089333
0.14275230831569863
0.24888057958014026
0.15012138255574406
0.24008868809486936
0.20210469644318488
0.008865486143779204
0.20096404208327232
0.13883651933254965
0.10929711454555223
0.20183293469522734
0.016480441912202583
0.0494270145132795
0.04264257421171191
0.05102602480250599
0.07238802839691974
0.1959993972244155
0.020743752294704553
0.1906708174560518
0.14184431743303366
0.05902090847038357
0.2328225606220356
0.08071170470880704
0.2495823367079338
0.17127266244752767
0.2214356675756657
0.18061319600561937
0.2472633723390942
0.20830235760347107
0.24602794620781132
0.24647125168893
0.03814721873314003
0.1741243973081662
0.21104475438620263
0.2283619273561351
0.21824975905616514
0.2495346775712395
0.23879830126887963
0.2487319107068696
0.1827079039981018
0.10750020418734078
0.2337983579124759
0.24313277923448065
0.2260707090016927
0.1679909615104915
0.04270686826137081
0.11759876944570911
0.10304622592472373
0.05304527535634903
0.2497914272758592
0.20870747747361917
0.003810994625232765
0.14532221665639075
0.240124235570045
0.24006259614483613
0.17950052383725637
0.2095659958472105
0.03668478340083586
0.22407772777059917
0.23803854322570642
0.046679102855766444
0.2310890644007029
0.24993518850411875
0.03802626527409776
0.0351018502130461
0.2438545064939229
0.1851363954977163
0.1826213813386224
0.15458220946057272
0.24717806759814573
0.0038812436648666057
0.1605354481165906
0.20844723842582233
0.17257145650207537
0.13730242916446575
0.24348926348435831
0.08280860911803202
0.1902628196706062
0.14788448276982974
0.214596611804173
0.1053950264543443
0.2465938015955964
0.17900317676675637
0.2081592378786697
0.24855187081798308
0.0858181631023162
0.2170605226913414
0.1998224769925217
0.03648853338861905
0.15222295842160913
0.24699790040100367
0.24745401376649434
0.21147180355444062
0.1657487796453662
0.1906929153240024
0.21926776365484762
0.24925786710934522
0.24632244621715843
0.028486099148335973
0.17059759572261163
0.1669079932701358
0.22978115838175267
0.029516008943565965
0.1958785983929017
0.043233249427638
0.24999953137736006
0.17930816242723208
0.21412378743872879
0.17165556772963184
0.2366671003141944
0.22979655395773826
0.19679418752192143
0.023861504447172447
0.23627062851369313
0.2002884869266002
0.13227074647716175
0.24299449733053194
0.11298285079437562
0.14146535516487518
0.18926907551413874
0.22076764701039842
0.07057270645345055
0.24511873403956708
0.03161825923808288
0.0849955260088206
0.10086471194031396
0.08052803374408728
0.23169044705591446
0.2206858329266379
0.1646364931948825
0.2337730787760004
0.17007063376102824
0.21491502473981244
0.04972379556848762
0.17487866554020592
0.13420425419048812
0.24869113953023453
0.0562815961035341
0.24747310119696853
0.16522168460988942
0.24965846063650945
0.2462830967582708
0.20233941828780982
0.2404594650285054
0.17358563449031258
0.19754850510601255
0.24954141995166737
0.044336287575351054
0.13974246735605453
0.2204716088481817
0.08798171628380248
0.23490276533781532
0.24239289278533024
0.23788370911496018
0.09704613042352421
0.2310120054646966
0.20237996110000506
0.15668513841579637
0.08912635469838602
0.16436320382824976
0.0841137963370703
0.245271076331909
0.1871757074834907
0.2484435748388802
0.21099085564981088
0.21127833969502974
0.1026424170066924
0.243501662744654
0.2226173961642026
0.1363409699321749
0.19325160765910426
0.15283850753662867
0.15747739317854653
0.13171331464833166
0.22862862270357093
0.01467169994444597
0.2496090446362542
0.14285378859393574
0.12279102084879816
0.2305829105892154
0.21340219791407292
0.05854133761608575
0.051988424915453774
0.19229591840052387
7.79050914707671E-4
0.1584398098710489
0.10140054422359436
0.14667605448928456
0.2242988965458435
0.1073389630179251
0.17443490796954858
0.07906386151077914
0.15659230413433922
0.19629497056186257
0.09643104149296254
0.19183850066852343
0.14003802079059183
0.06061136580872614
0.23602518568123004
0.2298101305461518
0.2355941228716327
0.24209463313606527
0.22767888390141064
0.24895291755363366
0.11555880628928096
0.2488340485090181
0.09970206683610018
0.19259317886553737
0.15228033305033523
0.22869844854973692
0.13356173589449236
0.24713239256244424
0.20870432322903454
0.24988028539478532
0.16455775107458884
0.09709201081865246
0.16535245509607957
0.2267958003220665
0.24700144107450028
0.20336348039027646
0.22743110689566978
0.13534252624987514
0.04899108762649208
0.24990311386070602
0.005182444726376349
0.23691062545428618
0.08911053264466037
0.02527986146110159
0.2259420974357611
0.16107688148823682
0.24997251925253053
0.02552644001709255
0.21044936136667255
0.10704006925068134
0.13058779922592662
0.13116124120014372
0.18347371453145062
0.2343493935919917
0.22838688593570844
0.15126790336857482
0.17592987615427422
0.249551195190811
0.14202955055216726
0.24922574672475944
0.0891257163422331
0.24441698694993322
0.1759483829209
0.20029988992775666
0.1719121756177675
0.18922797965781507
0.24546967037855016
0.15283071732886522
0.16691717547517762
0.19332522123676876
0.10477545681785157
0.20327212793114002
0.23182405620097726
0.2281564535140205
0.2366054680587784
0.07098751663493931
0.06436630755574586
0.01241602796291981
0.1577569414985364
0.052660577015032906
0.18724492615890725
0.1977471893013359
0.11614793186199851
0.21179016118785707
0.07884929490170263
0.09284471424216195
0.08171896739963248
0.19008006461029767
0.2353250826899277
0.24486359661436977
0.24950097011882563
0.14683744305872873
0.11753365401806787
0.2163545042974557
0.1630956353436702
0.18830582500569049
0.05548007956623419
0.08293669498765124
0.12743480108626903
0.14217666803546058
0.23509236254206956
0.10516432876962324
0.18027442925531093
0.2376239560541743
0.10957415328911824
0.2339423619786138
0.014309875634892043
0.2429328099672998
0.24053803986936112
0.24597038823039874
0.04453736184399521
0.24068418030821212
0.19089600323250397
0.2481041299022195
0.21565770357289638
0.2311216385195829
0.09498301816910429
0.20891163478768485
0.14452825285412127
0.17793381738380212
0.24669399500730424
0.22851692149353586
0.15395068995077685
0.13380635268179364
0.2427558078671142
0.24408720709161189
0.24774374870177923
0.14171938811057816
0.0882370057214349
0.06526244823086524
0.12209427787576072
0.12846399007691853
0.12850496943021905
0.1523166814158013
0.1299105463380963
0.2466182835461605
0.1321878937966204
0.08487484943686559
0.10408251020101142
0.1918919347032275
0.08212071711120852
0.04832465398466255
0.19009347147993993
0.1586427502168676
0.1743615111795328
0.2438028227316605
0.045391191225361845
0.242427775776355
0.17564589908951367
0.10317932736975365
0.23775402726355713
0.15242282052729283
0.23158202615520337
0.021567955213457377
0.040270133335422835
0.03535305002073984
0.18954942532277408
0.1277617380094532
0.2340740176113372
0.22905195531127165
0.2365287831383043
0.2196037732792453
0.2351736048948086
0.14581566181160074
0.24200766869421977
0.23694141488931464
0.21066168877347843
0.10739123083260274
0.16323333530987177
0.23404065161604704
0.09092656113041307
0.24235868848654152
0.23554869967713696
0.20048466932291462
0.016895269178629782
0.24999113577169574
0.17603312769331642
0.2169515628883522
0.20079935547268338
0.12546362264227778
0.20283359156452235
0.24745048846069725
0.19426958053294976
0.17226285933251018
0.24003745859206707
0.23031694687815882
0.1759701275617887
0.2455973768809882
0.23051695674427683
0.24921952156433586
0.16533019432680504
0.13357987114606698
0.199774886968443
0.24040324289322493
0.0756281855061381
0.0046269983925675585
0.1123613880530005
0.014686146057065435
0.06687098010050298
0.2366439788710779
0.17205344580746265
0.2485871151741792
0.17249994357290804
0.2381741049519792
0.18259674691951566
0.16515288742193243
0.14371264597367608
0.08302109613867742
0.0254137452559666
0.20303435121938979
0.08429428010688583
0.21399560278857419
0.21814066205588245
0.24362884046454528
0.040545870836025996
0.24612035313966596
0.22846877392644524
0.09742547184074578
0.07090294159930369
0.24369111022835882
0.026299422499694552
0.023683835107821422
0.21423933503017722
0.2420134413730715
0.24726075385823718
0.008597203030330958
0.24864360252078907
0.09148007134228354
0.18135493712991718
0.19294720995370288
0.11817656312877335
0.06229410371318224
0.13006885093830786
0.08761111953230544
0.02457502072418131
0.1606462311301848
0.24655163350191217
0.0774989969876388
0.19856850302344348
0.15498791417430124
0.05763706081069407
0.20963023067157438
0.2000974793297811
0.10912944262728798
0.245183087560419
0.23562801707151418
0.2438368881796036
0.24515401660174135
0.1992320506590864
0.1829091737716739
0.14502848758669573
0.07005014348142036
0.10568447164556437
0.1266316774527542
0.2493298446852784
0.019329883413757958
0.19120419337971345
0.07762321257979514
0.05583492318792777
0.03375977221925401
0.08023349370212804
0.135074645737439
0.10266435719527274
0.2487585474908089
0.2213092806672363
0.21797419536407886
0.19688514456977563
0.058147356044124035
0.13827067526268916
0.24622119722956531
0.018217859933938922
0.2443284620519193
0.24931128282268833
0.09587862253490051
0.0974048487974183
0.24969255739346727
0.03666081039767754
0.06363242776330015
0.10406718876778773
0.20053699547439158
0.21899943909407896
0.22398120897407894
0.24753057156489272
0.24014115286323046
0.24330365846733465
0.21756079058743688
0.15003483405853404
0.1944538849890719
0.09580647920583803
0.24324902686961444
0.2493562454222144
0.17446434896508722
0.2392192153721808
0.17519275363145176
0.23364112318325103
0.24063778720756182
0.2421440264267416
0.23542922958794307
0.206811222746626
0.24258216713988182
0.08271688186632661
0.10864389996252166
0.2493138020438106
0.14400847278831316
0.21792436887747763
0.04967431594444543
0.1555987801093121
0.24079022778228854
0.21543314058865526
0.025342693274780226
0.15519777610264998
0.05561879589829609
0.15069233556334583
0.11959532495288955
0.13563588928833012
0.24341537193080925
0.2441638409929224
0.22866471653446885
0.17298786176755243
0.24945922950113508
0.21701845094799813
0.02844796175178875
0.04214359483717627
0.24239684811113252
0.21223205854818528
0.12946014111797047
0.04777448108627039
0.24701115719431255
0.010246645814034215
0.14629391002684075
0.2492402193821401
0.1944736779482577
0.24888719254336045
0.024488915736604968
0.24256723272290645
0.06431537984197175
0.08256785891160799
0.23766255911595607
0.09666068444699492
0.24407541892040285
0.17467649839359536
0.24642317667368485
0.1887662937194558
0.1542927214382817
0.16269998730966864
0.04637131336131504
0.06724355522544273
0.208445958522669
0.13102973309519927
0.02760891911537864
0.17319273436989605
0.10590274256341357
0.17125383217748855
0.1976444710884899
0.022877243636667398
0.23895116555976603
0.12256291927865572
0.11175175245914894
0.12862644541287496
0.1965747758021937
0.2368257223472147
0.2499997129415691
0.24051031424874106
0.16201560121457545
0.20279551153822922
0.2363114021934085
0.22454806383780915
0.11815747284652803
0.17903400589635035
0.10646793040786356
0.07063930598950696
0.19062632816085245
0.24999915595617747
0.19045562919036085
0.01404174177954201
0.24246011714960175
0.15217967796608445
0.10187759853478956
0.24901024990644818
0.24656734192605864
0.08132336940738563
0.20034156882801132
0.023363532917759226
0.12908053093889582
0.14406101616963118
0.00238672943463404
0.2183018521207891
0.10388920613541343
0.00751315843662931
0.18825257996053726
0.15583219451879143
0.24943429656261765
0.2041151857028133
0.24637742282640576
0.2094442761256571
0.2499856968754105
0.22718139826150552
0.19251603972594913
0.24875799754891567
0.04263703280115241
0.13455338613007423
0.2039636901374683
0.2298458477370806
0.08379198013006221
0.2491980582807913
0.21961930402953206
0.07587083821342602
0.15241131756297496
0.18324285420943703
0.10486184454337534
0.035271023492494384
0.23273094029623487
0.21176657406109817
0.21854243759441813
0.24999219029876033
0.03599327352404269
0.1624517400557486
0.24534341525129366
0.15877837724302865
0.24962224822410145
0.15159586047707987
0.24991856210590593
0.24927869674846934
0.23839207291370834
0.21985669784246425
0.22893767134136528
0.061777318743232154
0.04527481726745058
0.1502662084235935
0.18283765091322696
0.23055495328155773
0.07343294505965829
0.21470840791771947
0.24733028263193554
0.15639194651697289
0.2328258952084546
0.15458845841998067
0.16565435587719282
0.2164737240156901
0.18188058918966996
0.24926457248703185
0.24630077468711237
0.24627225059218927
0.21373541834161813
0.2498699112215966
0.09696301282129481
0.24300081740795246
0.1795598086283656
0.18973096048946791
0.24597602126117032
0.03347460394941145
0.08513818471531608
0.1800748704667962
0.015023184008821956
0.2491926537043834
0.10058580585320674
0.2479120649466846
0.22022558335035256
0.24232713321109225
0.2395016635651724
0.22647890132087176
0.0814939347309525
0.24903959350551694
0.24462853631405734
0.007724663409106354
0.17721059521104077
0.22213552262160918
0.21699672735798975
0.09173780137524068
0.19068092077772675
0.2475873456460204
0.2435780305531198
0.03917311338466443
0.16358019743762447
0.18325776408422972
0.1915784510954576
0.08567062641863891
0.13639446087713186
0.12587776556744062
0.12648156948332157
0.23095695219343898
0.24852098775573261
0.24001802412883633
0.24364747458850122
0.10598159186399045
0.23356628568427676
0.22410353884548453
0.23635254733967875
0.2498239872383109
0.193674508667287
0.19403290029662576
0.1077466937659718
0.10475466515792585
0.05780346728099948
0.2499964237901748
0.22202487984889732
0.08237748877308479
0.17697243701209006
0.2273914926467587
0.22627691902382704
0.2073409716320966
0.168674598687773
0.17085499315207095
0.067283359864083
0.13063235814510837
0.2480559370485896
0.23014336495635138
0.20345218339002855
0.18584717341730672
0.19470499946676365
0.221861818285544
0.22322130897108064
0.11558061431884539
0.23978770520550177
0.21508842458046737
0.14534405103187745
0.1744652135697921
0.05842117664570874
0.23838930739852268
0.23642093354971003
0.23807491298602337
0.1915622057010447
0.1586609151690125
0.24311392441044402
0.2383643379017369
0.19196537290268195
0.12715810380944254
0.21559991575645274
0.21419808487142278
0.2455244857106177
0.23520846144230448
0.02197781583406533
0.224992421362651
0.1850394682824486
0.2123194564820965
0.24644562852414464
0.19119642125991157
0.08845188629982467
0.24958238694958776
0.24912178959475384
0.2378632569998417
0.13651605083871038
0.03359145322005255
0.12651662528391489
0.2485077452376182
0.2361257888159833
0.1951205653897075
0.24622350680887395
0.22254999462841757
0.12484857633578525
0.2493395433754572
0.21804270127895328
0.2216964434924516
0.03859668012194252
0.13106929701750383
0.18285313613624124
0.08928434454979749
0.16890033953306838
0.22552373372035409
0.2388224055956984
0.08288612438841836
0.23929397839086797
0.2439654971128724
0.2107868497384681
0.21882141699466545
0.061466089562932084
0.11168354880762571
0.01094581048334024
0.18670103256333304
0.24045025776502613
0.243509007746254
0.06462089466806971
0.10559926706813592
0.17203668533336708
0.08565944652303767
0.1908387741014458
0.17668843875691595
0.2176009355639359
0.17200397392446076
0.15336386489552414
0.13054576396626075
0.14620755955504885
0.028908021507087087
0.04715834518546578
0.24997302321866757
0.18540469931874692
0.01783164534356134
0.08245700541378498
0.19024830627621334
0.2484557803189323
0.20315053003594347
0.2189293085568573
0.19778398350253304
0.17351347705569184
0.2387578842483789
0.20994610447832485
0.2062211582899386
0.2260158012440371
0.24409676528964666
0.24991838055882767
0.05667643993054955
0.09055095890938374
0.24761047482897533
0.18695306336830061
0.15321337426702936
0.15152896873489413
0.1999395127810892
0.2460141855538503
0.1358761944263831
0.1630677956218998
0.03966185292115855
0.2417694690109658
0.11376512797660047
0.15150405028138003
0.1961863917131256
0.24340836210242
0.08369014307205601
0.12559486861976893
0.00846805816928276
0.24366622595078427
0.043708226946237716
0.24892168650554145
0.2274756040478468
0.23316240080596579
0.2483460647964456
0.10916294131253337
0.23570332055450077
0.11669236190496737
0.16571095924126428
0.2341638679933558
0.20483772143301107
0.20945440569344148
0.24140730842946573
0.2444142026190927
0.07003620070339343
0.19121381622743394
0.06718733976062892
0.11105350224854195
0.24988345615465918
0.24982353744467625
0.08150116724063453
0.06593964017109442
0.21913729813763125
0.24417754721005838
0.14692438108465605
0.24946879142261433
0.22905312370400727
0.11020757451008435
0.14971605293327528
0.23062690157685575
0.1370838328546687
0.14882308261729324
0.11824966986685173
0.024477635748972194
0.03168761022006944
0.06608132378811989
0.023213701624775557
0.1571384835414658
0.24714369617848622
0.22746694843254509
0.17647826946384307
0.24866070651754102
0.22830753134232346
0.24158973949380436
0.14864453046797133
0.2498937474932552
0.20830562924214843
0.23151399775453105
0.24955394332755107
0.24457497351585678
0.19272933931703856
0.16879999501393503
0.16651711460233232
0.1178352525000303
0.24660529055011163
0.08880652556667935
0.24738552804086256
0.1289160757978328
0.2408343368186718
0.13562768557943386
0.06430346144923992
1.9376338719063278E-4
0.24995190455834962
0.24749272396115765
0.22334362337367594
0.24945792138376827
0.24010824903668354
0.23338410419521097
0.015128288656900862
0.203129402070473
0.2423622686206402
0.23691609655576704
0.004337818561623657
0.24818268521274603
0.21826243864083514
0.05910860694375397
0.24980034082539412
0.1148999427552949
0.23596492060574745
0.224366417272033
0.24406000900907854
0.19764613798826994
0.2451563705954542
0.10724183636721958
0.24447464864923965
0.24347777077811744
0.2355599578046369
0.08333739108680534
0.243325351172412
0.24220043165745717
0.2424666182162998
0.057297704150633545
0.12777218912544702
0.2379371544534128
0.2316252290404205
0.20946400310780602
0.23294965232328874
0.171925653654925
0.1629828441172133
0.18191288140583423
0.15681952624070225
0.19635523705058214
0.16266992110443002
0.2487225771892816
0.1277056401218078
0.23515124315406313
0.1218928188942947
0.049618809504010035
0.07988082299930596
0.11949854409034105
0.09472015367351709
0.24183010195869253
0.2485003572480278
0.18884660543778695
0.21890996012890374
0.23279264476868983
0.2337414945283813
0.23373032927003104
0.24907510003079733
0.1967730977563817
0.24504765256294858
0.20430237855847075
0.18239512056140503
0.1941647926883436
0.044702251570063856
0.10368510182567513
0.23330044784793613
0.1724654035515784
0.11340881067118894
0.20534883585614336
0.16640526103015918
0.2282456661857055
0.20765469253118207
0.08337991711253978
0.0900805776816146
0.19913381817051926
0.1127502494011262
0.22900778453296156
0.2402373108555461
0.22883594872043292
0.16202676895696025
0.24795236492542985
0.21653136717727295
0.15874898545486343
0.22817149222144842
0.1988239818416896
0.23921963899162
0.21653275759708526
0.2002447973786438
0.2428405861172065
0.15619480986140527
0.13217452418540002
0.18301469574294452
0.2366258454009129
0.09974667419174912
0.2238471759779406
0.2343530011984464
0.20846155458795898
0.18674572398186404
0.14081769583167505
0.13807766336256866
0.2499732774544155
0.23160216921381482
0.01770636841322499
0.21962485518713987
0.07548127273599223
0.23612375634919167
0.13840061378019633
0.1455911131548398
0.23971633375844253
0.1747849860051859
0.17632592380978404
0.22378069144903037
0.2363162641423199
0.13679056333787012
0.24164480480147504
0.1620063834744314
0.1129848057466331
0.22652350375569222
0.2158465706043565
0.14219796159733974
0.21278983830858048
0.2384769160580213
0.2223874127086389
0.24473196880464335
0.22942089909088045
0.2322009706229889
0.1778939175138397
0.16830829393546454
0.22580175907832414
0.06190159553194485
0.18536812944976064
0.24153753760283028
0.16544932103547846
0.1597543607033287
0.1171103393158588
0.24269107189487138
0.23522021970264223
0.11470112204553458
0.09032788320211192
0.249724872357796
0.24999935899593143
0.21484989703203028
0.24947256624988476
0.016607248437056736
0.11106446075131081
0.10948950598589033
0.20565660049808515
0.20959671904642813
0.11763009189710956
0.24530791913805167
0.12792174028893155
0.2461307831669091
0.21679960673972826
0.06467266336491671
0.23072665101055692
0.09786120480642448
0.16124018509289278
0.0160223185173907
0.08508146156913934
0.04399459199346543
0.07580369856442773
0.21004351900236978
0.22673566105025436
0.15725908512267817
0.23743214252052627
0.2025946199242557
0.2470527397842881
0.22069338647803124
0.2482034058319066
0.1840411497304387
0.24841836186361754
0.24830189701913802
0.214117587961308
0.03213816986789355
0.24536903399344764
0.10311436890681554
0.017418010006888463
0.2049023971015805
0.10400455690380413
0.02448631159654606
0.24922666060939397
0.22699185689613172
0.1794479072657685
0.24700220546853394
0.04743472901195477
0.1568407162995452
0.23698336840920312
0.09670062566678482
0.2489685478005032
0.02991056080036459
0.2357111476292435
0.23207518794722798
0.2278986987137843
0.1223706992342281
0.24568876387587205
0.21373705251055128
0.057982367719688455
0.15917940827471563
0.09001392591424999
0.24327543539498397
0.2496709548870936
0.24739430324891043
0.07614619779964567
0.24977020283583518
0.20516203200609517
0.20534692159198775
0.05655961354492338
0.13041387731716672
0.07962156645935105
0.2453960290160873
0.1548951941787721
0.24867512974068642
0.21569989922181598
0.12741428179754744
0.15819304354897656
0.24766825323628575
0.2407078358931689
0.14160612549289214
0.10374259143204444
0.1797798363754681
0.1866756761204563
0.24374770992695738
0.011636501164276863
0.1266463078439285
0.23403991142119973
0.1518216655233028
0.1969936104667034
0.10648005586909226
0.242862184325539
0.20169903901839142
0.1844146647415514
0.21243827512352886
0.21482926835740002
0.15912916351900575
0.24966639034693047
0.03809778940487166
0.06089205765135096
0.21399848981770558
0.08607970851520644
0.09025487565486615
0.22558199343541993
0.08394416504455775
0.1866808032863085
0.044279276571217926
0.2499807668862549
0.24663722726193696
0.24971147117321155
0.235792118346842
0.1795042125500233
0.23122418023947225
0.0862210346380388
0.23052644266457537
0.023604422787544616
0.09365026426750468
0.20641425017220796
0.24718577930810676
0.0025469630547367266
0.11857692043759763
0.20265446949294277
0.12980591682915266
0.07741889356904025
0.20167657842425016
0.03457261244715815
0.04896586023795839
0.23834655042098377
0.2442390059407528
0.08628729605484478
0.24985076933085285
0.20085605082822036
0.004930730967105591
0.19710633126863647
0.07814319814055654
0.217649218751458
0.23727723006229592
0.22434275635133832
0.13777533133284028
0.23800428108974467
0.22968906865451647
0.19643298254123737
0.09098833845874967
0.2096605990350653
0.09937721051244308
0.246070643489589
0.2495821554649204
0.05375844385285162
0.20178760853105512
0.24123433472019745
0.0024179663649071736
0.10297103495425847
0.16986521788567602
0.24901280849142393
0.2499922034509596
0.23465332841847522
0.19326496193142428
0.07448458141689758
0.21751219019767065
0.0023879190725364474
0.24944293659648836
0.04007568806594988
0.09210594104348993
0.24490537033723317
0.1332895880248477
0.141488434433755
0.14012481524425938
0.2496055368457797
0.0509370095597506
0.19178525935782456
0.031636283160454345
0.2198627299281065
0.1406569956548029
0.24455203039032292
0.22590812659558412
0.06625907478181732
0.04115071532766618
0.178634535113681
0.1607245393494616
0.24341937759140003
0.23305533128560812
0.19729160507930577
0.24886864900887923
0.24901446647882683
0.08647373315327032
0.23000999863806681
0.04379778419915187
0.23715633090696026
0.22766735419082645
0.16166809123715417
0.1749621828030849
0.23320965541864774
0.2375922306695875
0.1704192539762532
0.20126781611530464
0.20728046183519297
0.24979810372277508
0.20578427618661793
0.2092663013185488
0.2069588436722545
0.043461955892268575
0.24517857805137167
0.11393949906798133
0.07205638657608956
0.03167199851130677
0.06952791408103313
0.19481244516612334
0.14522610636651473
0.1318530326947286
0.21559728018619453
0.22758197912503944
0.08427675156931123
0.22974072878147128
0.06258373518854313
0.24848870799891296
0.19799323778938827
0.1449878977561356
0.24390486914058102
0.23859322946521302
0.2435786754770093
0.06540145611773968
0.058564032920905694
0.11269478027375163
0.24967130283926067
0.0026804002567540693
0.22007606075176547
0.246202228498297
0.24829424568291544
0.09793964149504827
0.21000960521995307
0.11196565143006276
0.10376542452640149
0.24583976942312177
0.03648818059651063
0.1420450231566695
0.13237250666245215
0.18451661892044102
0.14262815970267978
0.2438212752202643
0.19639665968929373
0.19034884205134864
0.01898017952380644
0.13605269427767483
0.1424065638294022
0.03349355890844022
0.15358934434152563
0.2380743384657454
0.12773134967745362
0.249789740202473
0.13878591592991008
0.1559348125269683
0.205379968655529
0.15938691244234532
0.16251320439268263
0.1971603128020136
0.2081640037907495
0.16537780711424088
0.03448094243464321
0.24971380673359939
0.08031816910031815
0.1734451381993253
0.15087015241610205
0.23158577606906272
0.015128597049009157
0.24272215106400774
0.21011246163046107
0.021531107370805457
0.2420306885649277
0.02455667025507535
0.20386051375500397
0.23565471526857035
0.20014728845647964
0.15654682771545542
0.07586028616940986
0.17422846871601966
0.19361461801146926
0.03223215104209057
0.1646492941276835
0.1279327969727462
0.10298146937296734
0.0868291742606407
0.18473234089836563
0.2057920978910013
0.24998733831154593
0.24925770084682636
0.04884523075568759
0.2336783104908979
0.23088630004102487
0.053893918204554206
0.2476005915772198
0.2143402256938001
0.2494936349730323
0.1583944026126103
0.23755473410972325
0.16882153591680263
0.24999758912477282
0.19517631135099442
0.17200502727934305
0.15247271650611102
0.23483391716353152
0.08893425128640335
0.1741605623257235
0.10705653275683635
0.03066624328301876
0.23428617862822645
0.15545957877419728
0.19620971157367154
0.18520800369169774
0.22287882816865526
0.2473735479379874
0.09114412088546558
0.029747142368137962
0.1890645205407164
0.24954922631205337
0.24432532376187527
0.028859094469587527
0.1957949080888589
0.08272260140016807
0.23860576117883364
0.1473390090309512
0.13292285101097825
0.24464839092066415
0.014528841115288226
0.05425084306577911
0.16685151992000874
0.24893535642384407
0.03999842718630323
0.24081252355665883
0.2440004345752152
0.08799480831953405
0.13032628474734254
0.2418269408105273
