0.6798377091313574	0.3201622908686425
0.8047039840664756	0.1952960159335244
0.4132869522243017	0.5867130477756983
0.34319205763016214	0.6568079423698379
0.9707653256039958	0.029234674396004204
0.6316401560092084	0.36835984399079164
0.42527327123487035	0.5747267287651296
0.3875907672434197	0.6124092327565803
0.8749224920389908	0.12507750796100922
0.04570185989980591	0.9542981401001941
0.6237105658299693	0.37628943417003075
0.5942971281171656	0.40570287188283444
0.17638304991779463	0.8236169500822054
0.611341429347354	0.38865857065264603
0.6064476803654235	0.39355231963457654
0.907070606024312	0.09292939397568796
0.06566051455152866	0.9343394854484713
0.8456639881255446	0.15433601187445542
0.8475567445246537	0.1524432554753463
0.35199753479042584	0.6480024652095742
0.5974349189995072	0.4025650810004929
0.8731841328779845	0.1268158671220155
0.936584287338607	0.06341571266139297
0.454191346437137	0.545808653562863
0.5088059116168213	0.49119408838317863
0.8825989990401443	0.11740100095985569
0.19113055279342617	0.8088694472065738
0.5741693594567796	0.42583064054322034
3.059978742111502E-4	0.9996940021257888
0.007373142304907598	0.9926268576950924
0.728175729578695	0.2718242704213049
0.8047450377877664	0.19525496221223357
0.14562648042186654	0.8543735195781335
0.7197045299526037	0.28029547004739636
0.6957826953634119	0.3042173046365882
0.2714228102992021	0.7285771897007979
0.020280046765156823	0.9797199532348432
0.5139639317646676	0.48603606823533235
0.9517669812849715	0.048233018715028456
0.6001807527568319	0.39981924724316803
0.29974823635971803	0.700251763640282
0.5609739171820238	0.4390260828179761
0.02963518043569746	0.9703648195643025
0.9561751134642825	0.043824886535717436
0.06818298041457338	0.9318170195854266
0.1385167753202291	0.8614832246797709
0.7545547729734883	0.2454452270265117
0.41529930341421073	0.5847006965857893
0.08343490652821584	0.9165650934717842
0.009007352516102185	0.9909926474838978
0.2191789656492712	0.7808210343507288
0.48238830933381605	0.517611690666184
0.363539062891448	0.636460937108552
0.5296175039896502	0.4703824960103497
0.1056129788821617	0.8943870211178383
0.8351501109901945	0.1648498890098055
0.5811001618343716	0.4188998381656284
0.2994931236750322	0.7005068763249678
0.5726499641920673	0.4273500358079328
0.11917673032443055	0.8808232696755695
0.6432232627843624	0.3567767372156376
0.3301028939936288	0.6698971060063712
0.31056703580567335	0.6894329641943266
0.5732999455960823	0.42670005440391773
0.8396506500614508	0.16034934993854924
0.8849892538820272	0.11501074611797282
0.23347943430682683	0.7665205656931732
0.8182379276045224	0.18176207239547762
0.8064996154020911	0.1935003845979089
0.3269412511275094	0.6730587488724906
0.7731754804623301	0.22682451953766994
0.7397255508915987	0.2602744491084013
0.38096449185646875	0.6190355081435313
0.7112341061814551	0.28876589381854484
0.17492694256070307	0.8250730574392969
0.6351781903728628	0.36482180962713723
0.7730418179850088	0.2269581820149912
0.245902655672663	0.754097344327337
0.4387983143575205	0.5612016856424795
0.615802112619789	0.38419788738021093
0.5020023302991867	0.4979976697008132
0.8018796054763423	0.19812039452365773
0.15056567447889524	0.8494343255211048
0.8175874229899948	0.18241257701000527
0.005293788115094511	0.9947062118849055
0.4517278005507045	0.5482721994492955
0.5156907530166017	0.48430924698339833
0.7548936311462918	0.2451063688537082
0.25627020175669424	0.7437297982433058
0.5303441502431396	0.4696558497568603
0.44788248605961367	0.5521175139403863
0.14936052130595956	0.8506394786940404
0.12460338876650545	0.8753966112334945
0.9444114929965541	0.0555885070034459
0.5706138181233709	0.4293861818766292
0.784651542382505	0.21534845761749502
0.5794442480357807	0.4205557519642194
0.40952266418505434	0.5904773358149457
0.4655475592957268	0.5344524407042732
0.3740590754889688	0.6259409245110312
0.2821927180885452	0.7178072819114548
0.6980264529772449	0.30197354702275514
0.8259616217276212	0.17403837827237878
0.9863900243990148	0.013609975600985208
0.608898902274994	0.391101097725006
0.5445020124244422	0.4554979875755578
0.5532806001842541	0.44671939981574593
0.6483241921181984	0.35167580788180164
0.5906350545825538	0.40936494541744617
0.6927902746675811	0.30720972533241886
0.7376981148423026	0.26230188515769737
0.8408203284706264	0.15917967152937362
0.7140422524672017	0.28595774753279835
0.3898032727336671	0.6101967272663329
0.018198102837965635	0.9818018971620344
0.6765308879848734	0.3234691120151266
0.8836911883238149	0.11630881167618512
0.11213238503812117	0.8878676149618788
0.09222907979958439	0.9077709202004156
0.17976493033235208	0.8202350696676479
0.43825735686993195	0.561742643130068
0.4855637758792496	0.5144362241207504
0.5365892632833746	0.46341073671662536
0.7579172463895448	0.24208275361045517
0.8215187793195483	0.1784812206804517
0.30615517757688404	0.693844822423116
0.289832798843055	0.710167201156945
0.6262503764886542	0.3737496235113458
0.9389070155458642	0.06109298445413581
0.5615255475473884	0.43847445245261163
0.7014395970047604	0.29856040299523956
0.6584111173879237	0.3415888826120763
0.0965540010611774	0.9034459989388226
0.8031567334262271	0.19684326657377293
0.02857817819187425	0.9714218218081258
0.07158663515707153	0.9284133648429285
0.2547377586190883	0.7452622413809117
0.39140564262758526	0.6085943573724147
0.7056259054660172	0.2943740945339828
0.5104784767824684	0.4895215232175316
0.1313406156733734	0.8686593843266266
0.024572799276661228	0.9754272007233388
0.6246974443839728	0.3753025556160272
0.46829663203097105	0.531703367969029
0.4633954307044953	0.5366045692955047
0.5717725896765782	0.4282274103234218
0.04726818385673259	0.9527318161432674
0.575748893558096	0.424251106441904
0.47600525999677923	0.5239947400032208
0.5564983710996997	0.4435016289003003
0.9821238931442162	0.017876106855783735
0.31655181765257157	0.6834481823474284
0.6956312674795883	0.30436873252041174
0.49373732598717357	0.5062626740128264
0.21927466381368743	0.7807253361863126
0.5484667338525905	0.4515332661474095
0.5417353849670484	0.45826461503295157
0.09468183448416534	0.9053181655158347
0.14318980045836693	0.8568101995416331
0.7121742906028776	0.2878257093971224
0.8605212140745628	0.1394787859254371
0.18363261655888585	0.8163673834411141
0.5804677153249513	0.41953228467504866
0.8368460756470781	0.1631539243529218
0.08211462046292273	0.9178853795370773
0.04701596510017836	0.9529840348998216
0.9717495294993947	0.028250470500605206
0.5414010240701921	0.4585989759298079
0.7448600465276785	0.25513995347232155
0.6957007373024814	0.3042992626975186
0.2350569861699051	0.7649430138300949
0.6426789045583453	0.3573210954416547
0.5904082919587298	0.4095917080412702
0.08695247239071013	0.9130475276092899
0.5859089745141401	0.41409102548585985
0.5783865884499536	0.4216134115500464
0.02779930335140257	0.9722006966485974
0.717297197844023	0.282702802155977
0.8317641317972095	0.1682358682027904
0.9091905999117794	0.09080940008822054
0.5226613530551574	0.4773386469448426
0.6509614728891453	0.3490385271108547
0.4776731047143037	0.5223268952856963
0.6946032749710072	0.30539672502899284
0.646359624995053	0.35364037500494705
0.3132044057579141	0.6867955942420859
0.2681101658559538	0.7318898341440462
0.2863331626631457	0.7136668373368543
0.6673876348012665	0.3326123651987335
0.36125460709669655	0.6387453929033035
0.5467890437407923	0.4532109562592077
0.050543902779162875	0.9494560972208371
0.6835065519249209	0.31649344807507906
0.6477147018198625	0.35228529818013754
0.041855074987086294	0.9581449250129137
0.7169887132359756	0.28301128676402443
0.37809750148125865	0.6219024985187414
0.7121933174416786	0.2878066825583214
0.37818034160753833	0.6218196583924617
0.4582620362252665	0.5417379637747335
0.3379767138437896	0.6620232861562104
0.2851964469138818	0.7148035530861182
0.4582263493459132	0.5417736506540868
0.09471325463308433	0.9052867453669157
0.1521403306122816	0.8478596693877184
0.6492359375680308	0.3507640624319693
0.4629493077991875	0.5370506922008125
0.881738246763734	0.11826175323626596
0.3728951106228139	0.6271048893771861
0.5344142334560711	0.46558576654392886
0.15651704576456638	0.8434829542354336
0.019952040838323692	0.9800479591616763
0.7947722460009624	0.2052277539990376
0.5623973418561483	0.43760265814385163
0.9011564868482875	0.09884351315171246
0.4747682050529157	0.5252317949470843
0.004386857194755955	0.995613142805244
0.6432876379455625	0.3567123620544375
0.8299831106846224	0.17001688931537762
0.8581642673703879	0.14183573262961213
0.6466915100406931	0.3533084899593068
0.2916751303486427	0.7083248696513573
0.43598881324668615	0.5640111867533139
0.893662082368655	0.10633791763134502
0.9820650028073683	0.017934997192631683
0.20458954685490494	0.7954104531450951
0.12693285439638857	0.8730671456036114
0.013555115077083846	0.9864448849229162
0.7375820634874706	0.26241793651252937
0.5839888156227626	0.41601118437723744
0.9697387102651814	0.03026128973481855
0.9884987269246037	0.011501273075396263
0.3135105473544034	0.6864894526455966
0.3260680473943143	0.6739319526056857
0.5110843305273267	0.48891566947267334
0.6136026439727877	0.3863973560272122
0.5253513922074582	0.47464860779254187
0.5580709443235206	0.4419290556764794
0.6927107710116092	0.3072892289883908
0.8179388936076215	0.1820611063923785
0.7545439707148324	0.24545602928516763
0.08043496574222964	0.9195650342577704
0.48055855933823455	0.5194414406617655
0.1259008710010976	0.8740991289989024
0.7833211634126014	0.21667883658739862
0.06799912838778965	0.9320008716122103
0.8961784903353637	0.10382150966463631
0.17912389404404705	0.820876105955953
0.025109408509540132	0.9748905914904599
0.8986524355594557	0.10134756444054425
0.16357347097412045	0.8364265290258796
0.8294129082820232	0.1705870917179768
0.05129148316186838	0.9487085168381316
0.2866178987335515	0.7133821012664485
0.8112840432003768	0.18871595679962316
0.7325978063466193	0.2674021936533807
0.6495090943200569	0.3504909056799431
0.22291409422160846	0.7770859057783915
0.07570118879223109	0.9242988112077689
0.6792205135399789	0.3207794864600211
0.9442347212218068	0.05576527877819316
0.4556872054771771	0.5443127945228229
0.905754492593544	0.09424550740645599
0.7568518560624546	0.24314814393754536
0.3188155582054615	0.6811844417945385
0.6362455019739605	0.36375449802603954
0.83126212887059	0.16873787112940997
0.0060020869615479144	0.9939979130384521
0.6406628403461022	0.3593371596538978
0.9876830968774408	0.012316903122559179
0.0032860387556429282	0.9967139612443571
0.7358736611820146	0.2641263388179854
0.054737076027531195	0.9452629239724688
0.755264361969619	0.244735638030381
0.7545736976627565	0.2454263023372435
0.12981634421210886	0.8701836557878911
0.8339702725102265	0.16602972748977352
0.39449343529820047	0.6055065647017995
0.17010923449659276	0.8298907655034072
0.145581173820568	0.854418826179432
0.868626358407838	0.13137364159216203
0.5288208571394866	0.47117914286051343
0.6351678926417031	0.36483210735829685
0.3238682440297851	0.6761317559702149
0.7584360522050055	0.24156394779499446
0.3017126749272451	0.6982873250727549
0.43834059759359956	0.5616594024064004
0.4458112882089075	0.5541887117910925
0.32192897758376215	0.6780710224162378
0.5593308840519675	0.4406691159480325
0.9218668952743718	0.07813310472562818
0.025941407036829567	0.9740585929631704
0.6567216342991843	0.3432783657008157
0.33034710362042585	0.6696528963795741
0.4978703519413772	0.5021296480586228
0.3918193513935645	0.6081806486064355
0.6726055831106943	0.3273944168893057
0.3184354741050829	0.6815645258949171
0.4543952962322002	0.5456047037677998
0.5849257900991937	0.41507420990080635
0.4297004639969302	0.5702995360030698
0.04729787619371695	0.952702123806283
0.8815626032397326	0.11843739676026747
0.643413557241326	0.35658644275867407
0.4597838663405094	0.5402161336594906
0.8667924946681573	0.1332075053318427
0.4783274323046709	0.5216725676953291
0.6500955202977141	0.34990447970228594
0.7790353187815672	0.22096468121843285
0.5780680204653286	0.4219319795346714
0.8321514834678606	0.16784851653213942
0.661785020380594	0.3382149796194061
0.012341825772641535	0.9876581742273585
0.5351410187927814	0.46485898120721864
0.6132578332406391	0.38674216675936085
0.02695851443478703	0.973041485565213
0.29213601637619235	0.7078639836238076
0.43447480718909137	0.5655251928109086
0.5938984263841898	0.4061015736158103
0.8232917262654075	0.17670827373459255
0.4048075754802283	0.5951924245197717
0.24649550273029686	0.7535044972697031
0.9013934557165697	0.09860654428343034
0.01997474185853121	0.9800252581414688
0.6729457747660661	0.32705422523393385
0.2047537240680144	0.7952462759319856
0.4465618109941907	0.5534381890058093
0.05756772272689559	0.9424322772731044
0.5831486320202699	0.41685136797973005
0.7294573753651488	0.2705426246348512
0.4508521777577117	0.5491478222422883
0.4647512333151591	0.5352487666848409
0.7384692791222849	0.26153072087771506
0.5097099052819296	0.49029009471807034
0.9241947789607882	0.07580522103921188
0.14597428799215373	0.8540257120078463
0.7526567367976678	0.24734326320233227
0.46781274924735494	0.5321872507526451
0.8430553948713756	0.15694460512862443
0.7074008923600812	0.29259910763991875
0.21018418322527688	0.7898158167747231
0.046762860040280296	0.9532371399597197
0.6443831154112898	0.35561688458871016
0.6407045859178686	0.35929541408213134
0.7916431426392765	0.20835685736072354
0.19860112327541968	0.8013988767245803
0.4861056249195237	0.5138943750804763
0.3551595583709588	0.6448404416290412
0.10841882083006871	0.8915811791699313
0.6065394081034796	0.39346059189652044
0.4465508181035175	0.5534491818964825
0.10818381967309532	0.8918161803269047
0.4928416769347296	0.5071583230652704
0.9297375970438361	0.07026240295616397
0.2789960694136898	0.7210039305863102
0.7976692495960751	0.20233075040392492
0.9543743478222148	0.04562565217778528
0.09063252560361623	0.9093674743963838
0.8493227585430814	0.15067724145691866
0.4624815160755754	0.5375184839244246
0.7925435958498234	0.20745640415017666
0.14369260978668053	0.8563073902133195
0.9261529405723619	0.07384705942763818
0.23607510299231405	0.763924897007686
0.5408464180525225	0.4591535819474774
0.7517884236936058	0.24821157630639426
0.8949045082546925	0.10509549174530756
0.2411866245687223	0.7588133754312777
0.16371818561159723	0.8362818143884028
0.41327146902246337	0.5867285309775366
0.09793849912709207	0.9020615008729079
0.8953302268242176	0.10466977317578245
0.5144621633759441	0.48553783662405586
0.6568085443467662	0.3431914556532339
0.3808444040676129	0.6191555959323871
0.5731494968235729	0.4268505031764271
0.8153415948236363	0.1846584051763637
0.2991119996353725	0.7008880003646275
0.2559651093163401	0.7440348906836599
0.21324147217224187	0.7867585278277581
0.15638568102208028	0.8436143189779197
0.5753496378818397	0.42465036211816026
0.7573502749422247	0.2426497250577753
0.581092645256331	0.41890735474366897
0.5319218306325513	0.46807816936744867
0.3104167547583442	0.6895832452416558
0.1931617856164234	0.8068382143835766
0.24253920438832888	0.7574607956116711
0.42505803257242436	0.5749419674275756
0.376401019838532	0.623598980161468
0.6021420237061321	0.39785797629386793
0.8636883494301408	0.1363116505698592
0.4102988982241751	0.5897011017758249
0.4774695379177163	0.5225304620822837
0.7900902672534754	0.2099097327465246
0.23351017539617236	0.7664898246038276
0.6731915299299811	0.32680847007001895
0.8180556667337899	0.1819443332662101
0.3603799005721928	0.6396200994278072
0.4043330162001324	0.5956669837998676
0.652045265879043	0.34795473412095707
0.5197040690232941	0.4802959309767059
0.7007858442096166	0.2992141557903834
0.4113923324761234	0.5886076675238766
0.8336439901463302	0.16635600985366977
0.3426469824492768	0.6573530175507232
0.02914775104288081	0.9708522489571192
0.7015206728551637	0.2984793271448362
0.5614815475989028	0.43851845240109727
0.8353737971738691	0.164626202826131
0.8870632633865683	0.11293673661343179
0.5276127099494987	0.47238729005050134
0.8150131851065985	0.18498681489340146
0.4743870744424953	0.5256129255575047
0.05473608188157297	0.945263918118427
0.10654926620339844	0.8934507337966016
0.10825426188031673	0.8917457381196833
0.6925059636875295	0.30749403631247046
0.2258413351795162	0.7741586648204838
0.47539905451585185	0.5246009454841482
0.2814716121896469	0.7185283878103531
0.5486100308611064	0.45138996913889357
0.6673462605662976	0.3326537394337024
0.8965403223171862	0.10345967768281378
0.4625743484371083	0.5374256515628917
0.6470004836773167	0.3529995163226833
0.5444297995039531	0.45557020049604696
0.4557439927632245	0.5442560072367755
0.27141630623194524	0.7285836937680548
0.41547950391829735	0.5845204960817026
0.807573228544638	0.19242677145536208
0.028236913928559093	0.9717630860714409
0.6908071785579426	0.30919282144205745
0.1627711110975678	0.8372288889024322
0.4331807796027123	0.5668192203972877
0.33366184719166403	0.666338152808336
0.84736622973384	0.15263377026616004
0.8661810346890138	0.1338189653109863
0.8495897486785504	0.15041025132144964
0.06549941768210943	0.9345005823178906
0.2334380433661385	0.7665619566338615
0.3894161988446636	0.6105838011553364
0.7383313750380298	0.26166862496197024
0.06391556333789539	0.9360844366621046
0.6581255320085708	0.34187446799142923
0.7982577267247806	0.20174227327521949
0.6153972646936792	0.3846027353063208
0.20314660614185165	0.7968533938581484
0.44108185190388316	0.5589181480961168
0.6283052386799832	0.37169476132001683
0.8634823656323205	0.13651763436767947
0.25099395135044034	0.7490060486495597
0.09543157981789119	0.9045684201821088
0.515860770288481	0.48413922971151896
0.22284533322403588	0.7771546667759641
0.3154073203013079	0.6845926796986921
0.578876829073143	0.42112317092685697
0.8556202344287673	0.14437976557123264
0.06144692340451485	0.9385530765954851
0.7379680521888079	0.26203194781119205
0.5059397318709842	0.49406026812901577
0.6716155296376043	0.32838447036239576
0.9805058597283078	0.01949414027169213
0.091580683519346	0.908419316480654
0.8248142750424347	0.17518572495756532
0.7230257753008118	0.27697422469918825
0.04236511613305194	0.9576348838669481
0.5425756975300913	0.4574243024699087
0.17664519410684543	0.8233548058931546
0.8360878902269292	0.16391210977307077
0.13743239652144945	0.8625676034785505
0.5595581589482155	0.44044184105178447
0.2897734647087775	0.7102265352912225
0.3811065196574991	0.6188934803425009
0.528281858095101	0.4717181419048991
0.7568990344375439	0.24310096556245606
0.19651362192875288	0.8034863780712471
0.7964448738276292	0.2035551261723708
0.5977418862188584	0.40225811378114157
0.3613639499485828	0.6386360500514172
0.11129941550833977	0.8887005844916602
0.6592218243170442	0.3407781756829558
0.5690050727767415	0.43099492722325844
0.11752269526914283	0.8824773047308572
0.6596204732343145	0.34037952676568545
0.6139638177595854	0.38603618224041464
0.6757569642372407	0.3242430357627592
0.4934813204739812	0.5065186795260188
0.4665084676012111	0.5334915323987889
0.5007341970424191	0.499265802957581
0.9390315224244993	0.060968477575500696
0.8131269402744601	0.1868730597255399
0.9014172690558887	0.09858273094411127
0.27328522215786877	0.7267147778421312
0.35496191136235644	0.6450380886376436
0.4244739069149718	0.5755260930850282
0.03317754380788884	0.9668224561921112
0.7655520342716744	0.23444796572832557
0.9138062604041596	0.0861937395958404
0.2158482640076832	0.7841517359923168
0.945514922718995	0.05448507728100501
0.2806462903111787	0.7193537096888213
0.5449445524959468	0.45505544750405325
0.4602552116154931	0.5397447883845069
0.6921441366228885	0.30785586337711146
0.4186511973150254	0.5813488026849746
0.30715295528578535	0.6928470447142147
0.06079998375323392	0.9392000162467661
0.876119949428624	0.12388005057137592
0.8436611155558367	0.15633888444416327
0.8347512995856283	0.16524870041437173
0.9237517145102923	0.0762482854897077
0.10162326341900252	0.8983767365809975
0.3518644546019114	0.6481355453980886
0.18298132367061848	0.8170186763293815
0.43512877168855557	0.5648712283114444
0.6538522447366698	0.3461477552633302
0.6290327668385816	0.37096723316141844
0.8904514717926949	0.10954852820730505
0.2880225132246135	0.7119774867753865
0.31781134292312907	0.6821886570768709
0.13564052537723503	0.864359474622765
0.13549560533046434	0.8645043946695357
0.0071470369353021646	0.9928529630646978
0.5937896295006162	0.4062103704993838
0.1692755421973502	0.8307244578026498
0.37282396286880226	0.6271760371311977
0.35556183463202784	0.6444381653679722
0.037037209158163886	0.9629627908418361
0.9146127819625599	0.08538721803744005
0.8259243992833334	0.17407560071666656
0.55751971041748	0.44248028958251995
0.23723398335149926	0.7627660166485007
0.5402467458613553	0.45975325413864465
0.8581320231301495	0.1418679768698506
0.850758166544828	0.1492418334551719
0.2101812592251472	0.7898187407748528
0.8694519684564381	0.13054803154356182
0.8614977444927148	0.13850225550728518
0.21374161439041606	0.7862583856095839
0.6997327324468807	0.3002672675531193
0.8384636145820281	0.16153638541797183
0.887545398683929	0.11245460131607095
0.13022806893683914	0.8697719310631609
0.08231675397232385	0.9176832460276761
0.8611448104272863	0.13885518957271364
0.7977196856608109	0.2022803143391892
0.34519772597433596	0.654802274025664
0.22948857429131198	0.770511425708688
0.34292940981366493	0.6570705901863351
0.8698113173474394	0.13018868265256056
0.43923125307565336	0.5607687469243466
0.09443571265340611	0.9055642873465939
0.8972695482488944	0.10273045175110564
0.3451788211832435	0.6548211788167565
0.7752023988931899	0.22479760110681013
0.6176428003874248	0.3823571996125752
0.7940397060703516	0.20596029392964843
0.5272196652701509	0.47278033472984915
0.43505549592563764	0.5649445040743624
0.470509764071114	0.529490235928886
0.28571974546206425	0.7142802545379358
0.9654403363766589	0.03455966362334108
0.778214407009687	0.22178559299031297
0.6341822864194123	0.3658177135805877
0.6410059115279256	0.35899408847207437
0.3880211703382923	0.6119788296617077
0.7146923269490323	0.2853076730509677
0.8106210010598569	0.1893789989401431
0.14137197924916645	0.8586280207508336
0.8818376278304269	0.11816237216957316
0.2742394372991056	0.7257605627008944
0.5139762291806913	0.4860237708193087
0.40752929132680493	0.5924707086731951
0.22110880103404174	0.7788911989659583
0.2671952098700311	0.7328047901299689
0.5541052851828101	0.4458947148171899
0.7851053440327684	0.21489465596723156
0.013099811070730438	0.9869001889292696
0.3937038318724634	0.6062961681275366
0.4082950066953066	0.5917049933046934
0.7980550013586218	0.20194499864137816
0.3517652755795363	0.6482347244204637
0.016350319757046483	0.9836496802429535
0.6090891653120084	0.3909108346879916
0.5210925013995245	0.47890749860047555
0.6614326419367477	0.33856735806325233
0.38842315358154533	0.6115768464184547
0.3767056882662929	0.6232943117337071
0.783955382644339	0.21604461735566105
0.3725842568751516	0.6274157431248484
0.42590769755806934	0.5740923024419307
0.2938645968729391	0.7061354031270609
0.4005849556896026	0.5994150443103974
0.99181305506639	0.00818694493361005
0.12596297726299488	0.8740370227370051
0.8589339022020931	0.1410660977979069
0.11533173943678621	0.8846682605632138
0.09505324882445243	0.9049467511755476
0.4680329174620761	0.5319670825379239
0.21992990170604831	0.7800700982939517
0.49237428826071183	0.5076257117392882
0.6730260831119043	0.32697391688809574
0.8857432909832937	0.11425670901670629
0.23931236634310005	0.7606876336569
0.4216489165528797	0.5783510834471203
0.03754135547240678	0.9624586445275932
0.11984391706756703	0.880156082932433
0.4247615658280255	0.5752384341719745
0.44001041881360337	0.5599895811863966
0.7865685627210242	0.21343143727897587
0.7485184363102314	0.2514815636897686
0.4114870584031546	0.5885129415968454
0.6501984526631982	0.3498015473368018
0.5340764712236556	0.46592352877634435
0.12435592176537236	0.8756440782346276
0.08889873269081205	0.911101267309188
0.7649693599318297	0.23503064006817034
0.020187140661316216	0.9798128593386838
0.12062786209879606	0.8793721379012039
0.8029951217756744	0.19700487822432558
0.2843005421264535	0.7156994578735465
0.6732437846290465	0.32675621537095345
0.8548902242233856	0.14510977577661446
0.06826455759589989	0.9317354424041001
0.5244767708411199	0.4755232291588801
0.43735789185696594	0.5626421081430341
0.9143545237577122	0.08564547624228783
0.49414683346399435	0.5058531665360056
0.45093222853604165	0.5490677714639584
0.6090571884739646	0.3909428115260354
0.8351947789728015	0.16480522102719855
0.4504389026658433	0.5495610973341567
0.7969956362875529	0.20300436371244715
0.6053671973475163	0.3946328026524837
0.852605294028851	0.14739470597114904
0.28411415162240317	0.7158858483775968
0.6997089071223465	0.30029109287765354
0.7331203200924905	0.2668796799075095
0.9218233654464777	0.07817663455352233
0.6568606341188171	0.3431393658811829
0.05166354358691527	0.9483364564130847
0.14549686029537945	0.8545031397046206
0.7124783261793011	0.28752167382069893
0.7982295621276242	0.20177043787237584
0.9543223437786684	0.0456776562213316
0.2567636086560402	0.7432363913439598
0.6995280662861212	0.3004719337138788
0.16362145288670926	0.8363785471132907
0.06356727860895894	0.9364327213910411
0.876249259019167	0.12375074098083302
0.32810269960932603	0.671897300390674
0.7415955186159984	0.2584044813840017
0.9877652086076837	0.01223479139231628
0.2426054079686526	0.7573945920313474
0.5781885044655086	0.42181149553449143
0.755426123828065	0.24457387617193502
0.947579188511782	0.05242081148821794
0.5267908066407576	0.47320919335924233
0.038772826300774166	0.9612271736992258
0.9891013666902374	0.010898633309762562
0.18341481007174576	0.8165851899282542
0.5643580851774679	0.43564191482253206
0.409670499661682	0.590329500338318
0.5084500539832413	0.4915499460167588
0.10169277017069511	0.8983072298293049
0.25040680578641583	0.7495931942135842
0.34289582811023966	0.6571041718897603
0.12292406405004219	0.8770759359499578
0.8194235266947031	0.1805764733052969
0.06078544177062939	0.9392145582293706
0.2586461129047539	0.7413538870952461
0.5330752939539574	0.4669247060460426
0.25520201836109857	0.7447979816389014
0.18804624376433288	0.8119537562356671
0.47741575245315404	0.522584247546846
0.6077754089644807	0.3922245910355194
0.11764839598052312	0.8823516040194769
0.04846994396826154	0.9515300560317385
0.25341560514201866	0.7465843948579813
0.7831527988274632	0.21684720117253672
0.2084686580321079	0.7915313419678921
0.25143852956472945	0.7485614704352705
0.9653705314840025	0.03462946851599743
0.8505304508576749	0.1494695491423251
0.08868900187023865	0.9113109981297614
0.4261448755701367	0.5738551244298633
0.11041657291248186	0.8895834270875181
0.9809895125563461	0.01901048744365382
0.0306403312698732	0.9693596687301268
0.5730895042784421	0.426910495721558
0.8552176071478589	0.1447823928521411
0.8832779865988664	0.11672201340113361
0.2710436868099322	0.7289563131900678
0.8490250022973139	0.15097499770268605
0.7255698269871576	0.2744301730128425
0.6733403752813867	0.32665962471861326
0.8920700499308115	0.10792995006918846
0.9039702846824225	0.09602971531757751
0.5616608418133551	0.438339158186645
0.8835084402497952	0.1164915597502048
0.9814173869169198	0.018582613083080138
0.9580502336323546	0.041949766367645316
0.17681960996958157	0.8231803900304184
0.8289213004026568	0.17107869959734318
0.852630289626066	0.14736971037393393
0.09342286666886146	0.9065771333311385
0.6420422960411369	0.3579577039588631
0.09672850359620055	0.9032714964037994
0.9380356387356376	0.061964361264362486
0.26569385767183373	0.7343061423281663
0.7015260806779506	0.2984739193220493
0.5581896885676916	0.44181031143230837
0.22704144120577852	0.7729585587942215
0.2968140261116954	0.7031859738883046
0.18295222460338956	0.8170477753966104
0.09653325311949401	0.903466746880506
0.6285194390934621	0.37148056090653786
0.9161878567557097	0.08381214324429036
0.2861291083807881	0.7138708916192119
0.5890199883962122	0.4109800116037879
0.9831734842689608	0.016826515731039174
0.11556939714890857	0.8844306028510914
0.44456889616682116	0.5554311038331788
0.3215238393400134	0.6784761606599866
0.1367552065433193	0.8632447934566807
0.8408642153546964	0.1591357846453037
0.7903044029517685	0.20969559704823143
0.9571669300477986	0.04283306995220133
0.10676563891054924	0.8932343610894508
0.9646547179945515	0.03534528200544847
0.4946203950225816	0.5053796049774184
0.3007784512000611	0.6992215487999389
0.2437541172999801	0.7562458827000199
0.3822933115882996	0.6177066884117004
0.9282725664856737	0.07172743351432635
0.7890190274523472	0.21098097254765286
0.30293653207658255	0.6970634679234174
0.12185352767063129	0.8781464723293687
0.9744153502237032	0.02558464977629686
0.5616272857767655	0.4383727142232345
0.7284087775230672	0.27159122247693285
0.14322017973282675	0.8567798202671733
0.9358588940177924	0.06414110598220761
0.21041882456059613	0.7895811754394039
0.28873960664560394	0.7112603933543961
0.10214850375074047	0.8978514962492595
0.3054229517090369	0.6945770482909631
0.16578448358380582	0.8342155164161942
0.15889695452929598	0.841103045470704
0.4979909875109586	0.5020090124890414
0.8190659875209914	0.18093401247900864
0.1178549749762624	0.8821450250237376
0.8015457066976948	0.19845429330230524
0.11532442541650467	0.8846755745834953
0.6929677660477442	0.30703223395225576
0.8072851074936945	0.19271489250630547
0.3611829810961944	0.6388170189038056
0.025130184976887793	0.9748698150231122
0.17220601339767805	0.827793986602322
0.9355036527360627	0.06449634726393727
0.6910480929874528	0.30895190701254716
0.02570111365026473	0.9742988863497353
0.7768900521173411	0.22310994788265892
0.8684914422245871	0.13150855777541293
0.256738657911999	0.743261342088001
0.8583430292684869	0.14165697073151307
0.0012517139446954761	0.9987482860553045
0.533367479725029	0.46663252027497104
0.060722092283674534	0.9392779077163255
0.7827758189045841	0.21722418109541586
0.817331425474992	0.18266857452500795
0.2458506764318359	0.7541493235681641
0.6402386814743133	0.3597613185256867
0.43724525569578654	0.5627547443042135
0.7655829279312696	0.23441707206873041
0.10109800185252094	0.8989019981474791
0.4633818145051928	0.5366181854948072
0.6776430619407388	0.32235693805926124
0.18907520993171023	0.8109247900682898
0.8175369058141492	0.18246309418585083
0.5551119397341594	0.4448880602658406
0.21722215143953916	0.7827778485604608
0.02281371608496141	0.9771862839150386
0.3988959734760963	0.6011040265239037
0.6214842942397866	0.37851570576021343
0.006003485831529098	0.9939965141684709
0.6984454325077534	0.30155456749224663
0.9239736148716093	0.07602638512839066
0.5956438810822613	0.4043561189177387
0.6198637282066426	0.3801362717933574
0.8753387076235163	0.12466129237648371
0.18677046133838204	0.813229538661618
0.4031645728695734	0.5968354271304266
0.20175356440042558	0.7982464355995744
0.5999761646655076	0.4000238353344924
0.7914471773457843	0.2085528226542157
0.8370826815827903	0.1629173184172097
0.7387077203006955	0.26129227969930446
0.3499294904576894	0.6500705095423106
0.7882396031520176	0.21176039684798237
0.7246045429454792	0.27539545705452084
0.8934508933358782	0.10654910666412172
0.4640636262899417	0.5359363737100583
0.9146055432859691	0.08539445671403086
0.9082701636901059	0.09172983630989402
0.30792319444155825	0.6920768055584418
0.9338834482402535	0.06611655175974647
0.430692545022781	0.569307454977219
0.36121475797239244	0.6387852420276076
0.4430330099072647	0.5569669900927353
0.5020837921888718	0.4979162078111282
0.46455161438460424	0.5354483856153958
0.16057387650268085	0.8394261234973192
0.1123545638016823	0.8876454361983177
0.5996099399441475	0.40039006005585254
0.8627555790409056	0.13724442095909434
0.8161741065372345	0.1838258934627654
0.3390846905357966	0.6609153094642034
0.5302266256609718	0.4697733743390282
0.5296999714293886	0.4703000285706114
0.32041007530851107	0.6795899246914889
0.5904774465886693	0.4095225534113307
0.05115996065199169	0.9488400393480083
0.1509136840913845	0.8490863159086155
0.5830690206561748	0.41693097934382517
0.8981037779247549	0.10189622207524503
0.6777831279225897	0.32221687207741034
0.49321917577537355	0.5067808242246264
0.17123878263957149	0.8287612173604285
0.025038780366317126	0.9749612196336829
0.04996213551277018	0.9500378644872298
0.0282944174090215	0.9717055825909785
0.9140830189773489	0.08591698102265106
0.5041645624161198	0.49583543758388016
0.8217005657440417	0.17829943425595834
0.1486485489288728	0.8513514510711272
0.2906658334808264	0.7093341665191736
0.5036129089099021	0.49638709109009793
0.8784964826791022	0.12150351732089777
0.736234916041792	0.26376508395820797
0.5961570239396706	0.4038429760603294
0.07595800004901387	0.9240419999509861
0.24834767598950147	0.7516523240104985
0.3038857304365179	0.6961142695634821
0.6776467627223552	0.32235323727764476
0.4171051254024156	0.5828948745975844
0.8526149098226574	0.14738509017734253
0.3584636123891921	0.6415363876108079
0.545447848913616	0.454552151086384
0.3522511998528337	0.6477488001471663
0.206072681000245	0.793927318999755
0.7622764706996576	0.23772352930034235
0.6610905713837334	0.3389094286162666
0.23359040677481313	0.7664095932251869
0.755184882086526	0.244815117913474
0.02505974736998795	0.974940252630012
0.847206070495666	0.15279392950433401
0.12034848683374677	0.8796515131662532
0.8481804613117838	0.15181953868821618
0.1917555679258801	0.8082444320741199
0.6708995814721742	0.3291004185278258
0.09437420504142091	0.9056257949585791
0.6430968207485426	0.3569031792514574
0.22530285441734088	0.7746971455826591
0.43942027370535275	0.5605797262946473
0.8822249171756062	0.11777508282439374
0.9874330407074949	0.012566959292505054
0.31057180540036844	0.6894281945996316
0.6041977427856303	0.3958022572143697
0.664276783027098	0.33572321697290197
0.5091591132871699	0.4908408867128301
0.7067780769382541	0.2932219230617459
0.2569222395214569	0.7430777604785431
0.4407719949944685	0.5592280050055315
0.9454106635288199	0.05458933647118013
0.030964273709568224	0.9690357262904318
0.4204235061805708	0.5795764938194292
0.5368041961367812	0.4631958038632188
0.7408204636088846	0.25917953639111535
0.12437391004143017	0.8756260899585698
0.7478436659354532	0.25215633406454685
0.21007833681704613	0.7899216631829539
0.5402126469654341	0.45978735303456586
0.39475383822955556	0.6052461617704444
0.5707467847688383	0.42925321523116167
0.17586781540716312	0.8241321845928369
0.9960249992485232	0.003975000751476836
0.23758148125755396	0.762418518742446
0.28270748139156987	0.7172925186084301
0.1829274521903701	0.8170725478096299
0.4681626899546033	0.5318373100453967
0.8179253437658347	0.1820746562341653
0.8095684124638015	0.1904315875361985
0.5622066400664419	0.43779335993355806
0.9982863039625521	0.0017136960374478552
0.1421067832003985	0.8578932167996015
0.4009553626841661	0.5990446373158339
0.9270431840601209	0.07295681593987911
0.29775776946726806	0.7022422305327319
0.17044033081761112	0.8295596691823889
0.10017274299726697	0.899827257002733
0.07920330458108682	0.9207966954189132
0.09906195901982395	0.900938040980176
0.8987545368027468	0.1012454631972532
0.6902526314258841	0.30974736857411583
0.7103358028248528	0.2896641971751473
0.7572683376315701	0.24273166236842986
0.9784817467645263	0.02151825323547369
0.8216203296433042	0.17837967035669572
0.05287294441115076	0.9471270555888492
0.42882295296224304	0.571177047037757
0.3624247119495909	0.6375752880504091
0.9984642186599191	0.001535781340080874
0.22232461971897832	0.7776753802810217
0.33897260858243505	0.661027391417565
0.46333289403973377	0.5366671059602662
0.14917813823450254	0.8508218617654975
0.7732895409005427	0.22671045909945736
0.7069957814758299	0.2930042185241701
0.12651637616119082	0.8734836238388092
0.4545895264560901	0.5454104735439099
0.2401227641993301	0.7598772358006699
0.43760110479360115	0.5623988952063989
0.518954879408148	0.48104512059185206
0.6362239165198857	0.3637760834801143
0.6742834782586657	0.3257165217413343
0.9652177875493325	0.03478221245066744
0.4758873673720414	0.5241126326279586
0.42991706086047077	0.5700829391395292
0.132922332439939	0.867077667560061
0.15178251350967964	0.8482174864903204
0.41520299642512115	0.5847970035748788
0.2503590930245143	0.7496409069754857
0.9946251561917625	0.005374843808237443
0.15327517462786966	0.8467248253721303
0.9680406382535115	0.03195936174648846
0.5511794229452103	0.44882057705478967
0.9345185339681112	0.06548146603188881
0.9036550281915865	0.09634497180841356
0.9808396729009637	0.019160327099036208
0.10295334747679397	0.897046652523206
0.0512566608063566	0.9487433391936434
0.31699642197230804	0.683003578027692
0.5196711476194189	0.48032885238058104
0.3480360410022558	0.6519639589977442
0.8851636063721153	0.11483639362788461
0.47952231181939553	0.5204776881806045
0.9520137819754568	0.04798621802454313
0.14640172345527003	0.85359827654473
0.8839508530286009	0.11604914697139908
0.4002511295550393	0.5997488704449607
0.6593900235893118	0.3406099764106882
0.18006950729582094	0.8199304927041791
0.6017810625093316	0.39821893749066833
0.08117512424634499	0.918824875753655
0.17431509578014381	0.8256849042198562
0.2562925450931389	0.7437074549068611
0.9909000573251513	0.009099942674848743
0.9327929345382043	0.06720706546179563
0.705756320784678	0.2942436792153221
0.450779747320308	0.549220252679692
0.3730856970705202	0.6269143029294798
0.7784898001766498	0.22151019982335024
0.6489573278134153	0.35104267218658464
0.09157974307977346	0.9084202569202265
0.8614905447463457	0.13850945525365438
0.09508922181296398	0.904910778187036
0.8374205990403683	0.1625794009596318
0.13246799332541848	0.8675320066745815
0.14108447333570606	0.8589155266642939
0.6546763888004503	0.34532361119954974
0.315035921296537	0.684964078703463
0.6880383958325396	0.3119616041674604
0.7025339601847438	0.29746603981525627
0.15064319193133335	0.8493568080686666
0.05839575815265863	0.9416042418473414
0.8164287635132865	0.18357123648671353
0.13782525861594663	0.8621747413840534
0.7407854492210293	0.25921455077897065
0.6434072856455104	0.3565927143544895
0.8531167146945708	0.1468832853054291
0.998902771577881	0.0010972284221190504
0.2361815631275841	0.7638184368724159
0.9196474885163551	0.08035251148364482
0.3794952444124461	0.6205047555875539
0.4621308105774756	0.5378691894225244
0.17923063161316666	0.8207693683868333
0.29399292342875905	0.706007076571241
0.9089615236063975	0.09103847639360248
0.8718513891373147	0.1281486108626852
0.28762554819484276	0.7123744518051572
0.23189245674476922	0.7681075432552308
0.5910253329878261	0.40897466701217394
0.6974109394519028	0.30258906054809726
0.693186319564004	0.30681368043599605
0.06023646702872976	0.9397635329712702
0.6704673048903487	0.3295326951096514
0.40437840107350953	0.5956215989264905
0.07537599471084344	0.9246240052891566
0.40177240734364517	0.5982275926563548
0.3284514526240324	0.6715485473759676
0.441053105055875	0.558946894944125
0.1050782154385691	0.8949217845614309
0.39929507709553	0.60070492290447
0.9729681523766315	0.02703184762336857
0.152165316775127	0.847834683224873
0.5498415178538869	0.45015848214611315
0.9849829976737975	0.015017002326202558
0.4836385560291111	0.5163614439708889
0.5433042302606619	0.45669576973933806
0.9900420624305885	0.009957937569411551
0.660278010955208	0.33972198904479206
0.8259096166439421	0.17409038335605792
0.46249682428872685	0.5375031757112732
0.14548785892140403	0.854512141078596
0.3146615082416755	0.6853384917583245
0.06894805412285243	0.9310519458771476
0.9151770987530157	0.08482290124698437
0.17576776952736006	0.8242322304726399
0.3316289368822589	0.6683710631177411
0.6205677801165659	0.3794322198834342
0.4581699416855425	0.5418300583144575
0.7675054313946188	0.23249456860538126
0.8867640869123982	0.11323591308760188
0.40751462972948904	0.592485370270511
0.9709398048980095	0.029060195101990587
0.1709296694013458	0.8290703305986542
0.9935464532938427	0.006453546706157322
0.7645055428829395	0.23549445711706057
0.25768738991500584	0.7423126100849942
0.6304108714989156	0.36958912850108444
0.14061108418291013	0.8593889158170899
0.5444430609617059	0.45555693903829403
0.08133744883106453	0.9186625511689355
0.7748988359034805	0.22510116409651942
0.12101662070982377	0.8789833792901762
0.929999069150528	0.07000093084947205
0.3466729666071977	0.6533270333928023
0.48266377329477395	0.517336226705226
0.8796625169250085	0.12033748307499152
0.6132852243554017	0.3867147756445984
0.23483077786790196	0.765169222132098
0.12485109870923206	0.8751489012907679
0.8993331585509747	0.10066684144902531
0.41560146279947885	0.5843985372005212
0.14508553791396306	0.8549144620860369
0.23200899176025924	0.7679910082397408
0.8089316616281039	0.19106833837189602
0.04327633882562132	0.9567236611743787
0.4467330471483114	0.5532669528516886
0.016640801212270184	0.9833591987877298
0.804496957857425	0.19550304214257494
0.01609201511863212	0.9839079848813679
0.042746376164624955	0.957253623835375
0.014815380833987035	0.985184619166013
0.20231330473990228	0.7976866952600977
0.8454325209767898	0.1545674790232102
0.9860926191606835	0.013907380839316507
0.0042144162171036115	0.9957855837828964
0.23979161720278697	0.760208382797213
0.9524761344289783	0.04752386557102171
0.038025872459077625	0.9619741275409224
0.8214948375069083	0.17850516249309165
0.565971095676481	0.4340289043235191
0.9308778901770044	0.06912210982299558
0.7523720220527413	0.24762797794725863
0.8294381612821837	0.17056183871781624
0.7897893357964886	0.2102106642035114
0.4819355221373983	0.5180644778626017
0.2949971884075129	0.7050028115924871
0.6129188402673009	0.38708115973269913
0.5482609106382268	0.45173908936177315
0.9231222604491717	0.0768777395508283
0.0029947353983235114	0.9970052646016765
0.49158310279480366	0.5084168972051963
0.10806413974879481	0.8919358602512052
0.22937922354734464	0.7706207764526554
0.7066579690936565	0.29334203090634353
0.05452999959137783	0.9454700004086222
0.6030446476627731	0.39695535233722695
0.7924396820434588	0.20756031795654115
0.7107347741305097	0.2892652258694903
0.6869348851812456	0.3130651148187545
0.7982300196513749	0.20176998034862512
0.3324808288370369	0.6675191711629631
0.589485779207509	0.41051422079249106
0.5419538078235631	0.4580461921764369
0.5277860904541605	0.47221390954583947
0.8641723432596119	0.13582765674038808
0.05307270046535084	0.9469272995346492
0.6133962638020967	0.3866037361979034
0.679931213906874	0.3200687860931259
0.3057138834396018	0.6942861165603982
0.3383291114228779	0.6616708885771221
0.48555117938633485	0.5144488206136651
0.796160883556563	0.20383911644343697
0.2247279156461237	0.7752720843538763
0.32539498595028815	0.6746050140497118
0.9762007060863545	0.023799293913645523
0.14962142268498357	0.8503785773150164
0.27771880260855386	0.7222811973914461
0.6207197737186276	0.37928022628137237
0.995793361264924	0.004206638735076013
0.47247353397013747	0.5275264660298625
0.13849614512968178	0.8615038548703182
0.10267541803461588	0.8973245819653841
0.2447582955136598	0.7552417044863402
0.8600621267512271	0.13993787324877296
0.9149008345742305	0.08509916542576948
0.7908544155195794	0.20914558448042067
0.41192515759882387	0.5880748424011761
0.6656930544788103	0.33430694552118967
0.1746305238308573	0.8253694761691427
0.931973207234246	0.06802679276575399
0.6732263480205739	0.3267736519794261
0.8208341929647176	0.17916580703528243
0.07826399338238765	0.9217360066176123
0.857315054857109	0.142684945142891
0.5223643333260216	0.4776356666739784
0.5770221129978079	0.4229778870021921
0.3728848790042181	0.6271151209957819
0.30303580249217943	0.6969641975078206
0.19825390983703528	0.8017460901629647
0.9520447304516434	0.04795526954835663
0.2814720839622119	0.7185279160377881
0.9475478544999799	0.052452145500020114
0.6258912597369004	0.3741087402630996
0.45849459832995176	0.5415054016700482
0.9098517119906017	0.09014828800939836
0.2514011713115798	0.7485988286884202
0.5114884140621168	0.48851158593788324
0.9496231073468623	0.050376892653137745
0.26078030710909716	0.7392196928909028
0.3012906600954077	0.6987093399045923
0.43486021240784123	0.5651397875921588
0.14301219534389376	0.8569878046561062
0.631251451579769	0.36874854842023097
0.9447807255667682	0.05521927443323185
0.7029491656271946	0.29705083437280544
0.5769154727675364	0.4230845272324636
0.07439191376363707	0.9256080862363629
0.05604866666059605	0.943951333339404
0.3680223070265217	0.6319776929734783
0.4172073804592519	0.5827926195407481
0.7313367220936505	0.2686632779063495
0.29540875920577025	0.7045912407942297
0.17247211644941884	0.8275278835505812
0.6647143355278786	0.3352856644721214
0.1812459768289142	0.8187540231710858
0.455267928967677	0.544732071032323
0.24696671385796987	0.7530332861420301
0.27782312764148687	0.7221768723585131
0.48473622648127934	0.5152637735187207
0.5131782318708062	0.48682176812919375
0.7897121725611637	0.21028782743883634
0.976849369959	0.02315063004100005
0.8389527970136614	0.16104720298633857
0.6800905517168545	0.3199094482831455
0.4811025084993119	0.5188974915006881
0.11391570397165263	0.8860842960283474
0.47695647887776416	0.5230435211222358
0.1918829633674971	0.8081170366325029
0.498495907387954	0.501504092612046
0.923066009587434	0.07693399041256599
0.23200890892043213	0.7679910910795679
0.8795829964513825	0.12041700354861751
0.6336670839897359	0.3663329160102641
0.8650605844344031	0.13493941556559685
0.8337394007236861	0.16626059927631387
0.6070636737067414	0.3929363262932586
0.5650147504592244	0.43498524954077555
0.3727802373977589	0.6272197626022411
0.22287447013292105	0.777125529867079
0.3374539393227023	0.6625460606772977
0.6540753902477682	0.3459246097522318
0.8729129141814906	0.12708708581850936
0.15832456896715785	0.8416754310328421
0.3321395244968577	0.6678604755031423
0.09517022205057257	0.9048297779494274
0.9076224519615442	0.09237754803845577
0.2769983776662237	0.7230016223337763
0.8680656928241286	0.1319343071758714
0.33978572960569287	0.6602142703943071
0.421110456533876	0.578889543466124
0.593862575783767	0.406137424216233
0.20963953939148927	0.7903604606085107
0.028811502944586342	0.9711884970554137
0.4859433429169028	0.5140566570830972
0.9756639981216336	0.024336001878366383
0.3908655265921873	0.6091344734078127
0.19603256376014166	0.8039674362398583
0.9227268470100126	0.07727315298998738
0.386379467362417	0.613620532637583
0.6514334882731675	0.3485665117268325
0.25529693620884797	0.744703063791152
0.4141722156260903	0.5858277843739097
0.6858566395138449	0.3141433604861551
0.12731470339031592	0.8726852966096841
0.25155258726878427	0.7484474127312157
0.2901854054864673	0.7098145945135327
0.49344993046745445	0.5065500695325456
0.13263153226207003	0.86736846773793
0.6093709784730736	0.39062902152692636
0.9370562098211263	0.06294379017887371
0.32709036722821383	0.6729096327717862
0.24639418161450788	0.7536058183854921
0.9228410984903059	0.07715890150969403
0.6714957109387408	0.32850428906125917
0.37146502197398545	0.6285349780260145
0.9956246659875916	0.004375334012408376
0.4760417241812549	0.5239582758187451
0.879054966428983	0.120945033571017
0.18342752256952932	0.8165724774304707
0.2968838506814552	0.7031161493185448
0.6603041647586917	0.3396958352413083
0.13959637754143284	0.8604036224585672
0.481982904798295	0.518017095201705
0.5889679849070112	0.4110320150929888
0.8352768277291344	0.1647231722708656
0.3422487995083685	0.6577512004916315
0.31564578937322374	0.6843542106267763
0.9035640391688896	0.09643596083111035
0.9809752129094471	0.01902478709055292
0.469161576221664	0.530838423778336
0.5802003941865206	0.4197996058134794
0.6338033096761563	0.3661966903238437
0.7463111473888749	0.25368885261112506
0.4479303840015537	0.5520696159984463
0.5452791349943729	0.45472086500562714
0.2536975905819826	0.7463024094180174
0.3266185997333352	0.6733814002666648
0.6512764712152563	0.34872352878474366
0.3128250849043356	0.6871749150956644
0.43306018117963696	0.566939818820363
0.23406308131923448	0.7659369186807655
0.7700241362254073	0.22997586377459264
0.11390184690852356	0.8860981530914764
0.34834117704141376	0.6516588229585862
0.13966272468942986	0.8603372753105701
0.9016301548752244	0.0983698451247756
0.9831353662844534	0.01686463371554662
0.14051849010444584	0.8594815098955542
0.9651900617284692	0.03480993827153082
0.7814812927682243	0.21851870723177566
0.3255912852327927	0.6744087147672073
0.1655217147076451	0.8344782852923549
0.4219462179844813	0.5780537820155187
0.13788608631299215	0.8621139136870078
0.08936722243432083	0.9106327775656792
0.3046069131333381	0.6953930868666619
0.7231982266729562	0.2768017733270438
0.5870083183854341	0.4129916816145659
0.642650397434377	0.357349602565623
0.8838789537716087	0.11612104622839123
0.19343796691925463	0.8065620330807454
0.48167083678273825	0.5183291632172617
0.6393401685473262	0.3606598314526738
0.7134840176768021	0.28651598232319786
0.8958689609985194	0.10413103900148055
0.4750696848419098	0.5249303151580902
0.3754616244251474	0.6245383755748526
0.8759873588699827	0.12401264113001728
0.6752703565707411	0.3247296434292589
0.31799820810618207	0.6820017918938179
0.004998063384812901	0.9950019366151871
0.20295884222590255	0.7970411577740975
0.8897991984172566	0.11020080158274334
0.595004344673423	0.404995655326577
0.21042089484386217	0.7895791051561378
0.03476099917277464	0.9652390008272254
0.0585278806112155	0.9414721193887845
0.7241685335151902	0.27583146648480983
0.422930972333201	0.577069027666799
0.47605595318985894	0.5239440468101411
0.5999993112582799	0.4000006887417201
0.5191134131369445	0.4808865868630555
0.39102654537065296	0.608973454629347
0.9419227490481081	0.05807725095189185
0.047267324231711316	0.9527326757682887
0.5842112144035845	0.4157887855964155
0.22065832844359234	0.7793416715564077
0.48381214272781414	0.5161878572721859
0.5301632751778848	0.46983672482211525
0.8676652769042957	0.13233472309570424
0.14988090182375324	0.8501190981762468
0.5476524317106766	0.45234756828932343
0.9395533831092723	0.0604466168907277
0.7196030698606202	0.28039693013937983
0.1793073225519055	0.8206926774480945
0.44825510330082785	0.5517448966991721
0.03112438966702491	0.9688756103329751
0.7935291335649287	0.20647086643507126
0.25682323610281876	0.7431767638971812
0.944755783000734	0.05524421699926594
0.7877590106417331	0.21224098935826682
0.0894474160684865	0.9105525839315135
0.010914482902404155	0.9890855170975958
0.8711611210154873	0.1288388789845127
0.639835958472641	0.36016404152735904
0.42882679226823006	0.5711732077317699
0.019754620549512714	0.9802453794504873
0.6818607566070758	0.31813924339292426
0.9090699032671663	0.09093009673283375
0.5972250627087192	0.4027749372912807
0.05609855768499128	0.9439014423150087
0.003498836121010429	0.9965011638789896
0.38163674437224593	0.6183632556277541
0.1931567383595314	0.8068432616404686
0.25844122796405267	0.7415587720359473
0.4020733362411426	0.5979266637588574
0.46295415066172185	0.5370458493382781
0.7438774687464291	0.25612253125357093
0.9580595156941023	0.04194048430589764
0.7502620210218387	0.24973797897816136
0.7034083511851816	0.2965916488148183
0.7877663258152485	0.21223367418475153
0.921412671334991	0.078587328665009
0.7384571319786575	0.2615428680213426
0.8095659997625457	0.19043400023745422
0.5469271421969535	0.45307285780304657
0.6448221856249461	0.35517781437505397
0.5090664109747216	0.49093358902527845
0.8692543761445537	0.13074562385544625
0.07847975402993335	0.9215202459700667
0.3583944810898001	0.6416055189101999
0.42293164361412483	0.5770683563858752
0.6691700109063212	0.33082998909367883
0.013886064708169998	0.98611393529183
0.14223201950356135	0.8577679804964387
0.07453299471397523	0.9254670052860248
0.027104149782880338	0.9728958502171197
0.2524909861390192	0.7475090138609808
0.025752047443704962	0.974247952556295
0.2888590403190452	0.7111409596809548
0.2630223358480306	0.7369776641519694
0.7010449011190858	0.29895509888091415
0.6274553762967672	0.3725446237032329
0.4177829993816513	0.5822170006183487
0.8541335255956084	0.14586647440439154
0.3453097761724635	0.6546902238275365
0.7977612864943542	0.20223871350564587
0.8074965290553504	0.19250347094464965
0.9587325659832491	0.04126743401675098
0.60293730128761	0.3970626987123899
0.8515478600187474	0.14845213998125267
0.8310138834686798	0.16898611653132017
0.8519986481509818	0.14800135184901825
0.03864290661772207	0.9613570933822779
0.3198105849735937	0.6801894150264063
0.22402920677697125	0.7759707932230288
0.028350411385629548	0.9716495886143705
0.7906375446705539	0.20936245532944608
0.06827430260192435	0.9317256973980756
0.5701985796588795	0.4298014203411205
0.12928548970122833	0.8707145102987717
0.7264612233687389	0.2735387766312612
0.33681264420371293	0.6631873557962871
0.38856704046856316	0.6114329595314368
0.20761040682052234	0.7923895931794777
0.2055889964958567	0.7944110035041433
0.7550506762552286	0.2449493237447714
0.22345122234733172	0.7765487776526683
0.3963592653060287	0.6036407346939713
0.8520423500221477	0.14795764997785232
0.3820846709990773	0.6179153290009227
0.9876030599412429	0.012396940058757152
0.6870767171675258	0.3129232828324741
0.9646863354380758	0.03531366456192422
0.8698142147280538	0.13018578527194624
0.5649953190639851	0.4350046809360148
0.16582879121398497	0.834171208786015
0.7984050983039344	0.20159490169606564
0.6083724878943704	0.39162751210562957
0.6950622110614371	0.304937788938563
0.3268950920712189	0.6731049079287811
0.8665854740077169	0.1334145259922831
0.6572306609243626	0.3427693390756375
0.6784035110944209	0.32159648890557907
0.5869150229294646	0.41308497707053543
0.45286613784534624	0.5471338621546538
0.36941663582668105	0.630583364173319
0.23204688576371857	0.7679531142362814
0.3712831029947006	0.6287168970052994
0.16757139077983663	0.8324286092201634
0.09968650599639006	0.9003134940036099
0.07919858864090978	0.9208014113590902
0.6123629980648375	0.38763700193516254
0.9930247899913164	0.006975210008683598
0.5896361928272085	0.4103638071727915
0.5839990457759237	0.4160009542240764
0.1856125651257987	0.8143874348742013
0.9063709991905559	0.09362900080944417
0.5436383785647678	0.45636162143523223
0.9361355625053905	0.06386443749460949
0.7149858307812309	0.28501416921876904
0.5140954902287684	0.4859045097712316
0.5491389810904559	0.45086101890954416
0.05325048096627749	0.9467495190337225
0.30300141011769055	0.6969985898823094
0.272566736608996	0.727433263391004
0.9007746106449248	0.09922538935507522
0.2911797013705585	0.7088202986294415
0.7103168892218469	0.2896831107781531
0.6387209904223933	0.3612790095776067
0.041706438059388784	0.9582935619406112
0.4529660834839232	0.5470339165160768
0.3140735447193904	0.6859264552806096
0.23618546582647093	0.7638145341735291
0.8693008566467499	0.13069914335325009
0.2639966999059722	0.7360033000940278
0.10382452495219119	0.8961754750478088
0.641850842732162	0.358149157267838
0.7022868016213024	0.2977131983786976
0.20251438682281686	0.7974856131771831
0.7802226581015143	0.21977734189848577
0.8847725988009119	0.11522740119908817
0.6384051107446699	0.3615948892553301
0.5890760790990248	0.4109239209009752
0.22685619664819912	0.7731438033518009
0.198688736520513	0.801311263479487
0.8265002261432691	0.1734997738567309
0.02315957754140352	0.9768404224585965
0.8800153116963554	0.11998468830364464
0.7620928824239747	0.23790711757602537
0.5740295349567212	0.42597046504327885
0.2080675090121631	0.7919324909878369
0.9101794331618864	0.0898205668381136
0.6743676659421965	0.32563233405780345
0.554852497997525	0.445147502002475
0.021519727420673984	0.978480272579326
0.1631928109938291	0.8368071890061709
0.501443757380001	0.498556242619999
0.8030600693269376	0.1969399306730624
0.38366134384424566	0.6163386561557543
0.21436962679135685	0.7856303732086432
0.7781610661013534	0.22183893389864665
0.3182534771151533	0.6817465228848467
0.637299947780215	0.36270005221978496
0.5127927151506209	0.48720728484937914
0.8769697751569338	0.12303022484306628
0.966079457396345	0.03392054260365498
0.7870206304771431	0.21297936952285693
0.4358438887126822	0.5641561112873178
0.6438192977217279	0.35618070227827214
0.9349781017751503	0.06502189822484974
0.04441457269912963	0.9555854273008704
0.13552725675076205	0.864472743249238
0.16204476137831192	0.8379552386216881
0.3059971241980073	0.6940028758019927
0.7185849400858977	0.2814150599141023
0.8359497025881474	0.16405029741185262
0.7646950844336979	0.23530491556630206
0.6508332058413364	0.3491667941586636
0.37355637629096383	0.6264436237090362
0.33708128319896324	0.6629187168010368
0.19614443336280551	0.8038555666371945
0.8625130273674606	0.1374869726325394
0.17792381768152288	0.8220761823184771
0.6940227573885556	0.30597724261144443
0.908881064039228	0.09111893596077202
0.957967150319513	0.042032849680487025
0.8931501758085163	0.10684982419148369
0.9707745510092256	0.029225448990774387
0.3667228829095279	0.6332771170904721
0.5712677540454363	0.4287322459545637
0.08839295318431883	0.9116070468156812
0.7785956758635463	0.22140432413645372
0.7841773433704912	0.21582265662950884
0.12150336574159037	0.8784966342584096
0.11456960371724911	0.8854303962827509
0.9724588793992165	0.0275411206007835
0.4920773889099802	0.5079226110900198
0.04479825403939752	0.9552017459606025
0.7479088281539771	0.2520911718460229
0.527818050677694	0.47218194932230595
0.8351147377714614	0.1648852622285386
0.5332884466776898	0.4667115533223102
0.8740511360297855	0.12594886397021454
0.4812021324062502	0.5187978675937498
0.16715830505031692	0.8328416949496831
0.871112466440072	0.128887533559928
0.2155979635429741	0.7844020364570259
0.6609234850415878	0.3390765149584122
0.5014559821657247	0.49854401783427527
0.034622145942129756	0.9653778540578702
0.20659423845515212	0.7934057615448479
0.01782016113499807	0.9821798388650019
0.3327791268896988	0.6672208731103012
0.519918045828579	0.48008195417142097
0.686765541852689	0.313234458147311
0.4693588042747351	0.5306411957252649
0.07727997607819848	0.9227200239218015
0.37546196304392976	0.6245380369560702
0.1264169787118854	0.8735830212881146
0.288480690249583	0.711519309750417
0.47329328457750985	0.5267067154224901
0.1509177281240579	0.8490822718759421
0.599736385679862	0.400263614320138
0.5482817246028641	0.45171827539713594
0.7165277064143047	0.2834722935856952
0.5786644032631225	0.42133559673687754
0.4662694125906405	0.5337305874093595
0.21994598850249902	0.780054011497501
0.22983558561112816	0.7701644143888718
0.3919070735222634	0.6080929264777366
0.9490260809090689	0.05097391909093103
0.7614486401815774	0.23855135981842254
0.7692774994503847	0.23072250054961527
0.7523921351293441	0.24760786487065586
0.42323863066611556	0.5767613693338844
0.15908658150397148	0.8409134184960285
0.8941428539669012	0.10585714603309877
0.07448361309738072	0.9255163869026193
0.042362648173554396	0.9576373518264456
0.8553325808235818	0.1446674191764182
0.5632511426684232	0.4367488573315767
0.6235112824321565	0.3764887175678436
0.6527639373141674	0.3472360626858327
0.15791189948174822	0.8420881005182518
0.9087483022225	0.09125169777749993
0.4960193408672928	0.5039806591327072
0.46889686324732005	0.53110313675268
0.40299963700585095	0.597000362994149
0.4692758743289822	0.5307241256710178
0.8277821020187405	0.1722178979812595
0.7475130334087108	0.2524869665912893
0.53366953302176	0.46633046697823993
0.06900544712491985	0.9309945528750802
0.23321815508134547	0.7667818449186545
0.13909218440853577	0.8609078155914642
0.47564440812620634	0.5243555918737937
0.5046175147244845	0.4953824852755156
0.4163582558775625	0.5836417441224375
0.2296482971592253	0.7703517028407747
0.8632956285750715	0.1367043714249285
0.6466392637483265	0.3533607362516736
0.04879521086363825	0.9512047891363618
0.5897752145453414	0.4102247854546585
0.5584884374511332	0.44151156254886675
0.4746423296361322	0.5253576703638678
0.38406788933403413	0.6159321106659659
0.4202564325098883	0.5797435674901117
0.01326784857919705	0.986732151420803
0.9476369832853875	0.05236301671461248
0.6707042676860782	0.3292957323139219
0.6247750498113311	0.3752249501886688
0.8545283883401263	0.14547161165987363
0.46158544726944895	0.538414552730551
0.2376729640390879	0.7623270359609121
0.9304351765709351	0.06956482342906486
0.818104040243278	0.181895959756722
0.2569318357448058	0.7430681642551942
0.8530749451449888	0.14692505485501114
0.8574318975616156	0.14256810243838433
0.6291302847986107	0.37086971520138934
0.5723813013612934	0.4276186986387066
0.15124449571680243	0.8487555042831976
0.8733785775624412	0.12662142243755878
0.40177557784763906	0.5982244221523609
0.8690728158229739	0.13092718417702606
0.6933752963325467	0.3066247036674533
0.4610118845059281	0.5389881154940719
0.29525039852125434	0.7047496014787457
0.8866287087329334	0.11337129126706655
0.0011906078933776598	0.9988093921066223
0.908675379015829	0.09132462098417102
0.7643734346983956	0.2356265653016044
0.2796429932133364	0.7203570067866636
0.2570956600401276	0.7429043399598724
0.020376124094405368	0.9796238759055946
0.6733155382133323	0.32668446178666766
0.05791640799847109	0.9420835920015289
0.026636674739855315	0.9733633252601447
0.53167393417973	0.46832606582027003
0.45290665828986065	0.5470933417101393
0.12179099915651304	0.878209000843487
0.8056927791441348	0.19430722085586513
0.21086479140408187	0.7891352085959181
0.5668558677761377	0.4331441322238623
0.05124501458559383	0.9487549854144062
0.7027747659728735	0.29722523402712653
0.03763288081247185	0.9623671191875282
0.8637585774914214	0.1362414225085786
0.5173699617882147	0.4826300382117853
0.15449194147200906	0.8455080585279909
0.17366659946979535	0.8263334005302047
0.9220378203123285	0.07796217968767147
0.8635626315236185	0.13643736847638152
0.9253313708293743	0.07466862917062564
0.46737260445148376	0.5326273955485162
0.24399050741064432	0.7560094925893557
0.5512256124622879	0.44877438753771215
0.650171654481702	0.349828345518298
0.5125524881779838	0.4874475118220162
0.1228826089353483	0.8771173910646517
0.28098129839692043	0.7190187016030796
0.6817816012851774	0.3182183987148226
0.8553740889824919	0.14462591101750807
0.19356088483262168	0.8064391151673783
0.21649498924913002	0.78350501075087
0.3423086694693389	0.6576913305306611
0.03949185306210601	0.960508146937894
0.8933283380312202	0.10667166196877981
0.8907923260163915	0.10920767398360859
0.2423029561115171	0.7576970438884829
0.5005888454030056	0.4994111545969944
0.49795389632130005	0.5020461036787
0.8410074742819507	0.15899252571804928
0.909713086787904	0.09028691321209609
0.7979435743855312	0.20205642561446874
0.49222802150181055	0.5077719784981894
0.05254900420450315	0.9474509957954969
0.7325224628589342	0.26747753714106576
0.6896378514751287	0.31036214852487126
0.6573239328462017	0.34267606715379834
0.5574280656888917	0.44257193431110836
0.3669843701050215	0.6330156298949785
0.5039108840752262	0.4960891159247737
0.43807032242856847	0.5619296775714315
0.523673988107733	0.4763260118922669
0.8424837083608279	0.1575162916391722
0.8653900092602587	0.1346099907397414
0.6946672453515337	0.30533275464846626
0.8906243392676902	0.10937566073230981
0.42219644977764426	0.5778035502223557
0.664708051940962	0.3352919480590379
0.5453892228446329	0.4546107771553671
0.4851177637419316	0.5148822362580684
0.06936933513427379	0.9306306648657262
0.006444568838376186	0.9935554311616238
0.44257892577646407	0.5574210742235359
0.8573283754596448	0.14267162454035515
0.7586913805435715	0.2413086194564284
0.32676674143071194	0.6732332585692881
0.4982585083959641	0.5017414916040359
0.3474420308451105	0.6525579691548895
0.02397954202889463	0.9760204579711054
0.7539817618881621	0.24601823811183782
0.1684589001259662	0.8315410998740338
0.13558474482149152	0.8644152551785085
0.6137297156783299	0.38627028432167004
0.13579801240986367	0.8642019875901363
0.716890718120972	0.283109281879028
0.23737587085280754	0.7626241291471925
0.8858513037359781	0.11414869626402185
0.019781216884925956	0.980218783115074
0.40885408408244117	0.5911459159175588
0.5861880685723748	0.4138119314276251
0.4098144914167712	0.5901855085832288
0.5619017132707045	0.43809828672929557
0.07158165106194558	0.9284183489380544
0.9468411013278388	0.05315889867216121
0.1018224124781908	0.8981775875218092
0.974287365635606	0.025712634364394013
0.12110856775982415	0.8788914322401759
0.08185824893319527	0.9181417510668047
0.2908268612590754	0.7091731387409246
0.03329363352895043	0.9667063664710496
0.37888804605558923	0.6211119539444108
0.08002916878850452	0.9199708312114955
0.5503461988842533	0.44965380111574677
0.6745156215550185	0.3254843784449815
0.21734701251336663	0.7826529874866334
0.20162141520145394	0.7983785847985461
0.23641838858700104	0.763581611412999
0.7833489126326009	0.21665108736739916
0.1433342422156808	0.8566657577843192
0.12270542082348967	0.8772945791765103
0.8919631305243547	0.10803686947564532
0.8729828999777185	0.12701710002228153
0.46267891655626847	0.5373210834437315
0.2963747940923257	0.7036252059076743
0.7114613835110255	0.28853861648897444
0.767634520389172	0.232365479610828
0.9105228866920381	0.08947711330796197
0.10056391081568339	0.8994360891843166
0.287311001145802	0.712688998854198
0.9531011772622511	0.046898822737748966
0.6875814529788318	0.3124185470211683
0.7856158147768343	0.21438418522316574
0.6908069028171318	0.3091930971828683
0.7010478911762419	0.29895210882375806
0.4977612870747603	0.5022387129252397
0.03846448560770144	0.9615355143922986
0.8303416909288462	0.16965830907115378
0.9865292365617558	0.0134707634382442
0.5565872370711107	0.44341276292888937
0.7527564353764126	0.24724356462358746
0.6378221035179572	0.36217789648204285
0.6000826963542405	0.39991730364575956
0.1326636571202925	0.8673363428797075
0.3354473136697962	0.6645526863302038
0.9614442372387467	0.03855576276125332
0.7063162754478054	0.29368372455219466
0.9959185501139153	0.00408144988608476
0.590370717894037	0.4096292821059631
0.08886950182689357	0.9111304981731064
0.4202485896032204	0.5797514103967796
0.17665331936454276	0.8233466806354572
0.5137938922008329	0.4862061077991671
0.05529970079641555	0.9447002992035844
0.45144304850792794	0.5485569514920721
0.30724949344052643	0.6927505065594736
0.9087466414036008	0.09125335859639913
0.11709097499946286	0.8829090250005371
0.3454005444856608	0.6545994555143392
0.5158670311050693	0.4841329688949308
0.43998293721451043	0.5600170627854896
0.8466467970128663	0.1533532029871337
0.022321614175417226	0.9776783858245828
0.7209279810035052	0.27907201899649475
0.5983178758070007	0.40168212419299926
0.5277151850275243	0.4722848149724757
0.6630559834618925	0.3369440165381074
0.8799673975875583	0.12003260241244171
0.5087962270765383	0.4912037729234617
0.5822004796315989	0.417799520368401
0.8169349304768768	0.18306506952312315
0.02608533977110694	0.9739146602288931
0.2653019646514698	0.7346980353485302
0.11692429177542596	0.883075708224574
0.8317171995801218	0.16828280041987817
0.8863129580384043	0.11368704196159571
0.18837687357401223	0.8116231264259878
0.8228784467296731	0.17712155327032683
0.675600870016265	0.32439912998373505
0.3558734994376185	0.6441265005623815
0.04332735003961363	0.9566726499603864
0.04212556696378378	0.9578744330362162
0.5394544455854762	0.4605455544145239
0.2562862765547227	0.7437137234452773
0.7000338629335514	0.29996613706644865
0.9727752482135789	0.027224751786421107
0.4111308342807479	0.5888691657192521
0.6949103295099117	0.30508967049008834
0.6289641404476263	0.37103585955237367
0.3564881930841398	0.6435118069158602
0.5861895351039434	0.4138104648960566
0.9519221997103533	0.04807780028964667
0.009726592611380425	0.9902734073886196
0.5857332414402208	0.4142667585597792
0.8205627546819362	0.1794372453180638
0.14787152333123488	0.8521284766687651
0.07908642125913212	0.9209135787408679
0.9795463293326923	0.02045367066730771
0.5406620673981206	0.45933793260187933
0.990855956741364	0.009144043258636013
0.664703407084426	0.33529659291557407
0.006813544703151431	0.9931864552968486
0.09630965442095774	0.9036903455790423
0.8274639370669433	0.17253606293305665
0.8465576334889767	0.15344236651102325
0.9979683456067773	0.0020316543932227026
0.557625987408389	0.442374012591611
0.7237528256995561	0.2762471743004439
0.526837311607955	0.473162688392045
0.3010132973266798	0.6989867026733202
0.3895458731356578	0.6104541268643422
0.2734962528742102	0.7265037471257898
0.3507726868188138	0.6492273131811862
0.37476675975280294	0.6252332402471971
0.9797316872563964	0.02026831274360361
0.23153667968327685	0.7684633203167232
0.1361002093930559	0.8638997906069441
0.3216708379373432	0.6783291620626568
0.019398874451737158	0.9806011255482628
0.6751140409804183	0.3248859590195817
0.9972607218855924	0.0027392781144075532
0.9968350080596783	0.003164991940321692
0.5835661489862515	0.4164338510137485
0.683237660452383	0.316762339547617
0.24166406650272565	0.7583359334972744
0.7369948754396202	0.26300512456037983
0.11879839746789844	0.8812016025321016
0.4839376097796382	0.5160623902203618
0.9924610453592836	0.0075389546407163876
0.11788189151522666	0.8821181084847733
0.14602881560116798	0.853971184398832
0.28787072913787315	0.7121292708621269
0.17550973086382693	0.8244902691361731
0.7743973079517578	0.2256026920482422
0.3366330941361785	0.6633669058638215
0.8382799482364118	0.16172005176358814
0.41638186486700357	0.5836181351329964
0.36388215064725105	0.636117849352749
0.9392637854515729	0.06073621454842712
0.7375793839377817	0.26242061606221834
0.7134077972950625	0.28659220270493746
0.5174232229992773	0.48257677700072266
0.3230400283758238	0.6769599716241762
0.8598605713482717	0.14013942865172832
0.07949811223308978	0.9205018877669102
0.1075340053675784	0.8924659946324216
0.6595222636132574	0.3404777363867426
0.6263892558794899	0.3736107441205101
0.05332659473265555	0.9466734052673444
0.36269733099350987	0.6373026690064901
0.4914888148169366	0.5085111851830634
0.60768487115597	0.39231512884402997
0.1118564254798673	0.8881435745201327
0.3857209966088242	0.6142790033911758
0.3860669603203867	0.6139330396796133
0.13340698604932377	0.8665930139506762
0.6190055332283949	0.3809944667716051
0.995894776693008	0.004105223306992063
0.671718259306949	0.32828174069305105
0.492975828570025	0.507024171429975
0.25161590482818486	0.7483840951718151
0.7829136850639169	0.21708631493608305
0.9210379695077437	0.0789620304922562
0.43956225468293586	0.5604377453170641
0.7604587442799637	0.23954125572003632
0.9962985069410877	0.0037014930589123482
0.10992530329565098	0.890074696704349
0.5168180975083382	0.4831819024916618
0.09810976438763652	0.9018902356123635
0.303766183066038	0.696233816933962
0.9880763820925232	0.011923617907476786
0.0477548669095339	0.9522451330904661
0.7361685686729689	0.26383143132703113
0.5139800433564164	0.48601995664358355
0.1920514507074106	0.8079485492925894
0.7674197476687756	0.23258025233122442
0.05891568910039735	0.9410843108996026
0.8366885311096981	0.16331146889030196
0.39974328888464816	0.6002567111153518
0.3013649607573592	0.6986350392426408
0.7972444824190605	0.20275551758093951
0.9638024969265662	0.036197503073433786
0.5369287246138551	0.4630712753861449
0.4305545523683776	0.5694454476316224
0.3172901196451915	0.6827098803548085
0.11018009712336319	0.8898199028766368
0.5212543943795009	0.47874560562049906
0.12924971966572862	0.8707502803342714
0.897514351931338	0.10248564806866206
0.2571124970830284	0.7428875029169716
0.4959514989357937	0.5040485010642063
0.12706320089495027	0.8729367991050497
0.9160906199450733	0.08390938005492671
0.34598865027824877	0.6540113497217512
0.2589197468675153	0.7410802531324847
0.22977117629844213	0.7702288237015579
0.12726975053677914	0.8727302494632209
0.6054581674252659	0.3945418325747341
0.46449226535432675	0.5355077346456733
0.8356199740688826	0.1643800259311174
0.9309926989717876	0.06900730102821234
0.8819351051889188	0.11806489481108112
0.7100317580490071	0.2899682419509929
0.08082340164287838	0.9191765983571216
0.5626574581305285	0.4373425418694715
0.0699398655927791	0.9300601344072209
0.947678918355978	0.052321081644022
0.0812999458006809	0.9187000541993191
0.3058227735587088	0.6941772264412912
0.5843077620466757	0.41569223795332433
0.10146650754455955	0.8985334924554405
0.09039698498464444	0.9096030150153556
0.6648071182330073	0.3351928817669927
0.5732223153461277	0.42677768465387234
0.3087582284114093	0.6912417715885907
0.19692893064309136	0.8030710693569086
0.8800625135169429	0.11993748648305708
0.8841084862330568	0.11589151376694323
0.9808535606920873	0.019146439307912662
0.7881878516797884	0.2118121483202115
0.910405250183201	0.0895947498167991
0.7211999135545291	0.27880008644547094
0.6057754253806871	0.39422457461931293
0.7917997285434786	0.20820027145652137
0.2925734962917794	0.7074265037082206
0.17903979292422423	0.8209602070757758
0.8406154841605211	0.15938451583947882
0.5882037060893871	0.4117962939106129
0.2106152030244519	0.7893847969755481
0.9736888689869199	0.026311131013080087
0.4935038007562387	0.5064961992437613
0.7726785269855037	0.2273214730144964
0.6090600482392726	0.3909399517607274
0.8586708002752999	0.1413291997247001
0.330231452549827	0.669768547450173
0.6167394746478958	0.3832605253521042
0.12816551868786874	0.8718344813121313
0.8679580108826088	0.13204198911739112
0.9442647034385835	0.055735296561416466
0.4683770255231826	0.5316229744768174
0.052612402321357	0.947387597678643
0.4023252179758039	0.5976747820241961
0.2013506171927335	0.7986493828072665
0.43900741898068585	0.5609925810193142
0.34686189232783327	0.6531381076721667
0.26817091317003616	0.7318290868299638
0.9693294507348359	0.030670549265164083
0.5521528616261698	0.44784713837383017
0.20097137979822177	0.7990286202017782
0.08943040087175036	0.9105695991282496
0.3880979272124384	0.6119020727875616
0.07476890620072296	0.925231093799277
0.4993727891504004	0.5006272108495996
0.01624344605253658	0.9837565539474634
0.43580742450940413	0.5641925754905959
0.7053972260687533	0.2946027739312467
0.15720616719468394	0.8427938328053161
0.8528718089165215	0.1471281910834785
0.9710376532357711	0.028962346764228895
0.40926797537382953	0.5907320246261705
0.10138868109487031	0.8986113189051297
0.8494405489832931	0.15055945101670684
0.8502507180726446	0.14974928192735534
0.13601053516610861	0.8639894648338914
0.508072331586274	0.49192766841372604
0.13241811897720512	0.8675818810227949
0.19626098549320603	0.803739014506794
0.8175932009272389	0.1824067990727611
0.42749423177808865	0.5725057682219113
0.11867296127180893	0.8813270387281911
0.6668579441816647	0.33314205581833534
0.10439962451729434	0.8956003754827057
0.5123057489252114	0.4876942510747886
0.3251632049776991	0.6748367950223009
0.5904377112896115	0.40956228871038847
0.6357602446799803	0.36423975532001973
0.2962166504270555	0.7037833495729445
0.7678434682786822	0.23215653172131775
0.36543516843979484	0.6345648315602052
0.33913871881374336	0.6608612811862566
0.8383531197178701	0.1616468802821299
0.9885770109789576	0.011422989021042404
0.4931551793204215	0.5068448206795785
0.7376792390655794	0.2623207609344206
0.6493151822821467	0.3506848177178533
0.8103637903062026	0.18963620969379733
0.5735620418172239	0.4264379581827761
0.5417189304134106	0.45828106958658943
0.38425408906467595	0.615745910935324
0.2014698715713985	0.7985301284286015
0.5222976187275201	0.4777023812724799
0.8145179971458644	0.1854820028541356
0.8263772246345575	0.17362277536544243
0.12806579970021215	0.8719342002997879
0.16465916088815213	0.8353408391118479
0.7358590113332633	0.26414098866673674
0.19112286397267642	0.8088771360273236
0.9927558504047944	0.007244149595205549
0.2284792645505891	0.7715207354494109
0.4393143218014739	0.5606856781985261
0.7568340799323794	0.24316592006762058
0.19290306398724832	0.8070969360127517
0.2865841075372514	0.7134158924627486
0.7228458420195409	0.27715415798045906
0.6434268243593196	0.35657317564068036
0.5054611554976117	0.4945388445023883
0.6701595700069606	0.3298404299930394
0.29405997051266963	0.7059400294873304
0.8780143133836509	0.12198568661634912
0.4319334414021878	0.5680665585978122
0.4807129819143682	0.5192870180856318
0.9181744297142508	0.08182557028574922
0.5809292353867019	0.41907076461329806
0.4945038057831923	0.5054961942168077
0.01038785074815085	0.9896121492518491
0.5287943052797985	0.47120569472020146
0.676212781391625	0.323787218608375
0.5284603884592389	0.47153961154076107
0.6547958482439226	0.34520415175607744
0.40075190945050065	0.5992480905494993
0.8589110750369425	0.14108892496305744
0.13814399017925294	0.8618560098207471
0.7413355426140082	0.25866445738599175
0.3975993095803415	0.6024006904196585
0.4751462490315028	0.5248537509684972
0.899018542181188	0.10098145781881196
0.19318608785740898	0.806813912142591
0.3615865547396382	0.6384134452603618
0.12636114975035162	0.8736388502496484
0.4822411964006741	0.5177588035993259
0.9042485678122648	0.09575143218773519
0.6277842241939124	0.37221577580608756
0.11880077422876867	0.8811992257712313
0.3352465208125247	0.6647534791874753
0.7918148168924666	0.2081851831075334
0.5024081497935388	0.49759185020646124
0.511129695443144	0.488870304556856
0.39463251867053883	0.6053674813294612
0.950431331646437	0.049568668353562995
0.12255175854067835	0.8774482414593217
0.6136704973656023	0.3863295026343977
0.36915989920238523	0.6308401007976148
0.15739331219725483	0.8426066878027452
0.41043040715669	0.58956959284331
0.36208439570467443	0.6379156042953256
0.41094922713992943	0.5890507728600706
0.9256392505999962	0.07436074940000381
0.8498903704022374	0.1501096295977626
0.02640079492142311	0.9735992050785769
0.4919841037861685	0.5080158962138315
0.19727718705027175	0.8027228129497282
0.5463337379768397	0.4536662620231603
0.7918734110184054	0.2081265889815947
0.814410791237185	0.1855892087628151
0.5824072035772001	0.4175927964227999
0.07061920812980638	0.9293807918701936
0.2638747400762207	0.7361252599237793
0.8957065694763364	0.10429343052366354
0.11161448674307739	0.8883855132569226
0.7588159943995163	0.24118400560048364
0.04331382441945042	0.9566861755805496
0.8041287343282637	0.19587126567173635
0.09738946298306972	0.9026105370169303
0.11916680053108863	0.8808331994689114
0.8598960539928231	0.14010394600717685
0.48751583697956424	0.5124841630204358
0.7777434641392011	0.2222565358607988
0.3100463416721928	0.6899536583278072
0.9260343246466981	0.07396567535330185
0.4128869590403629	0.5871130409596371
0.8760345282317547	0.12396547176824531
0.1986200950583149	0.8013799049416851
0.6569958378712619	0.3430041621287381
0.5697006444288679	0.4302993555711321
0.5984725780723192	0.40152742192768076
0.5245909080274536	0.47540909197254644
0.36799912265971557	0.6320008773402844
0.04658400173374788	0.9534159982662521
0.9294828322798537	0.07051716772014623
0.8561503976745917	0.14384960232540828
0.19725510605894303	0.802744893941057
0.747663323525465	0.2523366764745349
0.018235641582770024	0.98176435841723
0.2826848224091515	0.7173151775908485
0.4795302506292246	0.5204697493707754
0.751151641094864	0.24884835890513596
0.8636832387721507	0.13631676122784925
0.012299380419349859	0.9877006195806501
0.239147039733823	0.760852960266177
0.02073750993045287	0.9792624900695471
0.7824054610560336	0.21759453894396646
0.5109449084648234	0.48905509153517657
0.38442244832688566	0.6155775516731143
0.13341423232833893	0.8665857676716611
0.022141919840068303	0.9778580801599317
0.901579588362666	0.09842041163733391
0.5673809761979921	0.4326190238020079
0.7534131367567203	0.24658686324327977
0.8872973807342547	0.11270261926574528
0.7224459374867814	0.27755406251321857
0.5231648507255116	0.47683514927448845
0.4469260521353835	0.5530739478646165
0.15039578637263795	0.849604213627362
0.7807951894430025	0.21920481055699753
0.08088871112618679	0.9191112888738132
0.26697120743745295	0.733028792562547
0.24287938701818912	0.7571206129818109
0.6991909398173787	0.3008090601826213
0.7358229762213668	0.26417702377863317
0.7172621258471379	0.2827378741528621
0.5623370384635189	0.4376629615364811
0.8149187347947011	0.18508126520529894
0.2720680102635774	0.7279319897364226
0.9105775182097566	0.08942248179024341
0.9595475782664766	0.04045242173352341
0.4562741704082717	0.5437258295917283
0.9169889314241918	0.08301106857580824
0.6185695226943889	0.3814304773056111
0.03001651731772237	0.9699834826822776
0.6996726072945207	0.30032739270547926
0.5375697187675901	0.4624302812324099
0.7381420336026788	0.2618579663973212
0.8248540698456559	0.17514593015434415
0.8384475554870254	0.1615524445129745
0.3005670404949955	0.6994329595050045
0.4139236176841643	0.5860763823158357
0.9208488897541868	0.07915111024581327
0.6091249418762016	0.3908750581237984
0.005812261041821198	0.9941877389581788
0.10057408784524002	0.89942591215476
0.41298684209391057	0.5870131579060894
0.3990195241812209	0.6009804758187791
0.6434122884456936	0.35658771155430635
0.3156267749632877	0.6843732250367123
0.7348542593462266	0.2651457406537734
0.26739865666987883	0.7326013433301212
0.10743599680266025	0.8925640031973398
0.42634147105149023	0.5736585289485098
0.8977932005877043	0.10220679941229575
0.9396063970830024	0.06039360291699762
0.8492588844147937	0.15074111558520636
0.6255671691207535	0.3744328308792465
0.47752791867763944	0.5224720813223606
0.016150296857826985	0.983849703142173
0.5730743915023249	0.42692560849767514
0.28188671256717823	0.7181132874328218
0.062010386194606415	0.9379896138053936
0.109717981991163	0.890282018008837
0.8641662746365975	0.1358337253634025
0.09833883949743005	0.90166116050257
0.5584031912748114	0.4415968087251886
0.1343813732197664	0.8656186267802336
0.36031783829472375	0.6396821617052763
0.8951084749469704	0.10489152505302961
0.5128515794805167	0.48714842051948326
0.2876396303192691	0.7123603696807309
0.6894931860558492	0.3105068139441508
0.5782673607161313	0.4217326392838687
0.30249848721386485	0.6975015127861351
0.7665153326521389	0.23348466734786114
0.9842525298431092	0.015747470156890778
0.2096088302636695	0.7903911697363305
0.10016153322609234	0.8998384667739077
0.9855559792112726	0.014444020788727373
0.5534077438371684	0.4465922561628316
0.19661087385903753	0.8033891261409625
0.24706512215921628	0.7529348778407837
0.4756249283808034	0.5243750716191966
0.5369681605466301	0.4630318394533699
0.36298652063211445	0.6370134793678855
0.47016417475766836	0.5298358252423316
0.08308410577393222	0.9169158942260678
0.4361193664929274	0.5638806335070726
0.9521527632298774	0.04784723677012263
0.4387886187683018	0.5612113812316982
0.5166453100518298	0.4833546899481702
0.44378974869982124	0.5562102513001788
0.5009221230652603	0.49907787693473976
0.4657035891704592	0.5342964108295408
0.3469777782304476	0.6530222217695524
0.8400896140137446	0.15991038598625543
0.6768929134632008	0.3231070865367992
0.46437145197858054	0.5356285480214195
0.9501630871405675	0.049836912859432515
0.7918960006413601	0.2081039993586399
0.9845365325634596	0.0154634674365404
0.9841624334363513	0.015837566563648688
0.15638983561802955	0.8436101643819705
0.4367917296946344	0.5632082703053656
0.27525414840310747	0.7247458515968925
0.8239714320547705	0.1760285679452295
0.3515283841295562	0.6484716158704438
0.8919531348779154	0.10804686512208465
0.24569845158083303	0.754301548419167
0.3721600957820401	0.6278399042179599
0.23492391340919394	0.7650760865908061
0.08541697253860403	0.914583027461396
0.5764295807654711	0.42357041923452887
0.43695331486361955	0.5630466851363805
0.6388951498902313	0.36110485010976867
0.032742602949959676	0.9672573970500403
0.04949753032566906	0.9505024696743309
0.5657218157467105	0.4342781842532894
0.25858162235724036	0.7414183776427596
0.3576108729020252	0.6423891270979748
0.014157023516849332	0.9858429764831507
0.27925492245666583	0.7207450775433342
0.3108199098618004	0.6891800901381996
0.0024077028657268906	0.9975922971342731
0.1555004920370735	0.8444995079629265
0.5307470859276393	0.46925291407236075
0.5910489124495022	0.40895108755049786
0.5546547703578981	0.44534522964210194
0.5228977272151796	0.47710227278482037
0.4683988140986137	0.5316011859013863
0.2849111814226343	0.7150888185773657
0.15023039373905456	0.8497696062609454
0.8184753798225148	0.1815246201774851
0.7658692823737596	0.23413071762624044
0.6226313523180143	0.3773686476819857
0.8361834470144356	0.16381655298556436
0.2233818094085025	0.7766181905914975
0.8087816222455533	0.19121837775444667
0.728108292439851	0.27189170756014897
0.8551016188986964	0.14489838110130354
0.00981615136628844	0.9901838486337116
0.8508698424060437	0.14913015759395626
0.5630991966240064	0.4369008033759935
0.179841875875981	0.820158124124019
0.48333779786628606	0.5166622021337139
0.6509675298248425	0.34903247017515754
0.314365273252052	0.685634726747948
0.5693953002880356	0.4306046997119644
0.957236985487071	0.04276301451292901
0.34324887623105316	0.6567511237689468
0.39879751218740844	0.6012024878125916
0.5414608000555707	0.4585391999444293
0.19178932183035713	0.8082106781696429
0.5030942637424201	0.49690573625758
0.8074391360239712	0.19256086397602884
0.5048613274117006	0.4951386725882993
0.23709261835829787	0.7629073816417021
0.549662850422489	0.450337149577511
0.7739700171221269	0.22602998287787307
0.5830220757484261	0.41697792425157393
0.7867258758409388	0.21327412415906127
0.7737158555129315	0.2262841444870684
0.7366167459917927	0.26338325400820733
0.4165660462031954	0.5834339537968046
0.9074849694793029	0.09251503052069714
0.3954456609137196	0.6045543390862804
0.2646000424577474	0.7353999575422526
0.4045528468548013	0.5954471531451987
0.7558391227301711	0.24416087726982896
0.9834015568994655	0.016598443100534505
0.23634837363198768	0.7636516263680123
0.2551607994565237	0.7448392005434763
0.3898328070359208	0.6101671929640792
0.9453746117778784	0.05462538822212157
0.2583490016254103	0.7416509983745897
0.1867850622315661	0.8132149377684339
0.374535501815749	0.625464498184251
0.1540673417226962	0.8459326582773038
0.762694738664096	0.23730526133590404
0.6327535851941308	0.3672464148058692
0.4896376054131045	0.5103623945868955
0.7154874745473552	0.28451252545264477
0.9976553758417374	0.002344624158262659
0.6319399236345966	0.36806007636540344
0.5849136410921287	0.4150863589078712
0.3056313529564787	0.6943686470435213
0.5343632526728028	0.46563674732719723
0.614485428744685	0.385514571255315
0.34245430781560815	0.6575456921843919
0.5325101653790518	0.4674898346209481
0.30942105260603225	0.6905789473939677
0.26460042221217006	0.7353995777878299
0.45395195575534464	0.5460480442446554
0.7740186293951028	0.22598137060489723
0.0713175434746901	0.9286824565253099
0.5307258881435402	0.4692741118564598
0.5145224052413173	0.48547759475868263
0.5258649734947758	0.47413502650522427
0.42617692236236704	0.573823077637633
0.8601741552033578	0.1398258447966422
0.1523200053339221	0.8476799946660779
0.13814883588197147	0.8618511641180285
0.6305165813534654	0.3694834186465346
0.21095198603076903	0.789048013969231
0.34972592418467774	0.6502740758153223
0.09436527890650137	0.9056347210934986
0.9495861551630301	0.05041384483696988
0.3378061203935372	0.6621938796064628
0.5671627868059081	0.4328372131940918
0.29032410891982807	0.7096758910801719
0.7895092083232286	0.21049079167677145
0.26261690625558154	0.7373830937444185
0.15461305928728908	0.8453869407127109
0.9831644693525016	0.016835530647498407
0.9198478088388884	0.08015219116111162
0.7211016741802776	0.27889832581972235
0.6286912651619814	0.3713087348380187
0.6150005532290004	0.3849994467709996
0.7885999929192768	0.21140000708072318
0.648117525754974	0.35188247424502594
0.1071545170861915	0.8928454829138085
0.18252950454767414	0.8174704954523259
0.08406943045518589	0.9159305695448141
0.9994774035228471	5.225964771528786E-4
0.9663366526715622	0.03366334732843781
0.8433835785292554	0.15661642147074464
0.4674981802273055	0.5325018197726945
0.23102444773842812	0.7689755522615719
0.06144810693175928	0.9385518930682407
0.2802802661988347	0.7197197338011653
0.052698847841590624	0.9473011521584094
0.7096452819131306	0.2903547180868694
0.16893469138460948	0.8310653086153905
0.1444474097867493	0.8555525902132507
0.07462519548607072	0.9253748045139293
0.9535225022601714	0.04647749773982859
0.05560332733644702	0.944396672663553
0.11243692031215202	0.887563079687848
0.11034819488280134	0.8896518051171987
0.8414857332571755	0.15851426674282457
0.9751523876167302	0.024847612383269845
0.4517799993545192	0.5482200006454808
0.3626685168683683	0.6373314831316317
0.7536001607353559	0.24639983926464418
0.7961706467135387	0.20382935328646137
0.4509219774194193	0.5490780225805807
0.24925470995372	0.75074529004628
0.9370750558421813	0.0629249441578187
0.9610375150925949	0.03896248490740508
0.20071132350893606	0.7992886764910639
0.8829701430924811	0.1170298569075189
0.8898486816710777	0.11015131832892235
0.552305177890811	0.447694822109189
0.815302438300208	0.18469756169979204
0.5905746994661246	0.4094253005338754
0.9691444821633194	0.030855517836680606
0.5390419080605584	0.4609580919394416
0.2496686012579774	0.7503313987420226
0.39726120513007934	0.6027387948699207
0.21412037073311319	0.7858796292668868
0.7902643300367295	0.20973566996327056
0.4090070986405231	0.5909929013594769
0.4035095428921074	0.5964904571078926
0.5332868117526346	0.4667131882473654
0.675984652895892	0.32401534710410795
0.2521540832783713	0.7478459167216287
0.19851521535943628	0.8014847846405637
0.4689811815871223	0.5310188184128777
0.46343964242102553	0.5365603575789745
0.3204016990542776	0.6795983009457224
0.7846886994584772	0.21531130054152287
0.3730144504612234	0.6269855495387766
0.5677555370163243	0.43224446298367564
0.5115307794030717	0.4884692205969284
0.39608463424250795	0.603915365757492
0.3689614814736123	0.6310385185263877
0.3666871495691111	0.6333128504308889
0.8269981885418844	0.1730018114581156
0.6787628285803684	0.32123717141963154
0.2811048063779553	0.7188951936220447
0.8308651683279706	0.1691348316720293
0.5799694832403981	0.42003051675960185
0.14536363591105939	0.8546363640889406
0.617598139746443	0.382401860253557
0.2384886774514552	0.7615113225485448
0.8099577900096575	0.19004220999034255
0.9722714540377395	0.02772854596226045
0.22728985063093254	0.7727101493690675
0.4227332502856096	0.5772667497143904
0.9379685802767682	0.06203141972323175
0.7726380060045441	0.22736199399545592
0.7194165549087581	0.28058344509124183
0.06726906893066331	0.9327309310693367
0.6348162115231055	0.3651837884768944
0.4726762273024795	0.5273237726975205
0.09926075328895412	0.9007392467110459
0.5466847315292036	0.45331526847079645
0.8630312952535093	0.13696870474649075
0.8070633199339672	0.19293668006603287
0.32970336830909885	0.6702966316909011
0.27638580876606744	0.7236141912339326
0.6689882295506537	0.3310117704493463
0.1514399495231855	0.8485600504768145
0.254187383881342	0.745812616118658
0.22306066840445227	0.7769393315955477
0.8868436223889699	0.11315637761103012
0.3308912506601105	0.6691087493398895
0.510944708815646	0.48905529118435404
0.1320795416886953	0.8679204583113047
0.46958722251078555	0.5304127774892144
0.6829433292369234	0.3170566707630766
0.7314249159623294	0.26857508403767066
0.15221625812182304	0.847783741878177
0.6849674867129982	0.3150325132870018
0.012007947803982066	0.9879920521960179
0.4476995054074431	0.5523004945925569
0.880855525475312	0.11914447452468799
0.6804792407805481	0.3195207592194519
0.15576749415673163	0.8442325058432684
0.6051720822690394	0.3948279177309606
0.815337371151381	0.18466262884861895
0.4259899766201112	0.5740100233798888
0.5730164280903844	0.42698357190961556
0.31860939157637636	0.6813906084236236
0.5863930791185247	0.4136069208814753
0.6805179289255456	0.31948207107445437
0.9022601287194658	0.0977398712805342
0.24576794967846094	0.7542320503215391
0.31560498857330765	0.6843950114266923
0.6009538547160922	0.3990461452839078
0.6468161728060704	0.3531838271939296
0.6530135368805	0.3469864631195
0.2856083596232991	0.7143916403767009
0.8090135551615953	0.19098644483840466
0.3286202050122804	0.6713797949877196
0.6993945368057959	0.3006054631942041
0.6941528469558335	0.30584715304416654
0.8879344247224389	0.11206557527756113
0.01009418908602644	0.9899058109139736
0.9520222881729717	0.04797771182702827
0.9552425575268352	0.044757442473164835
0.23318235844752955	0.7668176415524705
0.17411991704504715	0.8258800829549529
0.7069848138073961	0.2930151861926039
0.7468113889076933	0.2531886110923067
0.4197365833623541	0.5802634166376459
0.48387696893880494	0.5161230310611951
0.5122478799234034	0.48775212007659663
0.3544636660669489	0.6455363339330511
0.5834801426788184	0.4165198573211816
0.8676440525590421	0.1323559474409579
0.2333330740441505	0.7666669259558495
0.5160836797546683	0.4839163202453317
0.6179352892115036	0.38206471078849635
0.6977590040183559	0.3022409959816441
0.41564866937988354	0.5843513306201165
0.8461407762783821	0.15385922372161787
0.2600435676064967	0.7399564323935033
0.1937733414188968	0.8062266585811032
0.5791850498304973	0.42081495016950266
0.011290646426486806	0.9887093535735132
0.37990159741262197	0.620098402587378
0.3807638368430649	0.6192361631569351
0.4318719559797255	0.5681280440202745
0.14039630954429683	0.8596036904557032
0.012673551701327335	0.9873264482986727
0.3728692916829812	0.6271307083170188
0.814929499519101	0.18507050048089896
0.8566723950885808	0.1433276049114191
0.487938618322614	0.512061381677386
0.36422503680006035	0.6357749631999396
0.5599247076063669	0.44007529239363313
0.4705528577119118	0.5294471422880882
0.836632695649977	0.16336730435002295
0.7010073573866467	0.2989926426133534
0.6907377098249565	0.3092622901750434
0.7571924449502134	0.24280755504978663
0.03132032322364786	0.9686796767763521
0.4281415013729628	0.5718584986270372
0.8664213241364276	0.13357867586357236
0.7150686002457576	0.2849313997542425
0.029087810024240213	0.9709121899757598
0.2865869512064324	0.7134130487935676
0.5089151493452799	0.49108485065472013
0.4147318678171751	0.5852681321828249
0.27489569687157955	0.7251043031284204
0.45539044131571893	0.5446095586842811
0.6932000866826953	0.3067999133173048
0.07260038491403187	0.9273996150859681
0.504120552502842	0.495879447497158
0.8417849492685066	0.1582150507314935
0.5733021268518002	0.4266978731481999
0.1638618629399139	0.8361381370600861
0.11110511957476976	0.8888948804252302
0.37620082530449994	0.6237991746955001
0.8997793984724729	0.10022060152752715
0.3378799767902002	0.6621200232097998
0.4335612247581574	0.5664387752418426
0.11025469382716102	0.889745306172839
0.47241181384752995	0.52758818615247
0.6485260131281532	0.3514739868718469
0.8161120833782602	0.1838879166217398
0.899179388662041	0.10082061133795911
0.12864865990516972	0.8713513400948303
0.5796297974128768	0.42037020258712315
0.7494810009766382	0.2505189990233618
0.15230724774765092	0.8476927522523491
0.09395564451419525	0.9060443554858048
0.5322673544752172	0.4677326455247827
0.8047918367333542	0.19520816326664586
0.556117074120412	0.44388292587958805
0.2145385505665207	0.7854614494334793
0.8458765179174317	0.15412348208256826
0.21890753751724723	0.7810924624827528
0.8140038163323124	0.1859961836676875
0.756006889862884	0.24399311013711605
0.04921458259540035	0.9507854174045997
0.4639469240739075	0.5360530759260925
0.974851837112146	0.02514816288785405
0.17687184623467966	0.8231281537653203
0.7810582650090251	0.21894173499097494
0.852891327735519	0.14710867226448102
0.993978007609643	0.006021992390356953
0.14065874497262942	0.8593412550273706
0.3070846543319824	0.6929153456680176
0.13273874538442243	0.8672612546155776
0.6315638004064079	0.3684361995935921
0.053502231279990764	0.9464977687200092
0.7831753213501269	0.21682467864987312
0.7099771622062439	0.29002283779375615
0.10376319181933746	0.8962368081806625
0.6846577580960344	0.31534224190396565
0.5571044637262192	0.44289553627378075
0.04861631116976539	0.9513836888302346
0.08817523999047983	0.9118247600095202
0.9865098472286647	0.013490152771335258
0.33794633385841233	0.6620536661415877
0.31530974314548743	0.6846902568545126
0.7865314681454095	0.2134685318545905
0.4682703369132347	0.5317296630867653
0.9142909827194802	0.08570901728051984
0.7366263270001987	0.2633736729998013
0.8661202518547891	0.1338797481452109
0.4049798458995354	0.5950201541004646
0.9557719450754953	0.04422805492450466
0.9828942412051372	0.017105758794862765
0.21619774030519345	0.7838022596948065
0.9848094840834277	0.015190515916572285
0.38444771264502386	0.6155522873549761
0.21237559631182867	0.7876244036881713
0.4859069647999523	0.5140930352000477
0.17637032240857808	0.8236296775914219
0.5672272024694467	0.4327727975305533
0.19761629267116387	0.8023837073288361
0.6192514119922085	0.38074858800779154
0.74519955019231	0.25480044980769
0.06392782339915937	0.9360721766008406
0.21265157324213846	0.7873484267578615
0.0704413685034817	0.9295586314965183
0.4648029272476425	0.5351970727523575
0.867703159257975	0.132296840742025
0.08533370741379642	0.9146662925862036
0.0694562761302503	0.9305437238697497
0.15259387094268795	0.847406129057312
0.9954758421383575	0.004524157861642516
0.9754053291298953	0.024594670870104654
0.21293868916108383	0.7870613108389162
