1 1.4298546928335871
2 0.28104117510916027
3 0.8756715926068301
4 1.5191340825368334
5 0.895223987952882
6 0.3802063821472548
7 0.357479436155335
8 0.7510826559260799
9 2.8002348378295148
10 1.5157223946709166
11 0.2783713855862759
12 0.6289866281298137
13 0.3221715927509363
14 0.2881918452072711
15 1.983624568400979
16 0.6585807667703729
17 0.23484514815521632
18 0.4490180080691371
19 0.25167024556381296
20 0.4139763769284691
21 0.4585740465402912
22 0.7046189854019671
23 0.7445119367720673
24 0.9832544820215842
25 0.3077003556929069
26 0.10882398811506526
27 0.6623757550399116
28 1.5032311087041133
29 0.8346474634636829
30 1.951396648033703
31 0.1610700481620594
32 0.4167436253330882
33 0.46821473783879186
34 0.721550101137353
35 1.4381480817282366
36 0.3298543641219519
37 0.8070911536411534
38 0.5523231528342325
39 0.23888902262484504
40 0.515363956184898
41 0.19590393374711795
42 0.2059794118853673
43 0.8351844473717251
44 0.46151848756830177
45 0.6178497784244387
46 0.5459817131191873
47 0.6284824337113877
48 0.3331265518329724
49 0.5095289773485665
50 0.6248695560371221
51 0.7459724134517578
52 0.3676337711864719
53 0.6204242438026928
54 0.7261424422515081
55 0.4881316008573753
56 0.6470591728664838
57 0.6019327378460716
58 0.6819990326804711
59 0.5169784287114874
60 0.30364190321073087
61 0.7164092517159433
62 0.5934165431751769
63 0.3024654186078692
64 0.25000764073980797
65 0.7424396151864459
66 0.5474779081734185
67 0.6702303305189784
68 0.6440437287058738
69 0.5009151045269679
70 0.7836215961158296
71 0.6376964976470759
72 0.7051612264276003
73 0.44188045598882025
74 0.21326682412065437
