1 0.724265434298469
2 1.3055495115561322
3 0.8972406965452364
4 1.064295033953774
5 0.27807107364308575
6 1.6327610363428473
7 0.7260086374145708
8 1.402777256489115
9 0.7022187249168421
10 1.6457414551113543
11 0.39272247232889107
12 1.2332374174930454
13 2.585586245770851
14 0.6567866572486056
15 0.8093034636129768
16 0.6807305186974109
17 0.07474553758222899
18 0.24463699834793112
19 0.3687192481212856
20 0.9751298098748402
21 0.38085540976645277
22 0.28333711613876517
23 0.13065510799406305
24 0.8800906270637613
25 1.0892129043510033
26 0.8486667420467857
27 1.1681551062132607
28 1.17843712538465
29 0.8643430846925367
30 1.0518193141159802
31 0.46697940153305606
32 0.6025190349045372
33 0.603602063221869
34 0.3963323548594516
35 0.7269998574402542
36 0.155347157883751
37 0.6760232299187993
38 0.772438208270839
39 0.3514969561173081
40 1.2681554821755663
41 0.46404995682956324
42 0.8848044341329738
43 0.05506227638427812
44 0.4833208471542786
45 0.6309021153486617
46 0.3329840160338442
47 0.8762370097767737
48 0.7072904735184081
49 0.25845399546685793
50 0.4846153221143205
51 0.7818577665944962
52 0.4369125758231048
53 0.8349850699200999
54 0.9498481276911952
55 0.2910581586406299
56 0.6777332540858358
57 0.512030349409638
58 0.5619989075008561
59 0.16650272518046563
60 0.08324382508936722
61 0.5201462531321497
62 0.8025453564666707
63 0.5292326793621482
64 0.3347990153378937
65 0.7069440869977084
66 0.0835788956417789
67 0.1795089038779329
68 0.1720261440915664
69 0.4687700040939959
70 0.26576349567377405
