1 0.13819103366123425
2 0.7817098729131102
3 0.9162766957034001
4 0.4364207398333545
5 0.3446802574846827
6 0.4799188344987696
7 0.10634001017436637
8 1.9290205632334045
9 0.5850296969220766
10 0.17927502935871759
11 0.35399023233213534
12 0.4362271346809525
13 0.4824094225032115
14 0.9208415044767189
15 0.4216289114621665
16 0.12973181924045704
17 1.1503791799660275
18 0.43765151292843885
19 0.8261341298582704
20 0.30972441388268734
21 0.19552571899839144
22 0.6812493908042078
23 1.5902229345815762
24 1.4664916124777116
25 0.6283757725742962
26 0.5504935389538499
27 1.7839244581552547
28 1.193349740817386
29 0.40230956757916414
30 0.9916931084568683
31 0.6055764499814457
32 0.3995602418399485
33 0.5081671221995191
34 0.38859889574123074
35 0.733424038025875
36 0.6752137284321099
37 0.35249086867042767
38 0.30276694762780015
39 0.1802381773603843
40 0.5338943804582972
41 0.2754357648790818
42 0.753528192922042
43 1.2351827051712736
44 0.7537086725943545
45 1.2698579516051045
46 0.30264836505333026
47 0.4970308831692243
48 0.688149707614089
49 0.5690730823344345
50 0.17583993833319164
51 0.4056943367133478
52 0.37587692349620005
53 0.4958754816680392
54 0.1708609899263891
55 0.7264311202348607
56 0.6443934569022136
57 0.41524223965026186
58 1.0756520065206743
59 0.11841795167567123
60 0.7272008229246277
61 0.675533480463117
62 0.7528262352824117
63 0.2591888777588263
64 0.440421970836057
65 0.1899186497813939
66 0.797391972718598
67 0.532463874260072
68 0.39060092700298854
69 0.4627401569353344
70 0.12318085968400676
71 0.13136788739186006
