1 0.8130854737480314
2 1.689969364235537
3 0.9248529723265073
4 0.3765684354481895
5 0.16380990703125553
6 1.3849115767455351
7 0.7101972772999959
8 1.1869000246462122
9 0.616470119217625
10 0.3398102587028961
11 0.5232388981714451
12 0.824997182875078
13 0.601539441797741
14 0.9694038244739885
15 0.6671098735152821
16 0.7415756686645887
17 0.4597697177373149
18 0.5892291358685505
19 0.5707250421228814
20 0.8373949561610317
21 0.323332525768281
22 0.6986411655061041
23 0.7481446218128498
24 0.3826881049123083
25 0.7196676734338601
26 0.3966207736341807
27 0.04696434518784448
28 0.5839929905917475
29 0.6809194671828918
30 0.47141313324139955
31 0.2780204945789698
32 0.7653498737579684
33 0.7327850922208199
34 0.4202212997559209
35 0.6572004820583648
36 0.69034583461551
37 0.6273513011772208
38 0.5256979312407629
39 0.3829672327865265
40 0.6973323829340938
41 0.6140486817797626
42 0.6185903320944354
43 0.6370886334810278
44 0.511786506152847
45 0.7270045114415492
46 0.06239123911880831
47 0.05221700236200916
48 0.7645816928365764
49 0.36750556676081386
50 0.21649881695183734
51 0.7228148580307572
52 0.5922406878666079
53 0.12223761265171075
54 0.4165829655970849
55 0.629006532267379
56 0.33980195248861284
57 0.48059830760955247
58 0.06189628348985126
59 0.38618696737853164
60 0.7033192674109258
61 0.559066922584367
62 0.18830656547546284
63 0.7251777565133402
64 0.07891880787161744
65 0.5508767308658249
66 0.08496223950442795
67 0.09431349742383101
