1 1.1019914660053125
2 0.8320070509157701
3 0.6633276055663192
4 0.07072058480131008
5 1.056201988066554
6 0.32323434019296526
7 0.7403084591451089
8 0.7035553236135816
9 0.14959208534521015
10 0.075392357904415
11 1.61699186579742
12 1.3410020371163403
13 2.229953950682213
14 1.0559579334340234
15 0.905522409215499
16 0.7471328029539558
17 0.6928895380677884
18 0.9640261940649266
19 0.27184126231843636
20 0.2508201352101329
21 0.3074757011181848
22 1.2210404109169972
23 0.8165105278742949
24 1.1483212950856498
25 0.7379284418128946
26 0.6780270380751494
27 0.3340657621167273
28 0.48314222272416957
29 1.5927381212543417
30 0.4417127225017262
31 0.24599555274184173
32 0.6400544089662104
33 0.7370764204683539
34 0.20608713778682475
35 0.9481885837642712
36 0.3068419176762123
37 1.4460942694280463
38 0.5446695587097148
39 0.27310802498989334
40 0.6224922043693728
41 0.6550715960065452
42 0.0650438859512151
43 0.1513748400398635
44 0.3122032822208119
45 0.8764146382583035
46 1.0784933431869557
47 0.3041220365355822
48 0.7336937054299904
49 0.3304149151242479
50 0.1751070133788174
51 0.5163898207607776
52 0.026514863766463958
53 0.3030626860613718
54 0.7425650566634934
55 0.2281691831159774
56 0.3787642408365702
57 0.41354964237945024
58 0.7703033260874788
59 0.6566787593992984
60 0.699449646352463
61 0.26842295102858926
62 0.14143906926893127
63 0.031703621606128
64 0.049548950077517084
65 0.06298027292349088
