1 1.0
2 1.0
3 1.0
4 1.0
5 1.0
6 1.0
7 1.0
8 1.0
9 1.0
10 1.0
11 1.0
12 1.0
13 1.0
14 1.0
15 1.0
16 1.0
17 1.0
18 1.0
19 1.0
20 1.0
21 1.0
22 1.0
23 1.0
24 1.0
25 1.0
26 1.0
27 1.0
28 1.0
29 1.0
30 1.0
31 1.0
32 1.0
33 1.0
34 1.0
35 1.0
36 1.0
37 1.0
38 1.0
39 1.0
40 1.0
41 1.0
42 1.0
43 0.9767441860465116
44 0.9772727272727273
45 0.9777777777777777
46 0.9565217391304348
47 0.9574468085106383
48 0.9583333333333334
49 0.9591836734693877
50 0.96
51 0.9411764705882353
52 0.9423076923076923
53 0.9433962264150944
54 0.9259259259259259
55 0.9272727272727272
56 0.9107142857142857
57 0.8947368421052632
58 0.896551724137931
59 0.8983050847457628
60 0.9
61 0.8852459016393442
62 0.8870967741935484
63 0.8888888888888888
64 0.875
65 0.8769230769230769
66 0.8636363636363636
67 0.8656716417910447
68 0.8676470588235294
69 0.8695652173913043
70 0.8714285714285714
71 0.8591549295774648
72 0.8611111111111112
73 0.863013698630137
74 0.8648648648648649
75 0.8533333333333334
76 0.8421052631578947
77 0.8441558441558441
78 0.8333333333333334
79 0.8354430379746836
80 0.825
81 0.8271604938271605
82 0.8292682926829268
83 0.8313253012048193
84 0.8214285714285714
85 0.8235294117647058
86 0.8255813953488372
87 0.8275862068965517
88 0.8295454545454546
89 0.8314606741573034
90 0.8333333333333334
91 0.8241758241758241
92 0.8152173913043478
93 0.8172043010752689
94 0.8085106382978723
95 0.8
96 0.7916666666666666
97 0.7835051546391752
98 0.7857142857142857
99 0.7878787878787878
100 0.78
101 0.7821782178217822
102 0.7745098039215687
103 0.7766990291262136
104 0.7788461538461539
105 0.780952380952381
106 0.7735849056603774
107 0.7663551401869159
108 0.7592592592592593
109 0.7522935779816514
110 0.7454545454545455
111 0.7477477477477478
112 0.75
113 0.7522123893805309
114 0.7543859649122807
115 0.7478260869565218
116 0.75
117 0.7435897435897436
118 0.7372881355932204
119 0.7310924369747899
120 0.7333333333333333
121 0.7355371900826446
122 0.7295081967213115
123 0.7235772357723578
124 0.7258064516129032
125 0.72
126 0.7222222222222222
127 0.7165354330708661
128 0.7109375
129 0.7131782945736435
130 0.7076923076923077
131 0.7022900763358778
132 0.696969696969697
133 0.6992481203007519
134 0.6940298507462687
135 0.6888888888888889
136 0.6838235294117647
137 0.6788321167883211
138 0.6739130434782609
139 0.6690647482014388
140 0.6642857142857143
141 0.6595744680851063
142 0.6619718309859155
143 0.6643356643356644
144 0.6597222222222222
145 0.6551724137931034
146 0.6575342465753424
147 0.6530612244897959
148 0.6486486486486487
149 0.6442953020134228
150 0.6466666666666666
151 0.6423841059602649
152 0.6381578947368421
153 0.6339869281045751
154 0.6298701298701299
155 0.6258064516129033
156 0.6217948717948718
157 0.6242038216560509
158 0.620253164556962
159 0.6226415094339622
160 0.61875
161 0.6211180124223602
162 0.6172839506172839
163 0.6134969325153374
164 0.6158536585365854
165 0.6181818181818182
166 0.6144578313253012
167 0.6107784431137725
168 0.6071428571428571
169 0.6094674556213018
170 0.611764705882353
171 0.6081871345029239
172 0.6046511627906976
173 0.6069364161849711
174 0.603448275862069
175 0.6
176 0.6022727272727273
177 0.5988700564971752
178 0.5955056179775281
179 0.5977653631284916
180 0.6
181 0.5966850828729282
182 0.5934065934065934
183 0.5956284153005464
184 0.592391304347826
185 0.5891891891891892
186 0.5860215053763441
187 0.5828877005347594
188 0.5851063829787234
189 0.5873015873015873
190 0.5894736842105263
191 0.5863874345549738
192 0.5885416666666666
193 0.5854922279792746
194 0.5824742268041238
195 0.5794871794871795
196 0.576530612244898
197 0.5736040609137056
198 0.5757575757575758
199 0.5728643216080402
200 0.57
201 0.5671641791044776
202 0.5643564356435643
203 0.5615763546798029
204 0.5637254901960784
205 0.5609756097560976
206 0.558252427184466
207 0.5555555555555556
208 0.5528846153846154
209 0.5550239234449761
210 0.5523809523809524
211 0.5497630331753555
212 0.5471698113207547
213 0.5446009389671361
214 0.5420560747663551
215 0.5395348837209303
216 0.5370370370370371
217 0.5345622119815668
218 0.536697247706422
219 0.5342465753424658
220 0.5363636363636364
221 0.5339366515837104
222 0.536036036036036
223 0.5381165919282511
224 0.5357142857142857
225 0.5377777777777778
226 0.5353982300884956
227 0.5374449339207048
228 0.5350877192982456
229 0.5327510917030568
230 0.5304347826086957
231 0.5324675324675324
232 0.5301724137931034
233 0.5278969957081545
234 0.5256410256410257
235 0.5234042553191489
236 0.5211864406779662
237 0.5232067510548524
238 0.5210084033613446
239 0.5188284518828452
240 0.5166666666666667
241 0.5145228215767634
242 0.512396694214876
243 0.5102880658436214
244 0.5081967213114754
245 0.5061224489795918
246 0.5040650406504065
247 0.5060728744939271
248 0.5040322580645161
249 0.5020080321285141
250 0.504
251 0.5059760956175299
252 0.5079365079365079
253 0.5059288537549407
254 0.5039370078740157
255 0.5058823529411764
256 0.50390625
257 0.5019455252918288
258 0.5038759689922481
259 0.5019305019305019
260 0.5
261 0.49808429118773945
262 0.5
263 0.49809885931558934
264 0.5
265 0.4981132075471698
266 0.49624060150375937
267 0.4943820224719101
268 0.4962686567164179
269 0.4944237918215613
270 0.4925925925925926
271 0.4907749077490775
272 0.4889705882352941
273 0.48717948717948717
274 0.4854014598540146
275 0.48363636363636364
276 0.4855072463768116
277 0.48375451263537905
278 0.48201438848920863
279 0.48028673835125446
280 0.4785714285714286
281 0.47686832740213525
282 0.475177304964539
283 0.47703180212014135
284 0.4753521126760563
285 0.47368421052631576
286 0.4755244755244755
287 0.4738675958188153
288 0.4722222222222222
289 0.47058823529411764
290 0.4689655172413793
291 0.47079037800687284
292 0.4691780821917808
293 0.46757679180887374
294 0.46598639455782315
295 0.46440677966101696
296 0.46283783783783783
297 0.4612794612794613
298 0.4597315436241611
299 0.45819397993311034
300 0.46
301 0.4584717607973422
302 0.45695364238410596
303 0.45544554455445546
304 0.45394736842105265
305 0.4524590163934426
306 0.45098039215686275
307 0.4495114006514658
308 0.44805194805194803
309 0.44660194174757284
310 0.44516129032258067
311 0.4437299035369775
312 0.4423076923076923
313 0.44089456869009586
314 0.4394904458598726
315 0.44126984126984126
316 0.439873417721519
317 0.4416403785488959
318 0.44025157232704404
319 0.438871473354232
320 0.4375
321 0.43613707165109034
322 0.43478260869565216
323 0.43343653250773995
324 0.43209876543209874
325 0.4307692307692308
326 0.4325153374233129
327 0.43119266055045874
328 0.4298780487804878
329 0.4316109422492401
330 0.4303030303030303
331 0.42900302114803623
332 0.4307228915662651
333 0.4294294294294294
334 0.4281437125748503
335 0.4298507462686567
336 0.42857142857142855
337 0.42729970326409494
338 0.4260355029585799
339 0.4247787610619469
340 0.4235294117647059
341 0.4222873900293255
342 0.4239766081871345
343 0.4227405247813411
344 0.42151162790697677
345 0.42028985507246375
346 0.4190751445086705
347 0.41786743515850144
348 0.4166666666666667
349 0.4154727793696275
350 0.4142857142857143
351 0.41595441595441596
352 0.41761363636363635
353 0.4164305949008499
354 0.4152542372881356
355 0.4140845070422535
356 0.41292134831460675
357 0.4117647058823529
358 0.4106145251396648
359 0.40947075208913647
360 0.4111111111111111
361 0.4099722991689751
362 0.4088397790055249
363 0.40771349862258954
364 0.4065934065934066
365 0.4054794520547945
366 0.40437158469945356
367 0.4032697547683924
368 0.40217391304347827
369 0.4010840108401084
370 0.4
371 0.39892183288409705
372 0.3978494623655914
373 0.3967828418230563
374 0.39572192513368987
375 0.39466666666666667
376 0.39361702127659576
377 0.3925729442970822
378 0.3915343915343915
379 0.39313984168865435
380 0.39210526315789473
381 0.3910761154855643
382 0.3900523560209424
383 0.38903394255874674
384 0.3880208333333333
385 0.38701298701298703
386 0.3860103626943005
387 0.3850129198966408
388 0.3865979381443299
389 0.3856041131105398
390 0.38461538461538464
391 0.3836317135549872
392 0.3826530612244898
393 0.3816793893129771
394 0.383248730964467
395 0.3822784810126582
396 0.3813131313131313
397 0.380352644836272
398 0.3793969849246231
399 0.37844611528822053
400 0.3775
401 0.3765586034912718
402 0.3756218905472637
403 0.3746898263027295
404 0.37376237623762376
405 0.3728395061728395
406 0.37192118226600984
407 0.371007371007371
408 0.37254901960784315
409 0.37163814180929094
410 0.37073170731707317
411 0.36982968369829683
412 0.36893203883495146
413 0.3704600484261501
414 0.3695652173913043
415 0.3686746987951807
416 0.36778846153846156
417 0.36930455635491605
418 0.3684210526315789
419 0.36754176610978523
420 0.36666666666666664
421 0.3657957244655582
422 0.36492890995260663
423 0.3640661938534279
424 0.3632075471698113
425 0.3623529411764706
426 0.3615023474178404
427 0.36065573770491804
428 0.3598130841121495
429 0.3613053613053613
430 0.36046511627906974
431 0.35962877030162416
432 0.3587962962962963
433 0.3579676674364896
434 0.35714285714285715
435 0.3563218390804598
436 0.3555045871559633
437 0.35469107551487417
438 0.3538812785388128
439 0.3530751708428246
440 0.3522727272727273
441 0.35147392290249435
442 0.3506787330316742
443 0.35214446952595935
444 0.35135135135135137
445 0.350561797752809
446 0.34977578475336324
447 0.348993288590604
448 0.3482142857142857
449 0.34743875278396436
450 0.3466666666666667
451 0.3458980044345898
452 0.34513274336283184
453 0.3443708609271523
454 0.3436123348017621
455 0.34285714285714286
456 0.3442982456140351
457 0.3435448577680525
458 0.34279475982532753
459 0.3420479302832244
460 0.34347826086956523
461 0.34273318872017355
462 0.341991341991342
463 0.3412526997840173
464 0.34051724137931033
465 0.33978494623655914
466 0.33905579399141633
467 0.33832976445396146
468 0.33974358974358976
469 0.3390191897654584
470 0.3382978723404255
471 0.3375796178343949
472 0.336864406779661
473 0.3361522198731501
474 0.33544303797468356
475 0.33473684210526317
476 0.33403361344537813
477 0.3333333333333333
478 0.33263598326359833
479 0.33194154488517746
480 0.33125
481 0.3305613305613306
482 0.33195020746887965
483 0.33126293995859213
484 0.3305785123966942
485 0.32989690721649484
486 0.3292181069958848
487 0.32854209445585214
488 0.32786885245901637
489 0.3292433537832311
490 0.32857142857142857
491 0.32790224032586557
492 0.32723577235772355
493 0.3265720081135903
494 0.3259109311740891
495 0.32525252525252524
496 0.32661290322580644
497 0.32595573440643866
498 0.3253012048192771
499 0.3246492985971944
500 0.324
501 0.32335329341317365
502 0.32270916334661354
503 0.3220675944333996
504 0.32341269841269843
505 0.32475247524752476
506 0.3241106719367589
507 0.3234714003944773
508 0.3228346456692913
509 0.3241650294695481
510 0.3235294117647059
511 0.32289628180039137
512 0.322265625
513 0.3216374269005848
514 0.321011673151751
515 0.32038834951456313
516 0.31976744186046513
517 0.3191489361702128
518 0.3185328185328185
519 0.3179190751445087
520 0.3173076923076923
521 0.31669865642994244
522 0.3160919540229885
523 0.3154875717017208
524 0.3148854961832061
525 0.3142857142857143
526 0.31368821292775667
527 0.31309297912713474
528 0.3125
529 0.31190926275992437
530 0.3113207547169811
531 0.3107344632768362
532 0.3101503759398496
533 0.30956848030018763
534 0.3089887640449438
535 0.3102803738317757
536 0.30970149253731344
537 0.3091247672253259
538 0.30855018587360594
539 0.3098330241187384
540 0.30925925925925923
541 0.30868761552680224
542 0.3081180811808118
543 0.30755064456721914
544 0.3069852941176471
545 0.30642201834862387
546 0.3058608058608059
547 0.3053016453382084
548 0.30474452554744524
549 0.30418943533697634
550 0.30363636363636365
551 0.3030852994555354
552 0.302536231884058
553 0.30198915009041594
554 0.30144404332129965
555 0.3009009009009009
556 0.30035971223021585
557 0.2998204667863555
558 0.2992831541218638
559 0.29874776386404295
560 0.2982142857142857
561 0.2976827094474153
562 0.297153024911032
563 0.2966252220248668
564 0.29609929078014185
565 0.29557522123893804
566 0.2950530035335689
567 0.2945326278659612
568 0.29401408450704225
569 0.29525483304042177
570 0.29473684210526313
571 0.29422066549912435
572 0.29545454545454547
573 0.2949389179755672
574 0.29442508710801396
575 0.29391304347826086
576 0.2934027777777778
577 0.292894280762565
578 0.29238754325259514
579 0.2918825561312608
580 0.2913793103448276
581 0.2908777969018933
582 0.29037800687285226
583 0.28987993138936535
584 0.2893835616438356
585 0.28888888888888886
586 0.2883959044368601
587 0.2879045996592845
588 0.28741496598639454
589 0.2869269949066214
590 0.2864406779661017
591 0.2859560067681895
592 0.28547297297297297
593 0.28499156829679595
594 0.28619528619528617
595 0.28739495798319326
596 0.28691275167785235
597 0.2864321608040201
598 0.28595317725752506
599 0.2854757929883139
600 0.285
601 0.28452579034941766
602 0.2840531561461794
603 0.2835820895522388
604 0.2847682119205298
605 0.28429752066115704
606 0.2838283828382838
607 0.2833607907742998
608 0.28289473684210525
609 0.2824302134646962
610 0.2819672131147541
611 0.28314238952536824
612 0.2826797385620915
613 0.2822185970636215
614 0.28175895765472314
615 0.2813008130081301
616 0.2824675324675325
617 0.28363047001620745
618 0.28317152103559873
619 0.2827140549273021
620 0.28225806451612906
621 0.28180354267310787
622 0.28135048231511256
623 0.2808988764044944
624 0.28044871794871795
625 0.28
626 0.2795527156549521
627 0.27910685805422647
628 0.2786624203821656
629 0.27821939586645467
630 0.2777777777777778
631 0.277337559429477
632 0.27689873417721517
633 0.2764612954186414
634 0.27602523659305994
635 0.2755905511811024
636 0.2751572327044025
637 0.27472527472527475
638 0.274294670846395
639 0.27386541471048514
640 0.275
641 0.2745709828393136
642 0.2757009345794392
643 0.27527216174183516
644 0.2748447204968944
645 0.2744186046511628
646 0.2739938080495356
647 0.2735703245749614
648 0.27469135802469136
649 0.27426810477657937
650 0.27384615384615385
651 0.27342549923195086
652 0.27300613496932513
653 0.2725880551301684
654 0.27217125382262997
655 0.2717557251908397
656 0.27134146341463417
657 0.2709284627092846
658 0.27203647416413373
659 0.2731411229135053
660 0.27424242424242423
661 0.27382753403933435
662 0.27341389728096677
663 0.2730015082956259
664 0.27259036144578314
665 0.2721804511278195
666 0.27177177177177175
667 0.27136431784107945
668 0.27095808383233533
669 0.2705530642750374
670 0.2701492537313433
671 0.2697466467958271
672 0.2693452380952381
673 0.2689450222882615
674 0.2685459940652819
675 0.2696296296296296
676 0.2692307692307692
677 0.2688330871491876
678 0.26843657817109146
679 0.26804123711340205
680 0.2676470588235294
681 0.26725403817914833
682 0.2668621700879765
683 0.2664714494875549
684 0.26608187134502925
685 0.2656934306569343
686 0.2653061224489796
687 0.264919941775837
688 0.26453488372093026
689 0.2641509433962264
690 0.263768115942029
691 0.2633863965267728
692 0.2630057803468208
693 0.26262626262626265
694 0.26368876080691644
695 0.2633093525179856
696 0.2629310344827586
697 0.26255380200860834
698 0.2621776504297994
699 0.26180257510729615
700 0.26142857142857145
701 0.26105563480741795
702 0.2606837606837607
703 0.2603129445234708
704 0.2599431818181818
705 0.25957446808510637
706 0.25920679886685555
707 0.25884016973125884
708 0.2584745762711864
709 0.25811001410437234
710 0.2577464788732394
711 0.25738396624472576
712 0.25842696629213485
713 0.25806451612903225
714 0.25770308123249297
715 0.2573426573426573
716 0.25837988826815644
717 0.2580195258019526
718 0.2590529247910863
719 0.25869262865090403
720 0.25833333333333336
721 0.2579750346740638
722 0.25761772853185594
723 0.2572614107883817
724 0.2569060773480663
725 0.25655172413793104
726 0.256198347107438
727 0.2558459422283356
728 0.2554945054945055
729 0.2551440329218107
730 0.2547945205479452
731 0.25444596443228457
732 0.2540983606557377
733 0.25375170532060026
734 0.25340599455040874
735 0.254421768707483
736 0.25407608695652173
737 0.2537313432835821
738 0.25338753387533874
739 0.2530446549391069
740 0.2527027027027027
741 0.252361673414305
742 0.25202156334231807
743 0.25168236877523553
744 0.2513440860215054
745 0.25100671140939596
746 0.25067024128686327
747 0.250334672021419
748 0.25
749 0.24966622162883845
750 0.24933333333333332
751 0.24900133155792276
752 0.24867021276595744
753 0.249667994687915
754 0.2493368700265252
755 0.24900662251655628
756 0.24867724867724866
757 0.24834874504623514
758 0.24934036939313983
759 0.2503293807641634
760 0.25
761 0.24967148488830487
762 0.24934383202099739
763 0.2490170380078637
764 0.2486910994764398
765 0.24836601307189543
766 0.24804177545691905
767 0.24771838331160365
768 0.24739583333333334
769 0.247074122236671
770 0.24675324675324675
771 0.24643320363164722
772 0.24611398963730569
773 0.24579560155239327
774 0.2454780361757106
775 0.24645161290322581
776 0.24613402061855671
777 0.24581724581724582
778 0.2455012853470437
779 0.24518613607188702
780 0.24487179487179486
781 0.24455825864276567
782 0.2442455242966752
783 0.24393358876117496
784 0.24362244897959184
785 0.24331210191082803
786 0.2430025445292621
787 0.24269377382465057
788 0.24238578680203046
789 0.2420785804816223
790 0.2417721518987342
791 0.24146649810366624
792 0.24116161616161616
793 0.2408575031525851
794 0.24055415617128464
795 0.24025157232704403
796 0.2399497487437186
797 0.2396486825595985
798 0.23934837092731828
799 0.2390488110137672
800 0.23875
801 0.2397003745318352
802 0.23940149625935161
803 0.23910336239103364
804 0.23880597014925373
805 0.23850931677018633
806 0.23821339950372208
807 0.2379182156133829
808 0.2376237623762376
809 0.2373300370828183
810 0.23703703703703705
811 0.23674475955610358
812 0.23645320197044334
813 0.23616236162361623
814 0.23587223587223588
815 0.23558282208588957
816 0.23529411764705882
817 0.2350061199510404
818 0.23471882640586797
819 0.23443223443223443
820 0.23414634146341465
821 0.23386114494518878
822 0.23479318734793186
823 0.2345078979343864
824 0.2342233009708738
825 0.23393939393939395
826 0.23486682808716708
827 0.23458282950423218
828 0.23429951690821257
829 0.23522316043425814
830 0.23493975903614459
831 0.23465703971119134
832 0.234375
833 0.234093637454982
834 0.23381294964028776
835 0.23353293413173654
836 0.2332535885167464
837 0.23297491039426524
838 0.23269689737470167
839 0.232419547079857
840 0.23214285714285715
841 0.2318668252080856
842 0.23159144893111638
843 0.2313167259786477
844 0.23104265402843602
845 0.23076923076923078
846 0.23049645390070922
847 0.23022432113341204
848 0.22995283018867924
849 0.22968197879858657
850 0.22941176470588234
851 0.2291421856639248
852 0.22887323943661972
853 0.22860492379835873
854 0.22833723653395785
855 0.22807017543859648
856 0.22780373831775702
857 0.22753792298716452
858 0.22727272727272727
859 0.2270081490104773
860 0.22674418604651161
861 0.2264808362369338
862 0.22621809744779584
863 0.22595596755504055
864 0.22569444444444445
865 0.2254335260115607
866 0.2251732101616628
867 0.22606689734717417
868 0.22580645161290322
869 0.22554660529344073
870 0.22528735632183908
871 0.22502870264064295
872 0.22477064220183487
873 0.22451317296678122
874 0.2242562929061785
875 0.224
876 0.22488584474885845
877 0.22462941847206386
878 0.224373576309795
879 0.2241183162684869
880 0.225
881 0.22474460839954596
882 0.22448979591836735
883 0.22423556058890148
884 0.2239819004524887
885 0.22372881355932203
886 0.2234762979683973
887 0.22322435174746336
888 0.22297297297297297
889 0.22384701912260968
890 0.22359550561797753
891 0.22334455667789002
892 0.22309417040358745
893 0.22284434490481522
894 0.2225950782997763
895 0.2223463687150838
896 0.22209821428571427
897 0.221850613154961
898 0.22160356347438753
899 0.22135706340378197
900 0.22111111111111112
901 0.22086570477247502
902 0.22062084257206208
903 0.2203765227021041
904 0.22123893805309736
905 0.22099447513812154
906 0.22075055187637968
907 0.2205071664829107
908 0.22026431718061673
909 0.22002200220022003
910 0.21978021978021978
911 0.21953896816684962
912 0.21929824561403508
913 0.21905805038335158
914 0.2188183807439825
915 0.2185792349726776
916 0.2183406113537118
917 0.21810250817884405
918 0.2178649237472767
919 0.2176278563656148
920 0.21739130434782608
921 0.21715526601520088
922 0.21691973969631237
923 0.21668472372697725
924 0.21645021645021645
925 0.21621621621621623
926 0.2159827213822894
927 0.21574973031283712
928 0.21551724137931033
929 0.21528525296017223
930 0.21505376344086022
931 0.21482277121374865
932 0.2145922746781116
933 0.21436227224008575
934 0.21413276231263384
935 0.21390374331550802
936 0.21367521367521367
937 0.21344717182497333
938 0.21321961620469082
939 0.21405750798722045
940 0.21382978723404256
941 0.2146652497343252
942 0.21443736730360935
943 0.2142099681866384
944 0.21398305084745764
945 0.21375661375661376
946 0.2135306553911205
947 0.2133051742344245
948 0.2141350210970464
949 0.21390937829293993
950 0.21368421052631578
951 0.21345951629863302
952 0.21323529411764705
953 0.2130115424973767
954 0.21278825995807127
955 0.21256544502617802
956 0.21234309623430964
957 0.21212121212121213
958 0.21189979123173278
959 0.2116788321167883
960 0.21145833333333333
961 0.21123829344432882
962 0.21101871101871103
963 0.21079958463136034
964 0.21058091286307054
965 0.21036269430051813
966 0.21014492753623187
967 0.2109617373319545
968 0.21074380165289255
969 0.21052631578947367
970 0.21030927835051547
971 0.21009268795056643
972 0.20987654320987653
973 0.20966084275436794
974 0.20944558521560575
975 0.20923076923076922
976 0.20901639344262296
977 0.20880245649948823
978 0.2085889570552147
979 0.2083758937691522
980 0.20816326530612245
981 0.20795107033639143
982 0.20773930753564154
983 0.20752797558494404
984 0.2073170731707317
985 0.20710659898477157
986 0.20689655172413793
987 0.2066869300911854
988 0.20647773279352227
989 0.20626895854398383
990 0.20606060606060606
991 0.2058526740665994
992 0.2056451612903226
993 0.2054380664652568
994 0.2052313883299799
995 0.20603015075376885
996 0.20582329317269077
997 0.20561685055165496
998 0.20541082164328658
999 0.20520520520520522
1000 0.205
1001 0.2047952047952048
1002 0.20459081836327345
1003 0.20438683948155534
1004 0.20418326693227093
1005 0.20398009950248755
1006 0.20377733598409542
1007 0.2035749751737835
1008 0.20337301587301587
1009 0.20317145688800792
1010 0.20297029702970298
1011 0.20276953511374876
1012 0.2025691699604743
1013 0.20236920039486672
1014 0.20216962524654833
1015 0.2019704433497537
1016 0.2017716535433071
1017 0.2015732546705998
1018 0.2013752455795678
1019 0.2011776251226693
1020 0.2019607843137255
1021 0.20176297747306562
1022 0.20156555772994128
1023 0.2013685239491691
1024 0.201171875
1025 0.20097560975609757
1026 0.20077972709551656
1027 0.2005842259006816
1028 0.20038910505836577
1029 0.2001943634596696
1030 0.2
1031 0.19980601357904948
1032 0.1996124031007752
1033 0.1994191674733785
1034 0.19922630560928434
1035 0.19903381642512077
1036 0.19884169884169883
1037 0.19864995178399228
1038 0.19845857418111754
1039 0.19826756496631376
1040 0.19807692307692307
1041 0.1978866474543708
1042 0.19769673704414586
1043 0.1975071907957814
1044 0.19731800766283525
1045 0.19808612440191387
1046 0.19789674952198852
1047 0.1977077363896848
1048 0.19751908396946566
1049 0.19733079122974262
1050 0.19714285714285715
1051 0.19695528068506185
1052 0.1967680608365019
1053 0.19658119658119658
1054 0.19639468690702086
1055 0.1962085308056872
1056 0.19602272727272727
1057 0.1967833491012299
1058 0.19659735349716445
1059 0.1964117091595845
1060 0.19622641509433963
1061 0.19604147031102734
1062 0.1958568738229755
1063 0.19567262464722485
1064 0.19548872180451127
1065 0.19530516431924883
1066 0.1951219512195122
1067 0.1949390815370197
1068 0.1947565543071161
1069 0.19457436856875585
1070 0.19439252336448598
1071 0.1942110177404295
1072 0.19496268656716417
1073 0.19478098788443615
1074 0.1945996275605214
1075 0.19441860465116279
1076 0.19423791821561337
1077 0.19405756731662024
1078 0.19387755102040816
1079 0.19462465245597776
1080 0.19444444444444445
1081 0.1942645698427382
1082 0.19408502772643252
1083 0.19390581717451524
1084 0.1937269372693727
1085 0.1935483870967742
1086 0.19337016574585636
1087 0.19319227230910763
1088 0.19301470588235295
1089 0.1928374655647383
1090 0.1926605504587156
1091 0.1924839596700275
1092 0.19230769230769232
1093 0.19304666056724612
1094 0.19287020109689215
1095 0.19269406392694063
1096 0.19251824817518248
1097 0.19234275296262535
1098 0.19216757741347906
1099 0.19199272065514103
1100 0.1918181818181818
1101 0.1916439600363306
1102 0.19147005444646098
1103 0.19220308250226656
1104 0.19202898550724637
1105 0.19185520361990951
1106 0.19168173598553345
1107 0.1915085817524842
1108 0.19133574007220217
1109 0.19116321009918846
1110 0.19099099099099098
1111 0.19081908190819083
1112 0.1906474820143885
1113 0.19047619047619047
1114 0.19030520646319568
1115 0.19013452914798207
1116 0.18996415770609318
1117 0.18979409131602507
1118 0.18962432915921287
1119 0.18945487042001788
1120 0.18928571428571428
1121 0.18911685994647637
1122 0.1889483065953654
1123 0.188780053428317
1124 0.18861209964412812
1125 0.18933333333333333
1126 0.1891651865008881
1127 0.18899733806566105
1128 0.18882978723404256
1129 0.1886625332152347
1130 0.18849557522123894
1131 0.1883289124668435
1132 0.1881625441696113
1133 0.1879964695498676
1134 0.18783068783068782
1135 0.18766519823788547
1136 0.1875
1137 0.18733509234828497
1138 0.18717047451669597
1139 0.18700614574187885
1140 0.1868421052631579
1141 0.1866783523225241
1142 0.18651488616462347
1143 0.18635170603674542
1144 0.1861888111888112
1145 0.18602620087336244
1146 0.18586387434554974
1147 0.1857018308631212
1148 0.18554006968641115
1149 0.185378590078329
1150 0.18521739130434783
1151 0.18505647263249347
1152 0.1857638888888889
1153 0.18560277536860365
1154 0.1854419410745234
1155 0.18528138528138527
1156 0.185121107266436
1157 0.18582541054451165
1158 0.18566493955094993
1159 0.18550474547023296
1160 0.1853448275862069
1161 0.18518518518518517
1162 0.18502581755593803
1163 0.18486672398968185
1164 0.18470790378006874
1165 0.18454935622317598
1166 0.1843910806174957
1167 0.1842330762639246
1168 0.1840753424657534
1169 0.18391787852865696
1170 0.18376068376068377
1171 0.18360375747224594
1172 0.18344709897610922
1173 0.18329070758738278
1174 0.18313458262350937
1175 0.1829787234042553
1176 0.1828231292517007
1177 0.1826677994902294
1178 0.18251273344651953
1179 0.1823579304495335
1180 0.18220338983050846
1181 0.18204911092294665
1182 0.18189509306260576
1183 0.18174133558748942
1184 0.18158783783783783
1185 0.18143459915611815
1186 0.1812816188870152
1187 0.18112889637742208
1188 0.18097643097643099
1189 0.1808242220353238
1190 0.18067226890756302
1191 0.18052057094878254
1192 0.18036912751677853
1193 0.18021793797150043
1194 0.1800670016750419
1195 0.1799163179916318
1196 0.1797658862876254
1197 0.1796157059314954
1198 0.17946577629382304
1199 0.1793160967472894
1200 0.17916666666666667
1201 0.17901748542880933
1202 0.1788685524126456
1203 0.17871986699916875
1204 0.17857142857142858
1205 0.17842323651452283
1206 0.17827529021558872
1207 0.17812758906379453
1208 0.17798013245033112
1209 0.17783291976840365
1210 0.17768595041322313
1211 0.17753922378199835
1212 0.1773927392739274
1213 0.17724649629018963
1214 0.1771004942339374
1215 0.17695473251028807
1216 0.1768092105263158
1217 0.17666392769104355
1218 0.17651888341543515
1219 0.1763740771123872
1220 0.1762295081967213
1221 0.1769041769041769
1222 0.176759410801964
1223 0.17661488143908421
1224 0.17647058823529413
1225 0.1763265306122449
1226 0.1761827079934747
1227 0.17603911980440098
1228 0.1758957654723127
1229 0.1757526444263629
1230 0.17560975609756097
1231 0.17546709991876522
1232 0.17532467532467533
1233 0.17518248175182483
1234 0.17504051863857376
1235 0.1748987854251012
1236 0.17475728155339806
1237 0.1746160064672595
1238 0.17447495961227788
1239 0.17433414043583534
1240 0.17419354838709677
1241 0.17405318291700242
1242 0.17391304347826086
1243 0.1737731295253419
1244 0.17363344051446947
1245 0.17349397590361446
1246 0.17335473515248795
1247 0.17321571772253408
1248 0.17307692307692307
1249 0.17293835068054444
1250 0.1728
1251 0.17266187050359713
1252 0.17252396166134185
1253 0.17238627294493217
1254 0.1722488038277512
1255 0.17211155378486057
1256 0.17197452229299362
1257 0.1718377088305489
1258 0.17170111287758347
1259 0.1715647339158062
1260 0.17142857142857143
1261 0.17129262490087233
1262 0.17115689381933438
1263 0.171021377672209
1264 0.17088607594936708
1265 0.1707509881422925
1266 0.17061611374407584
1267 0.17048145224940806
1268 0.17034700315457413
1269 0.1702127659574468
1270 0.1700787401574803
1271 0.16994492525570418
1272 0.16981132075471697
1273 0.16967792615868027
1274 0.1695447409733124
1275 0.16941176470588235
1276 0.16927899686520376
1277 0.16914643696162882
1278 0.1697965571205008
1279 0.16966379984362784
1280 0.16953125
1281 0.16939890710382513
1282 0.16926677067082682
1283 0.1691348402182385
1284 0.1690031152647975
1285 0.1688715953307393
1286 0.16874027993779162
1287 0.1686091686091686
1288 0.16847826086956522
1289 0.16834755624515127
1290 0.1682170542635659
1291 0.1680867544539117
1292 0.16795665634674922
1293 0.16782675947409126
1294 0.16769706336939721
1295 0.16756756756756758
1296 0.16743827160493827
1297 0.16730917501927525
1298 0.16718027734976887
1299 0.16705157813702848
1300 0.16692307692307692
1301 0.16679477325134512
1302 0.16666666666666666
1303 0.16653875671527243
1304 0.1664110429447853
1305 0.16628352490421455
1306 0.1669218989280245
1307 0.16679418515684774
1308 0.16666666666666666
1309 0.16653934300993126
1310 0.166412213740458
1311 0.16628527841342486
1312 0.16615853658536586
1313 0.16603198781416603
1314 0.1659056316590563
1315 0.16577946768060836
1316 0.1656534954407295
1317 0.16552771450265755
1318 0.165402124430956
1319 0.1652767247915087
1320 0.16515151515151516
1321 0.16502649507948525
1322 0.1649016641452345
1323 0.16477702191987906
1324 0.1646525679758308
1325 0.16452830188679246
1326 0.16440422322775264
1327 0.16428033157498115
1328 0.16415662650602408
1329 0.16403310759969902
1330 0.16390977443609023
1331 0.16378662659654394
1332 0.16366366366366367
1333 0.16354088522130533
1334 0.1634182908545727
1335 0.16329588014981272
1336 0.1631736526946108
1337 0.1630516080777861
1338 0.16292974588938713
1339 0.16355489171023152
1340 0.16343283582089552
1341 0.16331096196868009
1342 0.1631892697466468
1343 0.16306775874906926
1344 0.16294642857142858
1345 0.16282527881040892
1346 0.16270430906389302
1347 0.16258351893095768
1348 0.16246290801186944
1349 0.16234247590808007
1350 0.1622222222222222
1351 0.16210214655810512
1352 0.16198224852071005
1353 0.16186252771618626
1354 0.16174298375184637
1355 0.16162361623616237
1356 0.16150442477876106
1357 0.16138540899042003
1358 0.16126656848306334
1359 0.16114790286975716
1360 0.1610294117647059
1361 0.1609110947832476
1362 0.16079295154185022
1363 0.16067498165810712
1364 0.16055718475073313
1365 0.16043956043956045
1366 0.1603221083455344
1367 0.16020482809070957
1368 0.1600877192982456
1369 0.15997078159240322
1370 0.15985401459854015
1371 0.15973741794310722
1372 0.15962099125364432
1373 0.1595047341587764
1374 0.15938864628820962
1375 0.15927272727272726
1376 0.15915697674418605
1377 0.15904139433551198
1378 0.15892597968069666
1379 0.15881073241479332
1380 0.15869565217391304
1381 0.15858073859522084
1382 0.15846599131693198
1383 0.15835140997830802
1384 0.15823699421965318
1385 0.15812274368231047
1386 0.15800865800865802
1387 0.15789473684210525
1388 0.15778097982708933
1389 0.15766738660907129
1390 0.15755395683453238
1391 0.15744069015097054
1392 0.15732758620689655
1393 0.15721464465183058
1394 0.15710186513629842
1395 0.15698924731182795
1396 0.15687679083094555
1397 0.15676449534717252
1398 0.15665236051502146
1399 0.15654038598999284
1400 0.15642857142857142
1401 0.15631691648822268
1402 0.15620542082738945
1403 0.15609408410548825
1404 0.15598290598290598
1405 0.15587188612099645
1406 0.15576102418207682
1407 0.15565031982942432
1408 0.15553977272727273
1409 0.1554293825408091
1410 0.15531914893617021
1411 0.1552090715804394
1412 0.15509915014164305
1413 0.15498938428874734
1414 0.15487977369165487
1415 0.15477031802120142
1416 0.1553672316384181
1417 0.155257586450247
1418 0.15514809590973203
1419 0.15503875968992248
1420 0.15492957746478872
1421 0.15482054890921887
1422 0.15471167369901548
1423 0.15460295151089248
1424 0.1544943820224719
1425 0.1543859649122807
1426 0.15427769985974754
1427 0.15416958654519972
1428 0.15406162464985995
1429 0.15395381385584325
1430 0.15384615384615385
1431 0.15373864430468204
1432 0.15363128491620112
1433 0.15352407536636428
1434 0.15341701534170155
1435 0.15331010452961671
1436 0.1532033426183844
1437 0.15309672929714682
1438 0.15299026425591097
1439 0.15288394718554552
1440 0.1527777777777778
1441 0.15267175572519084
1442 0.15256588072122051
1443 0.15246015246015246
1444 0.1523545706371191
1445 0.1522491349480969
1446 0.15214384508990317
1447 0.1520387007601935
1448 0.15193370165745856
1449 0.1518288474810214
1450 0.15172413793103448
1451 0.15161957270847692
1452 0.15151515151515152
1453 0.15141087405368203
1454 0.15130674002751032
1455 0.15120274914089346
1456 0.1510989010989011
1457 0.15099519560741248
1458 0.15089163237311384
1459 0.15078821110349555
1460 0.1506849315068493
1461 0.15058179329226556
1462 0.15047879616963064
1463 0.15037593984962405
1464 0.15027322404371585
1465 0.15017064846416384
1466 0.15006821282401092
1467 0.1499659168370825
1468 0.14986376021798364
1469 0.14976174268209666
1470 0.14965986394557823
1471 0.1495581237253569
1472 0.14945652173913043
1473 0.1493550577053632
1474 0.14925373134328357
1475 0.14915254237288136
1476 0.14905149051490515
1477 0.14895057549085985
1478 0.14884979702300405
1479 0.14874915483434753
1480 0.14864864864864866
1481 0.1485482781904119
1482 0.1484480431848853
1483 0.14834794335805798
1484 0.14892183288409702
1485 0.14882154882154883
1486 0.148721399730821
1487 0.14862138533960995
1488 0.1485215053763441
1489 0.14842175957018133
1490 0.1483221476510067
1491 0.1482226693494299
1492 0.14812332439678283
1493 0.1480241125251172
1494 0.14792503346720215
1495 0.14782608695652175
1496 0.14772727272727273
1497 0.14762859051436206
1498 0.14753004005340453
1499 0.14743162108072047
1500 0.14733333333333334
1501 0.14723517654896737
1502 0.14713715046604528
1503 0.14703925482368596
1504 0.14694148936170212
1505 0.146843853820598
1506 0.14674634794156707
1507 0.14664897146648972
1508 0.14655172413793102
1509 0.1464546056991385
1510 0.14635761589403973
1511 0.14626075446724024
1512 0.14616402116402116
1513 0.14606741573033707
1514 0.14597093791281374
1515 0.14587458745874587
1516 0.145778364116095
1517 0.14568226763348716
1518 0.14558629776021081
1519 0.14549045424621462
1520 0.14539473684210527
1521 0.1452991452991453
1522 0.145203679369251
1523 0.14510833880499016
1524 0.14501312335958005
1525 0.14491803278688525
1526 0.14482306684141547
1527 0.14472822527832352
1528 0.14463350785340315
1529 0.144538914323087
1530 0.14444444444444443
1531 0.14435009797517961
1532 0.14425587467362924
1533 0.1441617742987606
1534 0.1440677966101695
1535 0.14397394136807817
1536 0.14388020833333334
1537 0.14378659726740403
1538 0.14369310793237972
1539 0.14359974009096815
1540 0.1435064935064935
1541 0.14341336794289422
1542 0.14332036316472113
1543 0.14322747893713544
1544 0.14313471502590674
1545 0.143042071197411
1546 0.1429495472186287
1547 0.14285714285714285
1548 0.14276485788113696
1549 0.14267269205939315
1550 0.14258064516129032
1551 0.14248871695680207
1552 0.14239690721649484
1553 0.14230521571152607
1554 0.14285714285714285
1555 0.14276527331189712
1556 0.14267352185089974
1557 0.14258188824662812
1558 0.14249037227214378
1559 0.14239897370109045
1560 0.1423076923076923
1561 0.14221652786675207
1562 0.14212548015364918
1563 0.1420345489443378
1564 0.14194373401534527
1565 0.14185303514376996
1566 0.1417624521072797
1567 0.14167198468410977
1568 0.14158163265306123
1569 0.14149139579349904
1570 0.14140127388535031
1571 0.1413112667091025
1572 0.14122137404580154
1573 0.14113159567705022
1574 0.14104193138500634
1575 0.14095238095238094
1576 0.14086294416243655
1577 0.14077362079898542
1578 0.14068441064638784
1579 0.14059531348955034
1580 0.14050632911392405
1581 0.14041745730550284
1582 0.14032869785082175
1583 0.14024005053695515
1584 0.14015151515151514
1585 0.14006309148264984
1586 0.13997477931904162
1587 0.13988657844990549
1588 0.1397984886649874
1589 0.13971050975456262
1590 0.13962264150943396
1591 0.13953488372093023
1592 0.13944723618090452
1593 0.1393596986817326
1594 0.13927227101631118
1595 0.13918495297805641
1596 0.13909774436090225
1597 0.13901064495929868
1598 0.13892365456821026
1599 0.13883677298311445
1600 0.13875
1601 0.1386633354153654
1602 0.13857677902621723
1603 0.13849033063006863
1604 0.13840399002493767
1605 0.1383177570093458
1606 0.1382316313823163
1607 0.13814561294337274
1608 0.13805970149253732
1609 0.13859540087010566
1610 0.13850931677018632
1611 0.13842333954065797
1612 0.13833746898263027
1613 0.13825170489770613
1614 0.13816604708798016
1615 0.13808049535603714
1616 0.1379950495049505
1617 0.13790970933828076
1618 0.13782447466007416
1619 0.13773934527486104
1620 0.13765432098765432
1621 0.13756940160394818
1622 0.1374845869297164
1623 0.13739987677141097
1624 0.1373152709359606
1625 0.13723076923076924
1626 0.13714637146371464
1627 0.13706207744314688
1628 0.136977886977887
1629 0.1368937998772253
1630 0.13680981595092023
1631 0.1367259350091968
1632 0.13664215686274508
1633 0.13655848132271892
1634 0.1364749082007344
1635 0.1363914373088685
1636 0.1363080684596577
1637 0.13622480146609653
1638 0.13614163614163613
1639 0.13605857230018303
1640 0.13597560975609757
1641 0.13589274832419257
1642 0.13580998781973203
1643 0.1357273280584297
1644 0.1356447688564477
1645 0.13556231003039515
1646 0.13547995139732685
1647 0.13539769277474195
1648 0.13592233009708737
1649 0.13583990297149787
1650 0.13575757575757577
1651 0.13567534827377348
1652 0.13559322033898305
1653 0.1355111917725348
1654 0.13603385731559856
1655 0.13595166163141995
1656 0.1358695652173913
1657 0.13578756789378393
1658 0.13570566948130278
1659 0.13562386980108498
1660 0.1355421686746988
1661 0.13546056592414207
1662 0.13537906137184116
1663 0.13529765484064943
1664 0.13581730769230768
1665 0.13573573573573575
1666 0.13565426170468187
1667 0.13557288542291543
1668 0.1354916067146283
1669 0.1354104254044338
1670 0.13532934131736526
1671 0.13524835427887494
1672 0.13516746411483255
1673 0.13508667065152422
1674 0.13500597371565112
1675 0.13492537313432837
1676 0.13484486873508353
1677 0.13536076326774002
1678 0.13528009535160906
1679 0.13519952352590828
1680 0.1351190476190476
1681 0.13503866745984533
1682 0.13495838287752676
1683 0.1348781937017231
1684 0.1347980997624703
1685 0.13471810089020772
1686 0.134638196915777
1687 0.13455838767042086
1688 0.13447867298578198
1689 0.1343990526939017
1690 0.13431952662721894
1691 0.1342400946185689
1692 0.13416075650118203
1693 0.1340815121086828
1694 0.13400236127508855
1695 0.13392330383480827
1696 0.1338443396226415
1697 0.13376546847377727
1698 0.1336866902237927
1699 0.13360800470865214
1700 0.13352941176470587
1701 0.13345091122868902
1702 0.13337250293772032
1703 0.13329418672930124
1704 0.13321596244131456
1705 0.13372434017595308
1706 0.1336459554513482
1707 0.1335676625659051
1708 0.13348946135831383
1709 0.1334113516676419
1710 0.13333333333333333
1711 0.13325540619520748
1712 0.13317757009345793
1713 0.1330998248686515
1714 0.13302217036172695
1715 0.13294460641399417
1716 0.13286713286713286
1717 0.13278974956319162
1718 0.13271245634458673
1719 0.13263525305410123
1720 0.1325581395348837
1721 0.13248111563044743
1722 0.13240418118466898
1723 0.1323273360417876
1724 0.13225058004640372
1725 0.13217391304347825
1726 0.1320973348783314
1727 0.13202084539664158
1728 0.13194444444444445
1729 0.13186813186813187
1730 0.13179190751445086
1731 0.1317157712305026
1732 0.13163972286374134
1733 0.13156376226197344
1734 0.1314878892733564
1735 0.1314121037463977
1736 0.1313364055299539
1737 0.13126079447322972
1738 0.13118527042577677
1739 0.1311098332374928
1740 0.1310344827586207
1741 0.13095921883974726
1742 0.13088404133180254
1743 0.13080895008605853
1744 0.13073394495412843
1745 0.13065902578796562
1746 0.13058419243986255
1747 0.1305094447624499
1748 0.13043478260869565
1749 0.13036020583190394
1750 0.13028571428571428
1751 0.1302113078241005
1752 0.13013698630136986
1753 0.13006274957216202
1754 0.12998859749144812
1755 0.12991452991452992
1756 0.12984054669703873
1757 0.12976664769493454
1758 0.1296928327645051
1759 0.129619101762365
1760 0.12954545454545455
1761 0.12947189097103917
1762 0.12939841089670828
1763 0.12932501418037437
1764 0.1292517006802721
1765 0.12917847025495752
1766 0.1291053227633069
1767 0.12903225806451613
1768 0.12895927601809956
1769 0.1288863764838892
1770 0.1288135593220339
1771 0.1287408243929983
1772 0.12866817155756208
1773 0.12859560067681894
1774 0.12852311161217586
1775 0.12845070422535212
1776 0.12837837837837837
1777 0.12830613393359594
1778 0.12823397075365578
1779 0.1281618887015177
1780 0.12808988764044943
1781 0.12801796743402583
1782 0.12794612794612795
1783 0.12787436904094224
1784 0.12780269058295965
1785 0.12773109243697478
1786 0.1276595744680851
1787 0.12758813654169
1788 0.12751677852348994
1789 0.12744550027948576
1790 0.12737430167597766
1791 0.1273031825795645
1792 0.12723214285714285
1793 0.1271611823759063
1794 0.12709030100334448
1795 0.12701949860724235
1796 0.12694877505567928
1797 0.12687813021702837
1798 0.12680756395995552
1799 0.12673707615341856
1800 0.12666666666666668
1801 0.1265963353692393
1802 0.12652608213096558
1803 0.12701053799223516
1804 0.12694013303769403
1805 0.12686980609418283
1806 0.12679955703211518
1807 0.12672938572219147
1808 0.12665929203539822
1809 0.1265892758430072
1810 0.12651933701657458
1811 0.12644947542794036
1812 0.12637969094922738
1813 0.12630998345284059
1814 0.12624035281146637
1815 0.12617079889807162
1816 0.1261013215859031
1817 0.12603192074848651
1818 0.12596259625962597
1819 0.12589334799340296
1820 0.12582417582417582
1821 0.12630422844590883
1822 0.12623490669593854
1823 0.12616566099835436
1824 0.12609649122807018
1825 0.12602739726027398
1826 0.12595837897042717
1827 0.12588943623426382
1828 0.12582056892778992
1829 0.12575177692728268
1830 0.12568306010928962
1831 0.12561441835062806
1832 0.12554585152838427
1833 0.1254773595199127
1834 0.12540894220283533
1835 0.12534059945504086
1836 0.12527233115468409
1837 0.12520413718018508
1838 0.1251360174102285
1839 0.1250679717237629
1840 0.125
1841 0.1249321021184139
1842 0.1248642779587405
1843 0.12479652740097667
1844 0.12472885032537961
1845 0.12466124661246612
1846 0.12459371614301191
1847 0.12452625879805089
1848 0.12445887445887446
1849 0.12439156300703083
1850 0.12432432432432433
1851 0.1242571582928147
1852 0.12419006479481641
1853 0.124123043712898
1854 0.12405609492988134
1855 0.12398921832884097
1856 0.12392241379310345
1857 0.12385568120624664
1858 0.12378902045209902
1859 0.1242603550295858
1860 0.12419354838709677
1861 0.12412681354110693
1862 0.12406015037593984
1863 0.12399355877616747
1864 0.12392703862660945
1865 0.12386058981233244
1866 0.12379421221864952
1867 0.12372790573111944
1868 0.12366167023554604
1869 0.12359550561797752
1870 0.12352941176470589
1871 0.12399786210582577
1872 0.12393162393162394
1873 0.12386545648691938
1874 0.12379935965848453
1875 0.12373333333333333
1876 0.12366737739872068
1877 0.12360149174214172
1878 0.1235356762513312
1879 0.12346993081426291
1880 0.12340425531914893
1881 0.12333864965443912
1882 0.12327311370882041
1883 0.12320764737121614
1884 0.12314225053078556
1885 0.12307692307692308
1886 0.12301166489925769
1887 0.12294647588765235
1888 0.1228813559322034
1889 0.1228163049232398
1890 0.12275132275132275
1891 0.12268640930724485
1892 0.1226215644820296
1893 0.1225567881669308
1894 0.12249208025343189
1895 0.12242744063324539
1896 0.12236286919831224
1897 0.12229836584080127
1898 0.12223393045310854
1899 0.12216956292785677
1900 0.12210526315789473
1901 0.12204103103629668
1902 0.12197686645636173
1903 0.12191276931161324
1904 0.12184873949579832
1905 0.12178477690288714
1906 0.12172088142707241
1907 0.12165705296276874
1908 0.12159329140461216
1909 0.12152959664745941
1910 0.12146596858638743
1911 0.12140240711669283
1912 0.12133891213389121
1913 0.12127548353371667
1914 0.12121212121212122
1915 0.12114882506527415
1916 0.12108559498956159
1917 0.1210224308815858
1918 0.12095933263816476
1919 0.12089630015633142
1920 0.12083333333333333
1921 0.12077043206663196
1922 0.12070759625390219
1923 0.12064482579303172
1924 0.12058212058212059
1925 0.12051948051948053
1926 0.12045690550363447
1927 0.12039439543331604
1928 0.12033195020746888
1929 0.12026956972524624
1930 0.12020725388601036
1931 0.12014500258933196
1932 0.12008281573498965
1933 0.12002069322296947
1934 0.11995863495346432
1935 0.11989664082687339
1936 0.11983471074380166
1937 0.11977284460505937
1938 0.1197110423116615
1939 0.11964930376482723
1940 0.11958762886597939
1941 0.11952601751674395
1942 0.11946446961894953
1943 0.11940298507462686
1944 0.11934156378600823
1945 0.119280205655527
1946 0.11921891058581706
1947 0.11915767847971238
1948 0.11909650924024641
1949 0.11903540277065161
1950 0.11897435897435897
1951 0.11891337775499744
1952 0.11885245901639344
1953 0.11879160266257041
1954 0.1187308085977482
1955 0.11867007672634271
1956 0.11860940695296524
1957 0.11854879918242207
1958 0.118488253319714
1959 0.11842776927003573
1960 0.11836734693877551
1961 0.11830698623151453
1962 0.11824668705402651
1963 0.11818644931227713
1964 0.11812627291242363
1965 0.11806615776081425
1966 0.11800610376398779
1967 0.11845449923741738
1968 0.11839430894308943
1969 0.11833417978669375
1970 0.1182741116751269
1971 0.11821410451547437
1972 0.11815415821501014
1973 0.11809427268119614
1974 0.11803444782168186
1975 0.1179746835443038
1976 0.11791497975708502
1977 0.1178553363682347
1978 0.11779575328614762
1979 0.11773623041940375
1980 0.11767676767676767
1981 0.11761736496718829
1982 0.11806256306760847
1983 0.11800302571860817
1984 0.11794354838709678
1985 0.11788413098236776
1986 0.11782477341389729
1987 0.11776547559134373
1988 0.11770623742454728
1989 0.11764705882352941
1990 0.11758793969849246
1991 0.11752887995981919
1992 0.11746987951807229
1993 0.11741093828399397
1994 0.11735205616850551
1995 0.11729323308270677
1996 0.11723446893787576
1997 0.11717576364546821
1998 0.11711711711711711
1999 0.11705852926463231
2000 0.117
2001 0.11694152923538231
2002 0.11738261738261738
2003 0.11732401397903146
2004 0.11726546906187625
2005 0.1172069825436409
2006 0.11714855433698904
2007 0.11709018435475835
2008 0.11703187250996015
2009 0.11697361871577899
2010 0.11691542288557213
2011 0.11685728493286922
2012 0.11679920477137178
2013 0.11674118231495281
2014 0.1166832174776564
2015 0.11662531017369727
2016 0.11656746031746032
2017 0.11650966782350025
2018 0.11645193260654113
2019 0.11639425458147598
2020 0.11633663366336634
2021 0.11627906976744186
2022 0.1162215628090999
2023 0.11616411270390509
2024 0.11610671936758893
2025 0.11604938271604938
2026 0.11599210266535044
2027 0.11593487913172176
2028 0.11587771203155818
2029 0.11582060128141942
2030 0.11576354679802955
2031 0.11570654849827672
2032 0.1156496062992126
2033 0.11559272011805213
2034 0.11553588987217306
2035 0.11547911547911548
2036 0.11542239685658154
2037 0.11536573392243496
2038 0.11530912659470069
2039 0.11525257479156449
2040 0.11519607843137254
2041 0.11513963743263106
2042 0.11508325171400588
2043 0.11502692119432208
2044 0.1149706457925636
2045 0.11491442542787286
2046 0.11485826001955034
2047 0.11480214948705422
2048 0.11474609375
2049 0.11469009272816008
2050 0.11463414634146342
2051 0.11457825450999512
2052 0.1145224171539961
2053 0.11446663419386265
2054 0.11441090555014606
2055 0.11435523114355231
2056 0.11429961089494163
2057 0.11424404472532815
2058 0.11418853255587949
2059 0.11413307430791647
2060 0.11407766990291263
2061 0.11402231926249394
2062 0.11396702230843841
2063 0.11391177896267571
2064 0.11385658914728682
2065 0.11380145278450363
2066 0.11374636979670862
2067 0.11369134010643445
2068 0.11363636363636363
2069 0.11358144030932818
2070 0.11352657004830918
2071 0.11347175277643651
2072 0.11341698841698841
2073 0.11336227689339122
2074 0.1133076181292189
2075 0.11325301204819277
2076 0.11319845857418112
2077 0.11314395763119885
2078 0.11308950914340712
2079 0.11303511303511303
2080 0.11298076923076923
2081 0.11292647765497357
2082 0.11287223823246878
2083 0.1128180508881421
2084 0.11276391554702495
2085 0.11270983213429256
2086 0.11265580057526366
2087 0.1126018207954001
2088 0.11254789272030652
2089 0.11249401627573001
2090 0.11244019138755981
2091 0.11238641798182687
2092 0.11233269598470363
2093 0.11227902532250358
2094 0.112225405921681
2095 0.11217183770883055
2096 0.11211832061068702
2097 0.11206485455412495
2098 0.11201143946615824
2099 0.11195807527393997
2100 0.11190476190476191
2101 0.11185149928605426
2102 0.11179828734538534
2103 0.11174512601046124
2104 0.11169201520912547
2105 0.11163895486935867
2106 0.11158594491927826
2107 0.1115329852871381
2108 0.11148007590132827
2109 0.11142721669037459
2110 0.11137440758293839
2111 0.1113216485078162
2112 0.11126893939393939
2113 0.11121628017037388
2114 0.11116367076631978
2115 0.1111111111111111
2116 0.1110586011342155
2117 0.11100614076523382
2118 0.1109537299338999
2119 0.11090136857008023
2120 0.11084905660377359
2121 0.1107967939651108
2122 0.11074458058435438
2123 0.11069241639189825
2124 0.11064030131826742
2125 0.11058823529411765
2126 0.11053621825023519
2127 0.11048425011753643
2128 0.11043233082706767
2129 0.1103804603100047
2130 0.11032863849765258
2131 0.11027686532144533
2132 0.11022514071294559
2133 0.11017346460384435
2134 0.11012183692596064
2135 0.11007025761124122
2136 0.1100187265917603
2137 0.10996724379971923
2138 0.10991580916744621
2139 0.10986442262739599
2140 0.10981308411214953
2141 0.10976179355441383
2142 0.10971055088702147
2143 0.10965935604293048
2144 0.10960820895522388
2145 0.10955710955710955
2146 0.10950605778191985
2147 0.10945505356311132
2148 0.10940409683426443
2149 0.1093531875290833
2150 0.10930232558139535
2151 0.10925151092515109
2152 0.1092007434944238
2153 0.10915002322340919
2154 0.10909935004642525
2155 0.10904872389791183
2156 0.10899814471243043
2157 0.10894761242466389
2158 0.10889712696941613
2159 0.10884668828161186
2160 0.1087962962962963
2161 0.10874595094863489
2162 0.10869565217391304
2163 0.10864539990753583
2164 0.10859519408502773
2165 0.10854503464203233
2166 0.1084949215143121
2167 0.10844485463774804
2168 0.10839483394833949
2169 0.10834485938220378
2170 0.10829493087557604
2171 0.10824504836480885
2172 0.10819521178637201
2173 0.10814542107685228
2174 0.10809567617295308
2175 0.10804597701149425
2176 0.10799632352941177
2177 0.10794671566375746
2178 0.1078971533516988
2179 0.10784763653051858
2180 0.10779816513761468
2181 0.10774873911049977
2182 0.1076993583868011
2183 0.10765002290426019
2184 0.10760073260073261
2185 0.10755148741418764
2186 0.10750228728270814
2187 0.10745313214449016
2188 0.10740402193784278
2189 0.10735495660118775
2190 0.10730593607305935
2191 0.10725696029210406
2192 0.10720802919708029
2193 0.10715914272685818
2194 0.10711030082041932
2195 0.1070615034168565
2196 0.10701275045537341
2197 0.10696404187528448
2198 0.10691537761601456
2199 0.10686675761709868
2200 0.10681818181818181
2201 0.10676965015901863
2202 0.1067211625794732
2203 0.10667271901951884
2204 0.10662431941923775
2205 0.10657596371882086
2206 0.10652765185856754
2207 0.10647938377888537
2208 0.10643115942028986
2209 0.10638297872340426
2210 0.10633484162895927
2211 0.10628674807779286
2212 0.10623869801084991
2213 0.1061906913691821
2214 0.1061427280939476
2215 0.10609480812641084
2216 0.10604693140794223
2217 0.10599909788001805
2218 0.10595130748422002
2219 0.10590356016223525
2220 0.10585585585585586
2221 0.10580819450697884
2222 0.10576057605760576
2223 0.10571300044984255
2224 0.10566546762589928
2225 0.10561797752808989
2226 0.10557053009883198
2227 0.10552312528064661
2228 0.10547576301615799
2229 0.10542844324809332
2230 0.10538116591928251
2231 0.105333930972658
2232 0.10528673835125447
2233 0.10523958799820869
2234 0.10519247985675918
2235 0.10514541387024609
2236 0.1050983899821109
2237 0.1050514081358963
2238 0.10500446827524576
2239 0.10495757034390353
2240 0.10491071428571429
2241 0.10486390004462294
2242 0.1048171275646744
2243 0.10477039679001338
2244 0.10472370766488413
2245 0.10467706013363029
2246 0.10463045414069456
2247 0.1045838896306186
2248 0.1045373665480427
2249 0.10449088483770565
2250 0.10444444444444445
2251 0.10439804531319413
2252 0.10435168738898756
2253 0.10430537061695518
2254 0.10425909494232476
2255 0.10421286031042129
2256 0.10416666666666667
2257 0.10412051395657954
2258 0.10407440212577503
2259 0.10447100486941124
2260 0.10442477876106195
2261 0.10437859354268023
2262 0.10433244916003537
2263 0.1042863455589925
2264 0.10424028268551237
2265 0.10419426048565121
2266 0.10414827890556046
2267 0.10410233789148654
2268 0.10405643738977072
2269 0.10401057734684883
2270 0.10396475770925111
2271 0.10391897842360194
2272 0.10387323943661972
2273 0.10382754069511659
2274 0.10378188214599825
2275 0.10373626373626374
2276 0.10369068541300527
2277 0.103645147123408
2278 0.10359964881474978
2279 0.10355419043440105
2280 0.10350877192982456
2281 0.10346339324857519
2282 0.10341805433829973
2283 0.10337275514673674
2284 0.10332749562171628
2285 0.10328227571115974
2286 0.10323709536307961
2287 0.10319195452557936
2288 0.10314685314685315
2289 0.10310179117518567
2290 0.10305676855895196
2291 0.1030117852466172
2292 0.10296684118673648
2293 0.10292193632795464
2294 0.1028770706190061
2295 0.1028322440087146
2296 0.10278745644599303
2297 0.10274270787984327
2298 0.10269799825935597
2299 0.10265332753371031
2300 0.10260869565217391
2301 0.10256410256410256
2302 0.10251954821894005
2303 0.10247503256621798
2304 0.10243055555555555
2305 0.10238611713665943
2306 0.1023417172593235
2307 0.1022973558734287
2308 0.1022530329289428
2309 0.10220874837592031
2310 0.10216450216450217
2311 0.10212029424491562
2312 0.10207612456747404
2313 0.10203199308257674
2314 0.10198789974070872
2315 0.10194384449244061
2316 0.10189982728842832
2317 0.10185584807941303
2318 0.10181190681622088
2319 0.10176800344976283
2320 0.10172413793103448
2321 0.1016803102111159
2322 0.10163652024117141
2323 0.10159276797244941
2324 0.10154905335628227
2325 0.10150537634408602
2326 0.10146173688736028
2327 0.101418134937688
2328 0.1013745704467354
2329 0.10133104336625161
2330 0.10128755364806867
2331 0.10124410124410124
2332 0.10120068610634649
2333 0.10115730818688384
2334 0.10111396743787489
2335 0.10107066381156317
2336 0.10102739726027397
2337 0.10098416773641421
2338 0.1009409751924722
2339 0.10089781958101753
2340 0.10085470085470086
2341 0.10081161896625374
2342 0.10076857386848848
2343 0.10072556551429791
2344 0.10068259385665529
2345 0.10063965884861407
2346 0.10059676044330776
2347 0.10055389859394973
2348 0.10051107325383304
2349 0.10046828437633035
2350 0.10042553191489362
2351 0.10038281582305401
2352 0.10034013605442177
2353 0.10029749256268593
2354 0.10025488530161428
2355 0.10021231422505308
2356 0.100169779286927
2357 0.10012728044123886
2358 0.10008481764206956
2359 0.10004239084357779
2360 0.1
2361 0.09995764506565015
2362 0.09991532599491956
2363 0.09987304274227676
2364 0.09983079526226735
2365 0.09978858350951374
2366 0.09974640743871513
2367 0.09970426700464723
2368 0.09966216216216216
2369 0.09962009286618827
2370 0.09957805907172995
2371 0.09953606073386756
2372 0.09949409780775717
2373 0.09945217024863043
2374 0.09941027801179445
2375 0.09936842105263158
2376 0.09932659932659933
2377 0.09928481278923013
2378 0.0992430613961312
2379 0.09920134510298445
2380 0.09915966386554621
2381 0.09911801763964721
2382 0.09907640638119228
2383 0.0990348300461603
2384 0.09899328859060402
2385 0.0989517819706499
2386 0.0989103101424979
2387 0.09886887306242145
2388 0.09882747068676717
2389 0.0987861029719548
2390 0.09874476987447699
2391 0.0987034713508992
2392 0.09866220735785954
2393 0.09862097785206854
2394 0.0985797827903091
2395 0.09853862212943633
2396 0.09849749582637729
2397 0.09845640383813099
2398 0.09841534612176814
2399 0.09837432263443101
2400 0.09833333333333333
2401 0.0982923781757601
2402 0.09825145711906745
2403 0.09821057012068247
2404 0.09816971713810316
2405 0.09812889812889813
2406 0.09808811305070657
2407 0.09804736186123805
2408 0.09800664451827243
2409 0.09796596097965961
2410 0.0979253112033195
2411 0.09788469514724181
2412 0.0978441127694859
2413 0.09821798590965602
2414 0.09817729908864954
2415 0.09813664596273292
2416 0.09809602649006623
2417 0.09805544062887878
2418 0.09801488833746898
2419 0.09797436957420422
2420 0.09793388429752066
2421 0.09789343246592318
2422 0.09785301403798513
2423 0.09781262897234833
2424 0.09777227722772278
2425 0.0977319587628866
2426 0.0976916735366859
2427 0.09765142150803462
2428 0.09761120263591433
2429 0.09757101687937422
2430 0.09753086419753086
2431 0.09749074454956808
2432 0.09745065789473684
2433 0.09741060419235512
2434 0.09737058340180772
2435 0.0973305954825462
2436 0.09729064039408868
2437 0.09725071809601969
2438 0.09721082854799015
2439 0.0971709717097171
2440 0.0971311475409836
2441 0.09709135600163868
2442 0.09705159705159705
2443 0.09701187065083913
2444 0.0969721767594108
2445 0.09693251533742331
2446 0.09689288634505315
2447 0.09685328974254188
2448 0.09681372549019608
2449 0.0967741935483871
2450 0.09673469387755101
2451 0.0966952264381885
2452 0.0966557911908646
2453 0.09661638809620872
2454 0.09657701711491443
2455 0.09653767820773931
2456 0.09649837133550489
2457 0.09645909645909646
2458 0.09641985353946297
2459 0.09638064253761691
2460 0.09634146341463415
2461 0.0963023161316538
2462 0.09626320064987814
2463 0.09622411693057248
2464 0.09618506493506493
2465 0.09614604462474645
2466 0.09610705596107055
2467 0.0960680989055533
2468 0.0960291734197731
2469 0.0959902794653706
2470 0.09595141700404858
2471 0.09591258599757184
2472 0.09587378640776699
2473 0.09583501819652245
2474 0.0957962813257882
2475 0.09575757575757576
2476 0.09571890145395799
2477 0.09568025837706903
2478 0.09564164648910412
2479 0.09560306575231949
2480 0.09556451612903226
2481 0.09552599758162031
2482 0.09548751007252215
2483 0.09544905356423682
2484 0.09541062801932366
2485 0.09537223340040242
2486 0.09533386967015285
2487 0.09529553679131483
2488 0.09525723472668811
2489 0.09521896343913218
2490 0.09518072289156626
2491 0.0951425130469691
2492 0.09510433386837881
2493 0.0950661853188929
2494 0.09502806736166801
2495 0.09498997995991984
2496 0.09495192307692307
2497 0.09491389667601122
2498 0.09487590072057646
2499 0.09483793517406963
2500 0.0948
2501 0.09476209516193522
2502 0.09472422062350119
2503 0.09468637634838194
2504 0.09464856230031948
2505 0.09461077844311377
2506 0.0945730247406225
2507 0.09453530115676106
2508 0.09449760765550239
2509 0.09445994420087685
2510 0.0944223107569721
2511 0.09438470728793309
2512 0.09434713375796179
2513 0.09430959013131715
2514 0.09427207637231504
2515 0.09423459244532803
2516 0.09419713831478538
2517 0.09415971394517282
2518 0.09451945988880063
2519 0.0944819372766971
2520 0.09444444444444444
2521 0.09440698135660452
2522 0.0943695479777954
2523 0.09433214427269124
2524 0.09429477020602219
2525 0.09425742574257426
2526 0.09422011084718923
2527 0.09418282548476455
2528 0.09414556962025317
2529 0.0941083432186635
2530 0.09407114624505929
2531 0.09403397866455947
2532 0.09399684044233807
2533 0.09395973154362416
2534 0.09392265193370165
2535 0.09388560157790928
2536 0.09384858044164038
2537 0.09381158849034292
2538 0.0937746256895193
2539 0.09373769200472627
2540 0.09370078740157481
2541 0.09366391184573003
2542 0.0940204563335956
2543 0.09398348407392842
2544 0.09394654088050315
2545 0.09390962671905698
2546 0.09387274155538099
2547 0.09383588535531999
2548 0.09379905808477237
2549 0.09376225970969007
2550 0.09372549019607843
2551 0.09368874950999607
2552 0.09365203761755486
2553 0.0936153544849197
2554 0.09357870007830854
2555 0.09354207436399217
2556 0.09350547730829421
2557 0.09346890887759093
2558 0.09343236903831117
2559 0.0933958577569363
2560 0.093359375
2561 0.09332292073408825
2562 0.0932864949258392
2563 0.09325009754194304
2564 0.09321372854914196
2565 0.09317738791423003
2566 0.093141075604053
2567 0.09310479158550837
2568 0.09306853582554517
2569 0.09303230829116388
2570 0.09299610894941635
2571 0.09295993776740567
2572 0.09292379471228616
2573 0.09288767975126312
2574 0.09285159285159285
2575 0.09281553398058252
2576 0.09277950310559006
2577 0.09274350019402405
2578 0.09270752521334368
2579 0.09267157813105854
2580 0.09263565891472868
2581 0.09259976753196436
2582 0.09256390395042603
2583 0.09252806813782423
2584 0.0924922600619195
2585 0.09245647969052224
2586 0.09242072699149265
2587 0.09238500193274063
2588 0.09234930448222566
2589 0.09231363460795675
2590 0.09227799227799227
2591 0.09224237746043998
2592 0.09220679012345678
2593 0.09217123023524874
2594 0.09213569776407093
2595 0.09210019267822736
2596 0.09206471494607088
2597 0.09202926453600307
2598 0.09199384141647421
2599 0.09195844555598306
2600 0.09192307692307693
2601 0.0918877354863514
2602 0.09185242121445042
2603 0.09181713407606608
2604 0.09178187403993855
2605 0.09174664107485604
2606 0.09171143514965464
2607 0.09167625623321826
2608 0.09164110429447853
2609 0.09160597930241472
2610 0.09157088122605364
2611 0.09153581003446955
2612 0.09150076569678407
2613 0.09146574818216609
2614 0.09143075745983167
2615 0.09139579349904398
2616 0.09136085626911315
2617 0.09132594573939626
2618 0.09129106187929717
2619 0.09125620465826652
2620 0.09122137404580152
2621 0.09118657001144602
2622 0.09115179252479023
2623 0.09111704155547083
2624 0.09108231707317073
2625 0.09104761904761904
2626 0.09101294744859101
2627 0.09097830224590787
2628 0.09094368340943683
2629 0.09090909090909091
2630 0.0908745247148289
2631 0.09083998479665527
2632 0.09080547112462006
2633 0.09077098366881883
2634 0.09073652239939256
2635 0.09070208728652751
2636 0.09066767830045523
2637 0.0906332954114524
2638 0.09059893858984079
2639 0.09056460780598712
2640 0.09053030303030303
2641 0.09049602423324499
2642 0.09046177138531415
2643 0.09042754445705638
2644 0.09039334341906202
2645 0.09035916824196598
2646 0.09032501889644746
2647 0.09029089535323007
2648 0.09025679758308157
2649 0.09022272555681389
2650 0.09018867924528302
2651 0.09015465861938891
2652 0.09012066365007541
2653 0.09008669430833019
2654 0.09005275056518462
2655 0.09001883239171375
2656 0.08998493975903614
2657 0.09032743695897628
2658 0.09029345372460497
2659 0.09025949605114705
2660 0.09022556390977443
2661 0.09019165727170236
2662 0.09015777610818933
2663 0.09012392039053699
2664 0.09009009009009009
2665 0.0900562851782364
2666 0.0900225056264066
2667 0.08998875140607424
2668 0.08995502248875563
2669 0.08992131884600973
2670 0.0898876404494382
2671 0.08985398727068514
2672 0.08982035928143713
2673 0.08978675645342311
2674 0.08975317875841436
2675 0.08971962616822429
2676 0.08968609865470852
2677 0.08965259618976466
2678 0.08961911874533234
2679 0.08958566629339305
2680 0.08955223880597014
2681 0.08951883625512869
2682 0.0894854586129754
2683 0.0894521058516586
2684 0.08941877794336811
2685 0.0893854748603352
2686 0.08935219657483247
2687 0.0893189430591738
2688 0.08928571428571429
2689 0.08925251022685013
2690 0.08921933085501858
2691 0.08918617614269789
2692 0.08915304606240713
2693 0.08911994058670628
2694 0.08908685968819599
2695 0.08905380333951762
2696 0.08902077151335312
2697 0.08898776418242492
2698 0.08895478131949593
2699 0.0889218228973694
2700 0.08888888888888889
2701 0.08885597926693817
2702 0.08882309400444116
2703 0.08879023307436182
2704 0.08875739644970414
2705 0.08872458410351201
2706 0.08869179600886919
2707 0.08865903213889915
2708 0.08862629246676514
2709 0.08859357696567
2710 0.08856088560885608
2711 0.08852821836960531
2712 0.08849557522123894
2713 0.08846295613711758
2714 0.08843036109064112
2715 0.08839779005524862
2716 0.08836524300441827
2717 0.08833271991166727
2718 0.08830022075055188
2719 0.08826774549466716
2720 0.08823529411764706
2721 0.08820286659316427
2722 0.0881704628949302
2723 0.08813808299669482
2724 0.0881057268722467
2725 0.08807339449541285
2726 0.0880410858400587
2727 0.08800880088008801
2728 0.08797653958944282
2729 0.08794430194210333
2730 0.08791208791208792
2731 0.08787989747345294
2732 0.08784773060029283
2733 0.08781558726673985
2734 0.08778346744696415
2735 0.08775137111517367
2736 0.08771929824561403
2737 0.08768724881256851
2738 0.08765522279035792
2739 0.08762322015334063
2740 0.08759124087591241
2741 0.08755928493250638
2742 0.087527352297593
2743 0.08749544294567992
2744 0.08746355685131195
2745 0.08743169398907104
2746 0.08739985433357611
2747 0.08736803785948308
2748 0.08733624454148471
2749 0.08730447435431066
2750 0.08727272727272728
2751 0.08724100327153762
2752 0.0872093023255814
2753 0.08717762440973484
2754 0.08714596949891068
2755 0.08711433756805807
2756 0.08708272859216255
2757 0.08705114254624592
2758 0.08701957940536621
2759 0.08698803914461761
2760 0.08695652173913043
2761 0.086925027164071
2762 0.08689355539464157
2763 0.08686210640608034
2764 0.08683068017366136
2765 0.0867992766726944
2766 0.08676789587852494
2767 0.08673653776653416
2768 0.08670520231213873
2769 0.0866738894907909
2770 0.08664259927797834
2771 0.0866113316492241
2772 0.08658008658008658
2773 0.0865488640461594
2774 0.08651766402307137
2775 0.08648648648648649
2776 0.08645533141210375
2777 0.08642419877565719
2778 0.08639308855291576
2779 0.08636200071968334
2780 0.08633093525179857
2781 0.08629989212513485
2782 0.08626887131560029
2783 0.08623787279913762
2784 0.08620689655172414
2785 0.08617594254937164
2786 0.08614501076812635
2787 0.0861141011840689
2788 0.08608321377331421
2789 0.08605234851201148
2790 0.08602150537634409
2791 0.08599068434252956
2792 0.08595988538681948
2793 0.08592910848549946
2794 0.08589835361488905
2795 0.08586762075134168
2796 0.08583690987124463
2797 0.08580622095101895
2798 0.08577555396711938
2799 0.0857449088960343
2800 0.08571428571428572
2801 0.08568368439842913
2802 0.08565310492505353
2803 0.08562254727078131
2804 0.08559201141226819
2805 0.0855614973262032
2806 0.08553100498930863
2807 0.08550053437833986
2808 0.08547008547008547
2809 0.08543965824136704
2810 0.08540925266903915
2811 0.08537886872998933
2812 0.08534850640113797
2813 0.08531816565943832
2814 0.08528784648187633
2815 0.0852575488454707
2816 0.08522727272727272
2817 0.08519701810436635
2818 0.085166784953868
2819 0.08513657325292658
2820 0.0851063829787234
2821 0.08507621410847217
2822 0.08504606661941885
2823 0.08501594048884166
2824 0.08498583569405099
2825 0.08495575221238938
2826 0.08492569002123142
2827 0.08489564909798372
2828 0.08486562942008487
2829 0.08483563096500531
2830 0.08480565371024736
2831 0.08477569763334511
2832 0.0847457627118644
2833 0.08471584892340275
2834 0.08468595624558928
2835 0.08465608465608465
2836 0.0846262341325811
2837 0.08459640465280226
2838 0.08456659619450317
2839 0.08453680873547023
2840 0.08450704225352113
2841 0.08447729672650475
2842 0.0844475721323012
2843 0.08441786844882167
2844 0.08438818565400844
2845 0.0843585237258348
2846 0.084328882642305
2847 0.08429926238145416
2848 0.08426966292134831
2849 0.08424008424008424
2850 0.08421052631578947
2851 0.08418098912662224
2852 0.08415147265077139
2853 0.08412197686645637
2854 0.08409250175192712
2855 0.0840630472854641
2856 0.08403361344537816
2857 0.0840042002100105
2858 0.08397480755773268
2859 0.08394543546694648
2860 0.08391608391608392
2861 0.08388675288360713
2862 0.08385744234800839
2863 0.08382815228780999
2864 0.08379888268156424
2865 0.08376963350785341
2866 0.0837404047452896
2867 0.08371119637251483
2868 0.08368200836820083
2869 0.08365284071104914
2870 0.08362369337979095
2871 0.08359456635318704
2872 0.08356545961002786
2873 0.08353637312913331
2874 0.08350730688935282
2875 0.08347826086956522
2876 0.08344923504867872
2877 0.08342022940563086
2878 0.08339124391938846
2879 0.08336227856894755
2880 0.08333333333333333
2881 0.08330440819160013
2882 0.08327550312283137
2883 0.08324661810613944
2884 0.08321775312066575
2885 0.0831889081455806
2886 0.08316008316008316
2887 0.08313127814340146
2888 0.08310249307479224
2889 0.08307372793354102
2890 0.08304498269896193
2891 0.08301625735039779
2892 0.08298755186721991
2893 0.08295886622882821
2894 0.082930200414651
2895 0.08290155440414508
2896 0.08287292817679558
2897 0.08284432171211598
2898 0.08281573498964803
2899 0.08278716798896171
2900 0.08275862068965517
2901 0.0827300930713547
2902 0.08270158511371468
2903 0.0826730967964175
2904 0.08264462809917356
2905 0.08261617900172118
2906 0.08258774948382656
2907 0.0825593395252838
2908 0.08253094910591471
2909 0.08250257820556893
2910 0.08247422680412371
2911 0.08244589488148403
2912 0.08241758241758242
2913 0.082389289392379
2914 0.08236101578586136
2915 0.08267581475128645
2916 0.08264746227709191
2917 0.0826191292423723
2918 0.08259081562714188
2919 0.08256252141144227
2920 0.08253424657534246
2921 0.08250599109893872
2922 0.08247775496235456
2923 0.08244953814574067
2924 0.08242134062927496
2925 0.0823931623931624
2926 0.082365003417635
2927 0.08233686368295183
2928 0.0823087431693989
2929 0.08228064185728917
2930 0.08225255972696245
2931 0.0822244967587854
2932 0.08219645293315143
2933 0.08216842823048073
2934 0.08214042263122018
2935 0.08211243611584328
2936 0.08208446866485014
2937 0.08205652025876745
2938 0.0820285908781484
2939 0.08200068050357265
2940 0.08197278911564626
2941 0.0819449166950017
2942 0.08191706322229776
2943 0.0818892286782195
2944 0.08186141304347826
2945 0.08183361629881154
2946 0.08180583842498303
2947 0.08177807940278249
2948 0.08175033921302578
2949 0.08172261783655477
2950 0.08169491525423729
2951 0.08166723144696712
2952 0.08163956639566396
2953 0.08161192008127328
2954 0.08158429248476642
2955 0.08155668358714044
2956 0.08152909336941813
2957 0.08150152181264796
2958 0.081473968897904
2959 0.08144643460628591
2960 0.08141891891891892
2961 0.08139142181695373
2962 0.08136394328156651
2963 0.08133648329395883
2964 0.08130904183535763
2965 0.08128161888701518
2966 0.08125421443020904
2967 0.08122682844624199
2968 0.08119946091644205
2969 0.08117211182216234
2970 0.08114478114478114
2971 0.08111746886570179
2972 0.08109017496635262
2973 0.08106289942818702
2974 0.08103564223268325
2975 0.08100840336134454
2976 0.08098118279569892
2977 0.0809539805172993
2978 0.0809267965077233
2979 0.08089963074857334
2980 0.08087248322147651
2981 0.08084535390808453
2982 0.08081824279007378
2983 0.08079114984914515
2984 0.08076407506702413
2985 0.08073701842546063
2986 0.08070997990622907
2987 0.08068295949112822
2988 0.08065595716198126
2989 0.08062897290063567
2990 0.08060200668896321
2991 0.08057505850885992
2992 0.08054812834224599
2993 0.08052121617106582
2994 0.08049432197728791
2995 0.08046744574290485
2996 0.08044058744993324
2997 0.08041374708041375
2998 0.08038692461641093
2999 0.08036012004001333
3000 0.08033333333333334
3001 0.08030656447850716
3002 0.08027981345769487
3003 0.08025308025308026
3004 0.08022636484687085
3005 0.08019966722129784
3006 0.0801729873586161
3007 0.08014632524110409
3008 0.08011968085106383
3009 0.08009305417082087
3010 0.08006644518272425
3011 0.08003985386914646
3012 0.0800132802124834
3013 0.07998672419515433
3014 0.07996018579960186
3015 0.07993366500829187
3016 0.07990716180371353
3017 0.07988067616837918
3018 0.0798542080848244
3019 0.07982775753560782
3020 0.07980132450331126
3021 0.07977490897053956
3022 0.07974851091992058
3023 0.07972213033410519
3024 0.0796957671957672
3025 0.07966942148760331
3026 0.07964309319233312
3027 0.07961678229269904
3028 0.07959048877146631
3029 0.07956421261142291
3030 0.07953795379537953
3031 0.07951171230616957
3032 0.07948548812664907
3033 0.07945928123969667
3034 0.07943309162821358
3035 0.07940691927512356
3036 0.07938076416337286
3037 0.07935462627593019
3038 0.0793285055957867
3039 0.0793024021059559
3040 0.07927631578947368
3041 0.07925024662939822
3042 0.07922419460881
3043 0.0791981597108117
3044 0.07917214191852825
3045 0.07914614121510673
3046 0.07912015758371635
3047 0.07909419100754841
3048 0.07906824146981627
3049 0.07904230895375533
3050 0.07901639344262296
3051 0.07899049491969846
3052 0.07896461336828309
3053 0.07893874877169997
3054 0.07891290111329403
3055 0.07888707037643208
3056 0.07886125654450261
3057 0.07883545960091592
3058 0.07880967952910399
3059 0.07878391631252044
3060 0.07875816993464052
3061 0.07873244037896113
3062 0.07870672762900065
3063 0.07868103166829905
3064 0.07865535248041776
3065 0.07862969004893965
3066 0.07860404435746901
3067 0.07857841538963156
3068 0.07855280312907431
3069 0.07852720755946563
3070 0.07850162866449512
3071 0.07847606642787365
3072 0.07845052083333333
3073 0.0784249918646274
3074 0.07839947950553025
3075 0.0783739837398374
3076 0.07834850455136541
3077 0.0783230419239519
3078 0.07829759584145549
3079 0.07827216628775577
3080 0.07824675324675325
3081 0.07822135670236936
3082 0.0781959766385464
3083 0.07817061303924748
3084 0.07814526588845655
3085 0.07811993517017828
3086 0.0780946208684381
3087 0.07806932296728215
3088 0.0780440414507772
3089 0.07801877630301068
3090 0.07799352750809062
3091 0.07796829505014559
3092 0.0779430789133247
3093 0.0779178790817976
3094 0.07789269553975436
3095 0.07786752827140549
3096 0.07784237726098191
3097 0.0778172424927349
3098 0.07779212395093608
3099 0.07776702161987738
3100 0.07774193548387097
3101 0.07771686552724927
3102 0.07769181173436493
3103 0.07766677408959072
3104 0.07764175257731959
3105 0.07761674718196457
3106 0.07759175788795879
3107 0.07756678467975539
3108 0.07754182754182753
3109 0.07751688645866839
3110 0.07749196141479099
3111 0.07746705239472838
3112 0.07744215938303342
3113 0.07741728236427883
3114 0.07739242132305717
3115 0.07736757624398073
3116 0.07734274711168164
3117 0.07731793391081168
3118 0.07729313662604234
3119 0.07726835524206477
3120 0.07724358974358975
3121 0.07721884011534765
3122 0.07719410634208841
3123 0.0771693884085815
3124 0.07714468629961588
3125 0.07712
3126 0.07709532949456174
3127 0.07707067476814838
3128 0.07704603580562659
3129 0.07702141259188239
3130 0.07699680511182108
3131 0.07697221335036729
3132 0.07694763729246488
3133 0.07692307692307693
3134 0.0768985322271857
3135 0.07687400318979266
3136 0.07684948979591837
3137 0.07682499203060249
3138 0.07680050987890376
3139 0.07677604332589996
3140 0.0767515923566879
3141 0.07672715695638331
3142 0.07670273711012095
3143 0.0766783328030544
3144 0.07665394402035623
3145 0.07662957074721781
3146 0.07660521296884933
3147 0.07658087067047982
3148 0.07655654383735705
3149 0.07653223245474754
3150 0.07650793650793651
3151 0.07648365598222787
3152 0.07645939086294416
3153 0.07643514113542658
3154 0.07641090678503487
3155 0.07638668779714738
3156 0.07636248415716096
3157 0.07633829585049097
3158 0.07631412286257125
3159 0.07628996517885407
3160 0.07626582278481013
3161 0.0762416956659285
3162 0.07621758380771664
3163 0.07619348719570028
3164 0.07616940581542352
3165 0.07614533965244866
3166 0.07612128869235628
3167 0.07609725292074518
3168 0.07607323232323232
3169 0.07604922688545282
3170 0.07602523659305993
3171 0.076001261431725
3172 0.07597730138713746
3173 0.07595335644500473
3174 0.0759294265910523
3175 0.07590551181102362
3176 0.0758816120906801
3177 0.07585772741580107
3178 0.07583385777218377
3179 0.07581000314564329
3180 0.07578616352201258
3181 0.07576233888714241
3182 0.07573852922690132
3183 0.07571473452717561
3184 0.07569095477386935
3185 0.07566718995290424
3186 0.07564344005021971
3187 0.07561970505177283
3188 0.07559598494353827
3189 0.07557227971150832
3190 0.07554858934169278
3191 0.07552491382011908
3192 0.07550125313283208
3193 0.07547760726589414
3194 0.0754539762053851
3195 0.07543035993740219
3196 0.07540675844806008
3197 0.07538317172349077
3198 0.07535959974984366
3199 0.0753360425132854
3200 0.0753125
3201 0.07528897219618869
3202 0.07526545908806996
3203 0.07524196066187949
3204 0.07521847690387017
3205 0.07519500780031202
3206 0.0751715533374922
3207 0.075148113501715
3208 0.07512468827930174
3209 0.07510127765659085
3210 0.0750778816199377
3211 0.07505450015571473
3212 0.07503113325031133
3213 0.07500778089013384
3214 0.07498444306160548
3215 0.07496111975116641
3216 0.07493781094527363
3217 0.074914516630401
3218 0.07489123679303915
3219 0.07486797141969556
3220 0.0748447204968944
3221 0.07482148401117665
3222 0.07479826194909994
3223 0.0747750542972386
3224 0.07475186104218362
3225 0.07472868217054264
3226 0.07470551766893986
3227 0.07468236752401611
3228 0.07465923172242875
3229 0.07463611025085165
3230 0.07461300309597524
3231 0.07458991024450634
3232 0.07456683168316831
3233 0.0745437673987009
3234 0.07452071737786023
3235 0.07449768160741886
3236 0.07447466007416563
3237 0.07445165276490577
3238 0.07442865966646078
3239 0.07440568076566842
3240 0.07438271604938272
3241 0.07435976550447393
3242 0.0743368291178285
3243 0.07431390687634906
3244 0.07429099876695437
3245 0.07426810477657936
3246 0.07424522489217499
3247 0.07422235910070835
3248 0.07419950738916256
3249 0.07417666974453678
3250 0.07415384615384615
3251 0.0741310366041218
3252 0.07410824108241082
3253 0.07408545957577621
3254 0.07406269207129687
3255 0.0740399385560676
3256 0.07401719901719901
3257 0.07399447344181763
3258 0.07397176181706569
3259 0.07394906413010126
3260 0.07392638036809816
3261 0.07390371051824594
3262 0.07388105456774985
3263 0.07385841250383084
3264 0.07383578431372549
3265 0.07381316998468607
3266 0.0737905695039804
3267 0.07376798285889195
3268 0.07374541003671971
3269 0.07372285102477821
3270 0.07370030581039755
3271 0.07367777438092327
3272 0.07365525672371638
3273 0.07363275282615338
3274 0.07361026267562615
3275 0.07358778625954199
3276 0.07356532356532357
3277 0.07354287458040891
3278 0.07352043929225137
3279 0.07349801768831961
3280 0.07347560975609756
3281 0.07345321548308442
3282 0.07343083485679464
3283 0.07340846786475784
3284 0.07338611449451887
3285 0.07336377473363774
3286 0.07334144856968959
3287 0.07331913599026468
3288 0.07329683698296836
3289 0.0732745515354211
3290 0.07325227963525836
3291 0.07323002127013066
3292 0.07320777642770353
3293 0.07318554509565746
3294 0.07316332726168792
3295 0.07314112291350532
3296 0.07311893203883495
3297 0.07309675462541705
3298 0.07307459066100667
3299 0.07305244013337375
3300 0.07303030303030303
3301 0.07300817933959407
3302 0.07298606904906117
3303 0.07296397214653345
3304 0.07294188861985472
3305 0.07291981845688351
3306 0.07289776164549304
3307 0.07287571817357122
3308 0.07285368802902055
3309 0.07283167119975824
3310 0.07280966767371601
3311 0.07278767743884022
3312 0.07276570048309179
3313 0.07274373679444612
3314 0.07272178636089319
3315 0.07269984917043741
3316 0.07267792521109771
3317 0.07265601447090744
3318 0.07263411693791441
3319 0.07261223260018078
3320 0.07259036144578314
3321 0.0725685034628124
3322 0.07254665863937387
3323 0.07252482696358711
3324 0.07250300842358604
3325 0.0724812030075188
3326 0.0724594107035478
3327 0.07243763149984972
3328 0.07241586538461539
3329 0.07239411234604987
3330 0.07237237237237237
3331 0.07235064545181627
3332 0.07232893157262905
3333 0.07230723072307231
3334 0.07228554289142172
3335 0.07226386806596702
3336 0.07224220623501199
3337 0.07222055738687444
3338 0.07219892150988616
3339 0.07217729859239293
3340 0.0721556886227545
3341 0.0721340915893445
3342 0.07211250748055056
3343 0.07209093628477416
3344 0.07206937799043062
3345 0.07204783258594918
3346 0.07202630005977287
3347 0.07200478040035853
3348 0.07198327359617682
3349 0.07196177963571215
3350 0.07194029850746268
3351 0.07191883019994032
3352 0.07189737470167064
3353 0.07187593200119297
3354 0.07185450208706022
3355 0.07213114754098361
3356 0.07210965435041716
3357 0.07208817396484957
3358 0.07206670637284097
3359 0.07204525156296517
3360 0.07202380952380952
3361 0.07200238024397501
3362 0.07198096371207614
3363 0.07195955991674101
3364 0.07193816884661118
3365 0.07191679049034175
3366 0.0718954248366013
3367 0.07187407187407187
3368 0.07185273159144893
3369 0.07183140397744138
3370 0.07181008902077152
3371 0.07178878671017502
3372 0.07176749703440095
3373 0.07174621998221169
3374 0.07172495554238292
3375 0.0717037037037037
3376 0.07168246445497631
3377 0.07166123778501629
3378 0.07164002368265246
3379 0.07161882213672684
3380 0.07159763313609467
3381 0.07157645666962437
3382 0.07155529272619751
3383 0.07153414129470884
3384 0.0715130023640662
3385 0.07149187592319055
3386 0.07147076196101594
3387 0.07144966046648951
3388 0.07142857142857142
3389 0.07140749483623487
3390 0.07138643067846608
3391 0.07136537894426423
3392 0.07134433962264151
3393 0.07132331270262304
3394 0.0713022981732469
3395 0.07128129602356406
3396 0.0712603062426384
3397 0.07123932881954666
3398 0.07121836374337846
3399 0.07119741100323625
3400 0.0711764705882353
3401 0.07115554248750368
3402 0.07113462669018225
3403 0.07111372318542462
3404 0.07109283196239718
3405 0.07107195301027901
3406 0.07105108631826189
3407 0.07103023187555034
3408 0.0710093896713615
3409 0.0709885596949252
3410 0.07096774193548387
3411 0.07094693638229259
3412 0.070926143024619
3413 0.07090536185174333
3414 0.07088459285295841
3415 0.07086383601756954
3416 0.07084309133489461
3417 0.07082235879426398
3418 0.07080163838502047
3419 0.07078093009651945
3420 0.07076023391812865
3421 0.0707395498392283
3422 0.07071887784921099
3423 0.07069821793748174
3424 0.07067757009345794
3425 0.07065693430656934
3426 0.07063631056625802
3427 0.07061569886197841
3428 0.0705950991831972
3429 0.07057451151939341
3430 0.07055393586005831
3431 0.07053337219469542
3432 0.07051282051282051
3433 0.07049228080396155
3434 0.07047175305765871
3435 0.07045123726346433
3436 0.07043073341094296
3437 0.07041024148967122
3438 0.07038976148923792
3439 0.07036929339924397
3440 0.07034883720930232
3441 0.07032839290903807
3442 0.07030796048808832
3443 0.07028753993610223
3444 0.070267131242741
3445 0.0702467343976778
3446 0.0702263493905978
3447 0.07020597621119815
3448 0.07018561484918794
3449 0.0701652652942882
3450 0.07014492753623189
3451 0.07012460156476384
3452 0.07010428736964079
3453 0.07008398494063134
3454 0.07006369426751592
3455 0.07004341534008683
3456 0.07002314814814815
3457 0.07000289268151577
3458 0.06998264893001735
3459 0.06996241688349233
3460 0.06994219653179191
3461 0.06992198786477896
3462 0.06990179087232813
3463 0.06988160554432572
3464 0.06986143187066975
3465 0.06984126984126984
3466 0.06982111944604731
3467 0.0698009806749351
3468 0.06978085351787774
3469 0.06976073796483136
3470 0.06974063400576369
3471 0.06972054163065398
3472 0.06970046082949309
3473 0.06968039159228333
3474 0.06966033390903857
3475 0.06964028776978418
3476 0.06962025316455696
3477 0.06960023008340524
3478 0.06958021851638872
3479 0.06956021845357861
3480 0.06982758620689655
3481 0.06980752657282391
3482 0.06978747846065479
3483 0.06976744186046512
3484 0.06974741676234214
3485 0.06972740315638451
3486 0.06970740103270223
3487 0.0696874103814167
3488 0.06966743119266056
3489 0.06964746345657781
3490 0.06962750716332378
3491 0.06960756230306503
3492 0.06958762886597938
3493 0.06956770684225594
3494 0.06954779622209502
3495 0.06952789699570816
3496 0.06950800915331808
3497 0.0694881326851587
3498 0.06946826758147513
3499 0.06944841383252358
3500 0.06942857142857142
3501 0.06940874035989718
3502 0.0693889206167904
3503 0.06936911218955182
3504 0.06934931506849315
3505 0.06932952924393723
3506 0.06930975470621792
3507 0.06928999144568007
3508 0.06927023945267959
3509 0.06925049871758336
3510 0.06923076923076923
3511 0.06921105098262603
3512 0.06919134396355353
3513 0.06917164816396243
3514 0.06915196357427433
3515 0.06913229018492176
3516 0.06911262798634812
3517 0.06909297696900768
3518 0.06907333712336555
3519 0.06905370843989769
3520 0.0690340909090909
3521 0.06901448452144278
3522 0.06899488926746167
3523 0.06897530513766677
3524 0.06895573212258797
3525 0.06893617021276596
3526 0.06891661939875213
3527 0.06889707967110859
3528 0.06887755102040816
3529 0.06885803343723434
3530 0.0688385269121813
3531 0.06881903143585387
3532 0.06879954699886749
3533 0.06878007359184829
3534 0.06876061120543293
3535 0.06874115983026874
3536 0.06872171945701358
3537 0.06870229007633588
3538 0.06868287167891464
3539 0.06894602995196383
3540 0.0692090395480226
3541 0.06918949449308105
3542 0.0691699604743083
3543 0.06915043748235958
3544 0.06913092550790068
3545 0.0691114245416079
3546 0.06909193457416808
3547 0.06907245559627855
3548 0.06905298759864713
3549 0.06903353057199212
3550 0.06901408450704226
3551 0.06899464939453676
3552 0.06897522522522523
3553 0.06895581198986772
3554 0.06893640967923466
3555 0.06891701828410689
3556 0.0688976377952756
3557 0.06887826820354231
3558 0.06885890949971894
3559 0.06883956167462771
3560 0.06882022471910113
3561 0.06880089862398203
3562 0.06878158338012352
3563 0.068762278978389
3564 0.06874298540965208
3565 0.06872370266479663
3566 0.06870443073471677
3567 0.06868516961031679
3568 0.06866591928251121
3569 0.06864667974222471
3570 0.06862745098039216
3571 0.06860823298795855
3572 0.06858902575587907
3573 0.06856982927511895
3574 0.0685506435366536
3575 0.06853146853146853
3576 0.06851230425055928
3577 0.0684931506849315
3578 0.0684740078256009
3579 0.06845487566359318
3580 0.06843575418994413
3581 0.06841664339569953
3582 0.06839754327191513
3583 0.06837845380965671
3584 0.068359375
3585 0.06834030683403068
3586 0.06860011154489683
3587 0.06858098689712852
3588 0.06856187290969899
3589 0.06854276957369741
3590 0.06852367688022284
3591 0.06850459482038429
3592 0.06848552338530067
3593 0.06846646256610076
3594 0.06844741235392321
3595 0.06842837273991655
3596 0.06840934371523916
3597 0.06839032527105922
3598 0.06837131739855476
3599 0.06835232008891359
3600 0.06833333333333333
3601 0.06831435712302138
3602 0.06829539144919489
3603 0.06827643630308076
3604 0.06825749167591565
3605 0.06823855755894591
3606 0.06821963394342762
3607 0.06820072082062656
3608 0.06818181818181818
3609 0.06816292601828762
3610 0.06814404432132964
3611 0.06812517308224869
3612 0.0681063122923588
3613 0.06808746194298367
3614 0.06806862202545656
3615 0.06804979253112033
3616 0.06803097345132743
3617 0.06801216477743986
3618 0.06799336650082918
3619 0.06797457861287648
3620 0.06795580110497237
3621 0.06793703396851698
3622 0.06791827719491994
3623 0.06789953077560033
3624 0.06788079470198675
3625 0.06786206896551725
3626 0.06784335355763928
3627 0.06782464846980976
3628 0.06780595369349504
3629 0.06778726922017085
3630 0.06776859504132231
3631 0.06774993114844395
3632 0.06773127753303965
3633 0.06771263418662263
3634 0.06769400110071547
3635 0.06767537826685006
3636 0.06765676567656766
3637 0.06763816332141875
3638 0.06761957119296316
3639 0.06760098928276999
3640 0.06758241758241758
3641 0.06756385608349355
3642 0.06754530477759473
3643 0.0675267636563272
3644 0.06750823271130625
3645 0.06748971193415639
3646 0.06747120131651124
3647 0.06745270085001372
3648 0.06743421052631579
3649 0.06741573033707865
3650 0.06739726027397261
3651 0.06737880032867707
3652 0.06736035049288061
3653 0.06734191075828086
3654 0.06732348111658457
3655 0.06730506155950752
3656 0.06728665207877461
3657 0.06726825266611977
3658 0.06724986331328595
3659 0.06723148401202514
3660 0.06721311475409836
3661 0.0671947555312756
3662 0.06717640633533588
3663 0.06715806715806716
3664 0.06713973799126638
3665 0.06712141882673943
3666 0.06710310965630115
3667 0.0670848104717753
3668 0.06706652126499454
3669 0.06704824202780049
3670 0.0670299727520436
3671 0.06701171342958322
3672 0.06699346405228758
3673 0.06697522461203376
3674 0.06695699510070767
3675 0.06693877551020408
3676 0.06692056583242655
3677 0.06690236605928747
3678 0.06688417618270799
3679 0.0668659961946181
3680 0.06684782608695652
3681 0.06682966585167074
3682 0.066811515480717
3683 0.06679337496606028
3684 0.06677524429967427
3685 0.06675712347354139
3686 0.06673901247965273
3687 0.06672091131000814
3688 0.06670281995661605
3689 0.06668473841149362
3690 0.06666666666666667
3691 0.0666486047141696
3692 0.06663055254604551
3693 0.06661251015434606
3694 0.06659447753113157
3695 0.06657645466847091
3696 0.06655844155844155
3697 0.06654043819312956
3698 0.06652244456462952
3699 0.0665044606650446
3700 0.06648648648648649
3701 0.06646852202107538
3702 0.06645056726094004
3703 0.06643262219821766
3704 0.066414686825054
3705 0.06639676113360324
3706 0.06637884511602807
3707 0.0663609387644996
3708 0.06634304207119741
3709 0.06632515502830952
3710 0.06630727762803235
3711 0.06628940986257073
3712 0.06627155172413793
3713 0.06625370320495556
3714 0.06623586429725363
3715 0.06621803499327053
3716 0.06620021528525297
3717 0.06618240516545601
3718 0.06616460462614308
3719 0.06614681365958591
3720 0.06612903225806452
3721 0.06611126041386724
3722 0.0660934981192907
3723 0.06607574536663981
3724 0.06605800214822771
3725 0.06604026845637584
3726 0.06602254428341385
3727 0.06600482962167964
3728 0.06598712446351931
3729 0.06596942880128721
3730 0.06595174262734585
3731 0.06593406593406594
3732 0.06591639871382636
3733 0.0658987409590142
3734 0.06588109266202463
3735 0.06586345381526104
3736 0.0658458244111349
3737 0.06582820444206583
3738 0.06581059390048154
3739 0.06579299277881787
3740 0.06577540106951872
3741 0.06575781876503609
3742 0.06574024585783003
3743 0.06572268234036868
3744 0.06570512820512821
3745 0.06568758344459279
3746 0.06567004805125468
3747 0.0656525220176141
3748 0.06563500533617929
3749 0.06561749799946652
3750 0.0656
3751 0.06558251133031191
3752 0.06556503198294243
3753 0.06554756195043965
3754 0.06553010122535961
3755 0.06551264980026632
3756 0.06549520766773163
3757 0.06547777482033537
3758 0.06546035125066525
3759 0.06544293695131684
3760 0.06542553191489361
3761 0.06540813613400691
3762 0.06539074960127592
3763 0.06537337230932766
3764 0.06535600425079703
3765 0.0653386454183267
3766 0.06532129580456718
3767 0.0653039554021768
3768 0.06528662420382166
3769 0.06526930220217564
3770 0.06525198938992043
3771 0.06523468575974542
3772 0.06521739130434782
3773 0.06520010601643254
3774 0.06518282988871224
3775 0.06516556291390728
3776 0.06514830508474577
3777 0.06513105639396347
3778 0.06511381683430387
3779 0.06509658639851813
3780 0.06507936507936508
3781 0.06506215286961121
3782 0.06504494976203067
3783 0.06502775574940524
3784 0.06501057082452431
3785 0.06499339498018494
3786 0.06497622820919176
3787 0.06495907050435701
3788 0.06494192185850053
3789 0.06492478226444973
3790 0.06490765171503958
3791 0.06489053020311264
3792 0.06487341772151899
3793 0.06485631426311626
3794 0.06483921982076964
3795 0.06482213438735178
3796 0.06480505795574289
3797 0.06478799051883066
3798 0.06477093206951026
3799 0.06475388260068439
3800 0.06473684210526316
3801 0.06471981057616416
3802 0.06470278800631246
3803 0.06468577438864055
3804 0.06466876971608833
3805 0.06465177398160316
3806 0.06463478717813978
3807 0.06461780929866036
3808 0.06460084033613446
3809 0.06458388028353898
3810 0.06456692913385827
3811 0.06454998688008397
3812 0.06453305351521511
3813 0.06451612903225806
3814 0.06449921342422653
3815 0.06448230668414155
3816 0.06446540880503145
3817 0.06444851977993188
3818 0.0644316396018858
3819 0.06441476826394343
3820 0.06439790575916231
3821 0.06438105208060717
3822 0.06436420722135008
3823 0.06434737117447031
3824 0.06433054393305439
3825 0.06431372549019608
3826 0.06429691583899634
3827 0.06428011497256336
3828 0.06452455590386624
3829 0.06450770436145208
3830 0.06449086161879895
3831 0.06447402766901593
3832 0.0644572025052192
3833 0.06444038612053223
3834 0.06442357850808555
3835 0.06440677966101695
3836 0.06438998957247133
3837 0.06437320823560073
3838 0.06435643564356436
3839 0.06433967178952853
3840 0.06432291666666666
3841 0.06430617026815934
3842 0.06428943258719418
3843 0.06427270361696591
3844 0.06425598335067638
3845 0.06423927178153446
3846 0.06422256890275611
3847 0.06420587470756434
3848 0.06418918918918919
3849 0.06417251234086775
3850 0.06415584415584416
3851 0.06413918462736952
3852 0.06412253374870197
3853 0.06410589151310667
3854 0.06408925791385574
3855 0.06407263294422827
3856 0.06405601659751037
3857 0.06403940886699508
3858 0.06402280974598237
3859 0.06400621922777922
3860 0.06398963730569948
3861 0.06397306397306397
3862 0.06395649922320042
3863 0.06393994304944343
3864 0.06392339544513458
3865 0.06390685640362224
3866 0.06389032591826177
3867 0.06387380398241531
3868 0.0641158221302999
3869 0.06409925045231325
3870 0.0640826873385013
3871 0.06406613278222681
3872 0.0640495867768595
3873 0.06403304931577589
3874 0.06401652039235932
3875 0.064
3876 0.06398348813209494
3877 0.06396698478204797
3878 0.06395048994326973
3879 0.06393400360917763
3880 0.06391752577319587
3881 0.06390105642875547
3882 0.06388459556929418
3883 0.0638681431882565
3884 0.06385169927909372
3885 0.06383526383526383
3886 0.0638188368502316
3887 0.06380241831746848
3888 0.06378600823045268
3889 0.06376960658266907
3890 0.06375321336760925
3891 0.06373682857877153
3892 0.06372045220966084
3893 0.06370408425378885
3894 0.06368772470467386
3895 0.06367137355584082
3896 0.06365503080082136
3897 0.0636386964331537
3898 0.06362237044638276
3899 0.06360605283406001
3900 0.06358974358974359
3901 0.0635734427069982
3902 0.06355715017939519
3903 0.06354086600051242
3904 0.06352459016393443
3905 0.06350832266325224
3906 0.06349206349206349
3907 0.06347581264397235
3908 0.06345957011258956
3909 0.06344333589153237
3910 0.06342710997442455
3911 0.06341089235489644
3912 0.06339468302658487
3913 0.06337848198313314
3914 0.0633622892181911
3915 0.06334610472541508
3916 0.06332992849846783
3917 0.06331376053101864
3918 0.06329760081674324
3919 0.06328144934932381
3920 0.06326530612244897
3921 0.06324917112981382
3922 0.06323304436511984
3923 0.06321692582207494
3924 0.06320081549439348
3925 0.06318471337579618
3926 0.06316861946001019
3927 0.06315253374076904
3928 0.06313645621181263
3929 0.06312038686688724
3930 0.06310432569974554
3931 0.06308827270414653
3932 0.06307222787385554
3933 0.06305619120264429
3934 0.0630401626842908
3935 0.06302414231257941
3936 0.06300813008130081
3937 0.06299212598425197
3938 0.06297613001523616
3939 0.06296014216806296
3940 0.06319796954314721
3941 0.06318193351941132
3942 0.06316590563165905
3943 0.06314988587370023
3944 0.0631338742393509
3945 0.06311787072243347
3946 0.06310187531677648
3947 0.06308588801621484
3948 0.06306990881458967
3949 0.0630539377057483
3950 0.0630379746835443
3951 0.0630220197418375
3952 0.06300607287449393
3953 0.06299013407538578
3954 0.0629742033383915
3955 0.0629582806573957
3956 0.06294236602628918
3957 0.06292645943896892
3958 0.06291056088933805
3959 0.06289467037130589
3960 0.06287878787878788
3961 0.06286291340570563
3962 0.06284704694598688
3963 0.06283118849356548
3964 0.06281533804238143
3965 0.06279949558638083
3966 0.06278366111951589
3967 0.0627678346357449
3968 0.06275201612903226
3969 0.06273620559334846
3970 0.06272040302267003
3971 0.0627046084109796
3972 0.06268882175226587
3973 0.06267304304052354
3974 0.0626572722697534
3975 0.06264150943396227
3976 0.06262575452716297
3977 0.0626100075433744
3978 0.06259426847662142
3979 0.06257853732093491
3980 0.06256281407035176
3981 0.06254709871891484
3982 0.06253139126067303
3983 0.06251569168968114
3984 0.0625
3985 0.06248431618569636
3986 0.06246864024084295
3987 0.062452972159518436
3988 0.06243731193580742
3989 0.06242165956380045
3990 0.062406015037593986
3991 0.0623903783512904
3992 0.062374749498997996
3993 0.06235912847483095
3994 0.062343515272909364
3995 0.0623279098873592
3996 0.06231231231231231
3997 0.06229672254190643
3998 0.062281140570285144
3999 0.0622655663915979
4000 0.06225
4001 0.06223444138965259
4002 0.06221889055472264
4003 0.062203347489382964
4004 0.062187812187812185
4005 0.062172284644194754
4006 0.06215676485272092
4007 0.06214125280758672
4008 0.06212574850299401
4009 0.06211025193315041
4010 0.06209476309226933
4011 0.06207928197456993
4012 0.062063808574277166
4013 0.06204834288562173
4014 0.06203288490284006
4015 0.062017434620174346
4016 0.06200199203187251
4017 0.0619865571321882
4018 0.061971129915380785
4019 0.06195571037571535
4020 0.06194029850746269
4021 0.06192489430489928
4022 0.06190949776230731
4023 0.061894108873974646
4024 0.06187872763419483
4025 0.06186335403726708
4026 0.06184798807749627
4027 0.06183262974919295
4028 0.061817279046673286
4029 0.06180193596425912
4030 0.06178660049627792
4031 0.061771272637062766
4032 0.061755952380952384
4033 0.0617406397222911
4034 0.06172533465542886
4035 0.06171003717472119
4036 0.061694747274529234
4037 0.06167946494921972
4038 0.061664190193164936
4039 0.06164892300074276
4040 0.06163366336633663
4041 0.06161841128433556
4042 0.06160316674913409
4043 0.061587929755132324
4044 0.06157270029673591
4045 0.061557478368356
4046 0.061542263964409295
4047 0.061527057079318014
4048 0.06151185770750988
4049 0.061496665843418126
4050 0.061481481481481484
4051 0.06146630461614416
4052 0.06145113524185587
