1 2.639836259561194
2 1.0780374798836456
3 6.406062196915805
4 0.14264054356536315
5 0.7680478309420168
6 0.6453648302563915
7 7.381975926015763
8 2.649405351673106
9 0.6550851209790574
10 0.3555001482045796
11 0.2921824264575519
12 0.490606397745446
13 1.2464969848678094
14 1.7805831159651
15 1.2233832819326542
16 2.1219470772636915
17 2.319007429921398
18 0.9259777056887677
19 3.115647228792626
20 0.7243311752101855
21 0.956299762594825
22 0.3252805508654354
23 0.792574934610645
24 0.7365400959995257
25 3.2917144352609102
26 2.412162397538022
27 0.3384366170011872
28 0.7305886235412682
29 0.9980397733201604
30 3.277282808263318
31 0.35773670021724746
32 0.6128510506655045
33 1.6482121975078063
34 0.6123497656537826
35 1.5420554297532827
36 1.733093469853861
37 11.51602038881898
38 0.9199984445206962
39 0.9444647077272907
40 0.7547436581075151
41 1.2866491997480933
42 2.2194641673659596
43 0.5916128376079514
44 2.360211626702147
45 1.3136011662273528
46 1.208370529308092
47 1.3250508733201833
48 0.6970956167567491
49 2.1144515665883126
50 0.4625963792058031
51 0.6674723525715255
52 1.422604169712169
53 1.3516041297661012
54 0.8024988569626706
55 0.7123971810410122
56 1.799198424297058
57 1.3611672529775423
58 1.6102616926005384
59 0.9508523963658354
60 1.2985688629264394
61 0.6168108492167979
62 0.8718615674055314
63 0.7275054437930264
64 1.9003123307839782
65 1.1777256950865629
66 0.8405160685564135
67 1.0828338271994755
68 0.8110852983416749
69 1.9087073132579047
70 0.7179940520824846
71 1.2556049730279684
72 0.8388857321385944
73 1.1009697375540533
74 1.049545483614416
75 1.4656460180128532
76 0.8268632083196655
77 1.073645208534902
78 1.3564282121015778
79 1.1091275135283691
80 1.172510501570101
81 0.8964959124791795
82 0.8878402534114845
83 1.0495730781854304
84 0.9555592170297819
85 0.9527270322277082
86 0.926914943062572
