1 0.8752389906359533
2 0.5128158066096496
3 0.2166710602816264
4 0.7115002620715304
5 0.6592412732625226
6 1.2517176218119046
7 0.4613585639510811
8 2.284554015800603
9 0.6042176287001304
10 0.5632448117832912
11 4.913344530859717
12 4.064155831681836
13 1.1624868723813868
14 0.5678064793824741
15 1.5218863000688903
16 2.890661312361571
17 4.656066739484069
18 1.5046208015517462
19 0.7332158288194536
20 0.9215311428039247
21 2.5486690201257054
22 0.4998185744797221
23 1.521694955031226
24 0.3455097010887025
25 0.7297192767989685
26 0.37958601481204174
27 0.16982471013467937
28 1.0449182708652445
29 1.370839565936719
30 2.203795685026638
31 1.3078156490490873
32 0.5093270412955656
33 0.15268200842078175
34 0.7017904517611762
35 0.960578257496586
36 0.7846927080832606
37 0.3646836732237051
38 0.9084345394313506
39 0.2510519210320434
40 1.3419360999508492
41 1.2517420474763037
42 5.663677068118285
43 1.1586476032804842
44 0.41874235711139435
45 0.6354374766693104
46 0.9484174165727663
47 1.2790477444486028
48 0.8180316034782125
49 0.7548879666423559
50 1.475095824113246
51 0.9085275778491032
52 0.4070329172860815
53 1.6304579777805663
54 0.4376195099939039
55 1.9089319921079337
56 0.8450721762876194
57 1.7855281541715842
58 0.39395044077010255
59 1.1359584790242845
60 3.3063230025522365
61 0.8050244164560437
62 0.6259187261269058
63 1.0431667376017453
64 0.668776287743139
65 6.369801121846185
66 0.5240640413637631
67 1.0706114739579091
68 0.825234225011504
69 0.6180791838283332
70 1.572741083878847
71 2.214819993013889
72 1.291094919379749
73 3.2737143633152685
74 1.2516166332516319
75 0.6436119447263723
76 0.5891627557038746
77 2.018358698429947
78 1.2310241744330215
79 1.3228875251796703
80 0.7251753322992421
81 1.5154929881801817
82 0.917895357185393
83 1.5645823402107226
84 0.7570090391263422
85 0.8801724249219988
86 0.9401995317642458
87 1.1505409350034357
88 0.8290972178566404
89 0.7026738885736107
90 0.9559902247785013
91 0.9530857284083658
92 1.0551062588534543
93 0.8867816130383687
94 0.9687986056034242
95 1.0739202439996123
