1 1.0493840150572311
2 0.14162454042293543
3 0.9100070553673949
4 3.318718682994794
5 0.2566538318153869
6 0.22709115806150876
7 1.0447950878400938
8 1.8506700555266071
9 0.7597222271887063
10 2.6853553636107117
11 1.5995494740030187
12 1.7802124827260746
13 0.3833544005533816
14 0.6884839604919224
15 0.806763765209524
16 0.20435678339927257
17 1.9048576016965622
18 0.6676717183016654
19 0.7312204468954245
20 1.5405555761081162
21 1.1496250743038192
22 0.3995585859824852
23 0.8815240783220856
24 1.626900801211311
25 0.33585025621180964
26 1.2805058723985983
27 1.368356415034213
28 0.6341079397670226
29 0.46376244687542734
30 0.42837181953211567
31 0.6090315072659188
32 1.1956390485613773
33 1.6172509577165057
34 1.3673504601526776
35 0.7668729810190875
36 3.4019802115809505
37 1.3635094540401431
38 1.3170665981896015
39 0.9075234709021616
40 2.409840281285469
41 0.2948948862654147
42 1.2193023184197316
43 1.6642759405266883
44 0.4465997386784634
45 0.3990108483557166
46 0.4414985870051581
47 0.6156905689635847
48 1.1993062843395492
49 1.8440514471705123
50 1.4416571128362425
51 0.7338085355173809
52 1.6324849458346844
53 1.0916125823322103
54 1.1747930394192823
55 0.7737838081986976
56 0.7791264824090998
57 0.7328596600202507
58 0.7332668287781618
59 1.083048103597767
60 1.3024104940038823
61 0.5395567226691819
62 0.7615082074938939
63 1.2895281392266538
64 1.2129500091228553
65 1.256487437836762
66 0.6752891358781995
67 0.5517262935962813
68 0.7284616355324333
69 0.6414513466123488
70 1.3924802147843762
71 0.647000157002227
72 0.7400330272678002
73 0.7640754988894585
74 1.141545321755141
75 1.3300293960451814
76 0.810568938852581
77 1.0385498219204088
78 0.907676782130026
79 1.1130054150598325
80 0.9245356693489806
81 1.0141563577781956
82 0.8913971666691201
83 1.0752499529025392
84 0.9910568592419615
85 1.1097195468688057
86 1.0437474195050829
