1 3.2059342531643242
2 1.43145580040932
3 1.0292573653468113
4 0.46234113497964313
5 2.841739962199781
6 2.3492279125596376
7 1.1711475939851281
8 3.8855269161250057
9 0.5613613621091229
10 3.5957608044887244
11 1.58860347917565
12 1.0286205660552319
13 0.25407726318423896
14 1.2595963474993046
15 0.15598760553332744
16 0.8327760630742533
17 1.8983580297958882
18 1.1332046631913635
19 0.7560814646776206
20 1.0192784458348687
21 1.1349384602495096
22 3.1880467003012036
23 0.6200918740804604
24 3.6983789421551374
25 0.3262470237179431
26 1.0001753967850338
27 0.8661597479430317
28 0.8034525615715661
29 1.2501350764708077
30 1.5163037701222546
31 0.541648961601862
32 1.439491613754868
33 4.525232341505224
34 0.7614014951114983
35 0.7768896893348514
36 0.8622594733230067
37 0.7207170086037675
38 1.1232422200598355
39 1.0386758518962447
40 0.9928259617158555
41 1.7891171980896015
42 1.2598826772613276
43 2.7627122658302214
44 0.89619745023981
45 0.6998983419171549
46 1.7776152285933382
47 3.268291527620591
48 0.8953577162188249
49 0.8344314657664463
50 0.9313886801695183
51 2.1380367078236575
52 0.9930192803761883
53 1.5087167070669114
54 0.7378348604056152
55 1.0014136451024007
56 0.8973311778507987
57 4.409942278047388
58 1.2916333006843446
59 0.9697707899471543
60 0.9269064276210561
61 2.7692228686714166
62 1.6103058444746077
63 0.9124702923062001
64 0.9190579581561925
65 0.7210969879436971
66 2.8833245672539234
67 1.2091073311603417
68 0.8817655634254872
69 3.324897040992956
70 0.9188903865187158
71 0.9233001286210926
72 1.0809241518693269
73 0.9344613599880226
74 2.8093839053195997
75 1.3131110078111732
76 1.2369498668248147
77 0.9820069402677548
78 0.9771611775512581
79 0.9661783770408412
80 1.1681991364498887
81 1.0431571857960655
82 1.0057057321692537
83 0.9504349471293045
84 0.9345300415899077
85 2.000824209853862
86 1.0009408074959518
87 2.5186140386072804
88 2.726919175224964
89 1.3846276851742956
90 1.6692676914298377
91 1.1978874298958115
92 2.552368036916019
93 1.7682753033887295
94 1.3634080833541042
