1 0.6633961809077574
2 1.3163417844740946
3 0.7850188066803282
4 3.5928407083904217
5 1.6430802799786137
6 2.133807675942074
7 1.6843932448692427
8 1.3966378217916517
9 0.15827961937557394
10 0.7218888271215452
11 0.7964296535013975
12 1.3051037974029338
13 0.03707515987306904
14 0.8353495740873094
15 1.420951678140123
16 1.814200242387857
17 1.4659568902769613
18 0.6563531554157547
19 3.7521090607873595
20 2.4559899873185302
21 1.089010595129303
22 3.198641355685139
23 0.38149699645675056
24 1.4160727857385043
25 0.7172283032943215
26 0.7746420234348562
27 2.0287371869102575
28 0.6010171496458367
29 1.2461309968832153
30 1.336311946926263
31 0.7338735732165519
32 1.4470229424236112
33 1.0810845627706518
34 0.7746477099751936
35 0.9043704840923212
36 1.1891879522878734
37 5.359819354898399
38 1.9314031365984974
39 1.033712646097111
40 0.8110864638999761
41 1.0779584581466453
42 1.4577659685316382
43 1.228840530663086
44 0.6066529430650144
45 5.264160608691051
46 1.2251258319375151
47 1.277853019901913
48 1.057781621982667
49 0.5967218048006655
50 0.8328970347200149
51 1.1420969379531913
52 1.00669007489781
53 1.0142206522438098
54 0.5944802356784384
55 0.5857659387181323
56 0.9896578733220478
57 1.6089850617818109
58 0.8848448652234583
59 0.9238247997867501
60 0.6348102670952906
61 0.9500460633594753
62 1.0245998970771921
63 1.4778999556047276
64 1.655973350653412
65 1.528782651189656
66 0.8315619912518244
67 1.1422320005244724
68 1.0211210315044392
69 0.8883063558630321
70 3.6324232070753735
71 2.3125725835768454
72 1.0015865832218893
73 0.8321396217416472
74 1.0795974950357545
75 0.9642994102058319
76 3.3102080074264095
77 1.3547140251587846
78 1.713099324700377
79 4.516337249345705
80 1.0153404986904995
81 1.333687562198939
82 2.5975308253643394
83 2.340831215836748
84 0.8788181563621591
85 1.016136897058794
86 1.6411612045510844
87 0.9250108446589473
88 1.248477725978699
89 0.9130276681655669
90 3.392184042717962
91 0.9425297034950906
92 0.9620602846144053
93 1.0833585921031457
94 1.037907033504636
95 1.2164904048838434
96 1.3319159493395765
97 1.0048384690040921
98 1.083378838559605
99 4.037296848082481
100 1.007073646638598
101 1.579849786635512
102 1.000301314258473
103 1.3792360156434587
104 1.4550964333937413
105 1.6919883999936483
106 5.134585958966123
107 1.2634382232473906
108 1.0019242184497532
