1 1.499351355347898
2 1.986804054396677
3 0.31915118632366796
4 0.5074209299159168
5 0.14078594718165896
6 0.35177058541397993
7 3.8307396515831025
8 4.534454579640754
9 0.9196938448726125
10 1.370246479557331
11 0.3401080498962547
12 2.461667728313818
13 2.6770069247831976
14 1.8010154244456311
15 4.570617437905871
16 2.7658405836527233
17 1.2964215734892892
18 0.5132543225014432
19 0.26987383064847614
20 0.5250787220368901
21 0.36992214624321185
22 0.3439552328023243
23 4.224588911723506
24 1.6950203443662084
25 1.228751812572003
26 0.8776693948844955
27 0.6502948037773684
28 2.405839191513784
29 0.4722891302110606
30 1.196842382433574
31 1.0947680968530575
32 1.5259872124454255
33 1.9099021806784662
34 1.508122269874706
35 1.349452103027427
36 1.137351853787278
37 1.1832186840345336
38 0.6415570796415802
39 1.3589383711579006
40 2.366759701349855
41 0.44401514660091496
42 1.0389406829549215
43 1.0396975123535792
44 1.4315160627832457
45 2.2354227291519826
46 0.6031988384856547
47 1.10508813191499
48 1.25592257816115
49 2.8593999397619956
50 0.5055678859160206
51 0.5674314593941107
52 0.5484380196569724
53 1.5563362481588918
54 0.3609861195685927
55 1.217935650471625
56 0.583726815863303
57 1.1088555641067168
58 1.5724033334693566
59 0.711332970891886
60 0.9252091485698503
61 0.5282005334255785
62 0.8871924847482661
63 0.8190772507103949
64 0.7459799683354924
65 0.8766120512661999
66 0.7540987366534021
67 1.1008508774138377
68 0.7733063189768137
69 1.477130406028624
70 2.395389720536096
71 1.5322743329398634
72 2.8122400247192867
73 1.0302204858067348
74 0.8583887649982448
75 1.0212374233816928
76 0.9268197649155906
77 1.0096111880937844
78 0.928842884184058
79 0.837830249243495
80 0.9068499981112844
81 0.7333735949253626
82 1.5376462979035295
83 0.8587867785857051
84 1.45105926710981
85 1.0026034672131257
86 1.0349195724593707
87 0.964375485589436
88 0.998837929983052
89 1.0977083963775425
90 0.820464701197947
91 1.1068068922847956
92 1.418693593940899
93 1.6872683470684255
94 1.2340002244665933
95 2.490966396471264
96 0.8986023829803104
97 1.4565279460881335
98 0.8842649158215771
99 5.320738012598007
100 1.1828091370936156
101 1.4504474736529929
102 1.1673864418966708
103 1.14848064034968
104 1.2846342667792539
105 2.452199307665886
106 1.2296416898535385
107 1.8749484692775555
108 1.0142889209945694
109 1.188896734325929
110 2.7949419805970814
111 1.0265216920226878
112 1.0283038222180585
113 1.6550195174682194
114 1.0070182252624436
