1 0.6000334555089287
2 0.8391387855487541
3 0.7551799372610661
4 0.7661213727656105
5 0.6258101230679741
6 0.3102742491434075
7 0.967935199449198
8 3.0836622462964822
9 3.230003699367639
10 1.9845861391822157
11 2.781686656109982
12 2.1754616131164477
13 3.3650710283585235
14 1.3385319930200699
15 2.179836702308284
16 3.6687179336123905
17 1.580848658509477
18 1.2354327998597845
19 0.4702258429139292
20 1.4098121492334872
21 0.5925181475260823
22 1.0113859405372594
23 1.3103040014600549
24 0.1538624787629621
25 1.6969378165152984
26 0.7628380850568284
27 0.2899637362358771
28 0.9537762056188975
29 2.3976398493357447
30 0.993094672875887
31 1.0015719158911283
32 0.3999773392697098
33 1.261871748153208
34 0.8772235735011871
35 1.065451855640238
36 2.4473736615903117
37 1.8786124602044694
38 1.5854679806560452
39 0.9259173250920151
40 0.6565837378735018
41 1.44619640420916
42 1.3421023118806747
43 1.4087501573818484
44 1.056837305105396
45 1.0382667208291134
46 0.5858912480237867
47 1.2035066242150758
48 1.40839225593738
49 0.4877852461524755
50 3.042784726475803
51 0.9675136493654987
52 0.7738262263355389
53 1.2854593766060454
54 3.2574225855673693
55 0.7658566139765661
56 0.935698415255777
57 0.8178316519766409
58 0.9982312337407702
59 2.335327485460133
60 1.0537729772987534
61 2.247536561063194
62 1.1916391479663953
63 0.8177280942254274
64 0.8667871744684302
65 1.072604810385359
66 0.9745863131740717
67 2.0104388097468746
68 0.9782018848513374
69 0.6718681303497958
70 0.9944824872990385
71 3.0775213024392216
72 5.01861646130627
73 1.0442699556252037
74 2.064037980940958
75 1.0674628245261453
76 2.10319387374182
77 1.137371454818
78 1.7102806512262498
79 0.9171888594317337
80 2.1400946751365337
81 0.8373479470157359
82 1.4812654114999322
83 1.105512502235895
84 0.5863285593855941
85 0.9648592324386197
86 0.9754291142706397
87 1.0280396087295416
88 1.0350232958832635
89 1.263545834753688
90 1.057490217756233
91 1.000930636714896
92 1.1980509999916167
93 1.4448138374057344
94 1.3695645992551935
95 1.5676236268377344
96 1.0014440198704753
97 1.0396917787816358
98 1.0577021018714314
99 1.0270652916379714
100 1.4440855801375796
101 1.4706429459695576
102 1.417900488325718
103 1.3119934025933462
104 2.1044135724828164
105 1.0175452536335117
106 1.1298754991377495
107 1.0109273261146527
108 1.946530266957999
109 1.0054046677339423
110 1.116491099581069
