1 1.0
2 0.5
3 0.6666666666666666
4 0.75
5 0.8
6 0.6666666666666666
7 0.5714285714285714
8 0.625
9 0.6666666666666666
10 0.6
11 0.6363636363636364
12 0.6666666666666666
13 0.6923076923076923
14 0.7142857142857143
15 0.7333333333333333
16 0.6875
17 0.7058823529411765
18 0.6666666666666666
19 0.631578947368421
20 0.65
21 0.6666666666666666
22 0.6363636363636364
23 0.6521739130434783
24 0.6666666666666666
25 0.64
26 0.6538461538461539
27 0.6666666666666666
28 0.6785714285714286
29 0.6896551724137931
30 0.6666666666666666
31 0.6774193548387096
32 0.6875
33 0.6666666666666666
34 0.6764705882352942
35 0.6571428571428571
36 0.6666666666666666
37 0.6486486486486487
38 0.6578947368421053
39 0.6410256410256411
40 0.65
41 0.6341463414634146
42 0.6428571428571429
43 0.627906976744186
44 0.6136363636363636
45 0.6222222222222222
46 0.6086956521739131
47 0.6170212765957447
48 0.625
49 0.6326530612244898
50 0.64
51 0.6470588235294118
52 0.6346153846153846
53 0.6415094339622641
54 0.6481481481481481
55 0.6363636363636364
56 0.625
57 0.631578947368421
58 0.6206896551724138
59 0.6271186440677966
60 0.6333333333333333
61 0.6229508196721312
62 0.6129032258064516
63 0.6190476190476191
64 0.625
65 0.6307692307692307
66 0.6363636363636364
67 0.6268656716417911
68 0.6176470588235294
69 0.6231884057971014
70 0.6142857142857143
71 0.6056338028169014
72 0.6111111111111112
73 0.6164383561643836
74 0.6081081081081081
75 0.6133333333333333
76 0.6052631578947368
77 0.6103896103896104
78 0.6153846153846154
79 0.6075949367088608
80 0.6125
81 0.6172839506172839
82 0.6219512195121951
83 0.6144578313253012
84 0.6071428571428571
85 0.611764705882353
86 0.6046511627906976
87 0.6091954022988506
88 0.6136363636363636
89 0.6067415730337079
90 0.6
91 0.6043956043956044
92 0.5978260869565217
93 0.6021505376344086
94 0.6063829787234043
95 0.6
96 0.59375
97 0.5979381443298969
98 0.5918367346938775
99 0.5858585858585859
100 0.58
101 0.5742574257425742
102 0.5784313725490197
103 0.5825242718446602
104 0.5769230769230769
105 0.5714285714285714
106 0.5754716981132075
107 0.5794392523364486
108 0.5833333333333334
109 0.5871559633027523
110 0.5818181818181818
111 0.5765765765765766
112 0.5714285714285714
113 0.5663716814159292
114 0.5614035087719298
115 0.5565217391304348
116 0.5517241379310345
117 0.5470085470085471
118 0.5423728813559322
119 0.5378151260504201
120 0.5333333333333333
121 0.5289256198347108
122 0.5245901639344263
123 0.5284552845528455
124 0.5241935483870968
125 0.52
126 0.5158730158730159
127 0.5196850393700787
128 0.5234375
129 0.5193798449612403
130 0.5153846153846153
131 0.5114503816793893
132 0.5075757575757576
133 0.5037593984962406
134 0.5
135 0.5037037037037037
136 0.5
137 0.5036496350364964
138 0.5
139 0.5035971223021583
140 0.5
141 0.5035460992907801
142 0.5
143 0.4965034965034965
144 0.5
145 0.503448275862069
146 0.5
147 0.4965986394557823
148 0.49324324324324326
149 0.4966442953020134
150 0.49333333333333335
151 0.4966887417218543
152 0.5
153 0.5032679738562091
154 0.5
155 0.4967741935483871
156 0.5
157 0.4968152866242038
158 0.5
159 0.4968553459119497
160 0.49375
161 0.4906832298136646
162 0.49382716049382713
163 0.49693251533742333
164 0.5
165 0.503030303030303
166 0.5060240963855421
167 0.5089820359281437
168 0.5059523809523809
169 0.5088757396449705
170 0.5117647058823529
171 0.5146198830409356
172 0.5174418604651163
173 0.5202312138728323
174 0.5172413793103449
175 0.5142857142857142
176 0.5113636363636364
177 0.5141242937853108
178 0.5112359550561798
179 0.5083798882681564
180 0.5055555555555555
181 0.5027624309392266
182 0.5
183 0.5027322404371585
184 0.5
185 0.4972972972972973
186 0.4946236559139785
187 0.4919786096256685
188 0.48936170212765956
189 0.49206349206349204
190 0.48947368421052634
191 0.4869109947643979
192 0.484375
193 0.48186528497409326
194 0.4793814432989691
195 0.47692307692307695
196 0.4744897959183674
197 0.4720812182741117
198 0.47474747474747475
199 0.4723618090452261
200 0.47
201 0.472636815920398
202 0.47029702970297027
203 0.4729064039408867
204 0.47058823529411764
205 0.4682926829268293
206 0.46601941747572817
207 0.463768115942029
208 0.46153846153846156
209 0.45933014354066987
210 0.45714285714285713
211 0.4549763033175355
212 0.4528301886792453
213 0.4507042253521127
214 0.4485981308411215
215 0.44651162790697674
216 0.4444444444444444
217 0.4423963133640553
218 0.44036697247706424
219 0.4429223744292237
220 0.4409090909090909
221 0.4434389140271493
222 0.44144144144144143
223 0.4439461883408072
224 0.4419642857142857
225 0.44
226 0.43805309734513276
227 0.44052863436123346
228 0.43859649122807015
229 0.4366812227074236
230 0.4391304347826087
231 0.43722943722943725
232 0.4353448275862069
233 0.4334763948497854
234 0.43162393162393164
235 0.4297872340425532
236 0.4279661016949153
237 0.42616033755274263
238 0.42436974789915966
239 0.4225941422594142
240 0.42083333333333334
241 0.4190871369294606
242 0.41735537190082644
243 0.4156378600823045
244 0.4139344262295082
245 0.4163265306122449
246 0.4146341463414634
247 0.41295546558704455
248 0.4112903225806452
249 0.40963855421686746
250 0.408
251 0.4063745019920319
252 0.4087301587301587
253 0.40711462450592883
254 0.40551181102362205
255 0.403921568627451
256 0.40234375
257 0.40077821011673154
258 0.40310077519379844
259 0.4015444015444015
260 0.4
261 0.39846743295019155
262 0.3969465648854962
263 0.39543726235741444
264 0.3939393939393939
265 0.39245283018867927
266 0.39097744360902253
267 0.39325842696629215
268 0.39552238805970147
269 0.3940520446096654
270 0.3962962962962963
271 0.3948339483394834
272 0.39338235294117646
273 0.39194139194139194
274 0.3905109489051095
275 0.3890909090909091
276 0.38768115942028986
277 0.3862815884476534
278 0.38489208633093525
279 0.3835125448028674
280 0.3821428571428571
281 0.3807829181494662
282 0.37943262411347517
283 0.37809187279151946
284 0.3767605633802817
285 0.37543859649122807
286 0.3741258741258741
287 0.37282229965156793
288 0.3715277777777778
289 0.370242214532872
290 0.3689655172413793
291 0.36769759450171824
292 0.3698630136986301
293 0.36860068259385664
294 0.3673469387755102
295 0.3694915254237288
296 0.36824324324324326
297 0.367003367003367
298 0.3691275167785235
299 0.36789297658862874
300 0.36666666666666664
301 0.3654485049833887
302 0.36423841059602646
303 0.36303630363036304
304 0.3618421052631579
305 0.36065573770491804
306 0.35947712418300654
307 0.3583061889250814
308 0.35714285714285715
309 0.3559870550161812
310 0.3548387096774194
311 0.3536977491961415
312 0.3525641025641026
313 0.3514376996805112
314 0.3503184713375796
315 0.3492063492063492
316 0.34810126582278483
317 0.3470031545741325
318 0.34591194968553457
319 0.3448275862068966
320 0.34375
321 0.3426791277258567
322 0.3416149068322981
323 0.34055727554179566
324 0.3395061728395062
325 0.3384615384615385
326 0.3374233128834356
327 0.3363914373088685
328 0.3384146341463415
329 0.3373860182370821
330 0.33636363636363636
331 0.33534743202416917
332 0.33433734939759036
333 0.3333333333333333
334 0.3323353293413174
335 0.33134328358208953
336 0.33035714285714285
337 0.3293768545994065
338 0.32840236686390534
339 0.3274336283185841
340 0.3264705882352941
341 0.3255131964809384
342 0.32456140350877194
343 0.3236151603498542
344 0.3226744186046512
345 0.3217391304347826
346 0.3236994219653179
347 0.3227665706051873
348 0.3218390804597701
349 0.3209169054441261
350 0.32285714285714284
351 0.32193732193732194
352 0.3210227272727273
353 0.32011331444759206
354 0.3192090395480226
355 0.3183098591549296
356 0.31741573033707865
357 0.3165266106442577
358 0.31564245810055863
359 0.3147632311977716
360 0.3138888888888889
361 0.31301939058171746
362 0.31215469613259667
363 0.31129476584022037
364 0.31043956043956045
365 0.3095890410958904
366 0.3087431693989071
367 0.3079019073569482
368 0.3070652173913043
369 0.3062330623306233
370 0.3054054054054054
371 0.3045822102425876
372 0.30376344086021506
373 0.30294906166219837
374 0.30213903743315507
375 0.30133333333333334
376 0.300531914893617
377 0.29973474801061006
378 0.29894179894179895
379 0.29815303430079154
380 0.29736842105263156
381 0.29658792650918636
382 0.29581151832460734
383 0.2950391644908616
384 0.2942708333333333
385 0.2935064935064935
386 0.2927461139896373
387 0.29198966408268734
388 0.2912371134020619
389 0.29048843187660667
390 0.28974358974358977
391 0.289002557544757
392 0.288265306122449
393 0.2875318066157761
394 0.2868020304568528
395 0.28607594936708863
396 0.2878787878787879
397 0.2871536523929471
398 0.2864321608040201
399 0.2857142857142857
400 0.285
401 0.28428927680798005
402 0.2835820895522388
403 0.28287841191067
404 0.28217821782178215
405 0.2814814814814815
406 0.28078817733990147
407 0.2800982800982801
408 0.27941176470588236
409 0.2787286063569682
410 0.2780487804878049
411 0.2773722627737226
412 0.2766990291262136
413 0.27602905569007263
414 0.2753623188405797
415 0.2746987951807229
416 0.27403846153846156
417 0.2733812949640288
418 0.2727272727272727
419 0.2720763723150358
420 0.2714285714285714
421 0.27078384798099764
422 0.27014218009478674
423 0.2695035460992908
424 0.2688679245283019
425 0.26823529411764707
426 0.2676056338028169
427 0.26697892271662765
428 0.26635514018691586
429 0.26573426573426573
430 0.2651162790697674
431 0.26450116009280744
432 0.2638888888888889
433 0.2632794457274827
434 0.2626728110599078
435 0.2620689655172414
436 0.26146788990825687
437 0.2608695652173913
438 0.2602739726027397
439 0.2619589977220957
440 0.26136363636363635
441 0.26077097505668934
442 0.26018099547511314
443 0.2595936794582393
444 0.26126126126126126
445 0.2606741573033708
446 0.2600896860986547
447 0.2595078299776286
448 0.25892857142857145
449 0.2583518930957684
450 0.2577777777777778
451 0.2572062084257206
452 0.25663716814159293
453 0.2560706401766004
454 0.2555066079295154
455 0.2549450549450549
456 0.2543859649122807
457 0.2538293216630197
458 0.25327510917030566
459 0.25272331154684097
460 0.25217391304347825
461 0.25162689804772237
462 0.2510822510822511
463 0.2505399568034557
464 0.25
465 0.24946236559139784
466 0.24892703862660945
467 0.24839400428265523
468 0.24786324786324787
469 0.24733475479744135
470 0.24680851063829787
471 0.24628450106157113
472 0.2457627118644068
473 0.2452431289640592
474 0.24472573839662448
475 0.24421052631578946
476 0.24369747899159663
477 0.2431865828092243
478 0.24267782426778242
479 0.24217118997912318
480 0.24166666666666667
481 0.24116424116424118
482 0.24066390041493776
483 0.2401656314699793
484 0.2396694214876033
485 0.23917525773195877
486 0.23868312757201646
487 0.23819301848049282
488 0.23770491803278687
489 0.23721881390593047
490 0.23673469387755103
491 0.23625254582484725
492 0.23577235772357724
493 0.23529411764705882
494 0.23481781376518218
495 0.23434343434343435
496 0.23387096774193547
497 0.23541247484909456
498 0.23493975903614459
499 0.23446893787575152
500 0.234
501 0.23353293413173654
502 0.23306772908366533
503 0.23260437375745527
504 0.23214285714285715
505 0.2316831683168317
506 0.23122529644268774
507 0.23076923076923078
508 0.23031496062992127
509 0.22986247544204322
510 0.22941176470588234
511 0.22896281800391388
512 0.228515625
513 0.22807017543859648
514 0.22762645914396887
515 0.22718446601941747
516 0.22674418604651161
517 0.2263056092843327
518 0.22586872586872586
519 0.2254335260115607
520 0.225
521 0.22456813819577734
522 0.22413793103448276
523 0.2237093690248566
524 0.22328244274809161
525 0.22476190476190477
526 0.22433460076045628
527 0.2239089184060721
528 0.22348484848484848
529 0.22306238185255198
530 0.22264150943396227
531 0.2222222222222222
532 0.22180451127819548
533 0.22138836772983114
534 0.2209737827715356
535 0.2205607476635514
536 0.22014925373134328
537 0.21973929236499068
538 0.21933085501858737
539 0.2189239332096475
540 0.21851851851851853
541 0.21811460258780038
542 0.2177121771217712
543 0.21731123388581952
544 0.21691176470588236
545 0.21651376146788992
546 0.21611721611721613
547 0.21572212065813529
548 0.21532846715328466
549 0.21493624772313297
550 0.21454545454545454
551 0.21415607985480944
552 0.213768115942029
553 0.21338155515370705
554 0.21299638989169675
555 0.2126126126126126
556 0.21223021582733814
557 0.2118491921005386
558 0.2114695340501792
559 0.2110912343470483
560 0.21071428571428572
561 0.21212121212121213
562 0.2117437722419929
563 0.2113676731793961
564 0.21099290780141844
565 0.21061946902654868
566 0.21024734982332155
567 0.20987654320987653
568 0.20950704225352113
569 0.20913884007029876
570 0.20877192982456141
571 0.2084063047285464
572 0.20804195804195805
573 0.20767888307155322
574 0.2073170731707317
575 0.20695652173913043
