1 1.0
2 1.0
3 0.6666666666666666
4 0.75
5 0.8
6 0.8333333333333334
7 0.8571428571428571
8 0.875
9 0.8888888888888888
10 0.9
11 0.9090909090909091
12 0.9166666666666666
13 0.8461538461538461
14 0.7857142857142857
15 0.8
16 0.8125
17 0.8235294117647058
18 0.7777777777777778
19 0.7368421052631579
20 0.75
21 0.7619047619047619
22 0.7727272727272727
23 0.7391304347826086
24 0.75
25 0.72
26 0.7307692307692307
27 0.7037037037037037
28 0.6785714285714286
29 0.6551724137931034
30 0.6666666666666666
31 0.6774193548387096
32 0.65625
33 0.6666666666666666
34 0.6764705882352942
35 0.6857142857142857
36 0.6944444444444444
37 0.7027027027027027
38 0.7105263157894737
39 0.6923076923076923
40 0.675
41 0.6829268292682927
42 0.6904761904761905
43 0.6976744186046512
44 0.6818181818181818
45 0.6888888888888889
46 0.6956521739130435
47 0.7021276595744681
48 0.6875
49 0.6938775510204082
50 0.7
51 0.6862745098039216
52 0.6730769230769231
53 0.660377358490566
54 0.6666666666666666
55 0.6727272727272727
56 0.6607142857142857
57 0.6666666666666666
58 0.6551724137931034
59 0.6440677966101694
60 0.65
61 0.6557377049180327
62 0.6612903225806451
63 0.6666666666666666
64 0.671875
65 0.6615384615384615
66 0.6515151515151515
67 0.6567164179104478
68 0.6617647058823529
69 0.6666666666666666
70 0.6571428571428571
71 0.6619718309859155
72 0.6666666666666666
73 0.6575342465753424
74 0.6486486486486487
75 0.6533333333333333
76 0.6447368421052632
77 0.6493506493506493
78 0.6410256410256411
79 0.6455696202531646
80 0.6375
81 0.6296296296296297
82 0.6341463414634146
83 0.6385542168674698
84 0.6309523809523809
85 0.6235294117647059
86 0.6162790697674418
87 0.6206896551724138
88 0.6136363636363636
89 0.6067415730337079
90 0.6
91 0.6043956043956044
92 0.6086956521739131
93 0.6021505376344086
94 0.6063829787234043
95 0.6105263157894737
96 0.6041666666666666
97 0.5979381443298969
98 0.6020408163265306
99 0.5959595959595959
100 0.59
101 0.5841584158415841
102 0.5882352941176471
103 0.5922330097087378
104 0.5865384615384616
105 0.5904761904761905
106 0.5849056603773585
107 0.5887850467289719
108 0.5833333333333334
109 0.5871559633027523
110 0.5818181818181818
111 0.5765765765765766
112 0.5714285714285714
113 0.5752212389380531
114 0.5789473684210527
115 0.5826086956521739
116 0.5775862068965517
117 0.5726495726495726
118 0.576271186440678
119 0.5714285714285714
120 0.5666666666666667
121 0.5702479338842975
122 0.5655737704918032
123 0.5609756097560976
124 0.5645161290322581
125 0.56
126 0.5555555555555556
127 0.5590551181102362
128 0.5546875
129 0.5503875968992248
130 0.5461538461538461
131 0.5419847328244275
132 0.5378787878787878
133 0.5413533834586466
134 0.5373134328358209
135 0.5333333333333333
136 0.5294117647058824
137 0.5328467153284672
138 0.5362318840579711
139 0.539568345323741
140 0.5428571428571428
141 0.5460992907801419
142 0.5422535211267606
143 0.5454545454545454
144 0.5416666666666666
145 0.5448275862068965
146 0.547945205479452
147 0.5510204081632653
148 0.5472972972972973
149 0.5436241610738255
150 0.54
151 0.543046357615894
152 0.5394736842105263
153 0.5359477124183006
154 0.5324675324675324
155 0.535483870967742
156 0.532051282051282
157 0.5286624203821656
158 0.5253164556962026
159 0.5220125786163522
160 0.51875
161 0.5217391304347826
162 0.5185185185185185
163 0.5153374233128835
164 0.5182926829268293
165 0.5212121212121212
166 0.5180722891566265
167 0.5209580838323353
168 0.5178571428571429
169 0.5207100591715976
170 0.5176470588235295
171 0.52046783625731
172 0.5174418604651163
173 0.5144508670520231
174 0.5114942528735632
175 0.5142857142857142
176 0.5113636363636364
177 0.5141242937853108
178 0.5168539325842697
179 0.5195530726256983
180 0.5166666666666667
181 0.5138121546961326
182 0.510989010989011
183 0.5136612021857924
184 0.5108695652173914
185 0.5081081081081081
186 0.5053763440860215
187 0.5026737967914439
188 0.5053191489361702
189 0.5026455026455027
190 0.5
191 0.4973821989528796
192 0.4947916666666667
193 0.49222797927461137
194 0.4948453608247423
195 0.49230769230769234
196 0.4897959183673469
197 0.4873096446700508
198 0.48484848484848486
199 0.4824120603015075
200 0.48
201 0.47761194029850745
202 0.4752475247524752
203 0.4729064039408867
204 0.47058823529411764
205 0.47317073170731705
206 0.470873786407767
207 0.47342995169082125
208 0.47596153846153844
209 0.47368421052631576
210 0.4714285714285714
211 0.46919431279620855
212 0.4716981132075472
213 0.4694835680751174
214 0.4672897196261682
215 0.46511627906976744
216 0.46296296296296297
217 0.4608294930875576
218 0.45871559633027525
219 0.4611872146118721
220 0.4636363636363636
221 0.46153846153846156
222 0.4594594594594595
223 0.45739910313901344
224 0.45535714285714285
225 0.4577777777777778
226 0.4557522123893805
227 0.45374449339207046
228 0.4517543859649123
229 0.4497816593886463
230 0.45217391304347826
231 0.45021645021645024
232 0.4525862068965517
233 0.45064377682403434
234 0.44871794871794873
235 0.44680851063829785
236 0.4449152542372881
237 0.4430379746835443
238 0.4411764705882353
239 0.4393305439330544
240 0.44166666666666665
241 0.44398340248962653
242 0.44214876033057854
243 0.4444444444444444
244 0.4426229508196721
245 0.44081632653061226
246 0.44308943089430897
247 0.44129554655870445
248 0.43951612903225806
249 0.43775100401606426
250 0.436
251 0.4342629482071713
252 0.43253968253968256
253 0.4308300395256917
254 0.42913385826771655
255 0.42745098039215684
256 0.4296875
257 0.4280155642023346
258 0.4263565891472868
259 0.4247104247104247
260 0.4269230769230769
261 0.42528735632183906
262 0.42366412213740456
263 0.4220532319391635
264 0.42424242424242425
265 0.4226415094339623
266 0.42105263157894735
267 0.41947565543071164
268 0.417910447761194
269 0.4163568773234201
270 0.4148148148148148
271 0.4132841328413284
272 0.4117647058823529
273 0.41025641025641024
274 0.40875912408759124
275 0.4072727272727273
276 0.4057971014492754
277 0.4043321299638989
278 0.4028776978417266
279 0.4014336917562724
280 0.4
281 0.398576512455516
282 0.3971631205673759
283 0.3957597173144876
284 0.39436619718309857
285 0.3929824561403509
286 0.3916083916083916
287 0.3902439024390244
288 0.3888888888888889
289 0.3875432525951557
290 0.38620689655172413
291 0.3848797250859107
292 0.3835616438356164
293 0.3822525597269625
294 0.38095238095238093
295 0.37966101694915255
296 0.3783783783783784
297 0.3771043771043771
298 0.37583892617449666
299 0.3779264214046823
300 0.37666666666666665
301 0.3754152823920266
302 0.3741721854304636
303 0.37293729372937295
304 0.3717105263157895
305 0.3704918032786885
306 0.37254901960784315
307 0.3745928338762215
308 0.37337662337662336
309 0.37216828478964403
310 0.3709677419354839
311 0.36977491961414793
312 0.3685897435897436
313 0.36741214057507987
314 0.3662420382165605
315 0.36507936507936506
316 0.3639240506329114
317 0.3627760252365931
318 0.36163522012578614
319 0.3605015673981191
320 0.359375
321 0.3582554517133956
322 0.35714285714285715
323 0.3560371517027864
324 0.3549382716049383
325 0.35384615384615387
326 0.35276073619631904
327 0.3516819571865443
328 0.35060975609756095
329 0.3495440729483283
330 0.3484848484848485
331 0.3474320241691843
332 0.3463855421686747
333 0.34534534534534533
334 0.344311377245509
335 0.34328358208955223
336 0.34226190476190477
337 0.34124629080118696
338 0.34023668639053256
339 0.3392330383480826
340 0.3382352941176471
341 0.34017595307917886
342 0.3391812865497076
343 0.33819241982507287
344 0.3372093023255814
345 0.336231884057971
346 0.3352601156069364
347 0.33429394812680113
348 0.3333333333333333
349 0.332378223495702
350 0.3314285714285714
