1 1.0
2 1.0
3 1.0
4 1.0
5 1.0
6 0.8333333333333334
7 0.8571428571428571
8 0.875
9 0.8888888888888888
10 0.8
11 0.8181818181818182
12 0.8333333333333334
13 0.8461538461538461
14 0.8571428571428571
15 0.8666666666666667
16 0.875
17 0.8823529411764706
18 0.8333333333333334
19 0.7894736842105263
20 0.8
21 0.8095238095238095
22 0.8181818181818182
23 0.8260869565217391
24 0.8333333333333334
25 0.84
26 0.8076923076923077
27 0.8148148148148148
28 0.7857142857142857
29 0.7931034482758621
30 0.8
31 0.8064516129032258
32 0.8125
33 0.8181818181818182
34 0.7941176470588235
35 0.7714285714285715
36 0.7777777777777778
37 0.7567567567567568
38 0.7631578947368421
39 0.7692307692307693
40 0.75
41 0.7317073170731707
42 0.7142857142857143
43 0.7209302325581395
44 0.7272727272727273
45 0.7333333333333333
46 0.717391304347826
47 0.7021276595744681
48 0.6875
49 0.6938775510204082
50 0.68
51 0.6666666666666666
52 0.6730769230769231
53 0.6792452830188679
54 0.6851851851851852
55 0.6909090909090909
56 0.6964285714285714
57 0.7017543859649122
58 0.7068965517241379
59 0.711864406779661
60 0.7
61 0.6885245901639344
62 0.6774193548387096
63 0.6666666666666666
64 0.671875
65 0.6615384615384615
66 0.6515151515151515
67 0.6417910447761194
68 0.6323529411764706
69 0.6231884057971014
70 0.6142857142857143
71 0.6056338028169014
72 0.5972222222222222
73 0.589041095890411
74 0.581081081081081
75 0.5866666666666667
76 0.5789473684210527
77 0.5714285714285714
78 0.5641025641025641
79 0.5569620253164557
80 0.55
81 0.5432098765432098
82 0.5487804878048781
83 0.5421686746987951
84 0.5476190476190477
85 0.5411764705882353
86 0.5465116279069767
87 0.5402298850574713
88 0.5340909090909091
89 0.5280898876404494
90 0.5333333333333333
91 0.5384615384615384
92 0.5434782608695652
93 0.5483870967741935
94 0.5425531914893617
95 0.5473684210526316
96 0.5416666666666666
97 0.5463917525773195
98 0.5408163265306123
99 0.5454545454545454
100 0.55
101 0.5445544554455446
102 0.5392156862745098
103 0.5436893203883495
104 0.5480769230769231
105 0.5523809523809524
106 0.5471698113207547
107 0.5420560747663551
108 0.5370370370370371
109 0.5321100917431193
110 0.5272727272727272
111 0.5315315315315315
112 0.5267857142857143
113 0.5309734513274337
114 0.5350877192982456
115 0.5304347826086957
116 0.5258620689655172
117 0.5213675213675214
118 0.5169491525423728
119 0.5126050420168067
120 0.5083333333333333
121 0.5041322314049587
122 0.5
123 0.5040650406504065
124 0.5
125 0.496
126 0.5
127 0.49606299212598426
128 0.4921875
129 0.4883720930232558
130 0.49230769230769234
131 0.48854961832061067
132 0.48484848484848486
133 0.48120300751879697
134 0.48507462686567165
135 0.48148148148148145
136 0.4852941176470588
137 0.48175182481751827
138 0.4782608695652174
139 0.4748201438848921
140 0.4785714285714286
141 0.48226950354609927
142 0.4788732394366197
143 0.4755244755244755
144 0.4722222222222222
145 0.4689655172413793
146 0.4657534246575342
147 0.46258503401360546
148 0.4594594594594595
149 0.46308724832214765
150 0.46
151 0.46357615894039733
152 0.4605263157894737
153 0.45751633986928103
154 0.45454545454545453
155 0.45161290322580644
156 0.44871794871794873
157 0.445859872611465
158 0.4430379746835443
159 0.44025157232704404
160 0.44375
161 0.4472049689440994
162 0.4444444444444444
163 0.44171779141104295
164 0.43902439024390244
165 0.43636363636363634
166 0.43373493975903615
167 0.4311377245508982
168 0.42857142857142855
169 0.4260355029585799
170 0.4235294117647059
171 0.42105263157894735
172 0.4186046511627907
173 0.4161849710982659
174 0.41379310344827586
175 0.4114285714285714
176 0.4090909090909091
177 0.4124293785310734
178 0.4101123595505618
179 0.40782122905027934
180 0.40555555555555556
181 0.40331491712707185
182 0.4010989010989011
183 0.3989071038251366
184 0.3967391304347826
185 0.3945945945945946
186 0.3924731182795699
187 0.39037433155080214
188 0.3882978723404255
189 0.3862433862433862
190 0.38421052631578945
191 0.387434554973822
192 0.3854166666666667
193 0.38341968911917096
194 0.38144329896907214
195 0.38461538461538464
196 0.3826530612244898
197 0.38071065989847713
198 0.3787878787878788
199 0.3768844221105528
200 0.375
201 0.373134328358209
202 0.3712871287128713
203 0.3694581280788177
204 0.36764705882352944
205 0.36585365853658536
206 0.3640776699029126
207 0.36231884057971014
208 0.3605769230769231
209 0.36363636363636365
210 0.3619047619047619
211 0.36492890995260663
212 0.3632075471698113
213 0.3615023474178404
214 0.3598130841121495
215 0.3581395348837209
216 0.35648148148148145
217 0.3548387096774194
218 0.3532110091743119
219 0.3515981735159817
220 0.35
221 0.34841628959276016
222 0.34684684684684686
223 0.3452914798206278
224 0.34375
225 0.3422222222222222
226 0.34513274336283184
227 0.3436123348017621
228 0.34210526315789475
229 0.3406113537117904
230 0.3391304347826087
231 0.33766233766233766
232 0.33620689655172414
233 0.33476394849785407
234 0.3333333333333333
235 0.33191489361702126
236 0.3347457627118644
237 0.3333333333333333
238 0.3319327731092437
239 0.3305439330543933
240 0.32916666666666666
241 0.3278008298755187
242 0.32644628099173556
243 0.32510288065843623
244 0.3237704918032787
245 0.3224489795918367
246 0.32113821138211385
247 0.31983805668016196
248 0.3185483870967742
249 0.3172690763052209
250 0.316
251 0.3147410358565737
252 0.3134920634920635
253 0.31225296442687744
254 0.3110236220472441
255 0.30980392156862746
256 0.3125
257 0.311284046692607
258 0.313953488372093
259 0.3127413127413127
260 0.31153846153846154
261 0.3103448275862069
262 0.30916030534351147
263 0.30798479087452474
264 0.3068181818181818
265 0.30566037735849055
266 0.30451127819548873
267 0.30337078651685395
268 0.30223880597014924
269 0.30111524163568776
270 0.3
271 0.2988929889298893
272 0.2977941176470588
273 0.2967032967032967
274 0.2956204379562044
275 0.29454545454545455
276 0.29347826086956524
277 0.2924187725631769
278 0.29136690647482016
279 0.2903225806451613
280 0.2892857142857143
281 0.28825622775800713
282 0.2872340425531915
283 0.2862190812720848
284 0.2887323943661972
285 0.28771929824561404
286 0.2867132867132867
287 0.2857142857142857
288 0.2847222222222222
289 0.28719723183391005
290 0.28620689655172415
291 0.2852233676975945
292 0.2842465753424658
293 0.2832764505119454
294 0.282312925170068
295 0.2847457627118644
296 0.28378378378378377
297 0.2828282828282828
298 0.28187919463087246
299 0.2809364548494983
300 0.28
301 0.27906976744186046
302 0.2814569536423841
303 0.28052805280528054
304 0.27960526315789475
305 0.2786885245901639
306 0.2777777777777778
307 0.2768729641693811
308 0.275974025974026
309 0.2750809061488673
310 0.27419354838709675
311 0.2733118971061093
312 0.2724358974358974
313 0.2715654952076677
314 0.27070063694267515
315 0.2698412698412698
316 0.2689873417721519
317 0.26813880126182965
318 0.2672955974842767
319 0.2664576802507837
320 0.265625
321 0.26479750778816197
322 0.2639751552795031
323 0.2631578947368421
324 0.2623456790123457
325 0.26153846153846155
326 0.2607361963190184
327 0.2599388379204893
328 0.25914634146341464
329 0.25835866261398177
330 0.25757575757575757
331 0.256797583081571
332 0.2560240963855422
333 0.2552552552552553
334 0.25449101796407186
335 0.25671641791044775
336 0.25595238095238093
337 0.2551928783382789
338 0.25443786982248523
339 0.2536873156342183
340 0.2529411764705882
341 0.25219941348973607
342 0.25146198830409355
343 0.25072886297376096
344 0.25
345 0.2492753623188406
346 0.24855491329479767
347 0.2478386167146974
348 0.2471264367816092
349 0.24641833810888253
350 0.24571428571428572
351 0.245014245014245
352 0.24431818181818182
353 0.24362606232294617
354 0.24293785310734464
355 0.24225352112676057
356 0.24157303370786518
357 0.24089635854341737
358 0.24022346368715083
359 0.2395543175487465
360 0.2388888888888889
361 0.2409972299168975
362 0.24033149171270718
363 0.2396694214876033
364 0.23901098901098902
365 0.2410958904109589
366 0.24043715846994534
367 0.23978201634877383
368 0.2391304347826087
369 0.23848238482384823
370 0.23783783783783785
371 0.2371967654986523
372 0.23655913978494625
373 0.2359249329758713
374 0.23529411764705882
375 0.23466666666666666
376 0.23404255319148937
377 0.23342175066312998
378 0.2328042328042328
379 0.23218997361477572
380 0.23157894736842105
381 0.23097112860892388
382 0.23036649214659685
383 0.2297650130548303
384 0.22916666666666666
385 0.22857142857142856
386 0.22797927461139897
387 0.22997416020671835
388 0.22938144329896906
389 0.22879177377892032
390 0.2282051282051282
391 0.22762148337595908
392 0.22704081632653061
393 0.22646310432569974
394 0.22588832487309646
395 0.22531645569620254
396 0.22474747474747475
397 0.22418136020151133
398 0.2236180904522613
399 0.22305764411027568
400 0.2225
401 0.22194513715710723
402 0.22139303482587064
403 0.22084367245657568
404 0.2202970297029703
405 0.21975308641975308
406 0.21921182266009853
407 0.21867321867321868
408 0.2181372549019608
409 0.2176039119804401
410 0.21951219512195122
411 0.21897810218978103
412 0.21844660194174756
413 0.2179176755447942
414 0.21739130434782608
415 0.21686746987951808
416 0.21634615384615385
417 0.2158273381294964
418 0.215311004784689
419 0.21479713603818615
420 0.21428571428571427
421 0.21377672209026127
422 0.2132701421800948
423 0.2127659574468085
424 0.21226415094339623
425 0.21176470588235294
426 0.2112676056338028
427 0.2107728337236534
428 0.2102803738317757
429 0.2097902097902098
430 0.20930232558139536
431 0.2088167053364269
432 0.20833333333333334
433 0.20785219399538107
434 0.2073732718894009
435 0.20689655172413793
436 0.20642201834862386
437 0.20594965675057209
438 0.2054794520547945
439 0.20501138952164008
440 0.20454545454545456
441 0.20634920634920634
442 0.20588235294117646
443 0.2054176072234763
444 0.20495495495495494
445 0.20449438202247192
446 0.2040358744394619
447 0.203579418344519
448 0.203125
449 0.2026726057906459
450 0.20222222222222222
451 0.2017738359201774
452 0.2013274336283186
453 0.20309050772626933
454 0.2026431718061674
455 0.2021978021978022
456 0.20175438596491227
457 0.2013129102844639
458 0.20087336244541484
459 0.20261437908496732
460 0.20217391304347826
461 0.2017353579175705
462 0.2012987012987013
463 0.20086393088552915
464 0.20043103448275862
465 0.2
466 0.19957081545064378
467 0.19914346895074947
468 0.20085470085470086
469 0.20042643923240938
470 0.2
471 0.19957537154989385
472 0.19915254237288135
473 0.19873150105708245
474 0.19831223628691982
475 0.19789473684210526
476 0.19747899159663865
477 0.1970649895178197
478 0.19665271966527198
479 0.19624217118997914
480 0.19583333333333333
481 0.19542619542619544
482 0.1950207468879668
483 0.19461697722567287
484 0.19421487603305784
485 0.19381443298969073
486 0.1934156378600823
487 0.19301848049281314
488 0.19262295081967212
489 0.19222903885480572
490 0.19183673469387755
491 0.19144602851323828
492 0.1910569105691057
493 0.19066937119675456
494 0.1902834008097166
495 0.1898989898989899
496 0.18951612903225806
497 0.1891348088531187
498 0.18875502008032127
499 0.18837675350701402
500 0.188
501 0.18762475049900199
502 0.18725099601593626
503 0.18687872763419483
504 0.1865079365079365
505 0.18613861386138614
506 0.1857707509881423
507 0.1854043392504931
508 0.18503937007874016
509 0.18467583497053044
510 0.18627450980392157
511 0.18590998043052837
512 0.185546875
513 0.18518518518518517
514 0.18482490272373542
515 0.18446601941747573
516 0.18410852713178294
517 0.18375241779497098
518 0.1833976833976834
519 0.18497109826589594
520 0.18461538461538463
521 0.18426103646833014
522 0.1839080459770115
523 0.1835564053537285
524 0.183206106870229
525 0.18285714285714286
526 0.18250950570342206
527 0.1840607210626186
528 0.18371212121212122
529 0.1833648393194707
530 0.1830188679245283
531 0.18267419962335216
532 0.18233082706766918
533 0.18198874296435272
534 0.18164794007490637
535 0.18130841121495328
536 0.18097014925373134
537 0.18063314711359404
538 0.18029739776951673
539 0.17996289424860853
540 0.17962962962962964
541 0.17929759704251386
542 0.17896678966789667
543 0.17863720073664824
544 0.17830882352941177
545 0.1779816513761468
546 0.17765567765567766
547 0.1773308957952468
548 0.177007299270073
549 0.1766848816029144
550 0.17636363636363636
551 0.17604355716878403
552 0.17572463768115942
553 0.17540687160940324
554 0.17509025270758122
555 0.17477477477477477
556 0.17446043165467626
557 0.1741472172351885
558 0.17383512544802868
559 0.1735241502683363
560 0.1732142857142857
561 0.17290552584670232
562 0.17259786476868327
563 0.17229129662522202
564 0.17198581560283688
565 0.17168141592920355
566 0.17137809187279152
567 0.1710758377425044
568 0.17077464788732394
569 0.1704745166959578
570 0.17017543859649123
571 0.16987740805604204
572 0.16958041958041958
573 0.16928446771378708
574 0.16898954703832753
575 0.16869565217391305
576 0.1684027777777778
577 0.1681109185441941
578 0.16782006920415224
579 0.1692573402417962
580 0.16896551724137931
581 0.1686746987951807
582 0.16838487972508592
583 0.1680960548885077
584 0.1678082191780822
585 0.1675213675213675
586 0.16723549488054607
587 0.16695059625212946
588 0.16666666666666666
589 0.166383701188455
590 0.16610169491525423
591 0.1658206429780034
592 0.16554054054054054
593 0.16526138279932545
594 0.16498316498316498
595 0.16470588235294117
596 0.1644295302013423
597 0.16415410385259632
598 0.16387959866220736
599 0.1636060100166945
600 0.16333333333333333
601 0.16306156405990016
602 0.16279069767441862
603 0.1625207296849088
604 0.16225165562913907
605 0.16198347107438016
606 0.1617161716171617
607 0.1614497528830313
608 0.1611842105263158
609 0.16091954022988506
610 0.16065573770491803
611 0.16039279869067102
612 0.16013071895424835
613 0.1598694942903752
614 0.15960912052117263
615 0.15934959349593497
616 0.1590909090909091
617 0.15883306320907617
618 0.15857605177993528
619 0.1583198707592892
620 0.15806451612903225
621 0.15780998389694043
622 0.15755627009646303
623 0.15730337078651685
624 0.15705128205128205
625 0.1568
626 0.15654952076677317
627 0.15789473684210525
628 0.15764331210191082
629 0.1573926868044515
630 0.15714285714285714
631 0.15689381933438987
632 0.15664556962025317
633 0.15639810426540285
634 0.15615141955835962
635 0.15590551181102363
636 0.15566037735849056
637 0.1554160125588697
638 0.15517241379310345
639 0.15492957746478872
640 0.1546875
641 0.1544461778471139
642 0.1542056074766355
643 0.15552099533437014
644 0.15527950310559005
645 0.15503875968992248
646 0.15479876160990713
647 0.1545595054095827
648 0.15432098765432098
649 0.15408320493066255
650 0.15384615384615385
651 0.15360983102918588
652 0.15337423312883436
653 0.15313935681470137
654 0.1529051987767584
655 0.15267175572519084
656 0.1524390243902439
657 0.15220700152207
658 0.1519756838905775
659 0.15174506828528073
660 0.15151515151515152
661 0.15128593040847202
662 0.1510574018126888
663 0.15082956259426847
664 0.15060240963855423
665 0.15037593984962405
666 0.15015015015015015
667 0.14992503748125938
668 0.1497005988023952
669 0.14947683109118087
670 0.14925373134328357
671 0.14903129657228018
672 0.1488095238095238
673 0.1485884101040119
674 0.14836795252225518
675 0.14814814814814814
676 0.14792899408284024
677 0.14771048744460857
678 0.14749262536873156
679 0.14727540500736377
680 0.14705882352941177
681 0.14684287812041116
682 0.1466275659824047
683 0.14641288433382138
684 0.14619883040935672
685 0.145985401459854
686 0.1457725947521866
687 0.14556040756914118
688 0.14534883720930233
689 0.14513788098693758
690 0.14492753623188406
691 0.1447178002894356
692 0.14450867052023122
693 0.1443001443001443
694 0.14553314121037464
695 0.14532374100719425
696 0.14511494252873564
697 0.1449067431850789
698 0.14469914040114612
699 0.14449213161659513
700 0.1442857142857143
701 0.14407988587731813
702 0.14387464387464388
703 0.14366998577524892
704 0.1434659090909091
705 0.14326241134751774
706 0.14305949008498584
707 0.14285714285714285
708 0.1426553672316384
709 0.14245416078984485
710 0.14225352112676057
711 0.1420534458509142
712 0.14185393258426968
713 0.14165497896213183
714 0.14145658263305322
715 0.14125874125874127
716 0.14106145251396648
717 0.14086471408647142
718 0.14066852367688024
719 0.1404728789986092
720 0.14027777777777778
721 0.14008321775312066
722 0.13988919667590027
723 0.1396957123098202
724 0.13950276243093923
725 0.1393103448275862
726 0.13911845730027547
727 0.13892709766162312
728 0.13873626373626374
729 0.13854595336076816
730 0.13835616438356163
731 0.1381668946648427
732 0.13797814207650272
733 0.1377899045020464
734 0.13760217983651227
735 0.13741496598639455
736 0.13722826086956522
737 0.13704206241519673
738 0.13685636856368563
739 0.13667117726657646
740 0.13648648648648648
741 0.13630229419703105
742 0.13611859838274934
743 0.13593539703903096
744 0.135752688172043
745 0.13557046979865772
746 0.1353887399463807
747 0.13520749665327977
748 0.13502673796791445
749 0.1348464619492657
750 0.13466666666666666
751 0.13448735019973368
752 0.13430851063829788
753 0.1341301460823373
754 0.13395225464190982
755 0.1337748344370861
756 0.1335978835978836
757 0.1334214002642008
758 0.13324538258575197
759 0.13306982872200263
760 0.13289473684210526
761 0.13272010512483573
762 0.1325459317585302
763 0.13237221494102228
764 0.13219895287958114
765 0.13202614379084968
766 0.13185378590078328
767 0.1316818774445893
768 0.13151041666666666
769 0.13133940182054615
770 0.13116883116883116
771 0.1309987029831388
772 0.13082901554404144
773 0.13065976714100905
774 0.13049095607235142
775 0.13032258064516128
776 0.13015463917525774
777 0.12998712998713
778 0.12982005141388175
779 0.12965340179717585
780 0.1294871794871795
781 0.1293213828425096
782 0.12915601023017903
783 0.12899106002554278
784 0.1288265306122449
785 0.1286624203821656
786 0.12849872773536897
787 0.12833545108005082
788 0.1281725888324873
789 0.12801013941698353
790 0.12784810126582277
791 0.1276864728192162
792 0.1275252525252525
793 0.1273644388398487
794 0.12720403022670027
795 0.1270440251572327
796 0.12688442211055276
797 0.12672521957340024
798 0.12656641604010024
799 0.12640801001251564
800 0.12625
801 0.12609238451935081
802 0.1259351620947631
803 0.12577833125778332
804 0.1256218905472637
805 0.12546583850931678
806 0.12531017369727046
807 0.1251548946716233
808 0.125
809 0.12484548825710753
810 0.12469135802469136
811 0.12453760789149199
812 0.12438423645320197
813 0.12423124231242312
814 0.12407862407862408
815 0.12392638036809817
816 0.12377450980392157
817 0.12362301101591187
818 0.1234718826405868
819 0.12332112332112333
820 0.12317073170731707
821 0.12302070645554203
822 0.12287104622871046
823 0.1227217496962333
824 0.12257281553398058
825 0.12242424242424242
826 0.12227602905569007
827 0.12212817412333736
828 0.12198067632850242
829 0.1218335343787696
830 0.1216867469879518
831 0.12154031287605295
832 0.12139423076923077
833 0.1212484993997599
834 0.1211031175059952
835 0.12095808383233533
836 0.12081339712918661
837 0.12066905615292713
838 0.12052505966587113
839 0.12038140643623362
840 0.12023809523809524
841 0.12009512485136742
842 0.11995249406175772
843 0.11981020166073547
844 0.11966824644549763
845 0.11952662721893491
846 0.11938534278959811
847 0.1192443919716647
848 0.11910377358490566
849 0.12014134275618374
850 0.12
851 0.11985898942420682
852 0.11971830985915492
853 0.11957796014067995
854 0.11943793911007025
855 0.11929824561403508
856 0.1191588785046729
857 0.11901983663943991
858 0.11888111888111888
859 0.11874272409778813
860 0.1186046511627907
861 0.11846689895470383
862 0.11832946635730858
863 0.11819235225955968
864 0.11805555555555555
865 0.11791907514450867
866 0.11778290993071594
867 0.11764705882352941
868 0.1175115207373272
869 0.11737629459148446
870 0.11724137931034483
871 0.11710677382319173
872 0.11697247706422019
873 0.11683848797250859
874 0.11784897025171624
875 0.11771428571428572
876 0.11757990867579908
877 0.11744583808437856
878 0.11731207289293849
879 0.11717861205915814
880 0.11704545454545455
881 0.11691259931895573
882 0.11678004535147392
883 0.11664779161947905
884 0.1165158371040724
885 0.11638418079096045
886 0.1162528216704289
887 0.1161217587373168
888 0.11599099099099099
889 0.11586051743532058
890 0.11573033707865168
891 0.11560044893378227
892 0.11547085201793722
893 0.11534154535274356
894 0.11521252796420582
895 0.11508379888268157
896 0.11495535714285714
897 0.11482720178372352
898 0.11469933184855234
899 0.11457174638487208
900 0.11444444444444445
901 0.11431742508324085
902 0.11419068736141907
903 0.11406423034330011
904 0.11393805309734513
905 0.1138121546961326
906 0.11368653421633554
907 0.11356119073869901
908 0.11343612334801761
909 0.11331133113311331
910 0.11318681318681319
911 0.11306256860592755
912 0.11293859649122807
913 0.11281489594742607
914 0.11269146608315099
915 0.11256830601092896
916 0.11244541484716157
917 0.11232279171210469
918 0.11220043572984749
919 0.11207834602829161
920 0.11195652173913044
921 0.11183496199782844
922 0.11279826464208242
923 0.11267605633802817
924 0.11255411255411256
925 0.11243243243243244
926 0.11231101511879049
927 0.1121898597626753
928 0.11206896551724138
929 0.11194833153928956
930 0.11182795698924732
931 0.11170784103114931
932 0.11158798283261803
933 0.11146838156484459
934 0.11134903640256959
935 0.11122994652406418
936 0.1111111111111111
937 0.11099252934898612
938 0.11087420042643924
939 0.11075612353567625
940 0.11063829787234042
941 0.11052072263549416
942 0.11040339702760085
943 0.1102863202545069
944 0.11016949152542373
945 0.11005291005291006
946 0.10993657505285412
947 0.10982048574445617
948 0.10970464135021098
949 0.1095890410958904
950 0.10947368421052632
951 0.10935856992639327
952 0.1092436974789916
953 0.10912906610703044
954 0.1090146750524109
955 0.10890052356020942
956 0.1087866108786611
957 0.10867293625914315
958 0.10855949895615867
959 0.10844629822732013
960 0.109375
961 0.10926118626430802
962 0.10914760914760915
963 0.10903426791277258
964 0.10892116182572614
965 0.10880829015544041
966 0.10869565217391304
967 0.10858324715615306
968 0.10847107438016529
969 0.10835913312693499
970 0.10824742268041238
971 0.10813594232749743
972 0.10802469135802469
973 0.1079136690647482
974 0.10780287474332649
975 0.1076923076923077
976 0.10758196721311475
977 0.10747185261003071
978 0.10736196319018405
979 0.10725229826353422
980 0.10714285714285714
981 0.10703363914373089
982 0.10692464358452139
983 0.10681586978636826
984 0.10670731707317073
985 0.1065989847715736
986 0.10649087221095335
987 0.10638297872340426
988 0.1062753036437247
989 0.10616784630940344
990 0.10606060606060606
991 0.10595358224016145
992 0.10584677419354839
993 0.10574018126888217
994 0.1056338028169014
995 0.10552763819095477
996 0.10542168674698796
997 0.10531594784353059
998 0.10521042084168336
999 0.10510510510510511
1000 0.105
1001 0.1048951048951049
1002 0.10479041916167664
1003 0.10468594217347957
1004 0.10458167330677291
1005 0.1044776119402985
1006 0.10437375745526839
1007 0.10427010923535253
1008 0.10416666666666667
1009 0.10406342913776016
1010 0.10396039603960396
1011 0.10385756676557864
1012 0.10375494071146245
1013 0.10365251727541955
1014 0.10355029585798817
1015 0.10344827586206896
1016 0.10334645669291338
1017 0.10324483775811209
1018 0.1031434184675835
1019 0.10304219823356231
1020 0.10294117647058823
1021 0.10284035259549461
1022 0.10273972602739725
1023 0.10263929618768329
1024 0.1025390625
1025 0.1024390243902439
1026 0.1023391812865497
1027 0.10223953261927946
1028 0.10214007782101167
1029 0.10204081632653061
1030 0.10194174757281553
1031 0.10184287099903007
1032 0.10174418604651163
1033 0.10164569215876089
1034 0.10154738878143134
1035 0.10144927536231885
1036 0.10135135135135136
1037 0.10125361620057859
1038 0.10115606936416185
1039 0.10105871029836382
1040 0.10096153846153846
1041 0.10086455331412104
1042 0.10076775431861804
1043 0.10067114093959731
1044 0.10057471264367816
1045 0.10047846889952153
1046 0.10038240917782026
1047 0.10028653295128939
1048 0.10019083969465649
1049 0.10009532888465204
1050 0.1
1051 0.09990485252140818
1052 0.09980988593155894
1053 0.09971509971509972
1054 0.09962049335863378
1055 0.0995260663507109
1056 0.09943181818181818
1057 0.09933774834437085
1058 0.09924385633270322
1059 0.09915014164305949
1060 0.09905660377358491
1061 0.09896324222431668
1062 0.09887005649717515
1063 0.09971777986829727
1064 0.09962406015037593
1065 0.10046948356807511
1066 0.10131332082551595
1067 0.10121836925960637
1068 0.10112359550561797
1069 0.10102899906454631
1070 0.10093457943925234
1071 0.10084033613445378
1072 0.10074626865671642
1073 0.10065237651444547
1074 0.1005586592178771
1075 0.10046511627906977
1076 0.10037174721189591
1077 0.10027855153203342
1078 0.10018552875695733
1079 0.10009267840593142
1080 0.1
1081 0.09990749306197964
1082 0.09981515711645102
1083 0.0997229916897507
1084 0.0996309963099631
1085 0.09953917050691244
1086 0.09944751381215469
1087 0.09935602575896964
1088 0.09926470588235294
1089 0.09917355371900827
1090 0.09908256880733946
1091 0.09899175068744272
1092 0.0989010989010989
1093 0.09881061299176579
1094 0.09872029250457039
1095 0.09863013698630137
1096 0.09854014598540146
1097 0.09845031905195989
1098 0.09836065573770492
1099 0.09827115559599636
1100 0.09818181818181818
1101 0.09809264305177112
1102 0.09800362976406533
1103 0.09791477787851315
1104 0.09782608695652174
1105 0.09773755656108597
1106 0.09764918625678119
1107 0.0975609756097561
1108 0.09747292418772563
1109 0.09738503155996393
1110 0.0972972972972973
1111 0.09720972097209721
1112 0.09712230215827339
1113 0.09703504043126684
1114 0.09694793536804308
1115 0.0968609865470852
1116 0.0967741935483871
1117 0.09668755595344673
1118 0.09660107334525939
1119 0.09651474530831099
1120 0.09642857142857143
1121 0.09634255129348795
1122 0.0962566844919786
1123 0.09617097061442564
1124 0.09608540925266904
1125 0.096
1126 0.09591474245115453
1127 0.09582963620230701
1128 0.09574468085106383
1129 0.09565987599645705
1130 0.09557522123893805
1131 0.09549071618037135
1132 0.09540636042402827
1133 0.09532215357458076
1134 0.09523809523809523
1135 0.09515418502202644
1136 0.09507042253521127
1137 0.09498680738786279
1138 0.09490333919156414
1139 0.09482001755926252
1140 0.09473684210526316
1141 0.09465381244522349
1142 0.09457092819614711
1143 0.09448818897637795
1144 0.0944055944055944
1145 0.0943231441048035
1146 0.09424083769633508
1147 0.09415867480383609
1148 0.09407665505226481
1149 0.09399477806788512
1150 0.09391304347826086
1151 0.09383145091225022
1152 0.09375
1153 0.09366869037294015
1154 0.09358752166377816
1155 0.09350649350649351
1156 0.09342560553633218
1157 0.09334485738980121
1158 0.09326424870466321
1159 0.09318377911993098
1160 0.09310344827586207
1161 0.09302325581395349
1162 0.09294320137693632
1163 0.09286328460877043
1164 0.09278350515463918
1165 0.0927038626609442
1166 0.09262435677530018
1167 0.09254498714652956
1168 0.09246575342465753
1169 0.09238665526090675
1170 0.09230769230769231
1171 0.09222886421861656
1172 0.09215017064846416
1173 0.09207161125319693
1174 0.0919931856899489
1175 0.09191489361702128
1176 0.09183673469387756
1177 0.09175870858113849
1178 0.09168081494057725
1179 0.0916030534351145
1180 0.09152542372881356
1181 0.09144792548687553
1182 0.09137055837563451
1183 0.09129332206255283
1184 0.09121621621621621
1185 0.09113924050632911
1186 0.09106239460370995
1187 0.09098567818028644
1188 0.09090909090909091
1189 0.09083263246425567
1190 0.0907563025210084
1191 0.0906801007556675
1192 0.09060402684563758
1193 0.09052808046940486
1194 0.09045226130653267
1195 0.09037656903765691
1196 0.0903010033444816
1197 0.09022556390977443
1198 0.09015025041736227
1199 0.09007506255212677
1200 0.09
1201 0.08992506244796003
1202 0.08985024958402663
1203 0.08977556109725686
1204 0.08970099667774087
1205 0.08962655601659751
1206 0.08955223880597014
1207 0.08947804473902236
1208 0.08940397350993377
1209 0.08933002481389578
1210 0.08925619834710743
1211 0.08918249380677126
1212 0.0891089108910891
1213 0.08903544929925804
1214 0.08896210873146623
1215 0.08888888888888889
1216 0.08881578947368421
1217 0.08874281018898932
1218 0.08866995073891626
1219 0.08859721082854799
1220 0.08852459016393442
1221 0.08845208845208845
1222 0.088379705400982
1223 0.08830744071954211
1224 0.08823529411764706
1225 0.08816326530612245
1226 0.08809135399673736
1227 0.08801955990220049
1228 0.08794788273615635
1229 0.08787632221318145
1230 0.08780487804878048
1231 0.08773354995938261
1232 0.08766233766233766
1233 0.08759124087591241
1234 0.08752025931928688
1235 0.0874493927125506
1236 0.08737864077669903
1237 0.08730800323362975
1238 0.08723747980613894
1239 0.08716707021791767
1240 0.08709677419354839
1241 0.08702659145850121
1242 0.08695652173913043
1243 0.08688656476267095
1244 0.08681672025723473
1245 0.08674698795180723
1246 0.08667736757624397
1247 0.08660785886126704
1248 0.08653846153846154
1249 0.08646917534027222
1250 0.0864
1251 0.08633093525179857
1252 0.08626198083067092
1253 0.08619313647246608
1254 0.0861244019138756
1255 0.08605577689243028
1256 0.08598726114649681
1257 0.08591885441527446
1258 0.08585055643879173
1259 0.0857823669579031
1260 0.08571428571428572
1261 0.08564631245043616
1262 0.08557844690966719
1263 0.0855106888361045
1264 0.08544303797468354
1265 0.08537549407114625
1266 0.08530805687203792
1267 0.08524072612470403
1268 0.08517350157728706
1269 0.0851063829787234
1270 0.08503937007874016
1271 0.08497246262785209
1272 0.08490566037735849
1273 0.08483896307934014
1274 0.0847723704866562
1275 0.08470588235294117
1276 0.08463949843260188
1277 0.08457321848081441
1278 0.08450704225352113
1279 0.08444096950742767
1280 0.084375
1281 0.08430913348946135
1282 0.0842433697347894
1283 0.08417770849571317
1284 0.08411214953271028
1285 0.0840466926070039
1286 0.08398133748055987
1287 0.08391608391608392
1288 0.08385093167701864
1289 0.08378588052754073
1290 0.08372093023255814
1291 0.08365608055770721
1292 0.08359133126934984
1293 0.08352668213457076
1294 0.08346213292117466
1295 0.0833976833976834
1296 0.08333333333333333
1297 0.08326908249807248
1298 0.08320493066255778
1299 0.08314087759815242
1300 0.08307692307692308
1301 0.0830130668716372
1302 0.08294930875576037
1303 0.08288564850345356
1304 0.08282208588957055
1305 0.08275862068965517
1306 0.08269525267993874
1307 0.08263198163733741
1308 0.08256880733944955
1309 0.0825057295645531
1310 0.08244274809160305
1311 0.08237986270022883
1312 0.08231707317073171
1313 0.08225437928408226
1314 0.0821917808219178
1315 0.08212927756653993
1316 0.08206686930091185
1317 0.08200455580865604
1318 0.0819423368740516
1319 0.08188021228203184
1320 0.08181818181818182
1321 0.0817562452687358
1322 0.08169440242057488
1323 0.08163265306122448
1324 0.08157099697885196
1325 0.08150943396226415
1326 0.08144796380090498
1327 0.08138658628485305
1328 0.08132530120481928
1329 0.08126410835214447
1330 0.081203007518797
1331 0.0811419984973704
1332 0.08108108108108109
1333 0.08102025506376594
1334 0.08095952023988005
1335 0.08089887640449438
1336 0.08083832335329341
1337 0.08077786088257292
1338 0.08071748878923767
1339 0.08065720687079911
1340 0.08059701492537313
1341 0.08053691275167785
1342 0.08047690014903129
1343 0.08041697691734921
1344 0.08035714285714286
1345 0.08029739776951673
1346 0.08023774145616643
1347 0.0801781737193764
1348 0.08011869436201781
1349 0.08005930318754632
1350 0.08
1351 0.07994078460399703
1352 0.07988165680473373
1353 0.07982261640798226
1354 0.07976366322008863
1355 0.07970479704797048
1356 0.07964601769911504
1357 0.079587324981577
1358 0.07952871870397643
1359 0.07947019867549669
1360 0.07941176470588235
1361 0.07935341660543718
1362 0.07929515418502203
1363 0.07923697725605282
1364 0.07917888563049853
1365 0.07912087912087912
1366 0.07906295754026355
1367 0.07900512070226774
1368 0.07894736842105263
1369 0.07888970051132213
1370 0.07883211678832117
1371 0.0787746170678337
1372 0.07871720116618076
1373 0.0786598689002185
1374 0.07860262008733625
1375 0.07854545454545454
1376 0.07848837209302326
1377 0.0784313725490196
1378 0.0783744557329463
1379 0.07831762146482958
1380 0.0782608695652174
1381 0.0782041998551774
1382 0.07814761215629522
1383 0.07809110629067245
1384 0.07803468208092486
1385 0.0779783393501805
1386 0.07792207792207792
1387 0.07786589762076424
1388 0.07780979827089338
1389 0.07775377969762419
1390 0.0776978417266187
1391 0.07764198418404025
1392 0.07758620689655173
1393 0.07753050969131371
1394 0.07747489239598278
1395 0.07741935483870968
1396 0.07736389684813753
1397 0.07730851825340014
1398 0.07725321888412018
1399 0.07719799857040743
1400 0.07714285714285714
1401 0.07708779443254818
1402 0.07703281027104136
1403 0.07697790449037777
1404 0.07692307692307693
1405 0.07686832740213523
1406 0.07681365576102418
1407 0.0767590618336887
1408 0.07670454545454546
1409 0.0766501064584812
1410 0.07659574468085106
1411 0.07654145995747696
1412 0.0764872521246459
1413 0.07643312101910828
1414 0.07637906647807638
1415 0.07632508833922262
1416 0.07627118644067797
1417 0.07621736062103035
1418 0.076163610719323
1419 0.07610993657505286
1420 0.07605633802816901
1421 0.07600281491907107
1422 0.0759493670886076
1423 0.0758959943780745
1424 0.07584269662921349
1425 0.07578947368421053
1426 0.07573632538569425
1427 0.0756832515767344
1428 0.07563025210084033
1429 0.07557732680195942
1430 0.07552447552447553
1431 0.07547169811320754
1432 0.07541899441340782
1433 0.07536636427076064
1434 0.07531380753138076
1435 0.07526132404181185
1436 0.07520891364902507
1437 0.07515657620041753
1438 0.07510431154381085
1439 0.07505211952744961
1440 0.075
1441 0.07494795281054822
1442 0.07489597780859916
1443 0.07484407484407485
1444 0.07479224376731301
1445 0.07474048442906574
1446 0.07468879668049792
1447 0.0746371803731859
1448 0.07458563535911603
1449 0.07453416149068323
1450 0.07448275862068965
1451 0.07443142660234321
1452 0.0743801652892562
1453 0.0743289745354439
1454 0.07427785419532325
1455 0.07422680412371134
1456 0.07417582417582418
1457 0.07412491420727522
1458 0.07407407407407407
1459 0.07402330363262509
1460 0.07397260273972603
1461 0.07392197125256673
1462 0.07387140902872777
1463 0.07382091592617908
1464 0.07377049180327869
1465 0.07372013651877134
1466 0.07366984993178717
1467 0.0736196319018405
1468 0.07356948228882834
1469 0.07351940095302927
1470 0.07346938775510205
1471 0.07341944255608429
1472 0.07336956521739131
1473 0.07331975560081466
1474 0.07327001356852103
1475 0.07389830508474576
1476 0.07384823848238482
1477 0.07379823967501693
1478 0.07374830852503383
1479 0.07369844489519946
1480 0.07364864864864865
1481 0.07359891964888589
1482 0.07354925775978408
1483 0.07349966284558328
1484 0.07345013477088949
1485 0.0734006734006734
1486 0.07335127860026917
1487 0.07330195023537324
1488 0.07325268817204302
1489 0.07320349227669577
1490 0.07315436241610739
1491 0.07310529845741114
1492 0.07305630026809651
1493 0.07300736771600803
1494 0.07295850066934405
1495 0.07290969899665552
1496 0.07286096256684492
1497 0.072812291249165
1498 0.07276368491321762
1499 0.07271514342895263
1500 0.07266666666666667
1501 0.072618254497002
1502 0.07256990679094541
1503 0.07252162341982701
1504 0.07247340425531915
1505 0.07242524916943521
1506 0.07237715803452856
1507 0.07232913072329131
1508 0.07228116710875332
1509 0.07223326706428099
1510 0.07218543046357616
1511 0.07213765718067505
1512 0.07208994708994709
1513 0.07204230006609386
1514 0.07199471598414796
1515 0.07194719471947195
1516 0.07189973614775726
1517 0.07185234014502308
1518 0.07180500658761528
1519 0.07175773535220539
1520 0.07171052631578947
1521 0.07166337935568705
1522 0.07161629434954007
1523 0.07156927117531188
1524 0.07152230971128609
1525 0.07147540983606557
1526 0.07142857142857142
1527 0.07138179436804191
1528 0.07133507853403141
1529 0.07128842380640942
1530 0.07124183006535947
1531 0.07119529719137818
1532 0.07114882506527415
1533 0.07110241356816699
1534 0.0710560625814863
1535 0.07100977198697069
1536 0.07096354166666667
1537 0.07091737150292778
1538 0.07087126137841353
1539 0.07082521117608837
1540 0.07077922077922078
1541 0.07073329007138222
1542 0.07068741893644617
1543 0.07064160725858717
1544 0.0705958549222798
1545 0.07055016181229773
1546 0.0705045278137128
1547 0.07045895281189399
1548 0.07041343669250646
1549 0.07036797934151065
1550 0.0703225806451613
1551 0.07027724049000644
1552 0.0702319587628866
1553 0.07018673535093367
1554 0.07014157014157014
1555 0.07009646302250803
1556 0.07005141388174807
1557 0.07000642260757868
1558 0.0699614890885751
1559 0.06991661321359846
1560 0.06987179487179487
1561 0.06982703395259449
1562 0.06978233034571063
1563 0.06973768394113884
1564 0.06969309462915602
1565 0.06964856230031949
1566 0.06960408684546615
1567 0.06955966815571155
1568 0.06951530612244898
1569 0.06947100063734862
1570 0.06942675159235669
1571 0.06938255887969447
1572 0.0693384223918575
1573 0.06929434202161475
1574 0.06925031766200762
1575 0.0692063492063492
1576 0.06916243654822335
1577 0.06911857958148383
1578 0.06907477820025348
1579 0.06903103229892336
1580 0.0689873417721519
1581 0.068943706514864
1582 0.06890012642225031
1583 0.06885660138976626
1584 0.06881313131313131
1585 0.06876971608832808
1586 0.06872635561160151
1587 0.06868304977945809
1588 0.06863979848866499
1589 0.06859660163624921
1590 0.06855345911949685
1591 0.06851037083595223
1592 0.06846733668341709
1593 0.06842435655994979
1594 0.06900878293601004
1595 0.06896551724137931
1596 0.06892230576441102
1597 0.06887914840325611
1598 0.0688360450563204
1599 0.06879299562226392
1600 0.06875
1601 0.06870705808869457
1602 0.0686641697877653
1603 0.06862133499688085
1604 0.0685785536159601
1605 0.06853582554517133
1606 0.0684931506849315
1607 0.06845052893590542
1608 0.06840796019900497
1609 0.06836544437538844
1610 0.06832298136645963
1611 0.06828057107386716
1612 0.06823821339950373
1613 0.06819590824550527
1614 0.06815365551425032
1615 0.06811145510835913
1616 0.06806930693069307
1617 0.06802721088435375
1618 0.06798516687268233
1619 0.06794317479925881
1620 0.06790123456790123
1621 0.06785934608266501
1622 0.06781750924784218
1623 0.06777572396796057
1624 0.06773399014778325
1625 0.06769230769230769
1626 0.06765067650676507
1627 0.06760909649661954
1628 0.06756756756756757
1629 0.06752608962553713
1630 0.06748466257668712
1631 0.0674432863274065
1632 0.06740196078431372
1633 0.06736068585425597
1634 0.06731946144430845
1635 0.0672782874617737
1636 0.06723716381418093
1637 0.06719609040928527
1638 0.06715506715506715
1639 0.06711409395973154
1640 0.06707317073170732
1641 0.06703229737964655
1642 0.06699147381242387
1643 0.06695069993913573
1644 0.06690997566909976
1645 0.0668693009118541
1646 0.06682867557715674
1647 0.06678809957498483
1648 0.06674757281553398
1649 0.0667070952092177
1650 0.06666666666666667
1651 0.06662628709872805
1652 0.06658595641646489
1653 0.06654567453115548
1654 0.06650544135429262
1655 0.06646525679758308
1656 0.06642512077294686
1657 0.0663850331925166
1658 0.06634499396863691
1659 0.06630500301386377
1660 0.06626506024096386
1661 0.06622516556291391
1662 0.06618531889290012
1663 0.0661455201443175
1664 0.06610576923076923
1665 0.06606606606606606
1666 0.06602641056422569
1667 0.06598680263947211
1668 0.06594724220623502
1669 0.0659077291791492
1670 0.0658682634730539
1671 0.06582884500299221
1672 0.06578947368421052
1673 0.0657501494321578
1674 0.06571087216248507
1675 0.06567164179104477
1676 0.06563245823389022
1677 0.06559332140727489
1678 0.06555423122765197
1679 0.06551518761167362
1680 0.06547619047619048
1681 0.06543723973825104
1682 0.06539833531510107
1683 0.06535947712418301
1684 0.06532066508313539
1685 0.06528189910979229
1686 0.06524317912218268
1687 0.06520450503852994
1688 0.06516587677725119
1689 0.06512729425695678
1690 0.0650887573964497
1691 0.06505026611472502
1692 0.06501182033096926
1693 0.06497341996455995
1694 0.06493506493506493
1695 0.06489675516224189
1696 0.06485849056603774
1697 0.0648202710665881
1698 0.06478209658421673
1699 0.06474396703943497
1700 0.06470588235294118
1701 0.06466784244562022
1702 0.06462984723854288
1703 0.06459189665296536
1704 0.06455399061032864
1705 0.06451612903225806
1706 0.06447831184056271
1707 0.06502636203866433
1708 0.06498829039812647
1709 0.0649502633118783
1710 0.06491228070175438
1711 0.06487434248977206
1712 0.06483644859813084
1713 0.0647985989492119
1714 0.0647607934655776
1715 0.06472303206997085
1716 0.06468531468531469
1717 0.0646476412347117
1718 0.06461001164144353
1719 0.06457242582897033
1720 0.06453488372093023
1721 0.06449738524113888
1722 0.06445993031358885
1723 0.06442251886244922
1724 0.06438515081206496
1725 0.06434782608695652
1726 0.06431054461181923
1727 0.06427330631152287
1728 0.0642361111111111
1729 0.06419895893580103
1730 0.06416184971098265
1731 0.06412478336221837
1732 0.06408775981524249
1733 0.06405077899596076
1734 0.06401384083044982
1735 0.06397694524495677
1736 0.06394009216589862
1737 0.06390328151986183
1738 0.06386651323360185
1739 0.06382978723404255
1740 0.06379310344827586
1741 0.06375646180356118
1742 0.06371986222732491
1743 0.06368330464716007
1744 0.06364678899082568
1745 0.06361031518624642
1746 0.06357388316151202
1747 0.06353749284487693
1748 0.06350114416475973
1749 0.0634648370497427
1750 0.06342857142857143
1751 0.0633923472301542
1752 0.06335616438356165
1753 0.06332002281802625
1754 0.06328392246294184
1755 0.06324786324786325
1756 0.0632118451025057
1757 0.06317586795674444
1758 0.06313993174061433
1759 0.06310403638430927
1760 0.06363636363636363
1761 0.06360022714366836
1762 0.06356413166855845
1763 0.06352807714123652
1764 0.06349206349206349
1765 0.06345609065155808
1766 0.06342015855039637
1767 0.06338426711941143
1768 0.06334841628959276
1769 0.06331260599208592
1770 0.06327683615819209
1771 0.06324110671936758
1772 0.06320541760722348
1773 0.0631697687535251
1774 0.06313416009019165
1775 0.06309859154929577
1776 0.06306306306306306
1777 0.06302757456387169
1778 0.06299212598425197
1779 0.0629567172568859
1780 0.06292134831460675
1781 0.06288601909039865
1782 0.06285072951739619
1783 0.0628154795288839
1784 0.06278026905829596
1785 0.06274509803921569
1786 0.06270996640537514
1787 0.06267487409065473
1788 0.06263982102908278
1789 0.0626048071548351
1790 0.06256983240223464
1791 0.06253489670575098
1792 0.0625
1793 0.06246514221974345
1794 0.06243032329988852
1795 0.06239554317548746
1796 0.062360801781737196
1797 0.06232609905397885
1798 0.06229143492769744
1799 0.0622568093385214
1800 0.06222222222222222
1801 0.06218767351471405
1802 0.06215316315205328
1803 0.06211869107043816
1804 0.06208425720620843
1805 0.06204986149584488
1806 0.06201550387596899
1807 0.06198118428334256
1808 0.061946902654867256
1809 0.0619126589275843
1810 0.061878453038674036
1811 0.06184428492545555
1812 0.06181015452538632
1813 0.06177606177606178
1814 0.06174200661521499
1815 0.06170798898071626
1816 0.06167400881057269
1817 0.061640066042927905
1818 0.061606160616061605
1819 0.061572292468389224
1820 0.06153846153846154
1821 0.061504667764964306
1822 0.06147091108671789
1823 0.061437191442676904
1824 0.06140350877192982
1825 0.06136986301369863
1826 0.06133625410733844
1827 0.06130268199233716
1828 0.061269146608315096
1829 0.0612356478950246
1830 0.06120218579234973
1831 0.06116876024030585
1832 0.0611353711790393
1833 0.06110201854882706
1834 0.061068702290076333
1835 0.06103542234332425
1836 0.06100217864923747
1837 0.06096897114861187
1838 0.060935799782372145
1839 0.06090266449157151
1840 0.06086956521739131
1841 0.060836501901140684
1842 0.06080347448425624
1843 0.060770482908301685
1844 0.06073752711496746
1845 0.06070460704607046
1846 0.06067172264355363
1847 0.06063887384948565
1848 0.06060606060606061
1849 0.06057328285559762
1850 0.06054054054054054
1851 0.06050783360345759
1852 0.06047516198704104
1853 0.060442525634106854
1854 0.06040992448759439
1855 0.06037735849056604
1856 0.0603448275862069
1857 0.06031233171782445
1858 0.060279870828848225
1859 0.06024744486282948
1860 0.060215053763440864
1861 0.06018269747447609
1862 0.06015037593984962
1863 0.06011808910359635
1864 0.060085836909871244
1865 0.060053619302949064
1866 0.06002143622722401
1867 0.059989287627209426
1868 0.059957173447537475
1869 0.0599250936329588
1870 0.059893048128342244
1871 0.05986103687867451
1872 0.05982905982905983
1873 0.0597971169247197
1874 0.05976520811099253
1875 0.05973333333333333
1876 0.05970149253731343
1877 0.05966968566862014
1878 0.059637912673056445
1879 0.05960617349654071
1880 0.059574468085106386
1881 0.05954279638490165
1882 0.05951115834218916
1883 0.05947955390334572
1884 0.059447983014861996
1885 0.059416445623342175
1886 0.05938494167550371
1887 0.059353471118177
1888 0.059322033898305086
1889 0.059290629962943354
1890 0.05925925925925926
1891 0.059227921734531994
1892 0.05919661733615222
1893 0.05916534601162177
1894 0.059134107708553325
1895 0.05910290237467018
1896 0.05907172995780591
1897 0.05904059040590406
1898 0.059009483667017915
1899 0.05897840968931016
1900 0.05894736842105263
1901 0.058916359810625984
1902 0.058885383806519455
1903 0.058854440357330534
1904 0.058823529411764705
1905 0.05879265091863517
1906 0.05876180482686254
1907 0.05873099108547457
1908 0.05870020964360587
1909 0.058669460450497646
1910 0.05863874345549738
1911 0.05860805860805861
1912 0.058577405857740586
1913 0.05854678515420805
1914 0.05851619644723093
1915 0.05848563968668407
1916 0.05845511482254697
1917 0.058424621804903494
1918 0.058394160583941604
1919 0.0583637311099531
1920 0.058333333333333334
1921 0.05830296720458095
1922 0.05827263267429761
1923 0.058242329693187725
1924 0.058212058212058215
1925 0.05818181818181818
1926 0.058151609553478714
1927 0.05812143227815257
1928 0.058091286307053944
1929 0.058061171591498185
1930 0.058031088082901555
1931 0.05800103573278094
1932 0.057971014492753624
1933 0.05794102431453699
1934 0.057911065149948295
1935 0.05788113695090439
1936 0.05836776859504132
1937 0.05833763551884357
1938 0.058307533539731685
1939 0.05827746260959257
1940 0.05824742268041237
1941 0.05821741370427615
1942 0.05818743563336766
1943 0.05815748841996912
1944 0.058127572016460904
1945 0.05809768637532134
1946 0.05806783144912641
1947 0.058038007190549565
1948 0.058008213552361396
1949 0.05797845048742945
1950 0.05794871794871795
1951 0.057919015889287544
1952 0.057889344262295084
1953 0.057859703020993344
1954 0.05783009211873081
1955 0.05780051150895141
1956 0.057770961145194276
1957 0.05774144098109351
1958 0.057711950970377936
1959 0.05768249106687085
1960 0.05765306122448979
1961 0.057623661397246305
1962 0.05759429153924567
1963 0.05756495160468671
1964 0.057535641547861505
1965 0.05750636132315522
1966 0.05747711088504578
1967 0.057447890188103715
1968 0.05741869918699187
1969 0.057389537836465214
1970 0.05736040609137056
1971 0.05733130390664637
1972 0.05730223123732252
1973 0.05727318803852002
1974 0.057244174265450865
1975 0.05721518987341772
1976 0.057186234817813764
1977 0.057157309054122404
1978 0.05712841253791709
1979 0.05709954522486104
1980 0.05707070707070707
1981 0.057041898031297326
1982 0.05701311806256307
1983 0.05698436712052446
1984 0.05695564516129032
1985 0.05692695214105793
1986 0.05689828801611279
1987 0.05686965274282838
1988 0.056841046277665994
1989 0.05681246857717446
1990 0.05678391959798995
1991 0.05675539929683576
1992 0.056726907630522086
1993 0.05669844455594581
1994 0.05667001003009027
1995 0.05664160401002506
1996 0.05661322645290581
1997 0.05658487731597396
1998 0.05655655655655656
1999 0.05652826413206603
2000 0.0565
2001 0.05647176411794103
2002 0.05644355644355644
2003 0.056415376934598103
2004 0.056387225548902194
2005 0.056359102244389024
2006 0.05633100697906281
2007 0.05630293971101146
2008 0.05627490039840637
2009 0.05624688899950224
2010 0.05621890547263682
2011 0.05619094977623073
2012 0.05616302186878728
2013 0.0561351217088922
2014 0.05610724925521351
2015 0.05607940446650124
2016 0.056051587301587304
2017 0.056023797719385225
2018 0.05599603567888999
2019 0.05596830113917781
2020 0.05594059405940594
2021 0.05591291439881247
2022 0.05588526211671612
2023 0.055857637172516066
2024 0.055830039525691696
2025 0.05580246913580247
2026 0.05577492596248766
2027 0.055747409965466205
2028 0.05571992110453649
2029 0.055692459339576145
2030 0.05566502463054187
2031 0.05563761693746923
2032 0.05561023622047244
2033 0.05558288243974422
2034 0.05555555555555555
2035 0.05552825552825553
2036 0.05550098231827112
2037 0.05547373588610702
2038 0.05544651619234544
2039 0.055419323197645906
2040 0.055392156862745096
2041 0.05536501714845664
2042 0.05533790401567091
2043 0.05531081742535487
2044 0.055283757338551856
2045 0.05525672371638142
2046 0.0552297165200391
2047 0.055202735710796286
2048 0.05517578125
2049 0.05514885309907272
2050 0.055121951219512196
2051 0.05509507557289127
2052 0.0550682261208577
2053 0.05504140282513395
2054 0.05501460564751704
2055 0.054987834549878344
2056 0.05496108949416342
2057 0.054934370442391835
2058 0.05490767735665695
2059 0.054881010199125786
2060 0.05533980582524272
2061 0.055312954876273655
2062 0.055286129970902036
2063 0.055259331071255455
2064 0.055232558139534885
2065 0.05520581113801453
2066 0.05517909002904162
2067 0.055152394775036286
2068 0.0551257253384913
2069 0.055099081681971966
2070 0.05507246376811594
2071 0.05504587155963303
2072 0.05501930501930502
2073 0.05499276410998553
2074 0.054966248794599805
2075 0.05493975903614458
2076 0.05491329479768786
2077 0.0548868560423688
2078 0.0548604427333975
2079 0.05483405483405483
2080 0.05480769230769231
2081 0.05478135511773186
2082 0.05475504322766571
2083 0.05472875660105617
2084 0.05470249520153551
2085 0.05467625899280575
2086 0.05465004793863854
2087 0.05462386200287494
2088 0.05459770114942529
2089 0.05457156534226903
2090 0.05454545454545454
2091 0.054519368723098996
2092 0.05449330783938815
2093 0.05446727185857621
2094 0.054441260744985676
2095 0.05441527446300716
2096 0.05438931297709924
2097 0.05436337625178827
2098 0.05433746425166826
2099 0.054311576941400666
2100 0.054285714285714284
2101 0.054259876249405044
2102 0.05423406279733587
2103 0.05420827389443652
2104 0.05418250950570342
2105 0.05415676959619953
2106 0.05413105413105413
2107 0.054105363075462744
2108 0.054079696394686905
2109 0.05405405405405406
2110 0.05402843601895735
2111 0.05400284225485552
2112 0.05397727272727273
2113 0.05395172740179839
2114 0.05392620624408704
2115 0.05390070921985816
2116 0.05387523629489603
2117 0.0538497874350496
2118 0.053824362606232294
2119 0.053798961774421894
2120 0.05377358490566038
2121 0.05374823196605375
2122 0.05372290292177191
2123 0.053697597739048517
2124 0.05367231638418079
2125 0.05364705882352941
2126 0.053621825023518345
2127 0.0535966149506347
2128 0.05357142857142857
2129 0.05354626585251292
2130 0.05352112676056338
2131 0.05349601126231816
2132 0.05347091932457786
2133 0.053445850914205346
2134 0.053420805998125584
2135 0.053395784543325525
2136 0.05337078651685393
2137 0.05334581188582124
2138 0.05332086061739944
2139 0.05329593267882188
2140 0.05327102803738318
2141 0.053246146660439045
2142 0.05322128851540616
2143 0.05319645356976201
2144 0.05317164179104478
2145 0.05314685314685315
2146 0.05312208760484623
2147 0.05309734513274336
2148 0.05307262569832402
2149 0.05304792926942764
2150 0.053023255813953486
2151 0.05299860529986053
2152 0.05297397769516728
2153 0.05294937296795169
2154 0.052924791086350974
2155 0.052900232018561484
2156 0.05287569573283859
2157 0.05285118219749652
2158 0.05282669138090825
2159 0.052802223251505326
2160 0.05277777777777778
2161 0.052753354928273946
2162 0.05272895467160037
2163 0.052704576976421634
2164 0.05268022181146026
2165 0.052655889145496536
2166 0.05263157894736842
2167 0.05260729118597139
2168 0.052583025830258305
2169 0.05255878284923928
2170 0.052534562211981564
2171 0.0525103638876094
2172 0.052486187845303865
2173 0.05246203405430281
2174 0.05243790248390064
2175 0.05241379310344828
2176 0.05238970588235294
2177 0.05236564079007809
2178 0.05234159779614325
2179 0.05231757687012391
2180 0.05229357798165138
2181 0.052269601100412656
2182 0.05224564619615032
2183 0.05222171323866239
2184 0.0521978021978022
2185 0.05217391304347826
2186 0.05215004574565416
2187 0.05212620027434842
2188 0.05210237659963437
2189 0.05207857469164002
2190 0.052054794520547946
2191 0.05203103605659516
2192 0.05200729927007299
2193 0.05198358413132695
2194 0.05195989061075661
2195 0.05193621867881549
2196 0.05191256830601093
2197 0.05188893946290396
2198 0.051865332120109194
2199 0.05184174624829468
2200 0.05181818181818182
2201 0.051794638800545204
2202 0.051771117166212535
2203 0.051747616886064454
2204 0.05172413793103448
2205 0.05170068027210884
2206 0.051677243880326386
2207 0.051653828726778435
2208 0.051630434782608696
2209 0.05160706201901313
2210 0.051583710407239816
2211 0.051560379918588875
2212 0.051537070524412296
2213 0.05151378219611387
2214 0.051490514905149054
2215 0.05146726862302483
2216 0.05144404332129964
2217 0.05142083897158322
2218 0.05139765554553652
2219 0.05137449301487156
2220 0.051351351351351354
2221 0.05132823052678973
2222 0.05130513051305131
2223 0.05128205128205128
2224 0.051258992805755396
2225 0.051235955056179776
2226 0.05121293800539083
2227 0.051189941625505164
2228 0.05116696588868941
2229 0.05114401076716016
2230 0.051121076233183856
2231 0.051098162259076645
2232 0.051075268817204304
2233 0.05105239587998209
2234 0.051029543419874666
2235 0.05100671140939597
2236 0.050983899821109124
2237 0.05096110862762628
2238 0.05093833780160858
2239 0.05091558731576597
2240 0.05089285714285714
2241 0.050870147255689425
2242 0.05084745762711865
2243 0.05082478823004904
2244 0.05080213903743316
2245 0.05077951002227171
2246 0.05075690115761353
2247 0.050734312416555405
2248 0.050711743772241996
2249 0.050689195197865716
2250 0.050666666666666665
2251 0.050644158151932475
2252 0.050621669626998225
2253 0.05059920106524634
2254 0.050576752440106475
2255 0.05055432372505543
2256 0.05053191489361702
2257 0.05050952591936198
2258 0.050487156775907885
2259 0.05046480743691899
2260 0.050442477876106194
2261 0.05042016806722689
2262 0.050397877984084884
2263 0.05037560760053027
2264 0.05035335689045936
2265 0.05033112582781457
2266 0.05030891438658429
2267 0.050286722540802825
2268 0.05026455026455026
2269 0.0502423975319524
2270 0.050220264317180616
2271 0.05019815059445178
2272 0.05017605633802817
2273 0.05015398152221733
2274 0.05013192612137203
2275 0.05010989010989011
2276 0.05008787346221441
2277 0.05006587615283267
2278 0.05004389815627744
2279 0.050021939447125935
2280 0.05
2281 0.04997807978956598
2282 0.04995617879053462
2283 0.04993429697766097
2284 0.049912434325744305
2285 0.04989059080962801
2286 0.049868766404199474
2287 0.04984696108439003
2288 0.049825174825174824
2289 0.04980340760157274
2290 0.04978165938864629
2291 0.04975993016150153
2292 0.049738219895287955
2293 0.04971652856519843
2294 0.04969485614646905
2295 0.04967320261437908
2296 0.04965156794425087
2297 0.049629952111449716
2298 0.04960835509138381
2299 0.049586776859504134
2300 0.049565217391304345
2301 0.04954367666232073
2302 0.04952215464813206
2303 0.04950065132435953
2304 0.049479166666666664
2305 0.04945770065075922
2306 0.049436253252385085
2307 0.0494148244473342
2308 0.049393414211438474
2309 0.04937202252057168
2310 0.04935064935064935
2311 0.049329294677628734
2312 0.04930795847750865
2313 0.04928664072632944
2314 0.049265341400172864
2315 0.049244060475161985
2316 0.04922279792746114
2317 0.04920155373327579
2318 0.04918032786885246
2319 0.04915912031047866
2320 0.04913793103448276
2321 0.04911676001723395
2322 0.04909560723514212
2323 0.04907447266465777
2324 0.04905335628227195
2325 0.04903225806451613
2326 0.049011177987962166
2327 0.048990116029222174
2328 0.04896907216494845
2329 0.048948046371833406
2330 0.048927038626609444
2331 0.0489060489060489
2332 0.04888507718696398
2333 0.0488641234462066
2334 0.04884318766066838
2335 0.048822269807280515
2336 0.0488013698630137
2337 0.04878048780487805
2338 0.04875962360992301
2339 0.04873877725523728
2340 0.04871794871794872
2341 0.048697137975224264
2342 0.04867634500426986
2343 0.04865556978233035
2344 0.04863481228668942
2345 0.04861407249466951
2346 0.04859335038363171
2347 0.04857264593097571
2348 0.048551959114139696
2349 0.04853128991060025
2350 0.04851063829787234
2351 0.04849000425350915
2352 0.04846938775510204
2353 0.04844878878028049
2354 0.048428207306711976
2355 0.048407643312101914
2356 0.04838709677419355
2357 0.048366567670767927
2358 0.04834605597964377
2359 0.04832556167867741
2360 0.048305084745762714
2361 0.048284625158831
2362 0.04826418289585097
2363 0.04824375793482861
2364 0.048223350253807105
2365 0.04820295983086681
2366 0.04818258664412511
2367 0.048162230671736375
2368 0.04814189189189189
2369 0.048121570282819756
2370 0.04810126582278481
2371 0.04808097849008857
2372 0.048060708263069137
2373 0.04804045512010114
2374 0.04802021903959562
2375 0.048
2376 0.047979797979797977
2377 0.047959612957509466
2378 0.0479394449116905
2379 0.04791929382093316
2380 0.04789915966386555
2381 0.04787904241915162
2382 0.04785894206549118
2383 0.047838858581619806
2384 0.047818791946308725
2385 0.04779874213836478
2386 0.04777870913663034
2387 0.04775869291998324
2388 0.04773869346733668
2389 0.04771871075763918
2390 0.04769874476987448
2391 0.04767879548306148
2392 0.047658862876254184
2393 0.04763894692854158
2394 0.047619047619047616
2395 0.04759916492693111
2396 0.04757929883138564
2397 0.04755944931163955
2398 0.0475396163469558
2399 0.04751979991663193
2400 0.0475
2401 0.04748021657642649
2402 0.04746044962531224
2403 0.04744069912609238
2404 0.04742096505823627
2405 0.047401247401247404
2406 0.04738154613466334
2407 0.04736186123805567
2408 0.0473421926910299
2409 0.047322540473225407
2410 0.04730290456431535
2411 0.04728328494400664
2412 0.0472636815920398
2413 0.047244094488188976
2414 0.04722452361226181
2415 0.04720496894409938
2416 0.04718543046357616
2417 0.047165908150599914
2418 0.04714640198511166
2419 0.04712691194708557
2420 0.047107438016528926
2421 0.04708798017348203
2422 0.04706853839801817
2423 0.0470491126702435
2424 0.04702970297029703
2425 0.047010309278350516
2426 0.04699093157460841
2427 0.04697156983930779
2428 0.04736408566721582
2429 0.047344586249485385
2430 0.047325102880658436
2431 0.04730563554092966
2432 0.047286184210526314
2433 0.04726674886970818
2434 0.04724732949876746
2435 0.04722792607802875
2436 0.04720853858784893
2437 0.04718916700861715
2438 0.04716981132075472
2439 0.04715047150471505
2440 0.0471311475409836
2441 0.047111839410077835
2442 0.047092547092547093
2443 0.04707327056897258
2444 0.04705400981996727
2445 0.04703476482617587
2446 0.04701553556827474
2447 0.0469963220269718
2448 0.046977124183006536
2449 0.04695794201714986
2450 0.04693877551020408
2451 0.04691962464300286
2452 0.046900489396411095
2453 0.04688136975132491
2454 0.04686226568867156
2455 0.04684317718940937
2456 0.04682410423452769
2457 0.0468050468050468
2458 0.0467860048820179
2459 0.04676697844652298
2460 0.046747967479674794
2461 0.04672897196261682
2462 0.04670999187652315
2463 0.046691027202598455
2464 0.04667207792207792
2465 0.04665314401622718
2466 0.04663422546634226
2467 0.046615322253749494
2468 0.04659643435980551
2469 0.04657756176589713
2470 0.0465587044534413
2471 0.046539862403885066
2472 0.046521035598705504
2473 0.04650222401940962
2474 0.04648342764753436
2475 0.046464646464646465
2476 0.046445880452342485
2477 0.046427129592248685
2478 0.04640839386602098
2479 0.0463896732553449
2480 0.046370967741935484
2481 0.046352277307537285
2482 0.04633360193392425
2483 0.046314941602899715
2484 0.046296296296296294
2485 0.04627766599597585
2486 0.04625905068382945
2487 0.04624045034177724
2488 0.04622186495176849
2489 0.046203294495781436
2490 0.04618473895582329
2491 0.04616619831393015
2492 0.04614767255216693
2493 0.04612916165262736
2494 0.04611066559743384
2495 0.04609218436873747
2496 0.04607371794871795
2497 0.0460552663195835
2498 0.04603682946357086
2499 0.04601840736294518
2500 0.046
2501 0.045981607357057176
2502 0.04596322941646683
2503 0.04594486616060727
2504 0.045926517571884984
2505 0.04590818363273453
2506 0.045889864325618514
2507 0.045871559633027525
2508 0.04585326953748006
2509 0.04583499402152252
2510 0.045816733067729085
2511 0.04579848665870171
2512 0.04578025477707006
2513 0.045762037405491444
2514 0.045743834526650755
2515 0.04572564612326044
2516 0.04570747217806041
2517 0.04568931267381804
2518 0.04567116759332804
2519 0.045653036919412464
2520 0.04563492063492063
2521 0.045616818722729074
2522 0.04559873116574147
2523 0.04558065794688863
2524 0.04556259904912837
2525 0.04554455445544554
2526 0.045526524148851936
2527 0.04550850811238623
2528 0.045490506329113924
2529 0.045472518782127325
2530 0.045454545454545456
2531 0.04543658632951403
2532 0.04541864139020537
2533 0.045400710619818395
2534 0.04538279400157853
2535 0.045364891518737675
2536 0.045347003154574135
2537 0.04532912889239259
2538 0.04531126871552404
2539 0.04529342260732572
2540 0.045275590551181105
2541 0.045257772530499805
2542 0.04523996852871755
2543 0.04522217852929611
2544 0.04520440251572327
2545 0.04518664047151277
2546 0.045168892380204245
2547 0.04515115822536317
2548 0.045133437990580845
2549 0.0451157316594743
2550 0.045098039215686274
2551 0.04508036064288514
2552 0.04506269592476489
2553 0.04504504504504504
2554 0.04502740798747063
2555 0.04500978473581213
2556 0.04499217527386541
2557 0.0449745795854517
2558 0.04495699765441751
2559 0.044939429464634625
2560 0.044921875
2561 0.04490433424443577
2562 0.04488680718188915
2563 0.04486929379633242
2564 0.044851794071762874
2565 0.04483430799220273
2566 0.04481683554169914
2567 0.044799376704324115
2568 0.04478193146417445
2569 0.04476449980537174
2570 0.04474708171206226
2571 0.044729677168416956
2572 0.04471228615863142
2573 0.04469490866692577
2574 0.04467754467754468
2575 0.04466019417475728
2576 0.044642857142857144
2577 0.0446255335661622
2578 0.04460822342901474
2579 0.04459092671578131
2580 0.044573643410852716
2581 0.044556373498643935
2582 0.04453911696359411
2583 0.04452187379016647
2584 0.0445046439628483
2585 0.04448742746615087
2586 0.044470224284609436
2587 0.04445303440278315
2588 0.044435857805255025
2589 0.0444186944766319
2590 0.0444015444015444
2591 0.04438440756464686
2592 0.04436728395061729
2593 0.044350173544157344
2594 0.04433307632999229
2595 0.04431599229287091
2596 0.04429892141756549
2597 0.04428186368887178
2598 0.04426481909160893
2599 0.04424778761061947
2600 0.04423076923076923
2601 0.04421376393694733
2602 0.0441967717140661
2603 0.044179792547061086
2604 0.044162826420890935
2605 0.044145873320537425
2606 0.04412893323100537
2607 0.04411200613732259
2608 0.04409509202453988
2609 0.04407819087773093
2610 0.044061302681992334
2611 0.04404442742244351
2612 0.044027565084226644
2613 0.0440107156525067
2614 0.04399387911247131
2615 0.04397705544933078
2616 0.04396024464831804
2617 0.043943446694688575
2618 0.043926661573720396
2619 0.043909889270714014
2620 0.04389312977099236
2621 0.043876383059900805
2622 0.043859649122807015
2623 0.04384292794510103
2624 0.04382621951219512
2625 0.04380952380952381
2626 0.04379284082254379
2627 0.04377617053673392
2628 0.04375951293759513
2629 0.043742868010650436
2630 0.043726235741444866
2631 0.04370961611554542
2632 0.043693009118541036
2633 0.043676414736042536
2634 0.043659832953682615
2635 0.04364326375711575
2636 0.04362670713201821
2637 0.04361016306408798
2638 0.04359363153904473
2639 0.04357711254262978
2640 0.043560606060606064
2641 0.043544112078758045
2642 0.043527630582891746
2643 0.04351116155883466
2644 0.043494704992435705
2645 0.043478260869565216
2646 0.04346182917611489
2647 0.043445409897997736
2648 0.043429003021148035
2649 0.04341260853152133
2650 0.04339622641509434
2651 0.04337985665786496
2652 0.043363499245852186
2653 0.043347154165096116
2654 0.04333082140165787
2655 0.04331450094161959
2656 0.043298192771084335
2657 0.04328189687617614
2658 0.04326561324303988
2659 0.043249341857841295
2660 0.043233082706766915
2661 0.04321683577602405
2662 0.043200601051840724
2663 0.04318437852046564
2664 0.04316816816816817
2665 0.043151969981238276
2666 0.043135783945986494
2667 0.04311961004874391
2668 0.04310344827586207
2669 0.043087298613713
2670 0.04307116104868914
2671 0.0430550355672033
2672 0.04303892215568862
2673 0.04302282080059858
2674 0.043006731488406884
2675 0.04299065420560748
2676 0.042974588938714496
2677 0.042958535674262235
2678 0.04294249439880508
2679 0.0429264650989175
2680 0.04291044776119403
2681 0.04289444237224916
2682 0.04287844891871737
2683 0.04286246738725308
2684 0.042846497764530554
2685 0.04283054003724395
2686 0.04281459419210722
2687 0.042798660215854115
2688 0.042782738095238096
2689 0.04276682781703235
2690 0.04275092936802974
2691 0.042735042735042736
2692 0.04271916790490342
2693 0.04270330486446342
2694 0.042687453600593915
2695 0.04267161410018553
2696 0.04265578635014837
2697 0.04263997033741194
2698 0.04262416604892513
2699 0.04260837347165617
2700 0.04259259259259259
2701 0.042576823398741206
2702 0.04256106587712805
2703 0.042545320014798375
2704 0.04252958579881657
2705 0.04251386321626617
2706 0.04249815225424981
2707 0.042482452899889174
2708 0.042466765140324964
2709 0.04245108896271687
2710 0.042435424354243544
2711 0.042419771302102546
2712 0.042404129793510326
2713 0.042388499815702176
2714 0.0423728813559322
2715 0.0423572744014733
2716 0.042341678939617086
2717 0.04232609495767391
2718 0.04231052244297277
2719 0.042294961382861346
2720 0.042279411764705885
2721 0.04226387357589122
2722 0.04224834680382072
2723 0.04223283143591627
2724 0.04221732745961821
2725 0.04220183486238532
2726 0.04218635363169479
2727 0.042170883755042174
2728 0.042155425219941346
2729 0.042139978013924516
2730 0.04212454212454213
2731 0.04210911753936287
2732 0.04209370424597365
2733 0.04207830223197951
2734 0.04206291148500366
2735 0.04204753199268738
2736 0.04203216374269006
2737 0.04201680672268908
2738 0.04200146092037984
2739 0.041986126323475724
2740 0.041970802919708027
2741 0.04195549069682598
2742 0.041940189642596645
2743 0.041924899744804955
2744 0.04190962099125364
2745 0.04189435336976321
2746 0.041879096868171886
2747 0.04186385147433564
2748 0.041848617176128096
2749 0.04183339396144052
2750 0.04181818181818182
2751 0.04180298073427845
2752 0.041787790697674417
2753 0.04177261169633127
2754 0.04175744371822803
2755 0.041742286751361164
2756 0.04172714078374456
2757 0.0417120058034095
2758 0.04169688179840464
2759 0.04168176875679594
2760 0.041666666666666664
2761 0.041651575516117346
2762 0.04163649529326575
2763 0.04162142598624683
2764 0.04160636758321273
2765 0.04159132007233273
2766 0.041576283441793205
2767 0.04156125767979761
2768 0.04154624277456647
2769 0.0415312387143373
2770 0.04151624548736462
2771 0.041501263081919884
2772 0.04148629148629149
2773 0.04147133068878471
2774 0.0414563806777217
2775 0.04144144144144144
2776 0.04142651296829971
2777 0.04141159524666907
2778 0.04139668826493881
2779 0.041381792011514935
2780 0.04136690647482014
2781 0.04135203164329378
2782 0.041337167505391806
2783 0.04132231404958678
2784 0.04130747126436782
2785 0.04129263913824058
2786 0.041277817659727205
2787 0.041263006817366346
2788 0.04124820659971305
2789 0.041233416995338834
2790 0.04121863799283154
2791 0.041203869580795416
2792 0.041189111747851004
2793 0.04117436448263516
2794 0.041159627773801
2795 0.04114490161001789
2796 0.04113018597997139
2797 0.04111548087236325
2798 0.04110078627591136
2799 0.04108610217934977
2800 0.04107142857142857
2801 0.04105676544091396
2802 0.041042112776588154
2803 0.041027470567249376
2804 0.04101283880171184
2805 0.040998217468805706
2806 0.040983606557377046
2807 0.04096900605628785
2808 0.04095441595441596
2809 0.04093983624065504
2810 0.04092526690391459
2811 0.040910707933119884
2812 0.040896159317211946
2813 0.04088162104514753
2814 0.040867093105899074
2815 0.04085257548845471
2816 0.040838068181818184
2817 0.04082357117500887
2818 0.040809084457061745
2819 0.04079460801702731
2820 0.040780141843971635
2821 0.04076568592697625
2822 0.0407512402551382
2823 0.04073680481756996
2824 0.04072237960339943
2825 0.04070796460176991
2826 0.04069355980184006
2827 0.04067916519278387
2828 0.04066478076379067
2829 0.04065040650406504
2830 0.04063604240282685
2831 0.040621688449311195
2832 0.04060734463276836
2833 0.04059301094246382
2834 0.040578687367678196
2835 0.04056437389770723
2836 0.04055007052186178
2837 0.040535777229467745
2838 0.040521494009866106
2839 0.040507220852412824
2840 0.04084507042253521
2841 0.04083069341781063
2842 0.04081632653061224
2843 0.0408019697502638
2844 0.040787623066104076
2845 0.04077328646748682
2846 0.040758959943780745
2847 0.040744643484369514
2848 0.04073033707865169
2849 0.040716040716040715
2850 0.04070175438596491
2851 0.04068747807786741
2852 0.04067321178120617
2853 0.04065895548545391
2854 0.04064470918009811
2855 0.040630472854640984
2856 0.04061624649859944
2857 0.04060203010150507
2858 0.04058782365290413
2859 0.04057362714235747
2860 0.04055944055944056
