1 1.0
2 0.5
3 0.6666666666666666
4 0.75
5 0.8
6 0.6666666666666666
7 0.7142857142857143
8 0.75
9 0.7777777777777778
10 0.8
11 0.8181818181818182
12 0.8333333333333334
13 0.8461538461538461
14 0.8571428571428571
15 0.8666666666666667
16 0.875
17 0.8823529411764706
18 0.8888888888888888
19 0.8947368421052632
20 0.9
21 0.9047619047619048
22 0.8636363636363636
23 0.8695652173913043
24 0.875
25 0.88
26 0.8461538461538461
27 0.8518518518518519
28 0.8571428571428571
29 0.8275862068965517
30 0.8
31 0.8064516129032258
32 0.8125
33 0.8181818181818182
34 0.8235294117647058
35 0.8285714285714286
36 0.8055555555555556
37 0.8108108108108109
38 0.8157894736842105
39 0.8205128205128205
40 0.825
41 0.8292682926829268
42 0.8333333333333334
43 0.8372093023255814
44 0.8409090909090909
45 0.8222222222222222
46 0.8260869565217391
47 0.8085106382978723
48 0.7916666666666666
49 0.7755102040816326
50 0.76
51 0.7647058823529411
52 0.7692307692307693
53 0.7547169811320755
54 0.7407407407407407
55 0.7454545454545455
56 0.7321428571428571
57 0.7368421052631579
58 0.7241379310344828
59 0.711864406779661
60 0.7
61 0.7049180327868853
62 0.6935483870967742
63 0.6825396825396826
64 0.6875
65 0.676923076923077
66 0.6666666666666666
67 0.6716417910447762
68 0.6617647058823529
69 0.6666666666666666
70 0.6571428571428571
71 0.647887323943662
72 0.6388888888888888
73 0.6301369863013698
74 0.6216216216216216
75 0.6133333333333333
76 0.618421052631579
77 0.6233766233766234
78 0.6153846153846154
79 0.6075949367088608
80 0.6
81 0.6049382716049383
82 0.6097560975609756
83 0.6024096385542169
84 0.5952380952380952
85 0.6
86 0.5930232558139535
87 0.5862068965517241
88 0.5909090909090909
89 0.5842696629213483
90 0.5777777777777777
91 0.5824175824175825
92 0.5760869565217391
93 0.5806451612903226
94 0.5851063829787234
95 0.5894736842105263
96 0.5833333333333334
97 0.5876288659793815
98 0.5816326530612245
99 0.5757575757575758
100 0.58
101 0.5742574257425742
102 0.5686274509803921
103 0.5631067961165048
104 0.5576923076923077
105 0.5523809523809524
106 0.5471698113207547
107 0.5420560747663551
108 0.5462962962962963
109 0.5412844036697247
110 0.5363636363636364
111 0.5315315315315315
112 0.5267857142857143
113 0.5221238938053098
114 0.5175438596491229
115 0.5130434782608696
116 0.5086206896551724
117 0.5042735042735043
118 0.5
119 0.4957983193277311
120 0.49166666666666664
121 0.48760330578512395
122 0.48360655737704916
123 0.4796747967479675
124 0.4838709677419355
125 0.488
126 0.48412698412698413
127 0.48031496062992124
128 0.484375
129 0.4806201550387597
130 0.47692307692307695
131 0.48091603053435117
132 0.4772727272727273
133 0.47368421052631576
134 0.4701492537313433
135 0.4666666666666667
136 0.4632352941176471
137 0.45985401459854014
138 0.45652173913043476
139 0.45323741007194246
140 0.45714285714285713
141 0.45390070921985815
142 0.4507042253521127
143 0.44755244755244755
144 0.4444444444444444
145 0.4413793103448276
146 0.4383561643835616
147 0.43537414965986393
148 0.4391891891891892
149 0.436241610738255
150 0.43333333333333335
151 0.4370860927152318
152 0.4342105263157895
153 0.43137254901960786
154 0.42857142857142855
155 0.432258064516129
156 0.42948717948717946
157 0.4267515923566879
158 0.43037974683544306
159 0.4276729559748428
160 0.43125
161 0.42857142857142855
162 0.42592592592592593
163 0.4233128834355828
164 0.42073170731707316
165 0.41818181818181815
166 0.42168674698795183
167 0.41916167664670656
168 0.4166666666666667
169 0.41420118343195267
170 0.4117647058823529
171 0.4152046783625731
172 0.4127906976744186
173 0.41040462427745666
174 0.40804597701149425
175 0.4057142857142857
176 0.4034090909090909
177 0.4011299435028249
178 0.398876404494382
179 0.39664804469273746
180 0.39444444444444443
181 0.39226519337016574
182 0.3901098901098901
183 0.3879781420765027
184 0.3858695652173913
185 0.3837837837837838
186 0.3817204301075269
187 0.37967914438502676
188 0.3776595744680851
189 0.37566137566137564
190 0.37894736842105264
191 0.38219895287958117
192 0.3802083333333333
193 0.38341968911917096
194 0.38144329896907214
195 0.38461538461538464
196 0.3826530612244898
197 0.38071065989847713
198 0.3787878787878788
199 0.3768844221105528
200 0.375
201 0.3781094527363184
202 0.3811881188118812
203 0.3793103448275862
204 0.37745098039215685
205 0.375609756097561
206 0.3737864077669903
207 0.3719806763285024
208 0.3701923076923077
209 0.3684210526315789
210 0.36666666666666664
211 0.36492890995260663
212 0.3632075471698113
213 0.3615023474178404
214 0.3598130841121495
215 0.3581395348837209
216 0.35648148148148145
217 0.3548387096774194
218 0.3532110091743119
219 0.3561643835616438
220 0.35454545454545455
221 0.3574660633484163
222 0.35585585585585583
223 0.3542600896860987
224 0.35267857142857145
225 0.3511111111111111
226 0.3495575221238938
227 0.34801762114537443
228 0.34649122807017546
229 0.34497816593886466
230 0.34347826086956523
231 0.341991341991342
232 0.34051724137931033
233 0.33905579399141633
234 0.3418803418803419
235 0.3404255319148936
236 0.3432203389830508
237 0.34177215189873417
238 0.3403361344537815
239 0.3389121338912134
240 0.3375
241 0.34024896265560167
242 0.33884297520661155
243 0.3374485596707819
244 0.3360655737704918
245 0.3346938775510204
246 0.33739837398373984
247 0.3360323886639676
248 0.3387096774193548
249 0.3373493975903614
250 0.336
251 0.3346613545816733
252 0.3333333333333333
253 0.33201581027667987
254 0.33070866141732286
255 0.32941176470588235
256 0.328125
257 0.32684824902723736
258 0.32558139534883723
259 0.32432432432432434
260 0.3230769230769231
261 0.3218390804597701
262 0.32061068702290074
263 0.3193916349809886
264 0.3181818181818182
265 0.3169811320754717
266 0.3157894736842105
267 0.3146067415730337
268 0.31343283582089554
269 0.31226765799256506
270 0.3111111111111111
271 0.30996309963099633
272 0.3088235294117647
273 0.3076923076923077
274 0.30656934306569344
275 0.3054545454545455
276 0.30434782608695654
277 0.30324909747292417
278 0.302158273381295
279 0.3010752688172043
280 0.3
281 0.298932384341637
282 0.2978723404255319
283 0.2968197879858657
284 0.29577464788732394
285 0.29473684210526313
286 0.2937062937062937
287 0.2926829268292683
288 0.2916666666666667
289 0.2906574394463668
290 0.2896551724137931
291 0.28865979381443296
292 0.2876712328767123
293 0.28668941979522183
294 0.2857142857142857
295 0.2847457627118644
296 0.28378378378378377
297 0.2828282828282828
298 0.28187919463087246
299 0.2809364548494983
300 0.28
301 0.27906976744186046
302 0.2781456953642384
303 0.27722772277227725
304 0.27631578947368424
305 0.2754098360655738
306 0.27450980392156865
307 0.2736156351791531
308 0.2727272727272727
309 0.27184466019417475
310 0.2709677419354839
311 0.27009646302250806
312 0.2692307692307692
313 0.268370607028754
314 0.267515923566879
315 0.26666666666666666
316 0.26582278481012656
317 0.26498422712933756
318 0.2641509433962264
319 0.26332288401253917
320 0.265625
321 0.26479750778816197
322 0.2639751552795031
323 0.2631578947368421
324 0.2623456790123457
325 0.26153846153846155
326 0.2607361963190184
327 0.2599388379204893
328 0.25914634146341464
329 0.2613981762917933
330 0.2606060606060606
331 0.2598187311178248
332 0.25903614457831325
333 0.25825825825825827
334 0.25748502994011974
335 0.25671641791044775
336 0.25595238095238093
337 0.2551928783382789
338 0.25443786982248523
339 0.2536873156342183
340 0.2529411764705882
341 0.25219941348973607
342 0.25146198830409355
343 0.25072886297376096
344 0.25
345 0.2492753623188406
346 0.24855491329479767
347 0.2478386167146974
348 0.2471264367816092
349 0.24641833810888253
350 0.24571428571428572
351 0.245014245014245
352 0.24431818181818182
353 0.24645892351274787
354 0.2457627118644068
355 0.24507042253521127
356 0.2443820224719101
357 0.24369747899159663
358 0.2430167597765363
359 0.24233983286908078
360 0.24166666666666667
361 0.2409972299168975
362 0.24033149171270718
363 0.2396694214876033
364 0.24175824175824176
365 0.2410958904109589
366 0.24043715846994534
367 0.23978201634877383
368 0.2391304347826087
369 0.23848238482384823
370 0.23783783783783785
371 0.2371967654986523
372 0.23655913978494625
373 0.2359249329758713
374 0.23529411764705882
375 0.23733333333333334
376 0.23670212765957446
377 0.23607427055702918
378 0.23544973544973544
379 0.23482849604221637
380 0.23421052631578948
381 0.2335958005249344
382 0.23298429319371727
383 0.23237597911227154
384 0.23177083333333334
385 0.23116883116883116
386 0.23056994818652848
387 0.22997416020671835
388 0.22938144329896906
389 0.23136246786632392
390 0.23076923076923078
391 0.23017902813299232
392 0.22959183673469388
393 0.22900763358778625
394 0.23096446700507614
395 0.23291139240506328
396 0.23232323232323232
397 0.23425692695214106
398 0.23366834170854273
399 0.23308270676691728
400 0.2325
401 0.23192019950124687
402 0.23134328358208955
403 0.23076923076923078
404 0.2301980198019802
405 0.22962962962962963
406 0.229064039408867
407 0.2285012285012285
408 0.22794117647058823
409 0.2273838630806846
410 0.22682926829268293
411 0.22627737226277372
412 0.22572815533980584
413 0.22518159806295399
414 0.2246376811594203
415 0.22409638554216868
416 0.22355769230769232
417 0.22302158273381295
418 0.22248803827751196
419 0.22195704057279236
420 0.22142857142857142
421 0.2209026128266033
422 0.22037914691943128
423 0.2198581560283688
424 0.21933962264150944
425 0.2188235294117647
426 0.21830985915492956
427 0.21779859484777517
428 0.21728971962616822
429 0.21678321678321677
430 0.21627906976744185
431 0.21577726218097448
432 0.2152777777777778
433 0.21478060046189376
434 0.21428571428571427
435 0.21379310344827587
436 0.21330275229357798
437 0.2128146453089245
438 0.21232876712328766
439 0.21184510250569477
440 0.21136363636363636
441 0.2108843537414966
442 0.21040723981900453
443 0.20993227990970656
444 0.20945945945945946
445 0.20898876404494382
446 0.2085201793721973
447 0.2080536912751678
448 0.20758928571428573
449 0.2071269487750557
450 0.20666666666666667
451 0.20620842572062084
452 0.20575221238938052
453 0.2052980132450331
454 0.20484581497797358
455 0.2043956043956044
456 0.20394736842105263
457 0.20350109409190373
458 0.2052401746724891
459 0.2047930283224401
460 0.20434782608695654
461 0.2039045553145336
462 0.20346320346320346
463 0.20302375809935205
464 0.2025862068965517
465 0.2021505376344086
466 0.2017167381974249
467 0.2012847965738758
468 0.20085470085470086
469 0.20042643923240938
470 0.2
471 0.19957537154989385
472 0.19915254237288135
473 0.19873150105708245
474 0.19831223628691982
475 0.19789473684210526
476 0.19747899159663865
477 0.1970649895178197
478 0.19665271966527198
479 0.19624217118997914
480 0.19583333333333333
481 0.19542619542619544
482 0.1950207468879668
483 0.19461697722567287
484 0.19421487603305784
485 0.19381443298969073
486 0.19547325102880658
487 0.19507186858316222
488 0.19467213114754098
489 0.19427402862985685
490 0.19387755102040816
491 0.1934826883910387
492 0.19308943089430894
493 0.1926977687626775
494 0.19230769230769232
495 0.1919191919191919
496 0.19153225806451613
497 0.19114688128772636
498 0.19076305220883535
499 0.1903807615230461
500 0.19
501 0.18962075848303392
502 0.1892430278884462
503 0.18886679920477137
504 0.1884920634920635
505 0.18811881188118812
506 0.18774703557312253
507 0.1873767258382643
508 0.18700787401574803
509 0.18664047151277013
510 0.18627450980392157
511 0.18590998043052837
512 0.185546875
513 0.18518518518518517
514 0.18482490272373542
515 0.18446601941747573
516 0.18410852713178294
517 0.18375241779497098
518 0.1833976833976834
519 0.18304431599229287
520 0.18269230769230768
521 0.18234165067178504
522 0.18199233716475097
523 0.18164435946462715
524 0.18129770992366412
525 0.18095238095238095
526 0.1806083650190114
527 0.18026565464895636
528 0.17992424242424243
529 0.17958412098298676
530 0.1792452830188679
531 0.17890772128060264
532 0.17857142857142858
533 0.17823639774859287
534 0.17790262172284643
535 0.17757009345794392
536 0.17723880597014927
537 0.17690875232774675
538 0.17657992565055763
539 0.17625231910946196
540 0.17592592592592593
541 0.1756007393715342
542 0.1752767527675277
543 0.17495395948434622
544 0.17463235294117646
545 0.1743119266055046
546 0.17399267399267399
547 0.1736745886654479
548 0.17335766423357665
549 0.17304189435336975
550 0.17272727272727273
551 0.1724137931034483
552 0.1721014492753623
553 0.1717902350813743
554 0.17148014440433212
555 0.17117117117117117
556 0.17086330935251798
557 0.17055655296229802
558 0.17025089605734767
559 0.16994633273703041
560 0.16964285714285715
561 0.16934046345811052
562 0.16903914590747332
563 0.16873889875666073
564 0.16843971631205673
565 0.168141592920354
566 0.16784452296819788
567 0.1675485008818342
568 0.16725352112676056
569 0.16695957820738136
570 0.16666666666666666
571 0.16637478108581435
572 0.1660839160839161
573 0.16579406631762653
574 0.16550522648083624
575 0.16521739130434782
576 0.16493055555555555
577 0.16464471403812825
578 0.1643598615916955
579 0.16407599309153714
580 0.16379310344827586
581 0.16351118760757316
582 0.16323024054982818
583 0.1646655231560892
584 0.1643835616438356
585 0.1641025641025641
586 0.16382252559726962
587 0.1635434412265758
588 0.16326530612244897
589 0.16298811544991512
590 0.16271186440677965
591 0.16243654822335024
592 0.16216216216216217
593 0.16188870151770657
594 0.16161616161616163
595 0.16134453781512606
596 0.1610738255033557
597 0.1624790619765494
598 0.16220735785953178
599 0.16193656093489148
600 0.16166666666666665
601 0.16139767054908485
602 0.1611295681063123
603 0.16086235489220563
604 0.1605960264900662
605 0.16033057851239668
606 0.16006600660066006
607 0.15980230642504117
608 0.15953947368421054
609 0.1592775041050903
610 0.15901639344262294
611 0.15875613747954173
612 0.15849673202614378
613 0.15823817292006526
614 0.15798045602605862
615 0.15772357723577235
616 0.15746753246753248
617 0.15721231766612642
618 0.156957928802589
619 0.1567043618739903
620 0.15645161290322582
621 0.15619967793880837
622 0.15594855305466238
623 0.15569823434991975
624 0.15544871794871795
625 0.1552
626 0.15654952076677317
627 0.15629984051036683
628 0.15605095541401273
629 0.15580286168521462
630 0.15555555555555556
631 0.15689381933438987
632 0.15664556962025317
633 0.15639810426540285
634 0.15615141955835962
635 0.15590551181102363
636 0.15566037735849056
637 0.1554160125588697
638 0.15517241379310345
639 0.15492957746478872
640 0.1546875
641 0.1544461778471139
642 0.1542056074766355
643 0.15396578538102643
644 0.15372670807453417
645 0.15348837209302327
646 0.15325077399380804
647 0.15301391035548687
648 0.1527777777777778
649 0.15254237288135594
650 0.1523076923076923
651 0.15360983102918588
652 0.15337423312883436
653 0.15313935681470137
654 0.1529051987767584
655 0.15267175572519084
656 0.15396341463414634
657 0.1537290715372907
658 0.1534954407294833
659 0.15326251896813353
660 0.15303030303030302
661 0.15279878971255673
662 0.15256797583081572
663 0.15233785822021115
664 0.15210843373493976
665 0.1518796992481203
666 0.15165165165165165
667 0.15142428785607195
668 0.15119760479041916
669 0.15097159940209268
670 0.15074626865671642
671 0.15052160953800298
672 0.15029761904761904
673 0.150074294205052
674 0.14985163204747776
675 0.14962962962962964
676 0.14940828402366865
677 0.14918759231905465
678 0.14896755162241887
679 0.1487481590574374
680 0.14852941176470588
681 0.14831130690161526
682 0.14809384164222875
683 0.1478770131771596
684 0.1476608187134503
685 0.14744525547445256
686 0.14723032069970846
687 0.1470160116448326
688 0.14680232558139536
689 0.14658925979680695
690 0.1463768115942029
691 0.14616497829232997
692 0.14595375722543352
693 0.14574314574314573
694 0.14553314121037464
695 0.14532374100719425
696 0.14511494252873564
697 0.1449067431850789
698 0.14469914040114612
699 0.14449213161659513
700 0.1442857142857143
701 0.14407988587731813
702 0.14387464387464388
703 0.14366998577524892
704 0.1434659090909091
705 0.14326241134751774
706 0.14305949008498584
707 0.14285714285714285
708 0.1426553672316384
709 0.14245416078984485
710 0.14225352112676057
711 0.1420534458509142
712 0.14185393258426968
713 0.14165497896213183
714 0.14145658263305322
715 0.14125874125874127
716 0.14106145251396648
717 0.14086471408647142
718 0.14066852367688024
719 0.1404728789986092
720 0.14027777777777778
721 0.14008321775312066
722 0.13988919667590027
723 0.1396957123098202
724 0.13950276243093923
725 0.1393103448275862
726 0.13911845730027547
727 0.13892709766162312
728 0.13873626373626374
729 0.13854595336076816
730 0.13835616438356163
731 0.1381668946648427
732 0.13797814207650272
733 0.1377899045020464
734 0.13760217983651227
735 0.13741496598639455
736 0.13722826086956522
737 0.13704206241519673
738 0.13685636856368563
739 0.13667117726657646
740 0.13648648648648648
741 0.13630229419703105
742 0.13611859838274934
743 0.13593539703903096
744 0.135752688172043
745 0.13557046979865772
746 0.1353887399463807
747 0.13520749665327977
748 0.13502673796791445
749 0.1348464619492657
750 0.13466666666666666
751 0.13448735019973368
752 0.13430851063829788
753 0.1341301460823373
754 0.13395225464190982
755 0.1337748344370861
756 0.1335978835978836
757 0.1334214002642008
758 0.13324538258575197
759 0.13306982872200263
760 0.13289473684210526
761 0.13272010512483573
762 0.1325459317585302
763 0.13237221494102228
764 0.13219895287958114
765 0.13202614379084968
766 0.13185378590078328
767 0.1316818774445893
768 0.13151041666666666
769 0.13133940182054615
770 0.13116883116883116
771 0.1309987029831388
772 0.13082901554404144
773 0.13065976714100905
774 0.13049095607235142
775 0.13032258064516128
776 0.13015463917525774
777 0.12998712998713
778 0.12982005141388175
779 0.12965340179717585
780 0.1294871794871795
781 0.1293213828425096
782 0.12915601023017903
783 0.12899106002554278
784 0.1288265306122449
785 0.1286624203821656
786 0.12849872773536897
787 0.12833545108005082
788 0.1281725888324873
789 0.12801013941698353
790 0.12784810126582277
791 0.1276864728192162
792 0.1275252525252525
793 0.1273644388398487
794 0.12720403022670027
795 0.1270440251572327
796 0.12688442211055276
797 0.12672521957340024
798 0.12656641604010024
799 0.12640801001251564
800 0.12625
801 0.12609238451935081
802 0.1259351620947631
803 0.12577833125778332
804 0.1256218905472637
805 0.12546583850931678
806 0.12531017369727046
807 0.1251548946716233
808 0.125
809 0.12484548825710753
810 0.12469135802469136
811 0.12453760789149199
812 0.12438423645320197
813 0.12423124231242312
814 0.12407862407862408
815 0.12392638036809817
816 0.12377450980392157
817 0.12362301101591187
818 0.1234718826405868
819 0.12332112332112333
820 0.12317073170731707
821 0.12302070645554203
822 0.12287104622871046
823 0.1227217496962333
824 0.12257281553398058
825 0.12242424242424242
826 0.12227602905569007
827 0.12212817412333736
828 0.12198067632850242
829 0.1218335343787696
830 0.1216867469879518
831 0.12154031287605295
832 0.12139423076923077
833 0.1212484993997599
834 0.1211031175059952
835 0.12095808383233533
836 0.12081339712918661
837 0.12066905615292713
838 0.12052505966587113
839 0.12038140643623362
840 0.12023809523809524
841 0.12009512485136742
842 0.11995249406175772
843 0.11981020166073547
844 0.11966824644549763
845 0.11952662721893491
846 0.11938534278959811
847 0.1192443919716647
848 0.11910377358490566
849 0.11896348645465253
850 0.1188235294117647
851 0.11868390129259694
852 0.11854460093896714
853 0.11840562719812427
854 0.11826697892271663
855 0.11812865497076024
856 0.11799065420560748
857 0.11785297549591599
858 0.11771561771561771
859 0.11757857974388825
860 0.11744186046511627
861 0.1173054587688734
862 0.11716937354988399
863 0.11703360370799537
864 0.11689814814814815
865 0.11676300578034682
866 0.11662817551963048
867 0.11649365628604383
868 0.11635944700460829
869 0.11622554660529344
870 0.11609195402298851
871 0.11595866819747416
872 0.1158256880733945
873 0.1156930126002291
874 0.11556064073226545
875 0.11542857142857142
876 0.11529680365296803
877 0.11630558722919042
878 0.11617312072892938
879 0.11604095563139932
880 0.1159090909090909
881 0.11577752553916004
882 0.11564625850340136
883 0.11551528878822197
884 0.11538461538461539
885 0.1152542372881356
886 0.11512415349887133
887 0.11499436302142052
888 0.11486486486486487
889 0.11473565804274466
890 0.1146067415730337
891 0.11447811447811448
892 0.11434977578475336
893 0.11422172452407615
894 0.11409395973154363
895 0.11396648044692738
896 0.11383928571428571
897 0.11371237458193979
898 0.11358574610244988
899 0.11345939933259176
900 0.11333333333333333
901 0.11320754716981132
902 0.1130820399113082
903 0.11406423034330011
904 0.11393805309734513
905 0.1138121546961326
906 0.11368653421633554
907 0.11356119073869901
908 0.11343612334801761
909 0.11331133113311331
910 0.11318681318681319
911 0.11306256860592755
912 0.11293859649122807
913 0.11281489594742607
914 0.11269146608315099
915 0.11256830601092896
916 0.11244541484716157
917 0.11232279171210469
918 0.11220043572984749
919 0.11207834602829161
920 0.11195652173913044
921 0.11183496199782844
922 0.11171366594360087
923 0.11159263271939328
924 0.11147186147186147
925 0.11135135135135135
926 0.11123110151187905
927 0.1111111111111111
928 0.11099137931034483
929 0.1108719052744887
930 0.110752688172043
931 0.11063372717508056
932 0.11051502145922747
933 0.11039657020364416
934 0.11027837259100642
935 0.11016042780748662
936 0.11004273504273504
937 0.10992529348986126
938 0.10980810234541578
939 0.10969116080937168
940 0.10957446808510639
941 0.10945802337938364
942 0.10934182590233546
943 0.10922587486744433
944 0.10911016949152542
945 0.10899470899470899
946 0.10887949260042283
947 0.10876451953537487
948 0.10864978902953587
949 0.10853530031612224
950 0.10842105263157895
951 0.10830704521556257
952 0.10819327731092437
953 0.1080797481636936
954 0.10796645702306079
955 0.10785340314136126
956 0.10774058577405858
957 0.10762800417972831
958 0.10751565762004175
959 0.10740354535974973
960 0.10729166666666666
961 0.10718002081165452
962 0.10706860706860707
963 0.10695742471443406
964 0.10684647302904564
965 0.10673575129533679
966 0.10662525879917184
967 0.10651499482936919
968 0.10640495867768596
969 0.10629514963880289
970 0.10618556701030928
971 0.10607621009268794
972 0.10596707818930041
973 0.10585817060637205
974 0.10574948665297741
975 0.10564102564102563
976 0.10553278688524591
977 0.10542476970317298
978 0.10531697341513292
979 0.10520939734422881
980 0.10510204081632653
981 0.10499490316004077
982 0.10488798370672098
983 0.10478128179043744
984 0.10467479674796748
985 0.10456852791878173
986 0.10446247464503043
987 0.10435663627152988
988 0.10425101214574899
989 0.10414560161779575
990 0.10404040404040404
991 0.10393541876892028
992 0.10383064516129033
993 0.10372608257804633
994 0.10362173038229376
995 0.1035175879396985
996 0.10341365461847389
997 0.10330992978936811
998 0.10320641282565131
999 0.1031031031031031
1000 0.103
1001 0.1028971028971029
1002 0.1027944111776447
1003 0.10269192422731804
1004 0.10258964143426295
1005 0.10248756218905472
1006 0.10238568588469185
1007 0.10228401191658391
1008 0.10218253968253968
1009 0.10208126858275521
1010 0.10198019801980197
1011 0.10187932739861523
1012 0.10177865612648221
1013 0.1016781836130306
1014 0.10157790927021697
1015 0.10147783251231528
1016 0.10137795275590551
1017 0.10127826941986234
1018 0.10117878192534381
1019 0.10107948969578018
1020 0.10098039215686275
1021 0.10088148873653281
1022 0.10078277886497064
1023 0.10068426197458455
1024 0.1005859375
1025 0.10048780487804879
1026 0.10038986354775828
1027 0.1002921129503408
1028 0.10116731517509728
1029 0.1010689990281827
1030 0.10097087378640776
1031 0.1008729388942774
1032 0.10077519379844961
1033 0.10067763794772508
1034 0.10058027079303675
1035 0.10048309178743961
1036 0.10038610038610038
1037 0.10028929604628736
1038 0.1001926782273603
1039 0.10009624639076034
1040 0.1
1041 0.09990393852065321
1042 0.09980806142034548
1043 0.09971236816874401
1044 0.09961685823754789
1045 0.09952153110047847
1046 0.0994263862332696
1047 0.09933142311365807
1048 0.09923664122137404
1049 0.09914204003813155
1050 0.09904761904761905
1051 0.09895337773549001
1052 0.09885931558935361
1053 0.09876543209876543
1054 0.09867172675521822
1055 0.0985781990521327
1056 0.09848484848484848
1057 0.09839167455061495
1058 0.09829867674858223
1059 0.09820585457979225
1060 0.09811320754716982
1061 0.09802073515551367
1062 0.09792843691148775
1063 0.09783631232361242
1064 0.09774436090225563
1065 0.09765258215962441
1066 0.0975609756097561
1067 0.09746954076850985
1068 0.09737827715355805
1069 0.09728718428437792
1070 0.09719626168224299
1071 0.09710550887021475
1072 0.09701492537313433
1073 0.09692451071761417
1074 0.09683426443202979
1075 0.09674418604651162
1076 0.09665427509293681
1077 0.09656453110492108
1078 0.09647495361781076
1079 0.0963855421686747
1080 0.0962962962962963
1081 0.09620721554116558
1082 0.09611829944547134
1083 0.09602954755309326
1084 0.0959409594095941
1085 0.0967741935483871
1086 0.09668508287292818
1087 0.09659613615455381
1088 0.09650735294117647
1089 0.09641873278236915
1090 0.0963302752293578
1091 0.09624197983501374
1092 0.09615384615384616
1093 0.09606587374199452
1094 0.09597806215722121
1095 0.0958904109589041
1096 0.09580291970802919
1097 0.09571558796718323
1098 0.09562841530054644
1099 0.09554140127388536
1100 0.09545454545454546
1101 0.09536784741144415
1102 0.09528130671506352
1103 0.09519492293744333
1104 0.09510869565217392
1105 0.09502262443438914
1106 0.0949367088607595
1107 0.0948509485094851
1108 0.09476534296028881
1109 0.09467989179440937
1110 0.09549549549549549
1111 0.09540954095409541
1112 0.09532374100719425
1113 0.09523809523809523
1114 0.09515260323159784
1115 0.09506726457399103
1116 0.09498207885304659
1117 0.09489704565801253
1118 0.09481216457960644
1119 0.09472743521000894
1120 0.09464285714285714
1121 0.09455842997323818
1122 0.0944741532976827
1123 0.0943900267141585
1124 0.09430604982206406
1125 0.09422222222222222
1126 0.0941385435168739
1127 0.0940550133096717
1128 0.09397163120567376
1129 0.09388839681133747
1130 0.09380530973451327
1131 0.09372236958443855
1132 0.09363957597173145
1133 0.09355692850838482
1134 0.09347442680776014
1135 0.0933920704845815
1136 0.09330985915492958
1137 0.0932277924362357
1138 0.09314586994727592
1139 0.09306409130816505
1140 0.09298245614035087
1141 0.09290096406660824
1142 0.09281961471103327
1143 0.09273840769903761
1144 0.09265734265734266
1145 0.0925764192139738
1146 0.0924956369982548
1147 0.09241499564080209
1148 0.09233449477351917
1149 0.09225413402959094
1150 0.09217391304347826
1151 0.09209383145091225
1152 0.0920138888888889
1153 0.09193408499566348
1154 0.09185441941074524
1155 0.09177489177489177
1156 0.09169550173010381
1157 0.09161624891961971
1158 0.09153713298791019
1159 0.091458153580673
1160 0.09137931034482759
1161 0.0913006029285099
1162 0.09122203098106713
1163 0.09200343938091143
1164 0.09192439862542956
1165 0.09184549356223176
1166 0.09176672384219554
1167 0.09168808911739502
1168 0.0916095890410959
1169 0.09153122326775022
1170 0.09145299145299145
1171 0.09137489325362938
1172 0.09129692832764505
1173 0.09121909633418585
1174 0.09114139693356048
1175 0.09106382978723404
1176 0.09098639455782313
1177 0.09090909090909091
1178 0.09083191850594227
1179 0.090754877014419
1180 0.09067796610169492
1181 0.09060118543607112
1182 0.09052453468697123
1183 0.0904480135249366
1184 0.09037162162162163
1185 0.09029535864978903
1186 0.09021922428330523
1187 0.09014321819713564
1188 0.09006734006734007
1189 0.08999158957106812
1190 0.08991596638655462
1191 0.08984047019311503
1192 0.08976510067114093
1193 0.08968985750209556
1194 0.08961474036850921
1195 0.0895397489539749
1196 0.08946488294314381
1197 0.08939014202172096
1198 0.08931552587646077
1199 0.08924103419516263
1200 0.08916666666666667
1201 0.0890924229808493
1202 0.08901830282861897
1203 0.0889443059019119
1204 0.0888704318936877
1205 0.08879668049792531
1206 0.08872305140961857
1207 0.08864954432477216
1208 0.08857615894039735
1209 0.08850289495450786
1210 0.0884297520661157
1211 0.08835672997522709
1212 0.08828382838283828
1213 0.08821104699093157
1214 0.08813838550247118
1215 0.08806584362139917
1216 0.08799342105263158
1217 0.08792111750205424
1218 0.08784893267651889
1219 0.08777686628383921
1220 0.08770491803278689
1221 0.08763308763308764
1222 0.08756137479541735
1223 0.0874897792313982
1224 0.08741830065359477
1225 0.08734693877551021
1226 0.08727569331158239
1227 0.08720456397718011
1228 0.08713355048859935
1229 0.0870626525630594
1230 0.08699186991869919
1231 0.08692120227457352
1232 0.08685064935064934
1233 0.0867802108678021
1234 0.08670988654781199
1235 0.08663967611336032
1236 0.08656957928802589
1237 0.08649959579628133
1238 0.0864297253634895
1239 0.08635996771589992
1240 0.08629032258064516
1241 0.0862207896857373
1242 0.0861513687600644
1243 0.08608205953338696
1244 0.0860128617363344
1245 0.0859437751004016
1246 0.08587479935794542
1247 0.08580593424218123
1248 0.08573717948717949
1249 0.08566853482786228
1250 0.0856
1251 0.08553157474020784
1252 0.08546325878594249
1253 0.0853950518754988
1254 0.08532695374800638
1255 0.08525896414342629
1256 0.08519108280254777
1257 0.08512330946698489
1258 0.08505564387917329
1259 0.08498808578236695
1260 0.08492063492063492
1261 0.08564631245043616
1262 0.08557844690966719
1263 0.0855106888361045
1264 0.08544303797468354
1265 0.08537549407114625
1266 0.08530805687203792
1267 0.08524072612470403
1268 0.08517350157728706
1269 0.0851063829787234
1270 0.08503937007874016
1271 0.08497246262785209
1272 0.08490566037735849
1273 0.08483896307934014
1274 0.0847723704866562
1275 0.08470588235294117
1276 0.08463949843260188
1277 0.08457321848081441
1278 0.08450704225352113
1279 0.08444096950742767
1280 0.084375
1281 0.08430913348946135
1282 0.0842433697347894
1283 0.08417770849571317
1284 0.08411214953271028
1285 0.0840466926070039
1286 0.08398133748055987
1287 0.08391608391608392
1288 0.08385093167701864
1289 0.08378588052754073
1290 0.08372093023255814
1291 0.08365608055770721
1292 0.08359133126934984
1293 0.08352668213457076
1294 0.08346213292117466
1295 0.0833976833976834
1296 0.08333333333333333
1297 0.08326908249807248
1298 0.08320493066255778
1299 0.08314087759815242
1300 0.08307692307692308
1301 0.0830130668716372
1302 0.08294930875576037
1303 0.08288564850345356
1304 0.08282208588957055
1305 0.08275862068965517
1306 0.08269525267993874
1307 0.08263198163733741
1308 0.08256880733944955
1309 0.0825057295645531
1310 0.08244274809160305
1311 0.08237986270022883
1312 0.08231707317073171
1313 0.08225437928408226
1314 0.0821917808219178
1315 0.08212927756653993
1316 0.08206686930091185
1317 0.08200455580865604
1318 0.0819423368740516
1319 0.08188021228203184
1320 0.08181818181818182
1321 0.0817562452687358
1322 0.08169440242057488
1323 0.08163265306122448
1324 0.08157099697885196
1325 0.08150943396226415
1326 0.08144796380090498
1327 0.08138658628485305
1328 0.08132530120481928
1329 0.08126410835214447
1330 0.081203007518797
1331 0.0811419984973704
1332 0.08108108108108109
1333 0.08102025506376594
1334 0.08095952023988005
1335 0.08089887640449438
1336 0.08083832335329341
1337 0.08077786088257292
1338 0.08071748878923767
1339 0.08065720687079911
1340 0.08059701492537313
1341 0.08053691275167785
1342 0.08047690014903129
1343 0.08041697691734921
1344 0.08035714285714286
1345 0.08029739776951673
1346 0.08023774145616643
1347 0.0801781737193764
1348 0.08011869436201781
1349 0.08005930318754632
1350 0.08
1351 0.07994078460399703
1352 0.07988165680473373
1353 0.07982261640798226
1354 0.07976366322008863
1355 0.07970479704797048
1356 0.07964601769911504
1357 0.079587324981577
1358 0.07952871870397643
1359 0.07947019867549669
1360 0.07941176470588235
1361 0.07935341660543718
1362 0.07929515418502203
1363 0.07923697725605282
1364 0.07917888563049853
1365 0.07912087912087912
1366 0.07906295754026355
1367 0.07900512070226774
1368 0.07894736842105263
1369 0.07888970051132213
1370 0.07883211678832117
1371 0.0787746170678337
1372 0.0794460641399417
1373 0.07938820101966497
1374 0.07933042212518195
1375 0.07927272727272727
1376 0.07921511627906977
1377 0.07915758896151052
1378 0.07910014513788098
1379 0.07904278462654098
1380 0.07898550724637682
1381 0.07892831281679942
1382 0.0788712011577424
1383 0.07881417208966016
1384 0.078757225433526
1385 0.07870036101083032
1386 0.07864357864357864
1387 0.07858687815428983
1388 0.07853025936599424
1389 0.07847372210223182
1390 0.07841726618705036
1391 0.07836089144500359
1392 0.07830459770114942
1393 0.07824838478104809
1394 0.0781922525107604
1395 0.07813620071684588
1396 0.07808022922636103
1397 0.07802433786685756
1398 0.07796852646638054
1399 0.07791279485346676
1400 0.07785714285714286
1401 0.07780157030692363
1402 0.07774607703281027
1403 0.07769066286528867
1404 0.07763532763532764
1405 0.07758007117437722
1406 0.077524893314367
1407 0.07746979388770434
1408 0.07741477272727272
1409 0.0773598296664301
1410 0.07730496453900709
1411 0.07725017717930546
1412 0.07719546742209632
1413 0.07714083510261854
1414 0.07708628005657708
1415 0.07703180212014134
1416 0.0769774011299435
1417 0.07692307692307693
1418 0.0768688293370945
1419 0.07681465821000705
1420 0.07676056338028169
1421 0.07670654468684025
1422 0.07665260196905767
1423 0.07659873506676036
1424 0.07724719101123595
1425 0.07719298245614035
1426 0.07713884992987377
1427 0.07708479327259986
1428 0.07703081232492998
1429 0.07697690692792163
1430 0.07692307692307693
1431 0.07686932215234102
1432 0.07681564245810056
1433 0.07676203768318214
1434 0.07670850767085077
1435 0.07665505226480836
1436 0.0766016713091922
1437 0.07654836464857341
1438 0.07649513212795549
1439 0.07644197359277276
1440 0.0763888888888889
1441 0.07633587786259542
1442 0.07628294036061026
1443 0.07623007623007623
1444 0.07617728531855955
1445 0.07612456747404844
1446 0.07607192254495158
1447 0.07601935038009675
1448 0.07596685082872928
1449 0.0759144237405107
1450 0.07586206896551724
1451 0.07580978635423846
1452 0.07575757575757576
1453 0.07570543702684102
1454 0.07565337001375516
1455 0.07560137457044673
1456 0.07554945054945054
1457 0.07549759780370624
1458 0.07544581618655692
1459 0.07539410555174778
1460 0.07534246575342465
1461 0.07529089664613278
1462 0.07523939808481532
1463 0.07518796992481203
1464 0.07513661202185792
1465 0.07508532423208192
1466 0.07503410641200546
1467 0.07498295841854125
1468 0.07493188010899182
1469 0.07488087134104833
1470 0.07482993197278912
1471 0.07477906186267845
1472 0.07472826086956522
1473 0.0746775288526816
1474 0.07462686567164178
1475 0.07457627118644068
1476 0.07452574525745258
1477 0.07447528774542993
1478 0.07442489851150202
1479 0.07437457741717377
1480 0.07432432432432433
1481 0.07427413909520594
1482 0.07422402159244265
1483 0.07417397167902899
1484 0.07412398921832884
1485 0.07407407407407407
1486 0.0740242261103634
1487 0.07397444519166106
1488 0.0739247311827957
1489 0.07387508394895903
1490 0.0738255033557047
1491 0.07377598926894702
1492 0.07372654155495978
1493 0.07367716008037509
1494 0.07362784471218206
1495 0.07357859531772576
1496 0.07352941176470588
1497 0.07348029392117568
1498 0.07343124165554073
1499 0.0733822548365577
1500 0.07333333333333333
1501 0.07328447701532312
1502 0.07323568575233022
1503 0.07318695941450433
1504 0.07313829787234043
1505 0.07308970099667775
1506 0.07304116865869854
1507 0.072992700729927
1508 0.07294429708222812
1509 0.0728959575878065
1510 0.0728476821192053
1511 0.07279947054930509
1512 0.07341269841269842
1513 0.07336417713152676
1514 0.07331571994715984
1515 0.07326732673267326
1516 0.07321899736147758
1517 0.07317073170731707
1518 0.07312252964426877
1519 0.07307439104674128
1520 0.07302631578947369
1521 0.07297830374753451
1522 0.07293035479632064
1523 0.07288246881155613
1524 0.07283464566929133
1525 0.07278688524590164
1526 0.0727391874180865
1527 0.0733464309102816
1528 0.07329842931937172
1529 0.07325049051667756
1530 0.07320261437908497
1531 0.07315480078380143
1532 0.0731070496083551
1533 0.0730593607305936
1534 0.07301173402868318
1535 0.07296416938110749
1536 0.07291666666666667
1537 0.07286922576447626
1538 0.07282184655396619
1539 0.07277452891487979
1540 0.07272727272727272
1541 0.07268007787151201
1542 0.07263294422827497
1543 0.07258587167854828
1544 0.07253886010362694
1545 0.07249190938511327
1546 0.0724450194049159
1547 0.07239819004524888
1548 0.07235142118863049
1549 0.07230471271788251
1550 0.07225806451612904
1551 0.07221147646679561
1552 0.07216494845360824
1553 0.0721184803605924
1554 0.07207207207207207
1555 0.0720257234726688
1556 0.07197943444730077
1557 0.07193320488118175
1558 0.07188703465982028
1559 0.0718409236690186
1560 0.07179487179487179
1561 0.07174887892376682
1562 0.07170294494238157
1563 0.07165706973768395
1564 0.07161125319693094
1565 0.07156549520766774
1566 0.07151979565772669
1567 0.07147415443522655
1568 0.07142857142857142
1569 0.07138304652644997
1570 0.07133757961783439
1571 0.07129217059197963
1572 0.07124681933842239
1573 0.0712015257469803
1574 0.07115628970775095
1575 0.07111111111111111
1576 0.07106598984771574
1577 0.07102092580849714
1578 0.07097591888466413
1579 0.07093096896770108
1580 0.07088607594936709
1581 0.07084123972169513
1582 0.07079646017699115
1583 0.07075173720783323
1584 0.0707070707070707
1585 0.07066246056782334
1586 0.07061790668348046
1587 0.07057340894770006
1588 0.07052896725440806
1589 0.07048458149779736
1590 0.07044025157232704
1591 0.07039597737272156
1592 0.07035175879396985
1593 0.07030759573132454
1594 0.07026348808030113
1595 0.07021943573667712
1596 0.07017543859649122
1597 0.07013149655604257
1598 0.07008760951188986
1599 0.07004377736085053
1600 0.07
1601 0.06995627732667083
1602 0.06991260923845194
1603 0.06986899563318777
1604 0.06982543640897755
1605 0.06978193146417445
1606 0.06973848069738481
1607 0.06969508400746734
1608 0.06965174129353234
1609 0.06960845245494096
1610 0.06956521739130435
1611 0.06952203600248293
1612 0.06947890818858561
1613 0.069435833849969
1614 0.06939281288723669
1615 0.0693498452012384
1616 0.06930693069306931
1617 0.06926406926406926
1618 0.069221260815822
1619 0.06917850525015441
1620 0.0691358024691358
1621 0.06909315237507711
1622 0.0690505548705302
1623 0.06900800985828712
1624 0.06896551724137931
1625 0.06892307692307692
1626 0.06888068880688807
1627 0.06883835279655809
1628 0.0687960687960688
1629 0.06875383670963782
1630 0.0687116564417178
1631 0.06866952789699571
1632 0.06862745098039216
1633 0.06858542559706063
1634 0.06854345165238677
1635 0.06850152905198777
1636 0.06845965770171149
1637 0.06841783750763591
1638 0.06837606837606838
1639 0.06833435021354485
1640 0.06829268292682927
1641 0.06825106642291286
1642 0.0682095006090134
1643 0.06816798539257456
1644 0.0681265206812652
1645 0.06808510638297872
1646 0.06804374240583232
1647 0.06800242865816636
1648 0.06796116504854369
1649 0.06791995148574893
1650 0.06787878787878789
1651 0.06783767413688674
1652 0.06779661016949153
1653 0.0677555958862674
1654 0.06771463119709795
1655 0.06767371601208459
1656 0.06763285024154589
1657 0.0675920337960169
1658 0.06755126658624849
1659 0.06751054852320675
1660 0.06746987951807229
1661 0.06742925948223961
1662 0.06738868832731648
1663 0.06734816596512327
1664 0.06790865384615384
1665 0.06786786786786787
1666 0.06782713085234093
1667 0.06778644271145771
1668 0.06774580335731414
1669 0.0677052127022169
1670 0.06766467065868263
1671 0.06762417713943747
1672 0.06758373205741627
1673 0.06754333532576211
1674 0.06750298685782556
1675 0.06746268656716418
1676 0.06742243436754176
1677 0.06738223017292785
1678 0.06734207389749702
1679 0.06730196545562835
1680 0.06726190476190476
1681 0.06722189173111243
1682 0.06718192627824018
1683 0.06714200831847891
1684 0.0671021377672209
1685 0.06706231454005934
1686 0.06702253855278767
1687 0.06698280972139893
1688 0.0669431279620853
1689 0.06690349319123742
1690 0.06686390532544378
1691 0.06682436428149024
1692 0.06678486997635934
1693 0.06674542232722977
1694 0.0667060212514758
1695 0.06666666666666667
1696 0.06662735849056604
1697 0.06658809664113141
1698 0.06654888103651355
1699 0.06650971159505592
1700 0.06647058823529411
1701 0.06643151087595532
1702 0.06639247943595769
1703 0.06635349383440986
1704 0.06631455399061033
1705 0.06627565982404691
1706 0.06623681125439625
1707 0.06619800820152313
1708 0.0661592505854801
1709 0.06612053832650673
1710 0.06608187134502924
1711 0.06604324956165984
1712 0.06600467289719626
1713 0.06596614127262113
1714 0.06592765460910152
1715 0.06588921282798833
1716 0.06585081585081586
1717 0.06581246359930111
1718 0.06577415599534342
1719 0.06573589296102385
1720 0.06569767441860465
1721 0.06565950029052876
1722 0.06562137049941928
1723 0.06558328496807893
1724 0.06554524361948956
1725 0.0655072463768116
1726 0.06546929316338354
1727 0.06543138390272148
1728 0.06539351851851852
1729 0.0653556969346443
1730 0.0653179190751445
1731 0.06528018486424032
1732 0.06524249422632794
1733 0.06520484708597807
1734 0.0651672433679354
1735 0.06512968299711816
1736 0.06509216589861751
1737 0.06505469199769717
1738 0.06501726121979287
1739 0.06497987349051179
1740 0.06494252873563218
1741 0.06490522688110281
1742 0.06486796785304248
1743 0.06483075157773953
1744 0.06479357798165138
1745 0.06475644699140401
1746 0.06471935853379153
1747 0.06468231253577561
1748 0.06464530892448513
1749 0.06460834762721555
1750 0.06457142857142857
1751 0.06453455168475157
1752 0.06449771689497717
1753 0.06446092413006276
1754 0.06442417331812998
1755 0.06438746438746439
1756 0.06435079726651481
1757 0.064314171883893
1758 0.06427758816837315
1759 0.06424104604889141
1760 0.06420454545454546
1761 0.06416808631459398
1762 0.0641316685584563
1763 0.06409529211571185
1764 0.06405895691609978
1765 0.06402266288951841
1766 0.06398640996602492
1767 0.06395019807583475
1768 0.06391402714932126
1769 0.06387789711701526
1770 0.06384180790960452
1771 0.06380575945793338
1772 0.06376975169300225
1773 0.06373378454596729
1774 0.0636978579481398
1775 0.06366197183098592
1776 0.06362612612612613
1777 0.06359032076533483
1778 0.06355455568053993
1779 0.06351883080382237
1780 0.06348314606741573
1781 0.06344750140370578
1782 0.06341189674523008
1783 0.0633763320246775
1784 0.0633408071748879
1785 0.06330532212885154
1786 0.06326987681970885
1787 0.06323447118074986
1788 0.06319910514541387
1789 0.06316377864728899
1790 0.06312849162011173
1791 0.06309324399776661
1792 0.06305803571428571
1793 0.0630228667038483
1794 0.06298773690078038
1795 0.06295264623955432
1796 0.06291759465478843
1797 0.06288258208124652
1798 0.06284760845383759
1799 0.06281267370761534
1800 0.06277777777777778
1801 0.06274292059966685
1802 0.06270810210876804
1803 0.06267332224070993
1804 0.06263858093126386
1805 0.06260387811634349
1806 0.06256921373200443
1807 0.06253458771444383
1808 0.0625
1809 0.06246545052515202
1810 0.062430939226519336
1811 0.0623964660408614
1812 0.06236203090507726
1813 0.06232763375620518
1814 0.06229327453142227
1815 0.06225895316804408
1816 0.06222466960352423
1817 0.06219042377545404
1818 0.06215621562156216
1819 0.06212204507971413
1820 0.06208791208791209
1821 0.06205381658429435
1822 0.062019758507135016
1823 0.06198573779484366
1824 0.06195175438596491
1825 0.06191780821917808
1826 0.061883899233296825
1827 0.061850027367268745
1828 0.06181619256017506
1829 0.06178239475123018
1830 0.06174863387978142
1831 0.061714909885308575
1832 0.06168122270742358
1833 0.06164757228587016
1834 0.061613958560523444
1835 0.061580381471389646
1836 0.061546840958605666
1837 0.061513336962438755
1838 0.06147986942328618
1839 0.06144643828167482
1840 0.06141304347826087
1841 0.06137968495382944
1842 0.061346362649294245
1843 0.061313076505697235
1844 0.061279826464208244
1845 0.06124661246612466
1846 0.06121343445287107
1847 0.061180292365998916
1848 0.061147186147186144
1849 0.061114115738236885
1850 0.06108108108108108
1851 0.061048082117774176
1852 0.06101511879049676
1853 0.06098219104155424
1854 0.06094929881337648
1855 0.06091644204851752
1856 0.06088362068965517
1857 0.06085083467959074
1858 0.06081808396124865
1859 0.06078536847767617
1860 0.06075268817204301
1861 0.060720042987641054
1862 0.06068743286788399
1863 0.06065485775630703
1864 0.06062231759656652
1865 0.06058981233243968
1866 0.060557341907824226
1867 0.06052490626673808
1868 0.06049250535331906
1869 0.060460139111824504
1870 0.06042780748663101
1871 0.0603955104222341
1872 0.060363247863247864
1873 0.0603310197544047
1874 0.06029882604055496
1875 0.06026666666666667
1876 0.06023454157782516
1877 0.06020245071923282
1878 0.06017039403620873
1879 0.0601383714741884
1880 0.0601063829787234
1881 0.06007442849548113
1882 0.06004250797024442
1883 0.06001062134891131
1884 0.05997876857749469
1885 0.05994694960212202
1886 0.059915164369035
1887 0.0598834128245893
1888 0.05985169491525424
1889 0.05982001058761249
1890 0.059788359788359786
1891 0.0597567424643046
1892 0.05972515856236787
1893 0.05969360802958267
1894 0.05966209081309398
1895 0.05963060686015831
1896 0.05959915611814346
1897 0.0595677385345282
1898 0.059536354056902004
1899 0.06003159557661927
1900 0.06
1901 0.05996843766438716
1902 0.05993690851735016
1903 0.05990541250656858
1904 0.059873949579831935
1905 0.05984251968503937
1906 0.05981112277019937
1907 0.05977975878342947
1908 0.059748427672955975
1909 0.059717129387113675
1910 0.05968586387434555
1911 0.059654631083202514
1912 0.0596234309623431
1913 0.059592263460533194
1914 0.05956112852664577
1915 0.05953002610966057
1916 0.059498956158663886
1917 0.0594679186228482
1918 0.05943691345151199
1919 0.0594059405940594
1920 0.059375
1921 0.059344091618948464
1922 0.05931321540062435
1923 0.059282371294851796
1924 0.059251559251559255
1925 0.05922077922077922
1926 0.059190031152647975
1927 0.059159314997405295
1928 0.05912863070539419
1929 0.05909797822706065
1930 0.05906735751295337
1931 0.059036768513723456
1932 0.059006211180124224
1933 0.058975685463010866
1934 0.05894519131334023
1935 0.05891472868217054
1936 0.058884297520661155
1937 0.05885389778007228
1938 0.058823529411764705
1939 0.058793192367199584
1940 0.058762886597938144
1941 0.05873261205564142
1942 0.05870236869207003
1943 0.05867215645908389
1944 0.05864197530864197
1945 0.05861182519280206
1946 0.05858170606372045
1947 0.05855161787365177
1948 0.058521560574948665
1949 0.05849153412006157
1950 0.05846153846153846
1951 0.0584315735520246
1952 0.0584016393442623
1953 0.05837173579109063
1954 0.05834186284544524
1955 0.058312020460358056
1956 0.05828220858895705
1957 0.05825242718446602
1958 0.05822267620020429
1959 0.05819295558958652
1960 0.058163265306122446
1961 0.05813360530341662
1962 0.0581039755351682
1963 0.058074375955170655
1964 0.05804480651731161
1965 0.058524173027989825
1966 0.05849440488301119
1967 0.058464667005592275
1968 0.058434959349593495
1969 0.05840528186896902
1970 0.0583756345177665
1971 0.058346017250126836
1972 0.05831643002028398
1973 0.05828687278256462
1974 0.05825734549138804
1975 0.05822784810126582
1976 0.05819838056680162
1977 0.058168942842690946
1978 0.05813953488372093
1979 0.05811015664477009
1980 0.05808080808080808
1981 0.05805148914689551
1982 0.058022199798183655
1983 0.05799293998991427
1984 0.05796370967741935
1985 0.05793450881612091
1986 0.057905337361530716
1987 0.05787619526925013
1988 0.057847082494969816
1989 0.057817998994469585
1990 0.05778894472361809
1991 0.057759919638372674
1992 0.05773092369477912
1993 0.0577019568489714
1994 0.057673019057171516
1995 0.05764411027568922
1996 0.057615230460921846
1997 0.05758637956935403
1998 0.05755755755755756
1999 0.057528764382191094
2000 0.0575
2001 0.05747126436781609
2002 0.05744255744255744
2003 0.05741387918122816
2004 0.05738522954091816
2005 0.057356608478802994
2006 0.05732801595214357
2007 0.057299451918286
2008 0.05727091633466135
2009 0.057242409158785465
2010 0.05721393034825871
2011 0.05718547986076579
2012 0.05715705765407555
2013 0.057128663686040734
2014 0.057100297914597815
2015 0.05707196029776675
2016 0.05704365079365079
2017 0.05701536936043629
2018 0.05698711595639247
2019 0.05695889053987122
2020 0.05693069306930693
2021 0.05690252350321623
2022 0.056874381800197826
2023 0.056846267918932276
2024 0.05731225296442688
2025 0.05728395061728395
2026 0.05725567620927937
2027 0.05722742969906265
2028 0.05719921104536489
2029 0.05717102020699852
2030 0.05714285714285714
2031 0.05711472181191531
2032 0.05708661417322835
2033 0.05705853418593212
2034 0.05703048180924287
2035 0.057002457002457
2036 0.05697445972495088
2037 0.05694648993618066
2038 0.05691854759568204
2039 0.05689063266307013
2040 0.056862745098039215
2041 0.05683488486036257
2042 0.05680705190989226
2043 0.056779246206558984
2044 0.05675146771037182
2045 0.05672371638141809
2046 0.056695992179863146
2047 0.05666829506595017
2048 0.056640625
2049 0.056612981942410934
2050 0.05658536585365854
2051 0.056557776694295465
2052 0.056530214424951264
2053 0.0565026790063322
2054 0.05647517039922103
2055 0.056447688564476885
2056 0.05642023346303502
2057 0.05639280505590666
2058 0.056365403304178816
2059 0.056338028169014086
2060 0.05631067961165048
2061 0.056283357593401265
2062 0.05625606207565471
2063 0.05622879301987397
2064 0.0562015503875969
2065 0.056174334140435836
2066 0.05614714424007745
2067 0.05611998064828253
2068 0.05609284332688588
2069 0.05606573223779604
2070 0.05603864734299517
2071 0.05601158860453887
2072 0.055984555984555984
2073 0.05595754944524843
2074 0.055930568948891035
2075 0.055903614457831326
2076 0.055876685934489405
2077 0.05584978334135773
2078 0.05582290664100096
2079 0.055796055796055795
2080 0.05576923076923077
2081 0.0557424315233061
2082 0.05571565802113353
2083 0.0556889102256361
2084 0.05566218809980806
2085 0.055635491606714625
2086 0.05560882070949185
2087 0.05558217537134643
2088 0.05555555555555555
2089 0.05552896122546673
2090 0.05550239234449761
2091 0.05547584887613582
2092 0.055449330783938815
2093 0.05542283803153368
2094 0.055396370582617004
2095 0.05536992840095466
2096 0.05534351145038168
2097 0.055317119694802096
2098 0.055290753098188754
2099 0.055264411624583135
2100 0.05523809523809524
2101 0.05521180390290338
2102 0.05518553758325404
2103 0.05515929624346172
2104 0.055133079847908745
2105 0.05510688836104513
2106 0.055080721747388414
2107 0.05505457997152349
2108 0.05502846299810247
2109 0.055002370791844474
2110 0.054976303317535544
2111 0.054950260540028426
2112 0.054924242424242424
2113 0.05489824893516328
2114 0.05487228003784295
2115 0.05484633569739953
2116 0.054820415879017016
2117 0.0547945205479452
2118 0.05476864966949953
2119 0.05474280320906088
2120 0.05471698113207547
2121 0.05469118340405469
2122 0.05466540999057493
2123 0.054639660857277436
2124 0.054613935969868174
2125 0.054588235294117646
2126 0.05456255879586077
2127 0.05453690644099671
2128 0.05451127819548872
2129 0.05448567402536402
2130 0.054460093896713614
2131 0.05443453777569216
2132 0.054409005628517824
2133 0.0543834974214721
2134 0.05435801312089972
2135 0.054332552693208434
2136 0.054307116104868915
2137 0.0542817033224146
2138 0.05425631431244153
2139 0.05423094904160823
2140 0.05420560747663551
2141 0.0541802895843064
2142 0.05415499533146592
2143 0.054129724685020995
2144 0.054104477611940295
2145 0.05407925407925408
2146 0.05405405405405406
2147 0.05402887750349324
2148 0.054003724394785846
2149 0.05397859469520707
2150 0.053953488372093024
2151 0.05392840539284054
2152 0.05390334572490706
2153 0.0538783093358105
2154 0.05385329619312906
2155 0.05382830626450116
2156 0.05380333951762523
2157 0.05377839592025962
2158 0.05375347544022243
2159 0.053728578045391384
2160 0.053703703703703705
2161 0.053678852383155944
2162 0.05365402405180388
2163 0.053629218677762366
2164 0.053604436229205174
2165 0.0535796766743649
2166 0.05355493998153278
2167 0.0535302261190586
2168 0.05350553505535055
2169 0.053480866758875055
2170 0.053456221198156684
2171 0.053431598341777985
2172 0.053406998158379376
2173 0.053382420616658995
2174 0.05335786568537258
2175 0.05333333333333334
2176 0.05330882352941176
2177 0.0532843362425356
2178 0.05325987144168962
2179 0.05323542909591556
2180 0.05321100917431193
2181 0.05318661164603393
2182 0.05316223648029331
2183 0.05313788364635822
2184 0.05311355311355311
2185 0.05308924485125858
2186 0.053064958828911254
2187 0.053040695016003656
2188 0.05301645338208409
2189 0.05299223389675651
2190 0.052968036529680365
2191 0.05294386125057052
2192 0.05291970802919708
2193 0.052895576835385316
2194 0.0528714676390155
2195 0.05284738041002278
2196 0.052823315118397086
2197 0.05279927173418298
2198 0.052775250227479524
2199 0.0527512505684402
2200 0.05272727272727273
2201 0.052703316674238984
2202 0.05267938237965486
2203 0.05265546981389015
2204 0.05308529945553539
2205 0.053514739229024944
2206 0.05349048050770626
2207 0.05346624376982329
2208 0.05344202898550725
2209 0.05341783612494341
2210 0.05339366515837104
2211 0.05336951605608322
2212 0.05334538878842676
2213 0.05332128332580208
2214 0.053297199638663056
2215 0.05327313769751693
2216 0.05324909747292419
2217 0.053225078935498424
2218 0.05320108205590622
2219 0.05317710680486706
2220 0.05315315315315315
2221 0.05312922107158938
2222 0.05310531053105311
2223 0.053081421502474135
2224 0.053057553956834536
2225 0.05303370786516854
2226 0.053009883198562445
2227 0.05298607992815447
2228 0.05296229802513465
2229 0.05293853746074473
2230 0.05291479820627803
2231 0.052891080233079334
2232 0.0528673835125448
2233 0.05329153605015674
2234 0.05326768128916741
2235 0.053243847874720356
2236 0.053220035778175315
2237 0.053196244970943225
2238 0.05317247542448615
2239 0.0531487271103171
2240 0.053125
2241 0.05310129406514949
2242 0.05307760927743087
2243 0.053053945608559964
2244 0.05303030303030303
2245 0.053006681514476614
2246 0.052983081032947466
2247 0.0529595015576324
2248 0.052935943060498224
2249 0.052912405513561585
2250 0.05288888888888889
2251 0.05286539315859618
2252 0.05284191829484902
2253 0.052818464269862406
2254 0.052795031055900624
2255 0.05277161862527716
2256 0.05274822695035461
2257 0.052724856003544526
2258 0.05270150575730735
2259 0.05267817618415228
2260 0.05265486725663717
2261 0.05263157894736842
2262 0.052608311229000886
2263 0.052585064074237735
2264 0.05256183745583039
2265 0.052538631346578366
2266 0.052515445719329215
2267 0.05249228054697839
2268 0.05246913580246913
2269 0.05244601145879242
2270 0.052422907488986786
2271 0.05239982386613826
2272 0.05237676056338028
2273 0.052353717553893536
2274 0.052330694810905895
2275 0.052307692307692305
2276 0.05228471001757469
2277 0.052261747913921824
2278 0.05223880597014925
2279 0.05221588415971917
2280 0.052192982456140354
2281 0.052170100832968
2282 0.05214723926380368
2283 0.052124397722295226
2284 0.0521015761821366
2285 0.052078774617067836
2286 0.05205599300087489
2287 0.05203323130738959
2288 0.05201048951048951
2289 0.05198776758409786
2290 0.051965065502183404
2291 0.05194238323876037
2292 0.051919720767888304
2293 0.051897078063672046
2294 0.05187445510026155
2295 0.05185185185185185
2296 0.051829268292682924
2297 0.05180670439703962
2298 0.05178416013925152
2299 0.05176163549369291
2300 0.05173913043478261
2301 0.05171664493698392
2302 0.051694178974804515
2303 0.05167173252279635
2304 0.05164930555555555
2305 0.051626898047722344
2306 0.05160450997398092
2307 0.05158214130905939
2308 0.05155979202772964
2309 0.05153746210480727
2310 0.051515151515151514
2311 0.05149286023366508
2312 0.051470588235294115
2313 0.0514483354950281
2314 0.05142610198789974
2315 0.05140388768898488
2316 0.051381692573402415
2317 0.0513595166163142
2318 0.05133735979292493
2319 0.0513152220784821
2320 0.05129310344827586
2321 0.05127100387763895
2322 0.0512489233419466
2323 0.05122686181661645
2324 0.05120481927710843
2325 0.051182795698924734
2326 0.05116079105760963
2327 0.05113880532874946
2328 0.05111683848797251
2329 0.051094890510948905
2330 0.051072961373390555
2331 0.05105105105105105
2332 0.05102915951972556
2333 0.05100728675525075
2334 0.05098543273350471
2335 0.050963597430406855
2336 0.05094178082191781
2337 0.050919982884039365
2338 0.05089820359281437
2339 0.05087644292432664
2340 0.050854700854700854
2341 0.05083297736010252
2342 0.05081127241673783
2343 0.050789586000853607
2344 0.0507679180887372
2345 0.050746268656716415
2346 0.050724637681159424
2347 0.05070302513847465
2348 0.05068143100511073
2349 0.05065985525755641
2350 0.05063829787234043
2351 0.05061675882603148
2352 0.050595238095238096
2353 0.05057373565660858
2354 0.05055225148683093
2355 0.0505307855626327
2356 0.05050933786078098
2357 0.050487908358082305
2358 0.05046649703138253
2359 0.050445103857566766
2360 0.050423728813559325
2361 0.05040237187632359
2362 0.05038103302286198
2363 0.050359712230215826
2364 0.050338409475465314
2365 0.050317124735729385
2366 0.05029585798816568
2367 0.05027460920997043
2368 0.05025337837837838
2369 0.050232165470662726
2370 0.05021097046413502
2371 0.05018979333614509
2372 0.050168634064080946
2373 0.05014749262536873
2374 0.05012636899747262
2375 0.050105263157894736
2376 0.050084175084175085
2377 0.05006310475389146
2378 0.05004205214465938
2379 0.050021017234131986
2380 0.05
2381 0.0499790004199916
2382 0.049958018471872374
2383 0.049937054133445236
2384 0.04991610738255033
2385 0.04989517819706499
2386 0.0498742665549036
2387 0.04985337243401759
2388 0.04983249581239531
2389 0.04981163666806195
2390 0.0497907949790795
2391 0.049769970723546636
2392 0.049749163879598664
2393 0.04972837442540744
2394 0.049707602339181284
2395 0.049686847599164925
2396 0.0496661101836394
2397 0.04964539007092199
2398 0.04962468723936614
2399 0.049604001667361404
2400 0.04958333333333333
2401 0.04956268221574344
2402 0.04954204829308909
2403 0.049521431543903455
2404 0.049500831946755405
2405 0.04948024948024948
2406 0.04945968412302577
2407 0.04943913585375987
2408 0.04941860465116279
2409 0.0493980904939809
2410 0.04937759336099585
2411 0.04935711323102447
2412 0.04933665008291874
2413 0.04931620389556569
2414 0.04929577464788732
2415 0.04927536231884058
2416 0.04925496688741722
2417 0.049234588332643776
2418 0.04921422663358147
2419 0.04919388176932617
2420 0.049173553719008264
2421 0.049153242461792646
2422 0.049132947976878616
2423 0.049112670243499794
2424 0.04909240924092409
2425 0.04907216494845361
2426 0.04905193734542457
2427 0.04903172641120725
2428 0.04901153212520593
2429 0.04899135446685879
2430 0.04897119341563786
2431 0.04895104895104895
2432 0.04893092105263158
2433 0.048910809699958896
2434 0.04889071487263763
2435 0.04887063655030801
2436 0.04885057471264368
2437 0.04883052933935166
2438 0.04881050041017227
2439 0.04879048790487905
2440 0.048770491803278686
2441 0.04875051208521098
2442 0.04873054873054873
2443 0.04871060171919771
2444 0.04869067103109656
2445 0.04867075664621677
2446 0.04865085854456255
2447 0.04863097670617082
2448 0.04861111111111111
2449 0.048591261739485504
2450 0.04857142857142857
2451 0.0485516115871073
2452 0.04853181076672104
2453 0.048512026090501426
2454 0.04849225753871231
2455 0.048472505091649694
2456 0.048452768729641695
2457 0.04843304843304843
2458 0.048413344182262
2459 0.04839365595770639
2460 0.048373983739837395
2461 0.048354327509142626
2462 0.04833468724614135
2463 0.04831506293138449
2464 0.048295454545454544
2465 0.04827586206896552
2466 0.048256285482562854
2467 0.04823672476692339
2468 0.048217179902755265
2469 0.048197650870797894
2470 0.04817813765182186
2471 0.04815864022662889
2472 0.04813915857605178
2473 0.048119692680954305
2474 0.048100242522231204
2475 0.04808080808080808
2476 0.048061389337641355
2477 0.04804198627371821
2478 0.0480225988700565
2479 0.04800322710770472
2480 0.04798387096774193
2481 0.04796453043127771
2482 0.04794520547945205
2483 0.04792589609343536
2484 0.04790660225442834
2485 0.04788732394366197
2486 0.047868061142397424
2487 0.04784881383192602
2488 0.04782958199356913
2489 0.047810365608678185
2490 0.04779116465863454
2491 0.047771979124849456
2492 0.047752808988764044
2493 0.04773365423184918
2494 0.04771451483560545
2495 0.047695390781563124
2496 0.04767628205128205
2497 0.04765718862635162
2498 0.047638110488390714
2499 0.047619047619047616
2500 0.0476
2501 0.04758096761295482
2502 0.04756195043964828
2503 0.047542948461845785
2504 0.04752396166134185
2505 0.04750499001996008
2506 0.04748603351955307
2507 0.04746709214200239
2508 0.0474481658692185
2509 0.047429254683140694
2510 0.047410358565737054
2511 0.04739147749900438
2512 0.047372611464968156
2513 0.04735376044568245
2514 0.04733492442322991
2515 0.04731610337972167
2516 0.0472972972972973
2517 0.047278506158124754
2518 0.047259729944400315
2519 0.04724096863834855
2520 0.04722222222222222
2521 0.04720349067830226
2522 0.0471847739888977
2523 0.04716607213634562
2524 0.04714738510301109
2525 0.04712871287128713
2526 0.047110055423594616
2527 0.04709141274238227
2528 0.04707278481012658
2529 0.04705417160933175
2530 0.04703557312252964
2531 0.047016989332279734
2532 0.046998420221169034
2533 0.04697986577181208
2534 0.04696132596685083
2535 0.04694280078895464
2536 0.04692429022082019
2537 0.04690579424517146
2538 0.04688731284475965
2539 0.046868846002363136
2540 0.046850393700787404
2541 0.046831955922865015
2542 0.04681353265145555
2543 0.04679512386944554
2544 0.046776729559748424
2545 0.04675834970530452
2546 0.04673998428908091
2547 0.04672163329407145
2548 0.046703296703296704
2549 0.04668497449980384
2550 0.04666666666666667
2551 0.046648373186985496
2552 0.04663009404388715
2553 0.04661182922052487
2554 0.04659357870007831
2555 0.04657534246575343
2556 0.04655712050078247
2557 0.04653891278842393
2558 0.04652071931196247
2559 0.04650254005470887
2560 0.046484375
2561 0.046466224131198754
2562 0.04644808743169399
2563 0.046429964884900504
2564 0.046411856474258974
2565 0.04639376218323587
2566 0.04637568199532346
2567 0.046357615894039736
2568 0.04633956386292835
2569 0.04632152588555858
2570 0.046303501945525294
2571 0.046285492026448855
2572 0.046267496111975115
2573 0.04624951418577536
2574 0.04623154623154623
2575 0.04660194174757282
2576 0.046583850931677016
2577 0.046565774155995346
2578 0.04654771140418929
2579 0.046529662659945716
2580 0.046511627906976744
2581 0.04649360712901976
2582 0.046475600309837335
2583 0.04645760743321719
2584 0.04643962848297214
2585 0.04642166344294004
2586 0.04640371229698376
2587 0.04638577502899111
2588 0.04636785162287481
2589 0.046349942062572425
2590 0.04633204633204633
2591 0.04631416441528367
2592 0.046296296296296294
2593 0.04627844195912071
2594 0.04626060138781804
2595 0.046242774566473986
2596 0.046224961479198766
2597 0.04620716211012707
2598 0.046189376443418015
2599 0.0461716044632551
2600 0.046153846153846156
2601 0.0461361014994233
2602 0.04611837048424289
2603 0.04610065309258548
2604 0.04608294930875576
2605 0.046065259117082535
2606 0.04604758250191865
2607 0.04602991944764097
2608 0.046012269938650305
2609 0.04599463395937141
2610 0.04597701149425287
2611 0.04595940252776714
2612 0.045941807044410414
2613 0.045924225028702644
2614 0.045906656465187455
2615 0.045889101338432124
2616 0.045871559633027525
2617 0.04585403133358808
2618 0.04583651642475172
2619 0.045819014891179836
2620 0.04580152671755725
2621 0.045784051888592144
2622 0.04576659038901602
2623 0.045749142203583684
2624 0.04573170731707317
2625 0.045714285714285714
2626 0.0456968773800457
2627 0.04567948229920061
2628 0.045662100456621
2629 0.045644731837200456
2630 0.045627376425855515
2631 0.04561003420752566
2632 0.04559270516717325
2633 0.04557538928978352
2634 0.04555808656036447
2635 0.04554079696394687
2636 0.04552352048558422
2637 0.04550625711035267
2638 0.045489006823351025
2639 0.045471769609700646
2640 0.045454545454545456
2641 0.045437334343051874
2642 0.045420136260408785
2643 0.04540295119182747
2644 0.0453857791225416
2645 0.045368620037807186
2646 0.045351473922902494
2647 0.04533434076312807
2648 0.045317220543806644
2649 0.045300113250283124
2650 0.045283018867924525
2651 0.04526593738211995
2652 0.04524886877828054
2653 0.04523181304183943
2654 0.0452147701582517
2655 0.04519774011299435
2656 0.045180722891566265
2657 0.04516371847948814
2658 0.045146726862302484
2659 0.04512974802557353
2660 0.045112781954887216
2661 0.04509582863585118
2662 0.045078888054094664
2663 0.045061960195268494
2664 0.04504504504504504
2665 0.0450281425891182
2666 0.0450112528132033
2667 0.04499437570303712
2668 0.044977511244377814
2669 0.04496065942300487
2670 0.0449438202247191
2671 0.04492699363534257
2672 0.04491017964071856
2673 0.04489337822671156
2674 0.04487658937920718
2675 0.044859813084112146
2676 0.04484304932735426
2677 0.04482629809488233
2678 0.04480955937266617
2679 0.04479283314669653
2680 0.04477611940298507
2681 0.04475941812756434
2682 0.0447427293064877
2683 0.0447260529258293
2684 0.044709388971684055
2685 0.0446927374301676
2686 0.044676098287416234
2687 0.0446594715295869
2688 0.044642857142857144
2689 0.044626255113425065
2690 0.04460966542750929
2691 0.044593088071348944
2692 0.04457652303120357
2693 0.04455997029335314
2694 0.044543429844097995
2695 0.04452690166975881
2696 0.04451038575667656
2697 0.04449388209121246
2698 0.04447739065974796
2699 0.0444609114486847
2700 0.044444444444444446
2701 0.044427989633469084
2702 0.04441154700222058
2703 0.04439511653718091
2704 0.04437869822485207
2705 0.04436229205175601
2706 0.04434589800443459
2707 0.04432951606944958
2708 0.04431314623338257
2709 0.044296788482835
2710 0.04428044280442804
2711 0.044264109184802655
2712 0.04424778761061947
2713 0.04423147806855879
2714 0.04421518054532056
2715 0.04419889502762431
2716 0.044182621502209134
2717 0.04416635995583364
2718 0.04415011037527594
2719 0.04413387274733358
2720 0.04411764705882353
2721 0.044101433296582136
2722 0.0440852314474651
2723 0.04406904149834741
2724 0.04405286343612335
2725 0.044036697247706424
2726 0.04402054292002935
2727 0.04400440044004401
2728 0.04398826979472141
2729 0.043972150971051664
2730 0.04395604395604396
2731 0.04393994873672647
2732 0.043923865300146414
2733 0.043907793633369926
2734 0.043891733723482075
2735 0.043875685557586835
2736 0.043859649122807015
2737 0.043843624406284254
2738 0.04382761139517896
2739 0.04381161007667032
2740 0.043795620437956206
2741 0.04377964246625319
2742 0.0437636761487965
2743 0.04374772147283996
2744 0.043731778425655975
2745 0.04371584699453552
2746 0.043699927166788055
2747 0.04368401892974154
2748 0.043668122270742356
2749 0.04365223717715533
2750 0.04363636363636364
2751 0.04362050163576881
2752 0.0436046511627907
2753 0.04358881220486742
2754 0.04357298474945534
2755 0.043557168784029036
2756 0.04354136429608128
2757 0.04352557127312296
2758 0.043509789702683106
2759 0.043494019572308806
2760 0.043478260869565216
2761 0.0434625135820355
2762 0.04344677769732078
2763 0.04343105320304017
2764 0.04341534008683068
2765 0.0433996383363472
2766 0.04338394793926247
2767 0.04336826888326708
2768 0.04335260115606936
2769 0.04333694474539545
2770 0.04332129963898917
2771 0.04330566582461205
2772 0.04365079365079365
2773 0.04363505228993869
2774 0.043619322278298484
2775 0.0436036036036036
2776 0.04358789625360231
2777 0.043572200216060494
2778 0.043916486681065514
2779 0.04390068369917236
2780 0.04388489208633094
2781 0.04386911183027688
2782 0.04385334291876348
2783 0.04383758533956163
2784 0.04382183908045977
2785 0.04380610412926391
2786 0.04379038047379756
2787 0.043774668101901684
2788 0.04375896700143472
2789 0.0437432771602725
2790 0.04372759856630824
2791 0.04371193120745252
2792 0.04369627507163324
2793 0.04368063014679556
2794 0.043664996420901936
2795 0.04364937388193202
2796 0.04363376251788269
2797 0.04361816231676797
2798 0.04360257326661901
2799 0.043586995355484104
2800 0.04357142857142857
2801 0.043555872902534806
2802 0.04354032833690221
2803 0.04352479486264716
2804 0.043509272467902996
2805 0.043493761140819966
2806 0.043478260869565216
2807 0.04346277164232276
2808 0.04344729344729345
2809 0.04343182627269491
2810 0.04341637010676157
2811 0.04340092493774458
2812 0.04338549075391181
2813 0.043370067543547816
2814 0.0433546552949538
2815 0.0433392539964476
2816 0.04332386363636364
2817 0.043308484203052895
2818 0.043293115684882894
2819 0.043277758070237676
2820 0.04326241134751773
2821 0.04324707550514002
2822 0.04323175053153792
2823 0.04321643641516117
2824 0.04320113314447592
2825 0.0431858407079646
2826 0.043170559094125975
2827 0.04315528829147506
2828 0.04314002828854314
2829 0.0431247790738777
2830 0.0431095406360424
2831 0.0430943129636171
2832 0.04307909604519774
2833 0.043063889869396396
2834 0.043048694424841216
2835 0.043033509700176366
2836 0.04301833568406206
2837 0.04300317236517448
2838 0.04298801973220578
2839 0.042972877773864035
2840 0.04295774647887324
2841 0.04294262583597325
2842 0.04292751583391977
2843 0.042912416461484346
2844 0.04289732770745429
2845 0.04288224956063269
2846 0.04286718200983837
2847 0.04285212504390586
2848 0.042837078651685394
2849 0.04282204282204282
2850 0.04280701754385965
2851 0.04279200280603297
2852 0.042776998597475455
2853 0.04276200490711532
2854 0.042747021723896286
2855 0.04273204903677758
2856 0.042717086834733894
2857 0.042702135106755336
2858 0.042687193841847444
2859 0.04267226302903113
2860 0.04265734265734266
2861 0.04264243271583362
2862 0.04262753319357093
2863 0.04261264407963675
2864 0.04259776536312849
2865 0.04258289703315881
2866 0.04256803907885555
2867 0.0425531914893617
2868 0.042538354253835425
2869 0.04252352736144998
2870 0.04250871080139373
2871 0.04249390456287008
2872 0.04247910863509749
2873 0.042464323007309436
2874 0.04244954766875435
2875 0.042434782608695654
2876 0.04242002781641168
2877 0.04240528328119569
2878 0.0423905489923558
2879 0.042375824939215004
2880 0.04236111111111111
2881 0.04234640749739674
2882 0.04233171408743928
2883 0.04231703087062088
2884 0.04230235783633842
2885 0.04228769497400347
2886 0.04227304227304227
2887 0.04225839972289574
2888 0.04224376731301939
2889 0.04222914503288335
2890 0.04221453287197232
2891 0.04219993081978554
2892 0.042185338865836794
2893 0.042170756999654335
2894 0.042156185210780926
2895 0.04214162348877375
2896 0.04212707182320442
2897 0.04211253020365896
2898 0.04209799861973775
2899 0.04208347706105554
2900 0.04206896551724138
2901 0.04205446397793864
2902 0.04203997243280496
2903 0.04202549087151223
2904 0.04201101928374656
2905 0.04199655765920826
2906 0.04198210598761184
2907 0.04196766425868593
2908 0.041953232462173314
2909 0.04193881058783087
2910 0.04192439862542955
2911 0.04190999656475438
2912 0.04189560439560439
2913 0.04188122210779265
2914 0.041866849691146193
2915 0.041852487135506
2916 0.04183813443072702
2917 0.04182379156667809
2918 0.041809458533241944
2919 0.041795135320315174
2920 0.04178082191780822
2921 0.041766518315645325
2922 0.04175222450376454
2923 0.041737940472117686
2924 0.041723666210670314
2925 0.04170940170940171
2926 0.041695146958304855
2927 0.041680901947386405
2928 0.041666666666666664
2929 0.041652441106179584
2930 0.041638225255972695
2931 0.04162401910610713
2932 0.04160982264665757
2933 0.04159563586771224
2934 0.04158145875937287
2935 0.041567291311754684
2936 0.04155313351498638
2937 0.04153898535921008
2938 0.041524846834581346
2939 0.04151071793126914
2940 0.04149659863945578
2941 0.04148248894933696
2942 0.04146838885112169
2943 0.04145429833503228
2944 0.041440217391304345
2945 0.04142614601018676
2946 0.041412084181941616
2947 0.041398031896844247
2948 0.041383989145183174
2949 0.04136995591726009
2950 0.04135593220338983
2951 0.04134191799390037
2952 0.041327913279132794
2953 0.04131391804944125
2954 0.04129993229519296
2955 0.04128595600676819
2956 0.041271989174560215
2957 0.041258031788975316
2958 0.041244083840432724
2959 0.04123014531936465
2960 0.04121621621621622
2961 0.041202296521445456
2962 0.041188386225523295
2963 0.041174485318933515
2964 0.04116059379217274
2965 0.04114671163575042
2966 0.041132838840188805
2967 0.04111897539602292
2968 0.04110512129380054
2969 0.04109127652408218
2970 0.04107744107744108
2971 0.041063614944463145
2972 0.04104979811574697
2973 0.041035990581903804
2974 0.0410221923335575
2975 0.041008403361344536
2976 0.04099462365591398
2977 0.040980853207927444
2978 0.0409670920080591
2979 0.040953340046995634
2980 0.04093959731543624
2981 0.040925863804092584
2982 0.0409121395036888
2983 0.04089842440496145
2984 0.04088471849865952
2985 0.040871021775544386
2986 0.04085733422638982
2987 0.04084365584198192
2988 0.040829986613119144
2989 0.04081632653061224
2990 0.04080267558528428
2991 0.04078903376797058
2992 0.04077540106951872
2993 0.040761777480788505
2994 0.04074816299265197
2995 0.04073455759599332
2996 0.04072096128170895
2997 0.04070737404070737
2998 0.040693795863909275
2999 0.040680226742247416
3000 0.04066666666666666
3001 0.04065311562812396
3002 0.04063957361758828
3003 0.040626040626040624
3004 0.04061251664447404
3005 0.04059900166389351
3006 0.04058549567531603
3007 0.040571998669770536
3008 0.04055851063829787
3009 0.040545031571950815
3010 0.04053156146179402
3011 0.04051810029890402
3012 0.04050464807436919
3013 0.04049120477928975
3014 0.0404777704047777
3015 0.04046434494195688
3016 0.04045092838196287
3017 0.04043752071594299
3018 0.04042412193505633
3019 0.04041073203047367
3020 0.04039735099337748
3021 0.04038397881496193
3022 0.04037061548643282
3023 0.04035726099900761
3024 0.04034391534391534
3025 0.04033057851239669
3026 0.0403172504957039
3027 0.04030393128510076
3028 0.040290620871862616
3029 0.04027731924727633
3030 0.04026402640264026
3031 0.04025074232926427
3032 0.040237467018469655
3033 0.040224200461589185
3034 0.04021094264996704
3035 0.040197693574958816
3036 0.04018445322793149
3037 0.040171221600263415
3038 0.040157998683344305
3039 0.04014478446857519
3040 0.04013157894736842
3041 0.04011838211114765
3042 0.040105193951347796
3043 0.04009201445941505
3044 0.04007884362680683
3045 0.04006568144499179
3046 0.04005252790544977
3047 0.04003938299967181
3048 0.04002624671916011
3049 0.04001311905542801
3050 0.04
3051 0.039986889544411666
3052 0.0399737876802097
3053 0.03996069439895185
3054 0.03994760969220694
3055 0.03993453355155483
3056 0.03992146596858639
3057 0.0399084069349035
3058 0.03989535644211903
3059 0.03988231448185681
3060 0.03986928104575163
3061 0.0398562561254492
3062 0.039843239712606136
3063 0.039830231798889976
3064 0.03981723237597911
