1 1.0
2 1.0
3 1.0
4 1.0
5 1.0
6 1.0
7 1.0
8 0.875
9 0.8888888888888888
10 0.8
11 0.8181818181818182
12 0.8333333333333334
13 0.8461538461538461
14 0.8571428571428571
15 0.8666666666666667
16 0.875
17 0.8823529411764706
18 0.8888888888888888
19 0.8947368421052632
20 0.9
21 0.8571428571428571
22 0.8636363636363636
23 0.8695652173913043
24 0.875
25 0.88
26 0.8846153846153846
27 0.8888888888888888
28 0.8571428571428571
29 0.8620689655172413
30 0.8666666666666667
31 0.8709677419354839
32 0.84375
33 0.8484848484848485
34 0.8529411764705882
35 0.8285714285714286
36 0.8055555555555556
37 0.8108108108108109
38 0.7894736842105263
39 0.7948717948717948
40 0.775
41 0.7560975609756098
42 0.7619047619047619
43 0.7674418604651163
44 0.75
45 0.7555555555555555
46 0.7608695652173914
47 0.7446808510638298
48 0.75
49 0.7551020408163265
50 0.74
51 0.7254901960784313
52 0.7307692307692307
53 0.7169811320754716
54 0.7037037037037037
55 0.7090909090909091
56 0.7142857142857143
57 0.7192982456140351
58 0.7241379310344828
59 0.7288135593220338
60 0.7166666666666667
61 0.7049180327868853
62 0.6935483870967742
63 0.6984126984126984
64 0.703125
65 0.6923076923076923
66 0.6818181818181818
67 0.6716417910447762
68 0.6617647058823529
69 0.6521739130434783
70 0.6571428571428571
71 0.6619718309859155
72 0.6527777777777778
73 0.6575342465753424
74 0.6486486486486487
75 0.64
76 0.6447368421052632
77 0.6363636363636364
78 0.6282051282051282
79 0.6329113924050633
80 0.6375
81 0.6296296296296297
82 0.6219512195121951
83 0.6144578313253012
84 0.6071428571428571
85 0.6
86 0.5930232558139535
87 0.5977011494252874
88 0.5909090909090909
89 0.5842696629213483
90 0.5888888888888889
91 0.5824175824175825
92 0.5760869565217391
93 0.5698924731182796
94 0.5638297872340425
95 0.5684210526315789
96 0.5625
97 0.5567010309278351
98 0.5510204081632653
99 0.5454545454545454
100 0.54
101 0.5346534653465347
102 0.5294117647058824
103 0.5242718446601942
104 0.5288461538461539
105 0.5333333333333333
106 0.5283018867924528
107 0.5327102803738317
108 0.5277777777777778
109 0.5321100917431193
110 0.5272727272727272
111 0.5315315315315315
112 0.5267857142857143
113 0.5221238938053098
114 0.5175438596491229
115 0.5130434782608696
116 0.5086206896551724
117 0.5042735042735043
118 0.5
119 0.5042016806722689
120 0.5
121 0.5041322314049587
122 0.5081967213114754
123 0.5040650406504065
124 0.5080645161290323
125 0.504
126 0.5
127 0.49606299212598426
128 0.4921875
129 0.4883720930232558
130 0.49230769230769234
131 0.48854961832061067
132 0.48484848484848486
133 0.48120300751879697
134 0.47761194029850745
135 0.4740740740740741
136 0.47058823529411764
137 0.46715328467153283
138 0.463768115942029
139 0.460431654676259
140 0.4642857142857143
141 0.46808510638297873
142 0.47183098591549294
143 0.46853146853146854
144 0.4652777777777778
145 0.46206896551724136
146 0.4589041095890411
147 0.4557823129251701
148 0.4527027027027027
149 0.44966442953020136
150 0.4533333333333333
151 0.45695364238410596
152 0.4605263157894737
153 0.45751633986928103
154 0.461038961038961
155 0.45806451612903226
156 0.4551282051282051
157 0.45222929936305734
158 0.44936708860759494
159 0.44654088050314467
160 0.44375
161 0.4409937888198758
162 0.4382716049382716
163 0.44171779141104295
164 0.43902439024390244
165 0.43636363636363634
166 0.4397590361445783
167 0.4431137724550898
168 0.44047619047619047
169 0.4378698224852071
170 0.4411764705882353
171 0.43859649122807015
172 0.436046511627907
173 0.43352601156069365
174 0.43103448275862066
175 0.4342857142857143
176 0.4318181818181818
177 0.4293785310734463
178 0.42696629213483145
179 0.4245810055865922
180 0.4222222222222222
181 0.4198895027624309
182 0.4175824175824176
183 0.41530054644808745
184 0.41304347826086957
185 0.41081081081081083
186 0.40860215053763443
187 0.4117647058823529
188 0.4095744680851064
189 0.4126984126984127
190 0.4105263157894737
191 0.4083769633507853
192 0.40625
193 0.40414507772020725
194 0.4020618556701031
195 0.4
196 0.3979591836734694
197 0.4010152284263959
198 0.398989898989899
199 0.3969849246231156
200 0.395
201 0.39303482587064675
202 0.3910891089108911
203 0.3891625615763547
204 0.3872549019607843
205 0.3853658536585366
206 0.38349514563106796
207 0.38164251207729466
208 0.3798076923076923
209 0.37799043062200954
210 0.3761904761904762
211 0.3744075829383886
212 0.37735849056603776
213 0.3755868544600939
214 0.37850467289719625
215 0.3767441860465116
216 0.375
217 0.3778801843317972
218 0.3761467889908257
219 0.3744292237442922
220 0.37272727272727274
221 0.37104072398190047
222 0.36936936936936937
223 0.3721973094170404
224 0.3705357142857143
225 0.3688888888888889
226 0.37168141592920356
227 0.3700440528634361
228 0.3684210526315789
229 0.36681222707423583
230 0.3652173913043478
231 0.36363636363636365
232 0.3620689655172414
233 0.3605150214592275
234 0.358974358974359
235 0.3574468085106383
236 0.3559322033898305
237 0.35864978902953587
238 0.35714285714285715
239 0.35564853556485354
240 0.3541666666666667
241 0.35269709543568467
242 0.3512396694214876
243 0.3497942386831276
244 0.3524590163934426
245 0.3510204081632653
246 0.34959349593495936
247 0.3481781376518219
248 0.3467741935483871
249 0.3453815261044177
250 0.344
251 0.3426294820717131
252 0.34523809523809523
253 0.34782608695652173
254 0.3464566929133858
255 0.34509803921568627
256 0.34375
257 0.3424124513618677
258 0.3449612403100775
259 0.3436293436293436
260 0.34615384615384615
261 0.3448275862068966
262 0.3435114503816794
263 0.34220532319391633
264 0.3409090909090909
265 0.33962264150943394
266 0.3383458646616541
267 0.33707865168539325
268 0.3358208955223881
269 0.3345724907063197
270 0.3333333333333333
271 0.33210332103321033
272 0.33088235294117646
273 0.32967032967032966
274 0.3284671532846715
275 0.32727272727272727
276 0.32608695652173914
277 0.3249097472924188
278 0.3237410071942446
279 0.3225806451612903
280 0.32142857142857145
281 0.3202846975088968
282 0.3191489361702128
283 0.31802120141342755
284 0.31690140845070425
285 0.3157894736842105
286 0.3146853146853147
287 0.313588850174216
288 0.3125
289 0.31141868512110726
290 0.3103448275862069
291 0.30927835051546393
292 0.3082191780821918
293 0.30716723549488056
294 0.30612244897959184
295 0.3050847457627119
296 0.30405405405405406
297 0.30303030303030304
298 0.30201342281879195
299 0.3010033444816054
300 0.3
301 0.29900332225913623
302 0.2980132450331126
303 0.297029702970297
304 0.2993421052631579
305 0.2983606557377049
306 0.2973856209150327
307 0.2964169381107492
308 0.29545454545454547
309 0.29449838187702265
310 0.2967741935483871
311 0.2990353697749196
312 0.2980769230769231
313 0.2971246006389776
314 0.2961783439490446
315 0.29523809523809524
316 0.29430379746835444
317 0.29337539432176657
318 0.29245283018867924
319 0.29153605015673983
320 0.290625
321 0.29283489096573206
322 0.2919254658385093
323 0.29102167182662536
324 0.29012345679012347
325 0.28923076923076924
326 0.2883435582822086
327 0.2874617737003058
328 0.2865853658536585
329 0.2857142857142857
330 0.28484848484848485
331 0.283987915407855
332 0.28313253012048195
333 0.2852852852852853
334 0.2874251497005988
335 0.2865671641791045
336 0.2857142857142857
337 0.28486646884273
338 0.28402366863905326
339 0.2831858407079646
340 0.2823529411764706
341 0.28152492668621704
342 0.2807017543859649
343 0.27988338192419826
344 0.27906976744186046
345 0.2782608695652174
346 0.2774566473988439
347 0.276657060518732
348 0.27586206896551724
349 0.27507163323782235
350 0.2742857142857143
351 0.27350427350427353
352 0.2727272727272727
353 0.2719546742209632
354 0.2711864406779661
355 0.2704225352112676
356 0.2696629213483146
357 0.2689075630252101
358 0.2681564245810056
359 0.26740947075208915
360 0.26666666666666666
361 0.2659279778393352
362 0.26519337016574585
363 0.2644628099173554
364 0.26373626373626374
365 0.26301369863013696
366 0.26229508196721313
367 0.2615803814713896
368 0.2608695652173913
369 0.2601626016260163
370 0.2594594594594595
371 0.2587601078167116
372 0.25806451612903225
373 0.257372654155496
374 0.25668449197860965
375 0.25866666666666666
376 0.2579787234042553
377 0.2572944297082228
378 0.2566137566137566
379 0.2559366754617414
380 0.25526315789473686
381 0.2545931758530184
382 0.25392670157068065
383 0.25326370757180156
384 0.2526041666666667
385 0.2519480519480519
386 0.25129533678756477
387 0.25064599483204136
388 0.25
389 0.2493573264781491
390 0.24871794871794872
391 0.24808184143222506
392 0.24744897959183673
393 0.24681933842239187
394 0.24619289340101522
395 0.24556962025316456
396 0.24494949494949494
397 0.24685138539042822
398 0.24623115577889448
399 0.24561403508771928
400 0.245
401 0.24438902743142144
402 0.24378109452736318
403 0.24317617866004962
404 0.24257425742574257
405 0.2419753086419753
406 0.2413793103448276
407 0.24078624078624078
408 0.24019607843137256
409 0.24205378973105135
410 0.24146341463414633
411 0.24330900243309003
412 0.24271844660194175
413 0.24213075060532688
414 0.24154589371980675
415 0.24096385542168675
416 0.2403846153846154
417 0.23980815347721823
418 0.23923444976076555
419 0.2386634844868735
420 0.23809523809523808
421 0.2375296912114014
422 0.23696682464454977
423 0.2364066193853428
424 0.2358490566037736
425 0.23529411764705882
426 0.2347417840375587
427 0.234192037470726
428 0.2336448598130841
429 0.2331002331002331
430 0.23255813953488372
431 0.23201856148491878
432 0.23148148148148148
433 0.23094688221709006
434 0.2304147465437788
435 0.23218390804597702
436 0.231651376146789
437 0.2311212814645309
438 0.23059360730593606
439 0.23006833712984054
440 0.22954545454545455
441 0.2290249433106576
442 0.22850678733031674
443 0.22799097065462753
444 0.22747747747747749
445 0.22696629213483147
446 0.22869955156950672
447 0.22818791946308725
448 0.22991071428571427
449 0.22939866369710468
450 0.2288888888888889
451 0.22838137472283815
452 0.22787610619469026
453 0.22737306843267108
454 0.2290748898678414
455 0.22857142857142856
456 0.22807017543859648
457 0.2275711159737418
458 0.22707423580786026
459 0.22657952069716775
460 0.22608695652173913
461 0.22559652928416485
462 0.22510822510822512
463 0.22462203023758098
464 0.22413793103448276
465 0.22365591397849463
466 0.22317596566523606
467 0.22269807280513917
468 0.2222222222222222
469 0.22174840085287847
470 0.22127659574468084
471 0.2208067940552017
472 0.22033898305084745
473 0.21987315010570824
474 0.21940928270042195
475 0.21894736842105264
476 0.2184873949579832
477 0.2180293501048218
478 0.2175732217573222
479 0.21711899791231734
480 0.21666666666666667
481 0.21621621621621623
482 0.2157676348547718
483 0.2153209109730849
484 0.21487603305785125
485 0.21443298969072164
486 0.2139917695473251
487 0.2135523613963039
488 0.21311475409836064
489 0.21267893660531698
490 0.21224489795918366
491 0.21384928716904278
492 0.21341463414634146
493 0.2129817444219067
494 0.2125506072874494
495 0.21212121212121213
496 0.21169354838709678
497 0.2112676056338028
498 0.21285140562248997
499 0.2124248496993988
500 0.212
501 0.21157684630738524
502 0.21115537848605578
503 0.21073558648111332
504 0.21031746031746032
505 0.2099009900990099
506 0.20948616600790515
507 0.20907297830374755
508 0.20866141732283464
509 0.2082514734774067
510 0.20784313725490197
511 0.20743639921722112
512 0.20703125
513 0.20662768031189083
514 0.20622568093385213
515 0.20776699029126214
516 0.20736434108527133
517 0.20889748549323017
518 0.2084942084942085
519 0.20809248554913296
520 0.2076923076923077
521 0.2072936660268714
522 0.20689655172413793
523 0.20650095602294455
524 0.20610687022900764
525 0.2057142857142857
526 0.20532319391634982
527 0.20683111954459202
528 0.20643939393939395
529 0.2060491493383743
530 0.20566037735849058
531 0.20527306967984935
532 0.20488721804511278
533 0.2045028142589118
534 0.20411985018726592
535 0.20373831775700935
536 0.20335820895522388
537 0.20297951582867785
538 0.20260223048327136
539 0.20408163265306123
540 0.2037037037037037
541 0.2033271719038817
542 0.2029520295202952
543 0.20257826887661143
544 0.20220588235294118
545 0.2018348623853211
546 0.20146520146520147
547 0.20109689213893966
548 0.20072992700729927
549 0.20036429872495445
550 0.2
551 0.1996370235934664
552 0.19927536231884058
553 0.19891500904159132
554 0.19855595667870035
555 0.1981981981981982
556 0.19784172661870503
557 0.19748653500897667
558 0.1971326164874552
559 0.1967799642218247
560 0.19642857142857142
561 0.19607843137254902
562 0.19572953736654805
563 0.19538188277087035
564 0.1950354609929078
565 0.19469026548672566
566 0.19434628975265017
567 0.19400352733686066
568 0.1936619718309859
569 0.19332161687170474
570 0.19298245614035087
571 0.19264448336252188
572 0.19230769230769232
573 0.19197207678883071
574 0.1916376306620209
575 0.19130434782608696
576 0.1909722222222222
577 0.19064124783362218
578 0.1903114186851211
579 0.18998272884283246
580 0.1896551724137931
581 0.18932874354561102
582 0.18900343642611683
583 0.18867924528301888
584 0.18835616438356165
585 0.18803418803418803
586 0.18771331058020477
587 0.18739352640545145
588 0.18877551020408162
589 0.18845500848896435
590 0.188135593220339
591 0.18781725888324874
592 0.1875
593 0.18718381112984822
594 0.18686868686868688
595 0.1865546218487395
596 0.18624161073825504
597 0.18592964824120603
598 0.18561872909698995
599 0.18530884808013356
600 0.185
601 0.18469217970049917
602 0.18438538205980065
603 0.18407960199004975
604 0.1837748344370861
605 0.1834710743801653
606 0.18316831683168316
607 0.1828665568369028
608 0.1825657894736842
609 0.1839080459770115
610 0.18360655737704917
611 0.18330605564648117
612 0.1830065359477124
613 0.18270799347471453
614 0.18241042345276873
615 0.1821138211382114
616 0.18181818181818182
617 0.18152350081037277
618 0.18122977346278318
619 0.18093699515347333
620 0.18064516129032257
621 0.18035426731078905
622 0.18006430868167203
623 0.1797752808988764
624 0.1794871794871795
625 0.1792
626 0.17891373801916932
627 0.17862838915470494
628 0.17834394904458598
629 0.178060413354531
630 0.17777777777777778
631 0.1774960380348653
632 0.17721518987341772
633 0.1769352290679305
634 0.17665615141955837
635 0.1763779527559055
636 0.1761006289308176
637 0.17582417582417584
638 0.1755485893416928
639 0.1752738654147105
640 0.175
641 0.1747269890795632
642 0.17445482866043613
643 0.17418351477449456
644 0.17391304347826086
645 0.17364341085271318
646 0.17337461300309598
647 0.1731066460587326
648 0.1728395061728395
649 0.17257318952234207
650 0.1723076923076923
651 0.17204301075268819
652 0.17177914110429449
653 0.17151607963246554
654 0.1712538226299694
655 0.17099236641221374
656 0.17073170731707318
657 0.1704718417047184
658 0.1702127659574468
659 0.16995447647951442
660 0.1696969696969697
661 0.16944024205748864
662 0.1691842900302115
663 0.1689291101055807
664 0.1686746987951807
665 0.16842105263157894
666 0.16816816816816818
667 0.1679160419790105
668 0.16766467065868262
669 0.16741405082212257
670 0.16716417910447762
671 0.16840536512667661
672 0.16815476190476192
673 0.16790490341753342
674 0.16765578635014836
675 0.1674074074074074
676 0.16715976331360946
677 0.16691285081240767
678 0.16666666666666666
679 0.16642120765832105
680 0.1661764705882353
681 0.16740088105726872
682 0.16715542521994134
683 0.16691068814055637
684 0.16666666666666666
685 0.16642335766423358
686 0.1661807580174927
687 0.16593886462882096
688 0.16569767441860464
689 0.16545718432510886
690 0.16521739130434782
691 0.1649782923299566
692 0.16473988439306358
693 0.1645021645021645
694 0.1642651296829971
695 0.16402877697841728
696 0.16379310344827586
697 0.16355810616929697
698 0.16332378223495703
699 0.1630901287553648
700 0.16285714285714287
701 0.16262482168330955
702 0.1623931623931624
703 0.16216216216216217
704 0.16193181818181818
705 0.16170212765957448
706 0.16147308781869688
707 0.16265912305516267
708 0.16242937853107345
709 0.1622002820874471
710 0.1619718309859155
711 0.1617440225035162
712 0.16151685393258428
713 0.16129032258064516
714 0.16106442577030813
715 0.16083916083916083
716 0.16061452513966482
717 0.1603905160390516
718 0.16016713091922005
719 0.1599443671766342
720 0.1597222222222222
721 0.15950069348127602
722 0.1592797783933518
723 0.1590594744121715
724 0.15883977900552487
725 0.15862068965517243
726 0.1584022038567493
727 0.15818431911966988
728 0.15796703296703296
729 0.15775034293552812
730 0.15753424657534246
731 0.1573187414500684
732 0.15710382513661203
733 0.15688949522510232
734 0.1566757493188011
735 0.1564625850340136
736 0.15625
737 0.1560379918588874
738 0.15582655826558264
739 0.15561569688768606
740 0.1554054054054054
741 0.15519568151147098
742 0.15498652291105122
743 0.15477792732166892
744 0.15456989247311828
745 0.15436241610738255
746 0.15415549597855227
747 0.1539491298527443
748 0.1537433155080214
749 0.15353805073431243
750 0.15333333333333332
751 0.15312916111850866
752 0.1529255319148936
753 0.15272244355909695
754 0.15251989389920426
755 0.152317880794702
756 0.15211640211640212
757 0.15191545574636725
758 0.1517150395778364
759 0.15151515151515152
760 0.1513157894736842
761 0.15111695137976347
762 0.15091863517060367
763 0.15072083879423329
764 0.1505235602094241
765 0.1503267973856209
766 0.15013054830287206
767 0.14993481095176012
768 0.14973958333333334
769 0.14954486345903772
770 0.14935064935064934
771 0.14915693904020752
772 0.1489637305699482
773 0.14877102199223805
774 0.14857881136950904
775 0.14838709677419354
776 0.1481958762886598
777 0.148005148005148
778 0.14781491002570693
779 0.14762516046213095
780 0.14743589743589744
781 0.147247119078105
782 0.14705882352941177
783 0.14687100893997446
784 0.14668367346938777
785 0.1464968152866242
786 0.14631043256997456
787 0.14612452350698857
788 0.14593908629441624
789 0.14575411913814956
790 0.14556962025316456
791 0.14538558786346398
792 0.1452020202020202
793 0.1450189155107188
794 0.14483627204030228
795 0.14465408805031446
796 0.1444723618090452
797 0.14429109159347553
798 0.14411027568922305
799 0.1439299123904881
800 0.14375
801 0.14357053682896379
802 0.1433915211970075
803 0.1432129514321295
804 0.14303482587064675
805 0.14285714285714285
806 0.14267990074441686
807 0.14250309789343246
808 0.14232673267326731
809 0.14215080346106304
810 0.1419753086419753
811 0.14180024660912455
812 0.1416256157635468
813 0.14145141451414514
814 0.14127764127764128
815 0.1411042944785276
816 0.1409313725490196
817 0.14075887392900857
818 0.14058679706601468
819 0.14041514041514042
820 0.1402439024390244
821 0.14007308160779536
822 0.13990267639902676
823 0.13973268529769137
824 0.1395631067961165
825 0.1393939393939394
826 0.13922518159806296
827 0.13905683192261184
828 0.1388888888888889
829 0.13872135102533173
830 0.13855421686746988
831 0.13838748495788206
832 0.13822115384615385
833 0.13805522208883553
834 0.13788968824940048
835 0.1377245508982036
836 0.1375598086124402
837 0.13739545997610514
838 0.13723150357995226
839 0.13706793802145412
840 0.13690476190476192
841 0.1367419738406659
842 0.13657957244655583
843 0.13641755634638197
844 0.1362559241706161
845 0.13609467455621302
846 0.1359338061465721
847 0.1357733175914994
848 0.13561320754716982
849 0.1354534746760895
850 0.13529411764705881
851 0.13513513513513514
852 0.13497652582159625
853 0.13481828839390386
854 0.13466042154566746
855 0.13450292397660818
856 0.13434579439252337
857 0.13418903150525088
858 0.13403263403263405
859 0.13387660069848661
860 0.13372093023255813
861 0.13356562137049943
862 0.1334106728538283
863 0.1332560834298957
864 0.13310185185185186
865 0.1329479768786127
866 0.13279445727482678
867 0.13264129181084197
868 0.13248847926267282
869 0.1323360184119678
870 0.13218390804597702
871 0.13203214695752008
872 0.13188073394495411
873 0.13172966781214204
874 0.13157894736842105
875 0.13142857142857142
876 0.1324200913242009
877 0.1322690992018244
878 0.13211845102505695
879 0.13196814562002276
880 0.1318181818181818
881 0.13166855845629966
882 0.13151927437641722
883 0.13137032842582105
884 0.13122171945701358
885 0.1310734463276836
886 0.1309255079006772
887 0.13077790304396844
888 0.13063063063063063
889 0.13048368953880765
890 0.1303370786516854
891 0.13019079685746351
892 0.13004484304932734
893 0.12989921612541994
894 0.1297539149888143
895 0.12960893854748604
896 0.12946428571428573
897 0.12931995540691194
898 0.1291759465478842
899 0.13014460511679643
900 0.13
901 0.12985571587125416
902 0.12971175166297116
903 0.12956810631229235
904 0.12942477876106195
905 0.1292817679558011
906 0.1291390728476821
907 0.12899669239250275
908 0.1288546255506608
909 0.12871287128712872
910 0.12857142857142856
911 0.12843029637760703
912 0.12828947368421054
913 0.12814895947426067
914 0.12800875273522977
915 0.12786885245901639
916 0.1277292576419214
917 0.12758996728462377
918 0.12745098039215685
919 0.12731229597388466
920 0.12717391304347825
921 0.1270358306188925
922 0.12689804772234273
923 0.1267605633802817
924 0.1266233766233766
925 0.1264864864864865
926 0.1263498920086393
927 0.1262135922330097
928 0.12607758620689655
929 0.12594187298170076
930 0.12580645161290321
931 0.12567132116004295
932 0.1255364806866953
933 0.12540192926045016
934 0.1252676659528908
935 0.12513368983957218
936 0.125
937 0.1248665955176094
938 0.12473347547974413
939 0.12460063897763578
940 0.12446808510638298
941 0.12433581296493093
942 0.12420382165605096
943 0.12407211028632026
944 0.1239406779661017
945 0.12486772486772486
946 0.12473572938689217
947 0.1246040126715945
948 0.12447257383966245
949 0.12434141201264488
950 0.12421052631578948
951 0.12407991587802314
952 0.125
953 0.1248688352570829
954 0.12473794549266247
955 0.12460732984293194
956 0.12447698744769875
957 0.12434691745036573
958 0.12421711899791232
959 0.12408759124087591
960 0.12395833333333334
961 0.12382934443288242
962 0.12370062370062371
963 0.12357217030114226
964 0.12344398340248963
965 0.12331606217616581
966 0.12318840579710146
967 0.12306101344364012
968 0.12293388429752067
969 0.12280701754385964
970 0.12268041237113401
971 0.12255406797116375
972 0.12242798353909465
973 0.1223021582733813
974 0.12217659137577003
975 0.12205128205128205
976 0.12192622950819672
977 0.1218014329580348
978 0.12167689161554192
979 0.12155260469867211
980 0.12142857142857143
981 0.12130479102956167
982 0.12118126272912423
983 0.12105798575788403
984 0.1209349593495935
985 0.12081218274111676
986 0.1206896551724138
987 0.12056737588652482
988 0.12044534412955465
989 0.12032355915065723
990 0.1202020202020202
991 0.12008072653884964
992 0.11995967741935484
993 0.11983887210473314
994 0.11971830985915492
995 0.11959798994974874
996 0.11947791164658635
997 0.119358074222668
998 0.11923847695390781
999 0.11911911911911911
1000 0.119
1001 0.11888111888111888
1002 0.1187624750499002
1003 0.11864406779661017
1004 0.11852589641434264
1005 0.11840796019900497
1006 0.11829025844930417
1007 0.11817279046673287
1008 0.11805555555555555
1009 0.11793855302279485
1010 0.11782178217821782
1011 0.11770524233432245
1012 0.11758893280632411
1013 0.11747285291214216
1014 0.11735700197238659
1015 0.11724137931034483
1016 0.1171259842519685
1017 0.11701081612586037
1018 0.1168958742632613
1019 0.11678115799803729
1020 0.11666666666666667
1021 0.11655239960822723
1022 0.11643835616438356
1023 0.11632453567937438
1024 0.1162109375
1025 0.11609756097560976
1026 0.11598440545808966
1027 0.11587147030185005
1028 0.11575875486381323
1029 0.11564625850340136
1030 0.11553398058252427
1031 0.11542192046556742
1032 0.11531007751937984
1033 0.11519845111326234
1034 0.11508704061895551
1035 0.11497584541062802
1036 0.11486486486486487
1037 0.11475409836065574
1038 0.11464354527938343
1039 0.11453320500481232
1040 0.11442307692307692
1041 0.1143131604226705
1042 0.11420345489443379
1043 0.11409395973154363
1044 0.11398467432950192
1045 0.11387559808612441
1046 0.11376673040152964
1047 0.11365807067812798
1048 0.11354961832061068
1049 0.11344137273593899
1050 0.11333333333333333
1051 0.11322549952426261
1052 0.11311787072243346
1053 0.11301044634377967
1054 0.11290322580645161
1055 0.11279620853080569
1056 0.11268939393939394
1057 0.11258278145695365
1058 0.11247637051039698
1059 0.11237016052880075
1060 0.11226415094339623
1061 0.11215834118755891
1062 0.1120527306967985
1063 0.11194731890874883
1064 0.1118421052631579
1065 0.11173708920187793
1066 0.11163227016885553
1067 0.11152764761012184
1068 0.11142322097378277
1069 0.11131898971000935
1070 0.11121495327102804
1071 0.1111111111111111
1072 0.11100746268656717
1073 0.11090400745573159
1074 0.11080074487895716
1075 0.11069767441860465
1076 0.11059479553903345
1077 0.11049210770659239
1078 0.11038961038961038
1079 0.1102873030583874
1080 0.11018518518518519
1081 0.11008325624421832
1082 0.1099815157116451
1083 0.10987996306555864
1084 0.10977859778597786
1085 0.10967741935483871
1086 0.10957642725598526
1087 0.10947562097516099
1088 0.109375
1089 0.10927456382001836
1090 0.10917431192660551
1091 0.10907424381301559
1092 0.10897435897435898
1093 0.10887465690759378
1094 0.10877513711151737
1095 0.108675799086758
1096 0.10857664233576643
1097 0.10847766636280766
1098 0.10837887067395265
1099 0.10828025477707007
1100 0.10818181818181818
1101 0.1080835603996367
1102 0.10798548094373865
1103 0.10788757932910245
1104 0.10778985507246377
1105 0.1076923076923077
1106 0.10759493670886076
1107 0.10749774164408311
1108 0.10740072202166065
1109 0.1073038773669973
1110 0.10720720720720721
1111 0.10711071107110712
1112 0.10701438848920863
1113 0.1069182389937107
1114 0.10682226211849193
1115 0.10672645739910314
1116 0.10663082437275985
1117 0.10653536257833482
1118 0.10644007155635063
1119 0.1063449508489723
1120 0.10625
1121 0.10615521855486174
1122 0.10606060606060606
1123 0.10596616206589493
1124 0.10587188612099645
1125 0.10577777777777778
1126 0.10568383658969804
1127 0.10559006211180125
1128 0.10549645390070922
1129 0.1054030115146147
1130 0.10530973451327434
1131 0.10521662245800177
1132 0.10512367491166077
1133 0.10503089143865843
1134 0.10493827160493827
1135 0.10484581497797357
1136 0.10475352112676056
1137 0.10466138962181179
1138 0.10456942003514938
1139 0.1044776119402985
1140 0.10438596491228071
1141 0.10429447852760736
1142 0.1042031523642732
1143 0.10411198600174978
1144 0.10402097902097902
1145 0.10393013100436681
1146 0.10383944153577661
1147 0.1037489102005231
1148 0.10365853658536585
1149 0.10356832027850305
1150 0.10347826086956521
1151 0.10338835794960903
1152 0.1032986111111111
1153 0.10320901994796183
1154 0.10311958405545928
1155 0.10303030303030303
1156 0.10294117647058823
1157 0.10285220397579949
1158 0.10276338514680483
1159 0.10267471958584987
1160 0.10258620689655172
1161 0.1024978466838932
1162 0.10240963855421686
1163 0.10232158211521926
1164 0.10223367697594501
1165 0.10214592274678111
1166 0.10205831903945112
1167 0.10197086546700942
1168 0.10188356164383562
1169 0.10179640718562874
1170 0.10170940170940171
1171 0.10162254483347566
1172 0.1015358361774744
1173 0.10144927536231885
1174 0.10136286201022146
1175 0.10127659574468086
1176 0.10119047619047619
1177 0.10110450297366186
1178 0.10101867572156197
1179 0.10093299406276506
1180 0.10084745762711865
1181 0.10076206604572396
1182 0.10067681895093063
1183 0.10059171597633136
1184 0.10050675675675676
1185 0.10042194092827005
1186 0.10033726812816189
1187 0.10025273799494525
1188 0.10016835016835017
1189 0.10008410428931876
1190 0.1
1191 0.09991603694374475
1192 0.09983221476510067
1193 0.0997485331098072
1194 0.09966499162479062
1195 0.099581589958159
1196 0.09949832775919733
1197 0.09941520467836257
1198 0.0993322203672788
1199 0.09924937447873228
1200 0.09916666666666667
1201 0.09908409658617819
1202 0.09900166389351081
1203 0.09891936824605153
1204 0.09883720930232558
1205 0.0987551867219917
1206 0.09867330016583747
1207 0.09859154929577464
1208 0.09850993377483444
1209 0.09842845326716294
1210 0.09834710743801653
1211 0.09826589595375723
1212 0.09818481848184818
1213 0.09810387469084914
1214 0.09802306425041186
1215 0.09794238683127572
1216 0.09786184210526316
1217 0.09778142974527526
1218 0.09770114942528736
1219 0.09762100082034454
1220 0.09754098360655737
1221 0.09746109746109746
1222 0.09738134206219312
1223 0.0973017170891251
1224 0.09722222222222222
1225 0.09714285714285714
1226 0.09706362153344208
1227 0.09698451507742462
1228 0.09690553745928339
1229 0.096826688364524
1230 0.09674796747967479
1231 0.0966693744922827
1232 0.09659090909090909
1233 0.09651257096512571
1234 0.09643435980551053
1235 0.09635627530364373
1236 0.09627831715210355
1237 0.09620048504446241
1238 0.09612277867528271
1239 0.096045197740113
1240 0.09596774193548387
1241 0.0958904109589041
1242 0.09581320450885668
1243 0.09573612228479485
1244 0.09565916398713827
1245 0.09558232931726908
1246 0.09550561797752809
1247 0.0954290296712109
1248 0.0953525641025641
1249 0.09607686148919135
1250 0.096
1251 0.09592326139088729
1252 0.09584664536741214
1253 0.09577015163607343
1254 0.09569377990430622
1255 0.09561752988047809
1256 0.09554140127388536
1257 0.0954653937947494
1258 0.09538950715421304
1259 0.09531374106433678
1260 0.09523809523809523
1261 0.09516256938937351
1262 0.09508716323296355
1263 0.09501187648456057
1264 0.0949367088607595
1265 0.09486166007905138
1266 0.0947867298578199
1267 0.0947119179163378
1268 0.0946372239747634
1269 0.09456264775413711
1270 0.09448818897637795
1271 0.0944138473642801
1272 0.09433962264150944
1273 0.09426551453260015
1274 0.09419152276295134
1275 0.09411764705882353
1276 0.09404388714733543
1277 0.09397024275646046
1278 0.09389671361502347
1279 0.09382329945269742
1280 0.09375
1281 0.0936768149882904
1282 0.093603744149766
1283 0.09353078721745908
1284 0.09345794392523364
1285 0.0933852140077821
1286 0.09331259720062209
1287 0.09324009324009325
1288 0.09316770186335403
1289 0.09309542280837858
1290 0.09302325581395349
1291 0.09295120061967467
1292 0.09287925696594428
1293 0.09280742459396751
1294 0.09273570324574962
1295 0.09266409266409266
1296 0.09259259259259259
1297 0.09252120277563608
1298 0.09244992295839753
1299 0.09237875288683603
1300 0.09230769230769231
1301 0.09223674096848578
1302 0.09216589861751152
1303 0.0920951650038373
1304 0.09202453987730061
1305 0.09195402298850575
1306 0.09188361408882083
1307 0.09181331293037491
1308 0.09174311926605505
1309 0.09167303284950344
1310 0.0916030534351145
1311 0.09153318077803203
1312 0.09146341463414634
1313 0.0913937547600914
1314 0.091324200913242
1315 0.09125475285171103
1316 0.0911854103343465
1317 0.09111617312072894
1318 0.09104704097116843
1319 0.09097801364670205
1320 0.09090909090909091
1321 0.09084027252081757
1322 0.0907715582450832
1323 0.09070294784580499
1324 0.09063444108761329
1325 0.09056603773584905
1326 0.09049773755656108
1327 0.0904295403165034
1328 0.09036144578313253
1329 0.09029345372460497
1330 0.09022556390977443
1331 0.09015777610818933
1332 0.09009009009009009
1333 0.0900225056264066
1334 0.08995502248875563
1335 0.0898876404494382
1336 0.08982035928143713
1337 0.08975317875841436
1338 0.08968609865470852
1339 0.08961911874533234
1340 0.08955223880597014
1341 0.0894854586129754
1342 0.08941877794336811
1343 0.08935219657483247
1344 0.08928571428571429
1345 0.08921933085501858
1346 0.08915304606240713
1347 0.08908685968819599
1348 0.08902077151335312
1349 0.08895478131949593
1350 0.08888888888888889
1351 0.08882309400444116
1352 0.08875739644970414
1353 0.08869179600886919
1354 0.08862629246676514
1355 0.08856088560885608
1356 0.08849557522123894
1357 0.08843036109064112
1358 0.08836524300441827
1359 0.08830022075055188
1360 0.08823529411764706
1361 0.0881704628949302
1362 0.0881057268722467
1363 0.0880410858400587
1364 0.08797653958944282
1365 0.08791208791208792
1366 0.08784773060029283
1367 0.08778346744696415
1368 0.08771929824561403
1369 0.08765522279035792
1370 0.08759124087591241
1371 0.087527352297593
1372 0.08746355685131195
1373 0.08739985433357611
1374 0.08733624454148471
1375 0.08727272727272728
1376 0.0872093023255814
1377 0.08714596949891068
1378 0.08708272859216255
1379 0.08701957940536621
1380 0.08695652173913043
1381 0.08689355539464157
1382 0.08683068017366136
1383 0.08676789587852494
1384 0.08670520231213873
1385 0.08664259927797834
1386 0.08658008658008658
1387 0.08651766402307137
1388 0.08645533141210375
1389 0.08639308855291576
1390 0.08633093525179857
1391 0.08626887131560029
1392 0.08620689655172414
1393 0.08614501076812635
1394 0.08608321377331421
1395 0.08602150537634409
1396 0.08595988538681948
1397 0.08661417322834646
1398 0.08655221745350501
1399 0.0864903502501787
1400 0.08642857142857142
1401 0.08636688079942897
1402 0.08630527817403709
1403 0.08624376336421953
1404 0.08618233618233619
1405 0.08612099644128114
1406 0.0860597439544808
1407 0.08599857853589196
1408 0.0859375
1409 0.0858765081618169
1410 0.08581560283687943
1411 0.08575478384124734
1412 0.08569405099150142
1413 0.08563340410474168
1414 0.08557284299858557
1415 0.08551236749116607
1416 0.08545197740112995
1417 0.08539167254763586
1418 0.08533145275035262
1419 0.08527131782945736
1420 0.0852112676056338
1421 0.08515130190007038
1422 0.0850914205344585
1423 0.08503162333099086
1424 0.08497191011235955
1425 0.08491228070175438
1426 0.08485273492286115
1427 0.08479327259985985
1428 0.08473389355742297
1429 0.08467459762071379
1430 0.08461538461538462
1431 0.08455625436757512
1432 0.08449720670391062
1433 0.08443824145150035
1434 0.08437935843793584
1435 0.0843205574912892
1436 0.08426183844011143
1437 0.08420320111343076
1438 0.08414464534075104
1439 0.08408617095205004
1440 0.08402777777777778
1441 0.08396946564885496
1442 0.0839112343966713
1443 0.08385308385308385
1444 0.08379501385041552
1445 0.0837370242214533
1446 0.08367911479944674
1447 0.08362128541810643
1448 0.0835635359116022
1449 0.08350586611456176
1450 0.08344827586206896
1451 0.0833907649896623
1452 0.08333333333333333
1453 0.08327598072952512
1454 0.08321870701513068
1455 0.0831615120274914
1456 0.0831043956043956
1457 0.08304735758407687
1458 0.08299039780521263
1459 0.08293351610692255
1460 0.08287671232876713
1461 0.08281998631074607
1462 0.08276333789329686
1463 0.08270676691729323
1464 0.08265027322404371
1465 0.08259385665529011
1466 0.082537517053206
1467 0.08248125426039536
1468 0.082425068119891
1469 0.08236895847515316
1470 0.08231292517006802
1471 0.08225696804894629
1472 0.08220108695652174
1473 0.08214528173794976
1474 0.08208955223880597
1475 0.08203389830508474
1476 0.08197831978319783
1477 0.08192281651997292
1478 0.08186738836265223
1479 0.08181203515889114
1480 0.08175675675675675
1481 0.08170155300472653
1482 0.0816464237516869
1483 0.0815913688469319
1484 0.08153638814016173
1485 0.08148148148148149
1486 0.08142664872139974
1487 0.08137188971082716
1488 0.08131720430107527
1489 0.0819341840161182
1490 0.08187919463087248
1491 0.0818242790073776
1492 0.08176943699731903
1493 0.08171466845277964
1494 0.08165997322623829
1495 0.08160535117056857
1496 0.08155080213903744
1497 0.08149632598530394
1498 0.0814419225634179
1499 0.08138759172781855
1500 0.08133333333333333
1501 0.08127914723517655
1502 0.08122503328894808
1503 0.08117099135063206
1504 0.08111702127659574
1505 0.08106312292358804
1506 0.08100929614873838
1507 0.0809555408095554
1508 0.08090185676392574
1509 0.08084824387011266
1510 0.08079470198675497
1511 0.08074123097286565
1512 0.08068783068783068
1513 0.0806345009914078
1514 0.08058124174372523
1515 0.08052805280528053
1516 0.08047493403693931
1517 0.08042188529993408
1518 0.08036890645586298
1519 0.08031599736668861
1520 0.08026315789473684
1521 0.08021038790269559
1522 0.08015768725361366
1523 0.08010505581089954
1524 0.08005249343832022
1525 0.08
1526 0.0799475753604194
1527 0.07989521938441388
1528 0.07984293193717278
1529 0.07979071288423806
1530 0.07973856209150326
1531 0.07968647942521227
1532 0.07963446475195822
1533 0.07958251793868232
1534 0.07953063885267275
1535 0.07947882736156352
1536 0.07942708333333333
1537 0.07937540663630449
1538 0.07932379713914174
1539 0.0792722547108512
1540 0.07922077922077922
1541 0.0791693705386113
1542 0.07911802853437094
1543 0.0797148412184057
1544 0.07966321243523317
1545 0.07961165048543689
1546 0.0795601552393273
1547 0.07950872656755009
1548 0.07945736434108527
1549 0.07940606843124597
1550 0.07935483870967742
1551 0.07930367504835589
1552 0.07925257731958762
1553 0.07920154539600772
1554 0.07915057915057915
1555 0.07909967845659165
1556 0.07904884318766067
1557 0.0789980732177264
1558 0.07894736842105263
1559 0.07889672867222579
1560 0.07884615384615384
1561 0.07879564381806534
1562 0.07874519846350832
1563 0.07869481765834933
1564 0.07864450127877237
1565 0.07859424920127796
1566 0.07854406130268199
1567 0.07849393746011486
1568 0.0784438775510204
1569 0.07839388145315487
1570 0.07834394904458598
1571 0.07829408020369191
1572 0.07824427480916031
1573 0.07819453273998729
1574 0.0781448538754765
1575 0.07809523809523809
1576 0.07804568527918782
1577 0.07799619530754598
1578 0.0779467680608365
1579 0.077897403419886
1580 0.07784810126582278
1581 0.0777988614800759
1582 0.0777496839443742
1583 0.07770056854074542
1584 0.07765151515151515
1585 0.07760252365930599
1586 0.07755359394703656
1587 0.07750472589792061
1588 0.07745591939546599
1589 0.07740717432347388
1590 0.07735849056603773
1591 0.07730986800754243
1592 0.07726130653266332
1593 0.07721280602636535
1594 0.07716436637390213
1595 0.07711598746081505
1596 0.07706766917293233
1597 0.07701941139636818
1598 0.0769712140175219
1599 0.07692307692307693
1600 0.076875
1601 0.07682698313554029
1602 0.07677902621722846
1603 0.07673112913287586
1604 0.07668329177057356
1605 0.07663551401869159
1606 0.07658779576587796
1607 0.07654013690105788
1608 0.07649253731343283
1609 0.0764449968924798
1610 0.07639751552795031
1611 0.07635009310986965
1612 0.07630272952853598
1613 0.07625542467451953
1614 0.0762081784386617
1615 0.0761609907120743
1616 0.07611386138613861
1617 0.07606679035250463
1618 0.07601977750309023
1619 0.0759728227300803
1620 0.07592592592592592
1621 0.07587908698334361
1622 0.07583230579531443
1623 0.07578558225508318
1624 0.07573891625615764
1625 0.0756923076923077
1626 0.07564575645756458
1627 0.07559926244622003
1628 0.07555282555282555
1629 0.07550644567219153
1630 0.0754601226993865
1631 0.07541385652973635
1632 0.07536764705882353
1633 0.07532149418248622
1634 0.07527539779681762
1635 0.07522935779816514
1636 0.07518337408312958
1637 0.07513744654856444
1638 0.07509157509157509
1639 0.075045759609518
1640 0.075
1641 0.07495429616087751
1642 0.07490864799025579
1643 0.07486305538648813
1644 0.07481751824817519
1645 0.07477203647416414
1646 0.07472660996354799
1647 0.07468123861566485
1648 0.07463592233009708
1649 0.07459066100667071
1650 0.07454545454545454
1651 0.07450030284675954
1652 0.07445520581113801
1653 0.07441016333938294
1654 0.0743651753325272
1655 0.0743202416918429
1656 0.07427536231884058
1657 0.07423053711526856
1658 0.07418576598311219
1659 0.07414104882459313
1660 0.07409638554216867
1661 0.07405177603853101
1662 0.0740072202166065
1663 0.07396271797955502
1664 0.07391826923076923
1665 0.07387387387387387
1666 0.07382953181272509
1667 0.07378524295140972
1668 0.0737410071942446
1669 0.07369682444577591
1670 0.07365269461077845
1671 0.07360861759425494
1672 0.0735645933014354
1673 0.07352062163777645
1674 0.07347670250896057
1675 0.07343283582089552
1676 0.0733890214797136
1677 0.07334525939177101
1678 0.0733015494636472
1679 0.07325789160214413
1680 0.07321428571428572
1681 0.07317073170731707
1682 0.07312722948870393
1683 0.07308377896613191
1684 0.07304038004750593
1685 0.07299703264094956
1686 0.07295373665480427
1687 0.07291049199762893
1688 0.07286729857819906
1689 0.07282415630550622
1690 0.0727810650887574
1691 0.07273802483737433
1692 0.0726950354609929
1693 0.07265209686946249
1694 0.07260920897284534
1695 0.07256637168141593
1696 0.07252358490566038
1697 0.07248084855627578
1698 0.07243816254416961
1699 0.07239552678045909
1700 0.07235294117647059
1701 0.07231040564373897
1702 0.07226792009400705
1703 0.0722254844392249
1704 0.0721830985915493
1705 0.07214076246334311
1706 0.07209847596717468
1707 0.07205623901581722
1708 0.07201405152224824
1709 0.07197191339964892
1710 0.07192982456140351
1711 0.07188778492109878
1712 0.07184579439252337
1713 0.07180385288966724
1714 0.07176196032672112
1715 0.0717201166180758
1716 0.07167832167832168
1717 0.0716365754222481
1718 0.07159487776484284
1719 0.07155322862129145
1720 0.07151162790697674
1721 0.07147007553747821
1722 0.07142857142857142
1723 0.0713871154962275
1724 0.07134570765661252
1725 0.07130434782608695
1726 0.0712630359212051
1727 0.07122177185871453
1728 0.07118055555555555
1729 0.07113938692886061
1730 0.07109826589595376
1731 0.07105719237435008
1732 0.0710161662817552
1733 0.07097518753606463
1734 0.07093425605536333
1735 0.07089337175792507
1736 0.07085253456221198
1737 0.07081174438687392
1738 0.07077100115074798
1739 0.07073030477285797
1740 0.0706896551724138
1741 0.07064905226881103
1742 0.07060849598163031
1743 0.07056798623063683
1744 0.07052752293577981
1745 0.07048710601719198
1746 0.070446735395189
1747 0.07040641099026904
1748 0.07036613272311212
1749 0.07032590051457976
1750 0.07028571428571428
1751 0.07024557395773844
1752 0.0702054794520548
1753 0.07016543069024529
1754 0.0701254275940707
1755 0.07008547008547009
1756 0.07004555808656036
1757 0.07000569151963575
1758 0.06996587030716724
1759 0.06992609437180217
1760 0.06988636363636364
1761 0.06984667802385008
1762 0.06980703745743473
1763 0.06976744186046512
1764 0.06972789115646258
