1 0.37319859058888427
2 0.6975818651428952
3 1.1284667846391963
4 0.9336371329868371
5 1.1960426783730942
6 0.32698645523918307
7 1.0757614504009059
8 2.0285188102388894
9 1.4202469433733376
10 0.5962847880780605
11 0.7053096175303556
12 0.4094987798011598
13 0.318752909633902
14 3.033608317333435
15 1.973585520449119
16 0.9700141470460776
17 2.227786223323221
18 1.0117506853084701
19 1.6548568177130931
20 1.3993956330518873
21 2.591463674823422
22 1.7409482762640123
23 1.208061807986025
24 1.251301982144206
25 0.6670850266323916
26 0.4909620745076067
27 1.8498855863776476
28 1.538198660835216
29 0.7467487317918158
30 0.3300563417410921
31 1.9534603400164516
32 2.378297944205406
33 0.9190939037665904
34 1.1039971329793428
35 1.7087718205407576
36 1.6108524044703287
37 0.5443338250476619
38 0.6581583902196922
39 1.2152952364324576
40 2.925272261633817
41 1.1975060081203464
42 0.6967411312023797
43 0.7961892242361437
44 1.5714944361541747
45 1.39460511253047
46 1.4230511733249573
47 0.9759345906002902
48 0.8987683104284868
49 1.356243519124831
50 2.4163892605300203
51 1.2707958473339012
52 0.8143887139582712
53 1.4151280195690066
54 1.920300761945314
55 1.127152845172273
56 1.8019636047505263
57 1.159213037430463
58 1.2054393558452754
59 1.8244302269744326
60 1.2801851451723425
61 1.828640179263299
62 1.4236855625973772
63 1.1939365816616563
64 1.2273391821827284
65 1.3964807261609138
66 1.7931325344138849
67 1.4798130270216026
68 1.2243320431925138
69 1.3169803421229995
70 1.324410300019842
71 1.946894628486219
72 1.2069851356133252
73 1.7333179941863728
74 1.4613460163819736
75 1.3785647969969526
76 1.4582549859481595
77 1.3986227350777993
78 1.3823964504589765
79 1.272669319830579
80 1.819911946290808
81 1.3991660088947238
82 1.425983924602334
83 1.441609070400328
84 1.3498005752695248
85 1.3587439935812895
86 1.5213865507676028
87 1.2620559613769808
88 1.3380818720707413
89 1.3298691734159913
90 1.349584713272032
91 1.3321812899036871
92 1.774706638665777
93 1.3666167625267993
94 1.650968528591787
95 1.2864332039281037
96 1.324064716929197
97 1.32184308422459
98 1.3890964489748188
99 1.3653707140919005
100 1.582612206449263
101 1.3395822868708942
102 1.4247798973306263
103 1.3548988025356947
104 1.4659283686024698
105 1.3317430495643627
106 1.5648173192264268
107 1.3939655548387908
108 1.3896741085412823
109 1.4153171278822336
110 1.5123792670297804
111 1.416239051111697
112 1.3482027913255898
113 1.3681896091998274
114 1.3652455145235702
115 1.7240846283882203
116 1.3899724565809615
117 1.564840226915104
