1 0.08004868394300046
2 0.8919339620437676
3 0.49071980965387635
4 0.34348087118154963
5 1.636856389862643
6 0.9079502773133052
7 0.32169770594982017
8 1.7215634845062242
9 1.0639446012569636
10 0.9890387383995944
11 1.057960231676682
12 0.6052200409544849
13 1.3368709999810433
14 1.1085940732656079
15 0.7048614076166159
16 0.5741729560065197
17 1.4363793240111327
18 2.5321031541571326
19 1.679037091765908
20 0.7923344452815138
21 0.8620178672052793
22 2.574619637564979
23 0.600556258772709
24 1.4270794476221336
25 0.36281483252773894
26 1.3053687540426737
27 0.7192953975834901
28 0.9641461720987213
29 1.6614599337288427
30 0.9731945255431984
31 1.2694512797299617
32 1.3805608695703995
33 0.9187733701675523
34 1.4382839634035123
35 1.432358397471326
36 0.40584873987621617
37 1.0984525152077673
38 0.2620237128835771
39 0.09605396304177972
40 1.3323115778931756
41 1.4177076026007356
42 0.5460819000942825
43 0.41065332061701504
44 0.7025485425136146
45 0.9301605754640628
46 1.315752491959955
47 1.2120838877292517
48 1.6500263218056088
49 1.955857419990999
50 1.1170880503341432
51 0.2893916440733738
52 0.7512227399273683
53 2.054292371814886
54 1.4018420313001265
55 1.1402695032891128
56 0.9857806643449891
57 0.49176179449285223
58 0.4874929900298967
59 0.3935277437544811
60 1.7950304752982507
61 1.0465544967677893
62 2.228438371443221
63 2.0080800023040846
64 1.5955958143456883
65 1.0012504093419163
66 1.8284520083359346
67 1.4495122587879143
68 0.939942623224745
69 3.2695974404208106
70 1.7536508763415073
71 0.5295593003483272
72 1.6158365849406215
73 1.8385829981454058
74 1.1595412910813017
75 1.7276530125534113
76 1.5809485193121924
77 1.5721866890092249
78 0.771499054815294
79 1.1634371967490706
80 1.9019248911919715
81 1.4224501802376068
82 2.195078524099758
83 1.5505580536820633
84 1.2919505044199135
85 1.7916594288931291
86 1.4448616566902759
87 1.6808459460519016
88 1.3176894306456175
89 1.6541885333802424
90 1.365932539640392
91 1.7141197345909853
92 1.3084648064906426
93 1.7944044125398444
94 2.0421681172028427
95 1.1712266553054396
96 1.7199189709222629
97 1.5463397289282035
98 1.5253765509748205
99 1.4613801312845536
100 1.6210907595116206
101 1.5681712480869905
102 1.5426360696891743
103 1.422989927571047
104 1.3701362376876116
105 1.4896205438226697
106 1.3946511911505746
107 1.5454204170815675
108 1.7886028169197759
109 1.3706135853151
110 1.4841975335758237
111 1.3637355971630212
112 1.350702220774883
113 1.4474376571051708
114 1.5235794116537547
115 1.4593888387455587
116 1.5220505264921835
117 1.442622895919217
118 1.3509600832580433
119 1.4517091687307646
120 1.3642625652696092
121 1.6674158260529026
122 1.4916557585152517
123 1.50690818027027
124 1.4195957284887755
125 1.666860257593547
126 1.4212746760870671
127 1.5014333016237664
128 1.6689375616066915
129 1.41033743633889
130 1.338524448471961
131 1.3625909273009689
132 1.3972930225341091
133 1.3569391480155455
134 1.5144382473880813
135 1.4276628208667752
136 1.359431754682036
137 1.3420079987662545
138 1.3594127619388272
139 1.4028760099722142
140 1.46738780554386
141 1.342600807636223
142 1.431625607757932
143 1.6061860308078453
