1 2.3339771301880727
2 2.119489506564107
3 1.2258986961871439
4 1.2242568963098106
5 5.212658550108865
6 0.18870475043949592
7 2.4855508774703283
8 1.2849910468400294
9 0.3997900151755948
10 0.7669548720489786
11 1.1069557519184197
12 0.6061718995213363
13 1.1996357323135796
14 0.22768198411719884
15 0.12872786245569642
16 0.8551995341713637
17 0.5776872766589511
18 2.619600994823569
19 1.596343614052678
20 1.3440079095620865
21 0.6947180398389273
22 3.4884433438586755
23 0.3772522343598434
24 3.7534036579284162
25 0.5133580105402555
26 0.2839354334918027
27 0.3831922870562171
28 0.9548853647821569
29 2.5373756045756912
30 0.22926250897169892
31 0.9116628293251301
32 0.9613595990939555
33 2.3750078270998944
34 0.7263468604591506
35 0.7867012805668369
36 0.6170035148244812
37 0.40036095533128885
38 0.7293914071323342
39 4.977664108996102
40 1.8812821788605927
41 2.0808810794268746
42 1.5994399975200568
43 1.2977476573046312
44 0.39475538118330195
45 1.133276286683707
46 0.7452528994239338
47 0.7352383077676291
48 1.2033050906971317
49 2.7582165973163044
50 0.6315667793989836
51 0.6427876381282397
52 1.558319142741007
53 0.8317204483619225
54 0.771514117809233
55 0.9483071309641037
56 0.9661074770950874
57 1.2833454857008113
58 0.7406792134710044
59 1.8061537875714109
60 0.662036418081617
61 1.4251547602786103
62 0.6628134973296943
63 0.6806065180003956
64 0.684558712491413
65 0.8370249732406446
66 2.21994293356112
67 1.7723871455449323
68 0.9514519671449213
69 1.630383684492962
70 1.2506175896932772
71 1.2411597225644682
72 2.496614688474344
73 1.8339896488829412
74 1.074215990565735
75 0.7843472402024827
76 1.0080800636928633
77 2.2287136289563745
78 2.0962140231397255
79 1.1448694843784235
80 3.0893205937800734
81 1.0749929845952089
82 1.479825152645517
83 0.9634364362995015
84 1.0846788437940411
85 1.4038528494823157
86 1.9262179231377838
87 2.434759072728339
88 1.569768707618364
89 1.400730406154713
90 1.8773269849573784
91 1.1936593383134289
92 1.1108924499856618
93 1.4207086745944515
94 1.3353171059552862
95 1.3653277047148034
96 2.1857427769360793
97 1.7839081160452581
98 1.48756382653985
99 1.9427269170614507
100 1.7179593583035275
101 1.9473615625998393
102 1.696724806458797
103 1.2845247413968062
104 1.3813169105889815
105 2.0387600783363413
106 1.515682245899559
107 1.609578147295685
108 1.5714651473907084
109 2.0295519716954122
110 1.3935129263333381
111 1.8936467494901026
112 1.8425402369797887
113 1.3271580166290469
114 2.0029180386063548
115 1.3635455907606457
116 1.4752017672559263
117 1.4082907727223744
