1 0.6015737498170965
2 2.2810146914056344
3 2.496857245826969
4 0.9271321326128122
5 3.378637386691303
6 2.0302543390091228
7 2.721308777759452
8 1.54239468404663
9 0.07463133681110182
10 0.6804693917920204
11 0.6452738337050682
12 0.7426950274186231
13 2.1565518037827274
14 1.8312207538059992
15 0.6167850445874733
16 0.6626161475469396
17 0.7233861557900568
18 1.2031525608516802
19 1.17295665116567
20 1.7686219934644485
21 1.1896857170574853
22 0.9776238013221675
23 2.111229500361511
24 1.2765240386395118
25 1.1223024488369513
26 1.2744754722323561
27 1.4840340611738256
28 2.370614394484836
29 1.070774234961584
30 1.7776589130773186
31 0.8317352830486101
32 0.668633939359038
33 0.6165308448819092
34 1.2376546577255256
35 0.9981656064541647
36 1.3954354942644118
37 1.6228024196141229
38 0.7139703553556827
39 0.40769678581713537
40 1.124286783188023
41 1.2025408928913301
42 0.9174572068632327
43 1.5696880943006288
44 1.0663446577494675
45 1.4773765217420378
46 1.3938642922286606
47 1.7214120909230588
48 1.4714567938245706
49 1.1899739848819866
50 0.9291807676261198
51 0.9737201371696795
52 1.2746372394515033
53 1.4890065940556578
54 0.7413348869310253
55 2.1102206659919927
56 1.722150287878332
57 0.9693660884258811
58 1.2904518248475967
59 1.646862456407551
60 1.1001584288951947
61 1.7345568907026279
62 1.6184589879762425
63 1.6882258886068975
64 1.4589941010919314
65 1.2790796180460042
66 1.360245905757246
67 1.394606145172255
68 1.748042147075577
69 1.15228939244993
70 1.1728505934169502
71 1.2103498628391685
72 1.3677729725290464
73 1.2468473092390946
74 1.6886526565126048
75 1.5163075864955273
76 1.1397391063182905
77 1.2303392348892492
78 1.6692142405790211
79 1.1677640427220624
80 1.373135721246831
81 1.427220819317867
82 1.6803103625713278
83 1.4787368026868983
84 1.2914051700700875
85 1.4167302197555314
86 1.2026228709920912
87 1.2137130885038874
88 1.4104499070933263
89 1.3583654662382252
90 1.55747916682567
91 1.378667717764289
92 1.374108223834997
93 1.4281190142439817
94 1.342990939276247
95 1.4417681428787372
96 1.3527839465823066
97 1.3506763801045896
98 1.3430653928133072
99 1.3797656607115472
100 1.4170747420370229
101 1.3654693395957531
102 1.3323737819848578
103 1.320575877418609
104 1.3778387865020094
105 1.354225394368947
106 1.4285101190373883
107 1.3776427302763183
108 1.4666888779568215
109 1.3633471241488349
110 1.3327063816332716
111 1.4020215914502316
112 1.3692909611424815
113 1.4163403324414074
114 1.3588318716607808
115 1.3790410787196659
