1 0.9355668558507183
2 1.340381768361475
3 0.9992804131050443
4 1.7341451538178843
5 1.060656967288037
6 0.7324414891510533
7 1.3211391019930883
8 0.45065823796766713
9 0.7617415415775612
10 0.8112320996729436
11 2.28836909157196
12 1.4376736865624913
13 1.504796051287857
14 1.873362744829522
15 2.0498692543180197
16 0.9312674471027512
17 3.3797763694045786
18 0.6204382970829865
19 0.7843625017639363
20 1.5197042914420378
21 0.788599498755584
22 3.383847142849982
23 1.4048231763005816
24 2.177236170697763
25 0.6338346804852608
26 1.287927924227897
27 0.8290270653690551
28 2.6577482968963797
29 1.386445975775828
30 0.6349893955869512
31 0.7579254725481251
32 2.4758349667974047
33 1.7351412384651286
34 1.2119715401239974
35 0.6795143010156062
36 0.6240979902535705
37 1.2063881868147048
38 1.4977790965701423
39 1.399038118938658
40 0.8476423982935672
41 1.0776643888580788
42 1.3345341442898255
43 1.9130563857415492
44 1.8635310322351621
45 1.9305013790984102
46 1.871696492611583
47 1.078466405297166
48 1.5305994190168948
49 0.806805413913801
50 1.1954513402944433
51 1.8756381187996456
52 0.9970898264338738
53 1.8444178242077698
54 1.938381607869012
55 0.9544786357845351
56 1.3145476724341487
57 2.1959834727141443
58 1.6377892505287932
59 1.4087756283992416
60 1.6424729661490538
61 0.9987050391758275
62 1.370310131748111
63 1.5008714028444015
64 2.1214231078866734
65 1.6149848927293904
66 1.3453473786529964
67 1.451886888963321
68 1.3050615069050928
69 1.1620687665410077
70 1.5333487585025614
71 1.4310276953692898
72 1.319159310253287
73 1.4764774667561942
74 1.4468623849373166
75 2.066154569777221
76 1.4640142657490807
77 1.7901784320368266
78 1.3766216417656678
79 1.258838265431553
80 1.4940947059230838
81 1.372842993260234
82 1.3630706825908516
83 1.3819929698659554
84 1.829057414790711
85 1.4845375402166898
86 1.35344298212804
87 1.8298163150674318
88 1.8982571249470812
89 1.3511529124022594
90 1.3660984186756615
91 1.4468669487015358
92 1.6999672101780654
93 1.6515167660701715
94 1.7610686376648619
95 1.4744790043382696
96 1.3038230993681643
97 1.384452292624694
98 1.4425704184510577
99 1.3970535258074857
100 1.9105615464939831
101 1.4618441322646147
102 1.377833154339462
103 1.6008180413902382
104 1.3516494643612094
105 1.4986261969149672
106 1.4131929914151975
107 1.525087090345452
108 1.9214614657717235
109 1.7856734317162284
