1 0.6160545888996393
2 0.7762082446192233
3 1.6605531877254178
4 0.031025598050631036
5 0.60314524651703
6 1.2825523725105836
7 0.45378759931652607
8 2.7993225864678046
9 1.6195568605166795
10 1.4437217765667176
11 3.029414318082408
12 3.7570037888803505
13 0.6033224564751989
14 1.109400704450004
15 0.565100441356712
16 2.6238909587052244
17 1.4058859165939237
18 3.355331841231145
19 0.630008574077277
20 2.591555923656882
21 4.344394711348339
22 1.1608618216308124
23 0.1220412565734703
24 2.6208018893418794
25 0.6082290551811411
26 0.6709648740318445
27 0.8551581534772067
28 0.9416637828213517
29 0.9418699580851159
30 0.555642925129714
31 0.6402185550250603
32 2.916285110513926
33 1.4736552783226364
34 0.6703449192445834
35 1.4437066459461418
36 0.5919957896553728
37 3.2236803235011178
38 2.359093252883612
39 0.9264241907977879
40 2.767877264509274
41 0.6908540045972388
42 2.2553249087275073
43 1.6693489554020047
44 0.563441845562795
45 0.4717656163637528
46 0.3661294469705406
47 1.9114290807614267
48 2.1597153920910674
49 1.506781979628806
50 0.7366805763583294
51 1.0619857541167261
52 1.978036141170015
53 1.3837841025549045
54 0.36648023266781116
55 1.1814370364770785
56 2.2733848215064194
57 0.3606117146874077
58 2.4015295726702686
59 0.8231451269808406
60 2.4985893606944423
61 0.3396183734997296
62 0.8451334968473899
63 0.5169791937709375
64 1.7980888169619165
65 1.2230006506806212
66 2.5195145175597338
67 2.08045865007771
68 1.1320951726372037
69 0.9461161138646472
70 0.9118399570241431
71 2.0054317463759204
72 0.8699702889992744
73 1.686208870050135
74 1.4586475920747746
75 1.0776060246493038
76 1.0542806212411597
77 2.090421918299399
78 1.584424758325378
79 1.2776537990367847
80 1.69679931707777
81 1.0886677421718567
82 1.6473520757677587
83 1.5399648668058008
84 1.4460983578592164
85 1.3787418900805166
86 1.201874650098694
87 1.338941506838407
88 1.5061355719512837
89 1.1166166419783838
90 1.7055575738852666
91 1.3530563294645457
92 1.6655289739482564
93 1.8648711267316687
94 1.9852792799111818
95 1.3841117064311392
96 1.461171808860176
97 1.4891197608341877
98 1.9382365930776395
99 2.900231609843155
100 1.475800724751941
101 1.5105387131794008
102 2.7650136769868485
103 1.461675322823815
104 1.27187974356796
105 1.5696537265377246
106 1.4272734208176299
107 1.4663087671500836
108 1.8317488784381952
109 1.9503516506534957
110 1.8962648509829287
111 1.4392408738188973
112 1.7194555370735936
113 1.4129979145617717
114 1.4824069202446315
115 1.4345969821370563
116 1.9988908979817668
117 1.938041055384736
