1 1.0
2 1.0
3 1.0
4 1.0
5 1.0
6 1.0
7 1.0
8 1.0
9 1.0
10 1.0
11 1.0
12 1.0
13 1.0
14 1.0
15 1.0
16 1.0
17 1.0
18 1.0
19 1.0
20 1.0
21 0.9523809523809523
22 0.9545454545454546
23 0.9565217391304348
24 0.9583333333333334
25 0.96
26 0.9615384615384616
27 0.9629629629629629
28 0.9642857142857143
29 0.9655172413793104
30 0.9333333333333333
31 0.9354838709677419
32 0.9375
33 0.9090909090909091
34 0.8823529411764706
35 0.8571428571428571
36 0.8611111111111112
37 0.8648648648648649
38 0.8421052631578947
39 0.8205128205128205
40 0.8
41 0.8048780487804879
42 0.7857142857142857
43 0.7906976744186046
44 0.7954545454545454
45 0.7777777777777778
46 0.782608695652174
47 0.7872340425531915
48 0.7708333333333334
49 0.7755102040816326
50 0.76
51 0.7647058823529411
52 0.75
53 0.7547169811320755
54 0.7592592592592593
55 0.7454545454545455
56 0.7321428571428571
57 0.7368421052631579
58 0.7413793103448276
59 0.7457627118644068
60 0.7333333333333333
61 0.7377049180327869
62 0.7419354838709677
63 0.7301587301587301
64 0.71875
65 0.7230769230769231
66 0.7121212121212122
67 0.7014925373134329
68 0.7058823529411765
69 0.7101449275362319
70 0.7
71 0.6901408450704225
72 0.6805555555555556
73 0.6712328767123288
74 0.6621621621621622
75 0.6666666666666666
76 0.6578947368421053
77 0.6493506493506493
78 0.6538461538461539
79 0.6455696202531646
80 0.6375
81 0.6419753086419753
82 0.6341463414634146
83 0.6265060240963856
84 0.6309523809523809
85 0.6235294117647059
86 0.627906976744186
87 0.632183908045977
88 0.625
89 0.6179775280898876
90 0.6111111111111112
91 0.6153846153846154
92 0.6086956521739131
93 0.6129032258064516
94 0.6063829787234043
95 0.6105263157894737
96 0.6041666666666666
97 0.6082474226804123
98 0.6020408163265306
99 0.6060606060606061
100 0.6
101 0.594059405940594
102 0.5882352941176471
103 0.5825242718446602
104 0.5769230769230769
105 0.5714285714285714
106 0.5660377358490566
107 0.5607476635514018
108 0.5555555555555556
109 0.5596330275229358
110 0.5545454545454546
111 0.5495495495495496
112 0.5446428571428571
113 0.5398230088495575
114 0.5350877192982456
115 0.5391304347826087
116 0.5431034482758621
117 0.5384615384615384
118 0.5423728813559322
119 0.5462184873949579
120 0.55
121 0.5454545454545454
122 0.5409836065573771
123 0.5447154471544715
124 0.5403225806451613
125 0.536
126 0.5396825396825397
127 0.5354330708661418
128 0.53125
129 0.5348837209302325
130 0.5307692307692308
131 0.5267175572519084
132 0.5227272727272727
133 0.518796992481203
134 0.5149253731343284
135 0.5111111111111111
136 0.5147058823529411
137 0.5109489051094891
138 0.5072463768115942
139 0.5035971223021583
140 0.5
141 0.5035460992907801
142 0.5
143 0.4965034965034965
144 0.4930555555555556
145 0.496551724137931
146 0.5
147 0.4965986394557823
148 0.49324324324324326
149 0.4899328859060403
150 0.4866666666666667
151 0.48344370860927155
152 0.48026315789473684
153 0.477124183006536
154 0.474025974025974
155 0.47096774193548385
156 0.46794871794871795
157 0.46496815286624205
158 0.4620253164556962
159 0.4591194968553459
160 0.45625
161 0.453416149068323
162 0.4506172839506173
163 0.44785276073619634
164 0.4451219512195122
165 0.44242424242424244
166 0.4397590361445783
167 0.437125748502994
168 0.43452380952380953
169 0.4319526627218935
170 0.4294117647058823
171 0.4269005847953216
172 0.42441860465116277
173 0.42196531791907516
174 0.41954022988505746
175 0.41714285714285715
176 0.4147727272727273
177 0.4124293785310734
178 0.4101123595505618
179 0.40782122905027934
180 0.40555555555555556
181 0.40331491712707185
182 0.4010989010989011
183 0.3989071038251366
184 0.3967391304347826
185 0.3945945945945946
186 0.3978494623655914
