1 1.0
2 1.0
3 1.0
4 1.0
5 1.0
6 1.0
7 0.8571428571428571
8 0.875
9 0.8888888888888888
10 0.9
11 0.9090909090909091
12 0.8333333333333334
13 0.8461538461538461
14 0.8571428571428571
15 0.8666666666666667
16 0.875
17 0.8823529411764706
18 0.8888888888888888
19 0.8421052631578947
20 0.8
21 0.8095238095238095
22 0.8181818181818182
23 0.782608695652174
24 0.7916666666666666
25 0.8
26 0.8076923076923077
27 0.8148148148148148
28 0.8214285714285714
29 0.7931034482758621
30 0.8
31 0.7741935483870968
32 0.78125
33 0.7575757575757576
34 0.7647058823529411
35 0.7714285714285715
36 0.7777777777777778
37 0.7837837837837838
38 0.7631578947368421
39 0.7692307692307693
40 0.775
41 0.7560975609756098
42 0.7380952380952381
43 0.7441860465116279
44 0.75
45 0.7555555555555555
46 0.7391304347826086
47 0.7446808510638298
48 0.75
49 0.7346938775510204
50 0.74
51 0.7254901960784313
52 0.7307692307692307
53 0.7358490566037735
54 0.7222222222222222
55 0.7272727272727273
56 0.7142857142857143
57 0.7017543859649122
58 0.6896551724137931
59 0.6949152542372882
60 0.7
61 0.6885245901639344
62 0.6774193548387096
63 0.6825396825396826
64 0.671875
65 0.6615384615384615
66 0.6666666666666666
67 0.6567164179104478
68 0.6470588235294118
69 0.6376811594202898
70 0.6428571428571429
71 0.6338028169014085
72 0.6388888888888888
73 0.6301369863013698
74 0.6351351351351351
75 0.64
76 0.631578947368421
77 0.6233766233766234
78 0.6153846153846154
79 0.620253164556962
80 0.6125
81 0.6049382716049383
82 0.6097560975609756
83 0.6024096385542169
84 0.5952380952380952
85 0.5882352941176471
86 0.5813953488372093
87 0.5862068965517241
88 0.5795454545454546
89 0.5730337078651685
90 0.5777777777777777
91 0.5824175824175825
92 0.5869565217391305
93 0.5913978494623656
94 0.5851063829787234
95 0.5789473684210527
96 0.5729166666666666
97 0.5670103092783505
98 0.5714285714285714
99 0.5656565656565656
100 0.57
101 0.5643564356435643
102 0.5588235294117647
103 0.5533980582524272
104 0.5576923076923077
105 0.5523809523809524
106 0.5471698113207547
107 0.5420560747663551
108 0.5370370370370371
109 0.5412844036697247
110 0.5363636363636364
111 0.5315315315315315
112 0.5267857142857143
113 0.5309734513274337
114 0.5263157894736842
115 0.5217391304347826
116 0.5172413793103449
117 0.5128205128205128
118 0.5169491525423728
119 0.5210084033613446
120 0.5166666666666667
121 0.512396694214876
122 0.5081967213114754
123 0.5040650406504065
124 0.5
125 0.496
126 0.49206349206349204
127 0.4881889763779528
128 0.484375
129 0.4806201550387597
130 0.47692307692307695
131 0.4732824427480916
132 0.4696969696969697
133 0.46616541353383456
134 0.4701492537313433
135 0.4666666666666667
136 0.4632352941176471
137 0.45985401459854014
138 0.45652173913043476
139 0.45323741007194246
140 0.45714285714285713
141 0.45390070921985815
142 0.4507042253521127
143 0.44755244755244755
144 0.4444444444444444
145 0.4413793103448276
146 0.4383561643835616
147 0.43537414965986393
148 0.43243243243243246
149 0.42953020134228187
150 0.4266666666666667
151 0.423841059602649
152 0.42105263157894735
153 0.42483660130718953
154 0.42207792207792205
155 0.41935483870967744
156 0.4166666666666667
157 0.42038216560509556
158 0.4177215189873418
159 0.41509433962264153
160 0.4125
161 0.40993788819875776
162 0.4074074074074074
163 0.4049079754601227
164 0.4024390243902439
165 0.4
166 0.39759036144578314
167 0.39520958083832336
168 0.39285714285714285
169 0.3905325443786982
170 0.38823529411764707
171 0.38596491228070173
172 0.38372093023255816
173 0.3872832369942196
174 0.3850574712643678
175 0.38285714285714284
176 0.3806818181818182
177 0.3785310734463277
178 0.37640449438202245
179 0.3743016759776536
180 0.37222222222222223
181 0.3701657458563536
182 0.36813186813186816
183 0.366120218579235
184 0.3641304347826087
185 0.3621621621621622
186 0.3655913978494624
187 0.36363636363636365
188 0.3617021276595745
189 0.35978835978835977
190 0.35789473684210527
191 0.35602094240837695
192 0.3541666666666667
193 0.35233160621761656
194 0.35051546391752575
195 0.3487179487179487
196 0.3469387755102041
197 0.34517766497461927
198 0.3434343434343434
199 0.3417085427135678
200 0.34
201 0.3383084577114428
202 0.33663366336633666
203 0.33497536945812806
204 0.3333333333333333
205 0.33170731707317075
206 0.3300970873786408
207 0.3285024154589372
208 0.3269230769230769
209 0.3253588516746411
210 0.3238095238095238
211 0.3222748815165877
212 0.32075471698113206
213 0.3192488262910798
214 0.3177570093457944
215 0.3209302325581395
216 0.3194444444444444
217 0.31797235023041476
218 0.3165137614678899
219 0.3150684931506849
220 0.31363636363636366
221 0.31221719457013575
222 0.3108108108108108
223 0.3094170403587444
224 0.3080357142857143
225 0.30666666666666664
226 0.3053097345132743
227 0.3039647577092511
228 0.3026315789473684
229 0.30131004366812225
230 0.3
231 0.2987012987012987
232 0.2974137931034483
233 0.296137339055794
234 0.2948717948717949
235 0.2936170212765957
236 0.2923728813559322
237 0.2911392405063291
238 0.28991596638655465
239 0.28870292887029286
240 0.2875
241 0.2863070539419087
242 0.28512396694214875
243 0.2839506172839506
244 0.2827868852459016
245 0.2816326530612245
246 0.2804878048780488
247 0.2793522267206478
248 0.2782258064516129
249 0.27710843373493976
250 0.276
251 0.2749003984063745
252 0.27380952380952384
253 0.2727272727272727
254 0.27165354330708663
255 0.27058823529411763
256 0.26953125
257 0.26848249027237353
258 0.26744186046511625
259 0.26640926640926643
260 0.2653846153846154
261 0.26436781609195403
262 0.2633587786259542
263 0.2623574144486692
264 0.26136363636363635
265 0.26037735849056604
266 0.2631578947368421
267 0.26217228464419473
268 0.26492537313432835
269 0.26394052044609667
270 0.26296296296296295
271 0.26199261992619927
272 0.2610294117647059
273 0.2600732600732601
274 0.2591240875912409
275 0.2581818181818182
276 0.2572463768115942
277 0.2563176895306859
278 0.25539568345323743
279 0.25448028673835127
280 0.25357142857142856
281 0.2526690391459075
282 0.25177304964539005
283 0.2508833922261484
284 0.25
285 0.24912280701754386
286 0.24825174825174826
287 0.24738675958188153
288 0.2465277777777778
289 0.24567474048442905
290 0.24482758620689654
291 0.24398625429553264
292 0.24315068493150685
293 0.24232081911262798
294 0.24149659863945577
295 0.24067796610169492
296 0.23986486486486486
297 0.23905723905723905
298 0.23825503355704697
299 0.23745819397993312
300 0.23666666666666666
301 0.23588039867109634
302 0.23509933774834438
303 0.23432343234323433
304 0.23355263157894737
305 0.23278688524590163
306 0.23202614379084968
307 0.23127035830618892
308 0.23376623376623376
309 0.23300970873786409
310 0.23225806451612904
311 0.2315112540192926
312 0.23076923076923078
313 0.23003194888178913
314 0.22929936305732485
315 0.22857142857142856
316 0.22784810126582278
317 0.22712933753943218
318 0.22641509433962265
319 0.22570532915360503
320 0.225
321 0.22429906542056074
322 0.2236024844720497
323 0.22291021671826625
324 0.2222222222222222
325 0.22153846153846155
326 0.22085889570552147
327 0.22018348623853212
328 0.21951219512195122
329 0.2188449848024316
330 0.21818181818181817
331 0.2175226586102719
332 0.21686746987951808
333 0.21621621621621623
334 0.2155688622754491
335 0.21492537313432836
336 0.21428571428571427
337 0.21364985163204747
338 0.21301775147928995
339 0.21238938053097345
340 0.21176470588235294
341 0.21114369501466276
342 0.21052631578947367
343 0.2099125364431487
344 0.20930232558139536
345 0.20869565217391303
346 0.20809248554913296
347 0.207492795389049
348 0.20689655172413793
349 0.20630372492836677
350 0.2057142857142857
351 0.20512820512820512
352 0.20454545454545456
353 0.20396600566572237
354 0.2033898305084746
355 0.2028169014084507
356 0.20224719101123595
357 0.20168067226890757
358 0.2011173184357542
359 0.20055710306406685
360 0.2
361 0.1994459833795014
362 0.19889502762430938
363 0.19834710743801653
364 0.20054945054945056
365 0.2
366 0.1994535519125683
367 0.1989100817438692
368 0.1983695652173913
369 0.1978319783197832
370 0.1972972972972973
371 0.1967654986522911
372 0.19623655913978494
373 0.19571045576407506
374 0.19518716577540107
375 0.19466666666666665
376 0.19414893617021275
377 0.19363395225464192
378 0.1931216931216931
379 0.19261213720316622
380 0.19210526315789472
381 0.19160104986876642
382 0.19109947643979058
383 0.1906005221932115
384 0.19010416666666666
385 0.18961038961038962
386 0.18911917098445596
387 0.18863049095607234
388 0.18814432989690721
389 0.18766066838046272
390 0.18717948717948718
391 0.1867007672634271
392 0.18622448979591838
393 0.18575063613231552
394 0.18527918781725888
395 0.1848101265822785
396 0.18434343434343434
397 0.18387909319899245
398 0.18341708542713567
399 0.18295739348370926
400 0.1825
401 0.18204488778054864
402 0.18159203980099503
403 0.18114143920595532
404 0.1806930693069307
405 0.18024691358024691
406 0.17980295566502463
407 0.17936117936117937
408 0.17892156862745098
409 0.1784841075794621
410 0.17804878048780487
411 0.17761557177615572
412 0.17718446601941748
413 0.17675544794188863
414 0.17632850241545894
415 0.17590361445783131
416 0.17548076923076922
417 0.1750599520383693
418 0.17464114832535885
419 0.17422434367541767
420 0.1738095238095238
421 0.17339667458432304
422 0.17298578199052134
423 0.17257683215130024
424 0.1721698113207547
425 0.17176470588235293
426 0.17136150234741784
427 0.17096018735362997
428 0.1705607476635514
429 0.17016317016317017
430 0.1697674418604651
431 0.16937354988399073
432 0.16898148148148148
433 0.16859122401847576
434 0.16820276497695852
435 0.167816091954023
436 0.16743119266055045
437 0.16704805491990846
438 0.16666666666666666
439 0.1662870159453303
440 0.16590909090909092
441 0.1655328798185941
442 0.16515837104072398
443 0.16478555304740405
444 0.16441441441441443
445 0.16404494382022472
446 0.16367713004484305
447 0.16331096196868009
448 0.16294642857142858
449 0.16258351893095768
450 0.1622222222222222
451 0.16186252771618626
452 0.16150442477876106
453 0.16114790286975716
454 0.16079295154185022
455 0.16043956043956045
456 0.1600877192982456
457 0.15973741794310722
458 0.15938864628820962
459 0.15904139433551198
460 0.15869565217391304
461 0.15835140997830802
462 0.15800865800865802
463 0.15766738660907129
464 0.15732758620689655
465 0.15698924731182795
466 0.15665236051502146
467 0.15631691648822268
468 0.15598290598290598
469 0.15565031982942432
470 0.15531914893617021
471 0.15498938428874734
472 0.15466101694915255
473 0.1543340380549683
474 0.1540084388185654
475 0.15368421052631578
476 0.15336134453781514
477 0.1530398322851153
478 0.15271966527196654
479 0.1524008350730689
480 0.15208333333333332
481 0.15176715176715178
482 0.15145228215767634
483 0.15113871635610765
484 0.15082644628099173
485 0.15051546391752577
486 0.15020576131687244
487 0.14989733059548255
488 0.14959016393442623
489 0.1492842535787321
490 0.1489795918367347
491 0.14867617107942974
492 0.1483739837398374
493 0.14807302231237324
494 0.14777327935222673
495 0.14747474747474748
496 0.14717741935483872
497 0.14688128772635814
498 0.1465863453815261
499 0.1462925851703407
500 0.146
501 0.14570858283433133
502 0.1454183266932271
503 0.14512922465208747
504 0.14484126984126985
505 0.14455445544554454
506 0.1442687747035573
507 0.14398422090729784
508 0.1437007874015748
509 0.14341846758349705
510 0.14313725490196078
511 0.14285714285714285
512 0.142578125
513 0.14230019493177387
514 0.14202334630350194
515 0.141747572815534
516 0.14147286821705427
517 0.14119922630560927
518 0.14092664092664092
519 0.14065510597302505
520 0.14038461538461539
521 0.1401151631477927
522 0.13984674329501914
523 0.13957934990439771
524 0.13931297709923665
525 0.13904761904761906
526 0.13878326996197718
527 0.13851992409867173
528 0.13825757575757575
529 0.13799621928166353
530 0.13773584905660377
531 0.1374764595103578
532 0.13721804511278196
533 0.13696060037523453
534 0.13670411985018727
535 0.13644859813084112
536 0.13619402985074627
537 0.13594040968342644
538 0.13568773234200743
539 0.13543599257884972
540 0.13518518518518519
541 0.13493530499075784
542 0.13468634686346864
543 0.13443830570902393
544 0.13419117647058823
545 0.13394495412844037
546 0.1336996336996337
547 0.13345521023765997
548 0.1332116788321168
549 0.13296903460837886
550 0.13272727272727272
551 0.132486388384755
552 0.1322463768115942
553 0.13200723327305605
554 0.13176895306859207
555 0.13153153153153152
556 0.13129496402877697
557 0.1310592459605027
558 0.13082437275985664
559 0.13059033989266547
560 0.13035714285714287
561 0.13012477718360071
562 0.1298932384341637
563 0.12966252220248667
564 0.12943262411347517
565 0.13097345132743363
566 0.13074204946996468
567 0.13051146384479717
568 0.13028169014084506
569 0.13005272407732865
570 0.12982456140350876
571 0.1295971978984238
572 0.12937062937062938
573 0.12914485165794065
574 0.1289198606271777
575 0.12869565217391304
576 0.1284722222222222
577 0.12824956672443674
578 0.12802768166089964
579 0.12780656303972365
580 0.12758620689655173
581 0.12736660929432014
582 0.12714776632302405
583 0.1269296740994854
584 0.1267123287671233
585 0.1264957264957265
586 0.12627986348122866
587 0.1260647359454855
588 0.12585034013605442
589 0.12563667232597622
590 0.12542372881355932
591 0.12521150592216582
592 0.125
593 0.12478920741989882
594 0.12457912457912458
595 0.12436974789915967
596 0.12416107382550336
597 0.12395309882747069
598 0.12374581939799331
599 0.12353923205342238
600 0.12333333333333334
601 0.12312811980033278
602 0.12292358803986711
603 0.12271973466003316
604 0.12251655629139073
605 0.12231404958677686
606 0.12211221122112212
607 0.12191103789126853
608 0.12171052631578948
609 0.12151067323481117
610 0.12131147540983607
611 0.12111292962356793
612 0.12091503267973856
613 0.12071778140293637
614 0.12052117263843648
615 0.12032520325203253
616 0.12012987012987013
617 0.11993517017828201
618 0.11974110032362459
619 0.11954765751211632
620 0.11935483870967742
621 0.11916264090177134
622 0.1189710610932476
623 0.1187800963081862
624 0.11858974358974358
625 0.1184
626 0.1182108626198083
627 0.11802232854864433
628 0.1178343949044586
629 0.11764705882352941
630 0.11746031746031746
631 0.11727416798732171
632 0.11708860759493671
633 0.11690363349131122
634 0.1167192429022082
635 0.11653543307086614
636 0.11635220125786164
637 0.11616954474097331
638 0.11598746081504702
639 0.11580594679186229
640 0.1171875
641 0.11700468018720749
642 0.11682242990654206
643 0.1166407465007776
644 0.11645962732919254
645 0.11627906976744186
646 0.11609907120743033
647 0.11591962905718702
648 0.11574074074074074
649 0.11556240369799692
650 0.11538461538461539
651 0.1152073732718894
652 0.11503067484662577
653 0.11485451761102604
654 0.11467889908256881
655 0.11450381679389313
656 0.11432926829268293
657 0.1141552511415525
658 0.11398176291793313
659 0.11380880121396054
660 0.11363636363636363
661 0.11346444780635401
662 0.11329305135951662
663 0.11312217194570136
664 0.11295180722891567
665 0.11278195488721804
666 0.11261261261261261
667 0.11244377811094453
668 0.1122754491017964
669 0.11210762331838565
670 0.11194029850746269
671 0.11177347242921014
672 0.11160714285714286
673 0.11144130757800892
674 0.11127596439169139
675 0.1111111111111111
676 0.11094674556213018
677 0.11078286558345643
678 0.11061946902654868
679 0.11045655375552282
680 0.11029411764705882
681 0.11013215859030837
682 0.10997067448680352
683 0.10980966325036604
684 0.10964912280701754
685 0.10948905109489052
686 0.10932944606413994
687 0.1091703056768559
688 0.10901162790697674
689 0.10885341074020319
690 0.10869565217391304
691 0.1085383502170767
692 0.10838150289017341
693 0.10822510822510822
694 0.10806916426512968
695 0.1079136690647482
696 0.10775862068965517
697 0.10760401721664276
698 0.10744985673352435
699 0.1072961373390558
700 0.10714285714285714
701 0.10699001426533523
702 0.10683760683760683
703 0.10668563300142248
704 0.10653409090909091
705 0.10638297872340426
706 0.10623229461756374
707 0.10608203677510608
708 0.1059322033898305
709 0.10578279266572638
710 0.1056338028169014
711 0.10548523206751055
712 0.10533707865168539
713 0.10518934081346423
714 0.10504201680672269
715 0.1048951048951049
716 0.10474860335195531
717 0.10460251046025104
718 0.10445682451253482
719 0.1043115438108484
720 0.10416666666666667
721 0.10402219140083217
722 0.1038781163434903
723 0.1037344398340249
724 0.10359116022099447
725 0.10344827586206896
726 0.10330578512396695
727 0.1031636863823934
728 0.10302197802197802
729 0.102880658436214
730 0.10273972602739725
731 0.10259917920656635
732 0.10245901639344263
733 0.10231923601637108
734 0.10217983651226158
735 0.10204081632653061
736 0.10190217391304347
737 0.10176390773405698
738 0.1016260162601626
739 0.10148849797023005
740 0.10135135135135136
741 0.10121457489878542
742 0.10107816711590296
743 0.1009421265141319
744 0.10080645161290322
745 0.10067114093959731
746 0.10053619302949061
747 0.10040160642570281
748 0.10026737967914438
749 0.10013351134846461
750 0.1
751 0.09986684420772303
752 0.09973404255319149
753 0.099601593625498
754 0.09946949602122016
755 0.09933774834437085
756 0.0992063492063492
757 0.09907529722589167
758 0.09894459102902374
759 0.09881422924901186
760 0.09868421052631579
761 0.09855453350854139
762 0.0984251968503937
763 0.0982961992136304
764 0.09816753926701571
765 0.09803921568627451
766 0.097911227154047
767 0.09778357235984354
768 0.09765625
769 0.09752925877763328
770 0.09740259740259741
771 0.09727626459143969
772 0.09715025906735751
773 0.09702457956015524
774 0.09689922480620156
775 0.0967741935483871
776 0.09664948453608248
777 0.09652509652509653
778 0.09640102827763496
779 0.0962772785622593
780 0.09615384615384616
781 0.09603072983354674
782 0.0959079283887468
783 0.09578544061302682
784 0.09566326530612244
785 0.09554140127388536
786 0.09541984732824428
787 0.09529860228716645
788 0.09517766497461928
789 0.09505703422053231
790 0.0949367088607595
791 0.09481668773704172
792 0.0946969696969697
793 0.09457755359394704
794 0.09445843828715365
795 0.09433962264150944
796 0.0942211055276382
797 0.09410288582183186
798 0.09398496240601503
799 0.09386733416770963
800 0.09375
801 0.09363295880149813
802 0.09351620947630923
803 0.09339975093399751
804 0.09328358208955224
805 0.09316770186335403
806 0.09305210918114144
807 0.09293680297397769
808 0.09282178217821782
809 0.09270704573547589
810 0.09259259259259259
811 0.09247842170160296
812 0.09236453201970443
813 0.09225092250922509
814 0.09213759213759214
815 0.09202453987730061
816 0.09191176470588236
817 0.09179926560587515
818 0.09168704156479218
819 0.09157509157509157
820 0.09146341463414634
821 0.09135200974421437
822 0.09124087591240876
823 0.0911300121506683
824 0.09101941747572816
825 0.09090909090909091
826 0.09079903147699758
827 0.09068923821039904
828 0.09057971014492754
829 0.09047044632086852
830 0.09036144578313253
831 0.09025270758122744
832 0.09014423076923077
833 0.09003601440576231
834 0.08992805755395683
835 0.08982035928143713
836 0.08971291866028708
837 0.08960573476702509
838 0.08949880668257756
839 0.08939213349225268
840 0.08928571428571429
841 0.089179548156956
842 0.08907363420427554
843 0.08896797153024912
844 0.08886255924170616
845 0.08875739644970414
846 0.08865248226950355
847 0.0885478158205431
848 0.08844339622641509
849 0.08833922261484099
850 0.08823529411764706
851 0.0881316098707403
852 0.0880281690140845
853 0.08792497069167643
854 0.08782201405152225
855 0.08771929824561403
856 0.08761682242990654
857 0.08751458576429405
858 0.08741258741258741
859 0.08731082654249127
860 0.0872093023255814
861 0.08710801393728224
862 0.08700696055684455
