1 1.0
2 1.0
3 1.0
4 1.0
5 1.0
6 1.0
7 1.0
8 1.0
9 0.8888888888888888
10 0.9
11 0.9090909090909091
12 0.9166666666666666
13 0.9230769230769231
14 0.9285714285714286
15 0.9333333333333333
16 0.9375
17 0.8823529411764706
18 0.8888888888888888
19 0.8947368421052632
20 0.9
21 0.8571428571428571
22 0.8636363636363636
23 0.8695652173913043
24 0.875
25 0.84
26 0.8461538461538461
27 0.8518518518518519
28 0.8571428571428571
29 0.8620689655172413
30 0.8666666666666667
31 0.8709677419354839
32 0.875
33 0.8787878787878788
34 0.8529411764705882
35 0.8285714285714286
36 0.8333333333333334
37 0.8378378378378378
38 0.8421052631578947
39 0.8205128205128205
40 0.825
41 0.8292682926829268
42 0.8095238095238095
43 0.813953488372093
44 0.7954545454545454
45 0.8
46 0.8043478260869565
47 0.8085106382978723
48 0.8125
49 0.7959183673469388
50 0.8
51 0.803921568627451
52 0.8076923076923077
53 0.7924528301886793
54 0.7962962962962963
55 0.7818181818181819
56 0.7857142857142857
57 0.7719298245614035
58 0.7586206896551724
59 0.7627118644067796
60 0.7666666666666667
61 0.7540983606557377
62 0.7419354838709677
63 0.746031746031746
64 0.734375
65 0.7384615384615385
66 0.7272727272727273
67 0.7313432835820896
68 0.7352941176470589
69 0.7391304347826086
70 0.7428571428571429
71 0.7464788732394366
72 0.75
73 0.7397260273972602
74 0.7297297297297297
75 0.7333333333333333
76 0.7368421052631579
77 0.7272727272727273
78 0.717948717948718
79 0.7088607594936709
80 0.7
81 0.691358024691358
82 0.6951219512195121
83 0.6987951807228916
84 0.6904761904761905
85 0.6823529411764706
86 0.6744186046511628
87 0.6666666666666666
88 0.6590909090909091
89 0.651685393258427
90 0.6444444444444445
91 0.6373626373626373
92 0.6304347826086957
93 0.6236559139784946
94 0.6170212765957447
95 0.6105263157894737
96 0.6041666666666666
97 0.6082474226804123
98 0.6020408163265306
99 0.5959595959595959
100 0.59
101 0.5841584158415841
102 0.5882352941176471
103 0.5825242718446602
104 0.5769230769230769
105 0.5714285714285714
106 0.5754716981132075
107 0.5700934579439252
108 0.5648148148148148
109 0.5688073394495413
110 0.5636363636363636
111 0.5585585585585585
112 0.5625
113 0.5663716814159292
114 0.5614035087719298
115 0.5652173913043478
116 0.5603448275862069
117 0.5555555555555556
118 0.5508474576271186
119 0.5462184873949579
120 0.55
121 0.5537190082644629
122 0.5573770491803278
123 0.5528455284552846
124 0.5564516129032258
125 0.552
126 0.5555555555555556
127 0.5511811023622047
128 0.546875
129 0.5426356589147286
130 0.5384615384615384
131 0.5343511450381679
132 0.5303030303030303
133 0.5263157894736842
134 0.5223880597014925
135 0.5259259259259259
136 0.5220588235294118
137 0.5182481751824818
138 0.5144927536231884
139 0.5107913669064749
140 0.5071428571428571
141 0.5035460992907801
142 0.5070422535211268
143 0.5034965034965035
144 0.5
145 0.503448275862069
146 0.5
147 0.4965986394557823
148 0.5
149 0.4966442953020134
150 0.49333333333333335
151 0.4900662251655629
152 0.4934210526315789
153 0.49673202614379086
154 0.4935064935064935
155 0.49032258064516127
156 0.48717948717948717
157 0.4840764331210191
158 0.4810126582278481
159 0.4779874213836478
160 0.475
161 0.4720496894409938
162 0.4691358024691358
163 0.4723926380368098
164 0.47560975609756095
165 0.4727272727272727
166 0.4759036144578313
167 0.47305389221556887
168 0.47023809523809523
169 0.46745562130177515
170 0.4647058823529412
171 0.4619883040935672
172 0.45930232558139533
173 0.45664739884393063
174 0.4540229885057471
175 0.4514285714285714
176 0.44886363636363635
177 0.4463276836158192
178 0.4438202247191011
179 0.441340782122905
180 0.4388888888888889
181 0.43646408839779005
182 0.4340659340659341
183 0.43169398907103823
184 0.42934782608695654
185 0.42702702702702705
186 0.42473118279569894
187 0.42245989304812837
188 0.42021276595744683
189 0.41798941798941797
190 0.41578947368421054
191 0.41361256544502617
192 0.4114583333333333
193 0.40932642487046633
194 0.4072164948453608
195 0.40512820512820513
196 0.4030612244897959
197 0.4010152284263959
198 0.398989898989899
199 0.3969849246231156
200 0.395
201 0.39303482587064675
202 0.3910891089108911
203 0.3891625615763547
204 0.3872549019607843
205 0.3902439024390244
206 0.3883495145631068
207 0.3864734299516908
208 0.38461538461538464
209 0.3827751196172249
210 0.38095238095238093
211 0.3791469194312796
212 0.37735849056603776
213 0.3755868544600939
214 0.37383177570093457
215 0.37209302325581395
216 0.37037037037037035
217 0.3686635944700461
218 0.3669724770642202
219 0.365296803652968
220 0.36363636363636365
221 0.3665158371040724
222 0.36486486486486486
223 0.3632286995515695
224 0.36607142857142855
225 0.36444444444444446
226 0.36283185840707965
227 0.36123348017621143
228 0.35964912280701755
229 0.35807860262008734
230 0.3565217391304348
231 0.354978354978355
232 0.35344827586206895
233 0.351931330472103
234 0.3504273504273504
235 0.34893617021276596
236 0.3474576271186441
237 0.3459915611814346
238 0.3445378151260504
239 0.34309623430962344
240 0.3416666666666667
241 0.34024896265560167
242 0.33884297520661155
243 0.3374485596707819
244 0.3360655737704918
245 0.3346938775510204
246 0.3333333333333333
247 0.3319838056680162
248 0.33064516129032256
249 0.3293172690763052
250 0.328
251 0.32669322709163345
252 0.3253968253968254
253 0.3241106719367589
254 0.3228346456692913
255 0.3215686274509804
256 0.3203125
257 0.31906614785992216
258 0.3178294573643411
259 0.3166023166023166
260 0.3153846153846154
261 0.31800766283524906
262 0.31679389312977096
263 0.3155893536121673
264 0.3143939393939394
265 0.3132075471698113
266 0.31203007518796994
267 0.31086142322097376
268 0.30970149253731344
269 0.30855018587360594
270 0.3074074074074074
271 0.3062730627306273
272 0.30514705882352944
273 0.304029304029304
274 0.3029197080291971
275 0.3018181818181818
276 0.3007246376811594
277 0.30324909747292417
278 0.302158273381295
279 0.3010752688172043
280 0.3
281 0.298932384341637
282 0.2978723404255319
283 0.2968197879858657
284 0.29577464788732394
285 0.29473684210526313
286 0.2937062937062937
287 0.2926829268292683
288 0.2916666666666667
289 0.2906574394463668
290 0.2896551724137931
291 0.28865979381443296
292 0.2876712328767123
293 0.28668941979522183
294 0.2857142857142857
295 0.2847457627118644
296 0.28378378378378377
297 0.2828282828282828
298 0.28187919463087246
299 0.2809364548494983
300 0.28
301 0.27906976744186046
302 0.2781456953642384
303 0.27722772277227725
304 0.27631578947368424
305 0.2754098360655738
306 0.27450980392156865
307 0.2736156351791531
308 0.2727272727272727
309 0.27184466019417475
310 0.2709677419354839
311 0.27009646302250806
312 0.2692307692307692
313 0.268370607028754
314 0.267515923566879
315 0.26666666666666666
316 0.26582278481012656
317 0.26498422712933756
318 0.2641509433962264
319 0.26332288401253917
320 0.2625
321 0.2616822429906542
322 0.2608695652173913
323 0.26006191950464397
324 0.25925925925925924
325 0.25846153846153846
326 0.25766871165644173
327 0.25688073394495414
328 0.25609756097560976
329 0.2553191489361702
330 0.2545454545454545
331 0.2537764350453172
332 0.25301204819277107
333 0.25225225225225223
334 0.25149700598802394
335 0.2507462686567164
336 0.25
337 0.24925816023738873
338 0.2485207100591716
339 0.24778761061946902
340 0.24705882352941178
341 0.24633431085043989
342 0.24561403508771928
343 0.24489795918367346
344 0.2441860465116279
345 0.24347826086956523
346 0.24277456647398843
347 0.2420749279538905
348 0.2413793103448276
349 0.24068767908309455
350 0.24
351 0.23931623931623933
352 0.23863636363636365
353 0.23796033994334279
354 0.23728813559322035
355 0.23661971830985915
356 0.23595505617977527
357 0.23529411764705882
358 0.2346368715083799
359 0.233983286908078
360 0.23333333333333334
361 0.23268698060941828
362 0.23204419889502761
363 0.23140495867768596
364 0.23076923076923078
365 0.23013698630136986
366 0.22950819672131148
367 0.22888283378746593
368 0.22826086956521738
369 0.22764227642276422
370 0.22702702702702704
371 0.22641509433962265
372 0.22580645161290322
373 0.225201072386059
374 0.22459893048128343
375 0.224
376 0.22340425531914893
377 0.22281167108753316
378 0.2222222222222222
379 0.22163588390501318
380 0.22105263157894736
381 0.2204724409448819
382 0.2198952879581152
383 0.2193211488250653
384 0.21875
385 0.21818181818181817
386 0.21761658031088082
387 0.21705426356589147
388 0.21649484536082475
389 0.2159383033419023
390 0.2153846153846154
391 0.21483375959079284
392 0.21428571428571427
393 0.21374045801526717
394 0.2131979695431472
395 0.21265822784810126
396 0.21212121212121213
397 0.21158690176322417
398 0.21105527638190955
399 0.21052631578947367
400 0.21
401 0.20947630922693267
402 0.208955223880597
403 0.20843672456575682
404 0.2079207920792079
405 0.2074074074074074
406 0.20689655172413793
407 0.20638820638820637
408 0.20588235294117646
409 0.20537897310513448
410 0.2048780487804878
411 0.20437956204379562
412 0.20388349514563106
413 0.2033898305084746
414 0.2028985507246377
415 0.20240963855421687
416 0.20192307692307693
417 0.2014388489208633
418 0.20095693779904306
419 0.20047732696897375
420 0.2
421 0.1995249406175772
422 0.1990521327014218
423 0.19858156028368795
424 0.19811320754716982
425 0.1976470588235294
426 0.19718309859154928
427 0.19672131147540983
428 0.19626168224299065
429 0.1958041958041958
430 0.19534883720930232
431 0.19489559164733178
432 0.19444444444444445
433 0.19399538106235567
434 0.1935483870967742
435 0.19310344827586207
436 0.1926605504587156
437 0.19221967963386727
438 0.1917808219178082
439 0.19134396355353075
440 0.19090909090909092
441 0.19047619047619047
442 0.19004524886877827
443 0.18961625282167044
444 0.1891891891891892
445 0.18876404494382024
446 0.18834080717488788
447 0.18791946308724833
448 0.1875
449 0.1870824053452116
450 0.18666666666666668
451 0.18625277161862527
452 0.18584070796460178
453 0.18543046357615894
454 0.18502202643171806
455 0.18461538461538463
456 0.18421052631578946
457 0.1838074398249453
458 0.18340611353711792
459 0.1830065359477124
460 0.1826086956521739
461 0.1822125813449024
462 0.18181818181818182
463 0.18142548596112312
464 0.1810344827586207
465 0.18064516129032257
466 0.18025751072961374
467 0.17987152034261242
468 0.1794871794871795
469 0.1791044776119403
470 0.17872340425531916
471 0.17834394904458598
472 0.17796610169491525
473 0.17758985200845667
474 0.17721518987341772
475 0.17684210526315788
476 0.17647058823529413
477 0.1761006289308176
478 0.17573221757322174
479 0.17536534446764093
480 0.175
481 0.17463617463617465
482 0.17427385892116182
483 0.17391304347826086
484 0.17355371900826447
485 0.1731958762886598
486 0.1728395061728395
487 0.17248459958932238
488 0.1721311475409836
489 0.17177914110429449
490 0.17142857142857143
491 0.1710794297352342
492 0.17073170731707318
493 0.17038539553752535
494 0.1700404858299595
495 0.1696969696969697
496 0.1693548387096774
497 0.16901408450704225
498 0.1686746987951807
499 0.1683366733466934
500 0.168
501 0.16766467065868262
502 0.16733067729083664
503 0.16699801192842942
504 0.16666666666666666
505 0.16633663366336635
506 0.16600790513833993
507 0.16568047337278108
508 0.16535433070866143
509 0.1650294695481336
510 0.16470588235294117
511 0.1643835616438356
512 0.1640625
513 0.16374269005847952
514 0.16342412451361868
515 0.16310679611650486
516 0.16279069767441862
517 0.16247582205029013
518 0.16216216216216217
519 0.16184971098265896
520 0.16153846153846155
521 0.16122840690978887
522 0.16091954022988506
523 0.16061185468451242
524 0.16030534351145037
525 0.16
526 0.1596958174904943
527 0.15939278937381404
528 0.1590909090909091
529 0.15879017013232513
530 0.15849056603773584
531 0.15819209039548024
532 0.15789473684210525
533 0.1575984990619137
534 0.15730337078651685
535 0.15700934579439252
536 0.15671641791044777
537 0.1564245810055866
538 0.15613382899628253
539 0.15584415584415584
540 0.15555555555555556
541 0.15526802218114602
542 0.15498154981549817
543 0.15469613259668508
544 0.15441176470588236
545 0.15412844036697249
546 0.15384615384615385
547 0.15356489945155394
548 0.15328467153284672
549 0.15300546448087432
550 0.15272727272727274
551 0.15245009074410162
552 0.1539855072463768
