1 1.0
2 1.0
3 0.6666666666666666
4 0.75
5 0.8
6 0.6666666666666666
7 0.7142857142857143
8 0.75
9 0.7777777777777778
10 0.8
11 0.8181818181818182
12 0.8333333333333334
13 0.8461538461538461
14 0.8571428571428571
15 0.8
16 0.8125
17 0.7647058823529411
18 0.7222222222222222
19 0.7368421052631579
20 0.7
21 0.7142857142857143
22 0.7272727272727273
23 0.6956521739130435
24 0.6666666666666666
25 0.68
26 0.6538461538461539
27 0.6666666666666666
28 0.6785714285714286
29 0.6551724137931034
30 0.6333333333333333
31 0.6129032258064516
32 0.625
33 0.6060606060606061
34 0.6176470588235294
35 0.6285714285714286
36 0.6388888888888888
37 0.6486486486486487
38 0.631578947368421
39 0.6153846153846154
40 0.625
41 0.6097560975609756
42 0.5952380952380952
43 0.5813953488372093
44 0.5681818181818182
45 0.5555555555555556
46 0.5652173913043478
47 0.5531914893617021
48 0.5416666666666666
49 0.5306122448979592
50 0.54
51 0.5294117647058824
52 0.5384615384615384
53 0.5471698113207547
54 0.5370370370370371
55 0.5272727272727272
56 0.5178571428571429
57 0.5087719298245614
58 0.5172413793103449
59 0.5254237288135594
60 0.5166666666666667
61 0.5081967213114754
62 0.5
63 0.5079365079365079
64 0.515625
65 0.5076923076923077
66 0.5
67 0.5074626865671642
68 0.5
69 0.5072463768115942
70 0.5
71 0.5070422535211268
72 0.5
73 0.5068493150684932
74 0.5
75 0.49333333333333335
76 0.5
77 0.4935064935064935
78 0.5
79 0.4936708860759494
80 0.4875
81 0.48148148148148145
82 0.47560975609756095
83 0.4819277108433735
84 0.47619047619047616
85 0.47058823529411764
86 0.47674418604651164
87 0.47126436781609193
88 0.4659090909090909
89 0.47191011235955055
90 0.4666666666666667
91 0.4725274725274725
92 0.4782608695652174
93 0.4731182795698925
94 0.46808510638297873
95 0.4631578947368421
96 0.4583333333333333
97 0.4639175257731959
98 0.45918367346938777
99 0.45454545454545453
100 0.45
101 0.44554455445544555
102 0.4411764705882353
103 0.44660194174757284
104 0.4423076923076923
105 0.4380952380952381
106 0.4339622641509434
107 0.42990654205607476
108 0.42592592592592593
109 0.42201834862385323
110 0.42727272727272725
111 0.43243243243243246
112 0.42857142857142855
113 0.4336283185840708
114 0.4298245614035088
115 0.4260869565217391
116 0.4224137931034483
117 0.42735042735042733
118 0.423728813559322
119 0.42016806722689076
120 0.4166666666666667
121 0.4132231404958678
122 0.4098360655737705
123 0.4065040650406504
124 0.4112903225806452
125 0.416
