1 1.7729924453884074
2 1.7953656761647592
3 3.3767326475989936
4 3.191206969800391
5 0.1596762136206255
6 0.9920997120757571
7 0.8761577951891751
8 0.0928865135589928
9 21.898019980691984
10 0.016318370112087244
11 0.28129567657297744
12 0.8269061402103728
13 4.911932004706106
14 4.110355348064791
15 0.4054405666170716
16 7.767201869130664
17 6.125719757394352
18 0.09848950976448163
19 1.1431411207303805
20 0.29233181960809174
21 0.14699280819293362
22 1.2157164071589688
23 0.7865341216435368
24 2.18607451208412
25 3.9883116250302413
26 8.051870031383476
27 2.5792395318495074
28 1.2875649704101544
29 0.5779170825974895
30 1.4046234182995259
31 1.1471779855350892
32 0.47343209062250186
33 0.8724107464486434
34 0.5085973545909606
35 0.05807388831937251
36 0.3704942557419353
37 0.27291768172491576
38 4.081628765113461
39 0.3986933696207477
40 0.9410624409020575
41 1.427003221428864
42 1.1437573596872896
43 0.43856857031749613
44 0.8532058907289264
45 1.5817405569020824
46 1.6256281085214206
47 0.3758054863847352
48 0.9703556552028246
49 1.4101162761918704
50 1.478325909731581
51 1.0256445534196492
52 1.4938738898923194
53 0.46607608576853193
54 0.14702529850217633
55 1.4305435826666277
56 0.48061303143091455
57 1.000892486286998
58 0.08880307431075692
59 0.5976185851418497
60 1.0774752325073516
61 7.299628895825645
62 0.47281186604048975
63 1.3429694440443207
64 0.6349594305516145
65 0.5627001184947209
66 4.385891517184317
67 1.7956627807448748
68 1.0175679213237079
69 2.961816481655239
70 0.6717679299431667
71 0.6751679695666004
72 2.4970629353894718
73 1.089181971249416
74 1.137249023159127
75 1.677142681067392
76 0.8890995495824225
77 1.3489601096899004
78 1.7647498068379157
79 1.340998515383084
80 0.8144142180107721
81 0.9932076206507007
82 1.1600737845181135
83 1.107806930319558
84 1.0314502305991184
85 1.0051552633684588
86 0.1842636856360363
87 0.21107522166819523
88 0.7303549350663723
89 0.21127135250213083
90 0.8363994317881347
91 4.105989099510622
92 2.3935315343159975
93 0.7742142868437293
94 6.616568141229664
95 0.7526648070385931
96 0.2943445548002988
97 1.1251929729328312
98 2.4596817666325324
99 0.608658319712823
100 0.9472486053920336
101 1.1143835613616873
102 1.4025440691079605
103 0.7162715593615425
104 1.0158893617413092
105 0.897777920017376
106 1.0657349519379993
107 0.842973111865561
108 2.0470825896592038
109 1.0587413708094768
110 0.9826267103818638
111 2.0815742802845563
112 0.5885196679994406
113 0.8877988196715993
114 0.432023687254041
115 1.484042938094072
116 1.000158036835314
117 4.281991583382446
118 1.0341031699625054
119 1.1095775862762494
120 0.49432396271318213
121 0.5757933761972098
122 1.0093804794215997
123 2.6560624823107064
124 0.31902449153093876
125 1.4046991156539206
126 0.7286012535438011
127 2.5597429993003566
128 0.640978226881418
129 1.52743114390694
130 1.2065032940093412
131 0.8273176758986566
132 2.549025329053935
133 2.4879753874263812
134 0.8728184182957858
135 0.939612958447011
136 0.9593214526589823
137 0.8791347382004862
138 0.7855765723533458
139 0.8556285223379135
140 1.48596725166782
141 1.0060200803975783
142 0.5778504024057028
143 1.7359068747997901
144 0.4806380899088457
145 0.969752365032527
146 0.6764400489579255
147 0.7355731124784045
148 1.3487191550996316
149 1.7716795009508535
150 1.0056301143503639
151 0.9865809398444779
152 0.5350483344293373
153 0.8301167939357763
154 0.7992701549284993
155 1.5693308877485093
156 1.0104464111753906
157 1.3416592123457127
158 1.6436663457925893
159 0.8827805791574918
160 1.404584814993287
161 0.9834042304336829
162 0.5717036986270924
163 3.836962156536093
164 0.4549065989184767
165 1.0499725708887588
166 2.440031398513045
167 1.0555170481465577
168 0.9849531721689214
169 1.0184479759660523
170 0.8611494761609189
171 2.0101220774381137
172 1.2743945978159472
173 0.5122166555751647
174 0.6909716886266994
175 1.0056779838698822
176 3.8406176717545453
177 1.911305647748351
178 1.8007818384439767
179 1.2285777198424155
180 1.205197783780864
181 1.0306810934217345
182 0.7856125424711038
183 3.15823162987544
184 1.009690221326503
185 0.771354635582424
186 0.9953572595485528
187 0.8776558552810907
188 1.5588499078168008
189 2.6749208025194284
190 1.3522931975175925
191 2.7633281817016067
192 2.517948958446339
193 0.787833228300956
194 0.9252942838776801
195 1.3123166455537956
196 1.6781536030433206
197 0.8942143562665043
198 1.0134512435327614
199 1.899949814328177
200 1.061271265802127
201 0.9857113565198656
202 1.0171921927691705
203 1.671421717883032
204 1.0450228050523835
205 1.2183430046893247
206 1.0860478130809104
207 2.1204012292225545
208 1.5540459715556554
209 1.404248438955683
210 1.5072759358451695
211 1.1193045027832114
212 1.0267089115285335
213 1.0194258353334442
214 1.0494807278730334
215 1.318999313770575
216 1.0646941610675764
217 1.4811962387985118
218 2.234352818376495
219 1.1238354417765573
220 1.019179922507721
221 1.074033481547139
222 1.0065104021479827
223 1.0423207550608606
224 1.157448218004375
225 1.022986099478309
226 1.001384424179558
227 1.0224980744671577
228 1.0010789966758966
229 1.0164890833957765
