1 0.19395436774380384
2 3.131284349935623
3 0.17850421353597867
4 24.08346950956199
5 0.9312560892075109
6 0.3741034370608643
7 0.6520521883743843
8 5.293935830888474
9 0.9677791964181577
10 0.5685440691311175
11 0.690510101800184
12 0.8173222663404467
13 0.4876847939109626
14 0.34195520637475846
15 0.40902727214537654
16 3.381298130082061
17 0.52522785469409
18 2.32078669489041
19 1.2957692175296598
20 4.3757620280915965
21 0.5678739362503255
22 2.465861038980816
23 0.493594972072288
24 0.7773008138503743
25 1.4648197164234786
26 2.136192379371603
27 0.7757799607713777
28 2.141887957479116
29 1.7495796779733848
30 0.8710040234789169
31 1.2086023804276818
32 1.7321920749625999
33 1.0300708176612852
34 3.823454946779373
35 1.4779656454324848
36 0.30873343618964083
37 2.8822555520556508
38 0.647141528208159
39 0.6870149503936772
40 0.6343378055550528
41 0.9843808175982682
42 1.3130673093873797
43 0.8569922816773805
44 2.2724653394315033
45 0.6766607069779798
46 1.0422739874480775
47 1.2054010253744092
48 1.493318959961515
49 0.9857798747177943
50 1.0760620132110958
51 1.307442703825938
52 1.0428572486447165
53 1.3664347465653366
54 1.9824362651836125
55 1.306920048160945
56 7.404003959275909
57 0.9210358974139287
58 1.7802970320943132
59 0.469733290536153
60 0.4938893500640989
61 2.2241932662193977
62 1.0476900841387105
63 1.019065698279743
64 0.5842273896647926
65 0.490375405674325
66 1.3612241703193348
67 0.9951440269638048
68 0.9912331208046894
69 1.927365512220097
70 8.143666895840957
71 0.8399777709381151
72 2.985892379656725
73 0.952097509040134
74 0.8489854323723509
75 3.773986371289262
76 1.1186361743741606
77 0.8830996828359926
78 0.96451346859068
79 1.025039736137687
80 1.340197108253983
81 0.9330832455291475
82 1.7215467245814717
83 0.3833319852896387
84 1.4668085225123548
85 1.2322588518888724
86 4.906658909579012
87 0.7604314811801445
88 1.8202386894853317
89 0.7571499820558095
90 0.772332085542368
91 1.0528375257884846
92 2.116962593750613
93 1.0529200056772003
94 3.6324101086503062
95 0.6138605430322714
96 1.0445032395863443
97 1.3293357190711024
98 1.0279601434789263
99 1.1121774631867918
100 0.5066192932829189
101 1.891246867955168
102 0.34075608624873543
103 0.9995628634367243
104 0.5734625387351941
105 0.980997009605914
106 0.8306738100788669
107 1.0791460573159173
108 0.8105372819357134
109 1.0256027203784108
110 0.9851545238207995
111 1.0930834451475906
112 0.5154460755910703
113 1.8923865445770787
114 1.5748807887103604
115 1.3602693659575893
116 1.0010239484819712
117 1.9883151861807815
118 1.834791521650544
119 1.2216843956841499
120 1.018269702886702
121 1.0175952592075137
122 1.08894594274303
123 0.5552214202665919
124 0.4541170258918173
125 0.981717804556644
126 0.9701131718908214
127 0.9990229282002646
128 0.9402036892137379
129 0.8663227534316587
130 1.0041356905936007
131 0.9454136759809844
132 1.1164873138134106
133 1.0708294926251811
134 1.5875135376371106
135 0.5540987729792712
136 0.6716056752695041
137 2.3503812136658206
138 1.3152425787708117
139 2.2646896423002616
140 1.411753337309817
141 0.8602823380126691
142 1.7893041440273205
143 0.9131770394081424
144 1.0002595055413868
145 1.2660950311826669
146 0.9718307439005589
147 1.015102681588571
148 1.3707034292330988
149 1.0033854594844631
150 0.7832697981977212
151 0.9920686824006278
152 2.3926116847581884
153 0.5935774624227531
154 1.3318030762302315
155 1.2495464623771457
156 0.777143525222136
157 1.0073503703790538
158 1.064606268916878
159 2.4330497222847867
160 1.6773580602675373
161 0.8853013230659085
162 0.9968334884741867
163 0.8614612727785135
164 1.4767365516623552
165 1.1029372178232753
166 1.0405278873161705
167 2.244785875115968
168 0.9999929797048251
169 0.9443781241812751
170 0.8075422028070013
171 1.0571418833546622
172 0.8690609235374968
173 2.2237635546799273
174 1.167113070810726
175 1.0084098266457133
176 1.3797498644196151
177 1.312273369575943
178 1.4793809343215967
179 0.9991764165414097
180 1.3805412992786497
181 1.1141688068152653
182 0.9352322902861363
183 1.0625884017070997
184 0.9745233518265263
185 1.1752469705227766
186 0.904869395641603
187 1.2935400169632207
188 1.038275785161096
189 1.186277818272166
190 2.2874340010046867
191 1.0719299104984887
192 1.4381857773957103
193 1.1044717274853373
194 1.1670174965786102
195 0.9809383946414508
196 2.128463052959596
197 2.2199418049479576
198 0.9508429908764915
199 1.0151090395376725
200 0.9889446075561412
201 1.0007130824936055
202 1.0019036791938296
203 1.0558119856508092
204 0.9536787935561563
205 1.9219581394581557
206 0.7795367741408403
207 2.1781249368493145
208 0.9252019005689569
209 1.5735613696800625
210 0.8821316090951267
211 0.9338579658365899
212 1.5519048756409686
213 1.530543811961311
214 1.2317346492511074
215 1.0288447704613786
216 1.288297397196379
217 1.0402296237713267
218 1.007183690605782
219 1.0226728063309132
220 1.0084434296851401
221 1.0188454211813647
222 0.9997467044744078
223 1.0692153535012545
