1 1.3949116253012064
2 1.2038541723822684
3 0.3949246385912821
4 0.5172602002895065
5 0.19811366338754363
6 2.12830939752329
7 0.6106094050841271
8 0.9629258707092473
9 1.7919472353116486
10 2.474997615876369
11 1.6710629232158516
12 0.35180057028622125
13 0.7703311375794248
14 0.19611354432304384
15 9.645594350740483
16 1.3805062899649996
17 0.9418622597774253
18 0.4988231555069431
19 0.4875361337892194
20 1.1497921862983689
21 0.42524536136178925
22 1.3004821238123807
23 1.5846650349071814
24 0.3669075917654579
25 0.11262189398203262
26 1.7770412670629534
27 1.0693032944610732
28 0.32039062674322594
29 1.8342836424804452
30 0.42300725810355333
31 1.095937867067305
32 1.0028148621101864
33 1.6642792525174093
34 1.997733391070292
35 8.392352114055397
36 0.8741523741729095
37 0.9852992648380707
38 0.8169509721002091
39 1.560909062127246
40 1.0861294125998333
41 1.1498951405065565
42 1.5533851596136974
43 0.8904340985583464
44 0.25532449069483176
45 4.104196240597834
46 0.8140918057049343
47 0.5340136305017688
48 0.7820753037036959
49 1.0450050683438257
50 0.8469019970401032
51 1.0173431742108947
52 0.957106167149579
53 0.6558663444812034
54 1.2130617521565823
55 0.8030937856783321
56 0.47188254267152474
57 3.8406857668805396
58 0.20774511426079734
59 1.4487550342988562
60 1.024944971439325
61 0.5475042835278586
62 0.9902044149296613
63 1.0653296371328487
64 0.7708787276280364
65 2.3442600070288147
66 0.5651691296164635
67 0.6166733603021827
68 0.4042834482454438
69 0.9974082367507753
70 0.8979804138449947
71 0.7977756677960431
72 0.9515879481809312
73 0.5728331261293479
74 0.32566014455778014
75 0.6289675608396571
76 1.3209176263925884
77 1.2903593407906757
78 0.8683711312608939
79 1.0249249683594943
80 0.2295219602825262
81 0.1817054129939927
82 1.308401364731073
83 0.992093702706231
84 0.9586935988872995
85 7.103818616209288
86 0.8141865134187951
87 0.9574261419883605
88 1.023702226242373
89 0.8060909750154176
90 1.0306156622294322
91 2.607476764386027
92 0.6881651266005501
93 3.4488749827435927
94 0.678852033789419
95 0.23501084470785358
96 1.0093780171146367
97 1.046376059670871
98 1.1358771972732336
99 2.751902787274952
100 1.041571021939322
101 0.18323589546515917
102 1.2024071812588821
103 0.7695804865392673
104 0.3074917979132754
105 1.4703327342052368
106 0.8435374464006982
107 0.6473829228498382
108 1.1830987503087833
109 1.0070811178242565
110 0.8868598212688044
111 2.335006282384546
112 1.096335179092531
113 1.0701752336966417
114 1.0073520630467325
115 1.0645909373337177
116 1.465040495726558
117 0.9807478520351647
118 0.3442688778477046
119 0.9463703194077422
120 1.0366318364954321
121 0.9833538797164514
122 1.1484677718936624
123 2.115919579573591
124 1.0769500119970552
125 0.6084986670749349
126 1.5420980186246367
127 0.984715912569848
128 0.9910859669706455
129 0.4923893417801229
130 0.9370527829069217
131 1.8302263748368401
132 1.0472477723772116
133 0.9399967716565936
134 0.9820164908907277
135 0.9555851882805668
136 1.003949408206919
137 0.6164188848949509
138 0.9968991026318285
139 0.9747544457052569
140 0.9712174003191928
141 2.0872857515806245
142 0.6104965507736972
143 1.1333105797061243
144 1.079633162919004
145 0.7062797973487474
146 1.0335627302294432
147 0.9540266186106716
148 1.9935027552475064
149 0.9885141074885648
150 0.7769759872508926
151 0.772757786554503
152 1.1223113323481047
153 0.9737081479683427
154 1.7297641544181823
155 0.8496668122112859
156 0.9591705306432118
157 1.188694646987395
158 0.9999042947044775
159 1.0182011601801972
160 0.9362518153939211
161 0.9918461248922783
162 0.9970370801532586
163 1.1735909533079398
164 1.1036262449394951
165 0.8947859964311353
166 2.4415346299001754
167 0.699032541174858
168 0.805244933932694
169 1.2342589532943071
170 0.7359943437843068
171 1.2829669280690628
172 1.0833916353218564
173 1.4119139759136932
174 1.5569253873033204
175 0.9788708273703512
176 1.540570881059986
177 0.9930131362133018
178 1.7816208168579477
179 0.6614294034266575
180 0.7129792694449445
181 1.882441925888429
182 1.8240041539663867
183 0.996363573736144
184 1.1384133910115133
185 1.0450504518698824
186 0.8858259893775986
187 0.9990702998581138
188 1.3673358761210033
189 0.9891918213963939
190 1.2580809727589315
191 0.7220550806168218
192 1.426935259488481
193 0.8730015608967397
194 0.92365860759538
195 1.1447052462286604
196 1.411365010805262
197 0.837639614412362
198 1.066221958506742
199 1.1500048672743302
200 1.2144928743285097
201 1.4398638394505483
202 0.993745000494017
203 1.3079920572694834
204 1.0957530120168164
205 1.0429650689458896
206 1.0386829261303199
207 1.037029421567783
208 1.2693369250093458
209 1.000363664364296
210 1.0701273682404555
211 1.1925461513867377
212 1.3068064080021213
213 0.9978868163428282
214 1.1097559202479392
215 0.99700247361877
216 1.1001768885719454
217 1.0590711841531462
218 0.9987813537585024
219 1.2366870630814455
220 1.1684245122718417
221 1.158184896682799
222 1.0019187370033136
223 1.185927341789525
224 1.046711359405391
225 1.0002458029244174
226 1.0698135254458339
227 1.061165818029186
228 1.0346489682690745
229 1.211549343309748
230 1.0775590529691015
231 1.064345767592008
232 1.0521375726435491
233 0.9949967267529385
234 1.0142189328688065
235 1.0379172348467345
236 1.0394553873711352
237 1.0302627263943178
238 1.004640259328035
239 1.0433991959940123
240 1.0004694609245715
241 1.043477633553342
242 1.089351796442627
243 1.0067090911382757
244 1.0305716662394262
