1 0.49242826401281936
2 1.329820726505576
3 0.798991993779763
4 0.17376089299545452
5 1.0767745639312625
6 0.6061924367967154
7 2.258313039669082
8 0.8929068957245627
9 0.6080698881838751
10 2.3760332349036086
11 0.5967353118575398
12 0.6339550441343134
13 0.47980429803416685
14 1.0422201401839972
15 0.5306966584391691
16 0.8675025129663355
17 0.7052318898364186
18 3.5705736903141054
19 0.6658441112517169
20 1.187650690344364
21 3.8474483023722614
22 1.652461945754337
23 13.538185634699097
24 0.8019927889087863
25 4.507220210774569
26 3.529620467061933
27 0.6869502230356793
28 0.4467669031778727
29 1.1092123674851446
30 1.1241893338593085
31 0.497407302746614
32 0.718653919321539
33 2.6558241094974755
34 0.508835016797
35 1.0057991626776204
36 5.635344902262141
37 0.5455143039656412
38 0.7637703122199345
39 2.403800697354024
40 0.47139338027975247
41 0.7303258024872006
42 1.9592725803056201
43 0.8948611951943677
44 1.0954421895788136
45 4.325849040324464
46 0.6414457081060739
47 1.1642214676397453
48 0.9686089837589853
49 4.245934109212166
50 0.9112227383499871
51 1.465272192944469
52 1.9680675371399539
53 0.6843630263377013
54 0.46585584552966425
55 0.9787887891762044
56 1.1020136489044636
57 0.7784341527483776
58 1.5656728281940375
59 0.8298196139907396
60 0.5987400355339839
61 0.825564252449394
62 0.6407316009841462
63 3.2923606728271575
64 0.6440266025267027
65 2.8224696697138825
66 1.3663702067928676
67 0.9573288055795
68 3.012958467849364
69 1.0105461192755625
70 0.9884243151292131
71 1.5709696658910075
72 1.3580604171449193
73 0.7812697204593694
74 0.5712054962430001
75 0.5258581104880226
76 0.8769766094471002
77 1.146378748859557
78 1.0216912723177511
79 2.2892753893010185
80 1.152024194945979
81 1.5337131616786288
82 0.9144956804434459
83 1.0667236790425731
84 0.7774999214078484
85 0.8140668843764411
86 1.855668691803754
87 0.8074928655704494
88 0.9474391634228337
89 0.9332024363654299
90 1.874400391443221
91 0.9390989991904649
92 1.0205958019710146
93 0.9140365368352985
94 0.9399535565380536
95 1.7790066971133205
96 0.9500612107524659
97 1.6957162778294113
98 0.6863949504941786
99 0.6826337505718586
100 1.4081390495751223
101 0.9369715425565546
102 1.0030582798589396
103 1.3368801495643337
104 1.0029805118942785
105 0.7947771690556584
106 0.9213823616989429
107 1.2510265700980694
108 1.046349751417367
109 0.9527070735765141
110 1.0281874837381204
111 0.7336883883317853
112 1.089326099497377
113 0.819860089159314
114 0.8638718159518899
115 1.2729800924898191
116 1.3006842509919456
117 0.769849768560636
118 0.9318423253354066
119 0.9811641185180864
120 1.2676242513542662
121 0.9106012644453352
122 1.4536506747676305
123 1.102370727675522
124 0.9870374726397144
125 0.7981089644615172
126 0.94164991594116
127 0.8317152159464029
128 1.3962679442414996
129 0.7585018781963476
130 0.8486157997900455
131 1.4454053866361127
132 1.4740505932023522
133 0.8701533376921341
134 1.8173800417050132
135 0.9239087971336766
136 0.5657513937263754
137 0.9705945973647068
138 1.567287301339987
139 1.1241372256696749
140 1.03970720796704
141 1.0326764138946425
142 1.5617203841767267
143 1.1078940835197706
144 0.8798511349772598
145 1.105227484693692
146 1.1458662022573856
147 1.2778525862017145
148 0.9810627300719289
149 0.8053570690565276
150 0.7037719838463862
151 0.9219767759536954
152 1.122983343106333
153 1.0042230919237867
154 1.4904431508094118
155 1.1012118682668792
156 1.0007498703006714
157 0.792798221549506
158 1.0474336959824244
159 1.1042852568527612
160 0.9284723937075516
161 1.3609938615197146
162 1.0919532556432798
163 0.9999549198882348
164 1.628130257382816
165 0.8591371526955227
166 1.1064441302089756
167 0.848285850630633
168 0.9914536512872596
169 0.9226208753627932
170 0.9343350084261139
171 1.5406128845269906
172 0.880499079561876
173 1.2418402325058897
174 0.9992946557691306
175 0.9967931335571187
176 1.1839238051218925
177 1.021275201440606
178 0.941816719069551
179 1.2745597976661878
180 1.0315095518323223
181 1.4807905391288614
182 1.2707628182042559
183 1.546588808943643
184 1.0267366282129406
185 0.9897112236449327
186 0.9709012153185324
187 1.7179651908259903
188 1.406013446452828
189 1.13441294689305
190 0.9870398057941874
191 1.2354268496224219
192 1.025570171342214
193 1.1511481699063955
194 1.0209250425656446
195 1.271036046221838
196 1.000351659975668
197 1.099362131319671
198 1.0148090945665589
199 1.0805250256092593
200 1.3993581553533545
201 1.0452661097195528
202 1.0010327935323893
203 1.025591553810767
204 1.4410376762221875
205 1.0005289990334585
206 1.0034857107169612
207 1.5714521676832698
208 1.0055683706379879
209 1.3987836733747439
210 1.3391805578466487
211 1.0311132767365128
212 1.0276643359031266
213 1.60179914904902
214 1.0029497903841669
215 1.0008425820506828
216 1.0002233197344166
217 1.010345825449165
