1 0.050451681176273945
2 0.4357750812390374
3 1.1946078705251126
4 1.0447445814166711
5 0.2047595545427025
6 0.26051290596736076
7 0.0779885538031475
8 1.0178525472454865
9 0.6234911222310964
10 0.6328855177300469
11 0.8025566696844819
12 0.991256318042753
13 1.4716943681305954
14 0.41516913442001047
15 0.16351690951698694
16 0.2915081326894123
17 0.7038444590674529
18 0.11178145667461853
19 0.1568708912568232
20 0.6919969238979543
21 0.7718664703602278
22 0.5331363648842594
23 0.2923123933343223
24 0.055824031779358546
25 0.9157462585761206
26 0.1491133789357656
27 0.3193262233688622
