1 0.5011056130738041
2 1.0469895628551729
3 0.3237684999690532
4 1.9711015249504775
5 1.4556799811591925
6 0.5542749452650254
7 1.2240757658667802
8 0.46005000929794126
9 0.6118475195889759
10 0.35315807984901804
11 0.12187068512602069
12 0.07482224715704676
13 0.6249841728488096
14 0.028788809640549265
15 0.7242754656432012
16 0.35878654458371395
17 0.7433180828815841
18 0.5547375870132891
19 0.07607508829124292
20 0.3470654506048983
21 1.159401965936282
22 0.2334201350430199
23 0.11248814478040713
24 0.3801926710769129
25 0.5584271927701436
