1 0.503570024560218
2 0.5681466106651221
3 0.37873358017688424
4 0.4510870507974936
5 0.41888844352399623
6 0.9115788176057059
7 0.15061367278241683
8 0.8405275697530515
9 1.4690319080287977
10 0.46947416639471135
11 2.775033947860795
12 0.2228495224036662
13 0.9654018928998809
14 0.02906941408687982
15 0.08892848352260968
16 0.17293098919132788
17 0.8247708864155877
18 0.696409649621325
19 0.9930965477115969
20 0.16805920385582462
21 0.5763701010846165
22 1.542249919924115
23 0.0699840988258404
24 0.5772219816630155
25 0.7319539200395375
26 0.07829782821012993
27 0.8138330851338423
28 0.2851124559232214
29 0.7617359365855582
30 0.38897350504456685
31 0.25142838781936483
32 0.8943631737182631
33 0.6918720658863827
34 0.1345388267937905
35 0.7364885074273984
36 0.004474840923817354
