1 0.42913010157586756
2 0.32814320175670303
3 0.6493543632056374
4 0.24506807639398479
5 0.41803481660381003
6 0.4982573807038493
7 0.5928954882463151
8 0.31651333835356416
9 0.8356426021970665
10 0.1513660942237958
11 0.8091022880096903
12 0.26155790715651334
13 0.14765195876997467
14 0.17407013150029216
15 0.36870976045024634
16 0.45086090960224107
17 0.25981608337413703
18 0.3472784729594066
19 0.37953466267255564
20 0.6418373742811657
21 0.2445919723244493
22 0.2963276750177433
23 0.6917250944004987
24 0.03473708152815427
25 0.621837941845955
26 0.2514043228300047
27 0.5965763827311563
28 0.4027555163864376
29 0.44537267375866957
30 0.3028355314160586
31 0.389985148382246
32 0.080642656742657
