1 0.23341890401738555
2 0.6805772048822931
3 1.0360105350432125
4 1.5999623737173512
5 0.9234975652367061
6 0.2864023905780856
7 0.2977747928089028
8 0.04142750548050919
9 0.30473598533519913
10 0.1900522108177314
11 0.9865785915598876
12 0.5580700225350902
13 0.6813489757083862
14 0.15593544816260355
15 0.7293756680406127
16 0.7561093128784903
17 0.851696152168676
18 0.8237332021732948
19 0.4737028767514199
20 0.6946669481214377
21 0.7277857143309513
22 0.7039045181630498
23 0.5155030470197319
24 0.5524603430906406
25 0.06611220610001789
26 0.5902186989986246
27 0.7226017725701026
28 0.5380215135463616
29 0.019947638568012786
30 0.02010806121405284
31 0.28825248860870556
32 0.02805220586563341
