1 2.5377902121090226
2 0.5236223283430024
3 0.23086738777125262
4 0.6136330713247142
5 0.9922066017483755
6 0.4055048717413634
7 0.1524779672820574
8 0.983610761449658
9 1.22901841183616
10 0.29899819488053275
11 0.008651638324379162
12 0.7827458727228331
13 0.28071634396780065
14 0.5915614479697273
15 1.2570210376615698
16 0.5094032641004916
17 0.3629604726263239
18 1.659702691718393
19 0.2432450599742036
20 0.5725535381644018
21 0.9999420055809595
22 0.7386386221543183
23 0.040200201462661456
24 0.16137609585589296
25 0.09674117717218632
26 0.2289509293214843
27 0.6429632536943697
28 0.4113270635820659
29 0.03782563234212543
30 0.508438104230994
31 0.9081600809418305
32 0.5302533382481278
33 0.07743560802102317
34 0.05148245155047294
