1.0
0.841152103382113
1.169788203596256
0.7418408806983949
0.9117361252130025
0.9520176830096146
0.9535528586869625
1.114553722294851
1.0
1.1116820345506464
1.1975261542216453
0.9975623248679946
0.9981306147840204
0.9097555655039894
0.7120370322169953
1.047102678810702
1.1541575038242784
0.980029788662355
0.9716376257344961
0.99972221065514
1.157274457138913
1.1627390711714995
1.002797394992241
0.9957128617107023
0.9997817917953615
0.865922454919957
0.9852421676921479
0.9944081599190373
0.995415792132214
0.9895505855264303
1.0205677995136728
1.0080131945591704
1.0185321944304324
0.849077884760201
1.063891611459336
0.9493048883357745
0.999623634125674
1.1374438003208587
0.9699879775305658
1.0
0.9967076466465891
1.0639608724889529
0.9896960500760839
0.8640987952198175
1.0433867947215623
0.9997763185404369
0.8963869638039595
1.2364865247466774
0.8024738457783548
1.1777533552299198
1.0
0.9916636793934709
0.73818484948844
0.9703119444561342
1.067783884768993
1.0593658737916218
1.0
1.053966360777919
1.0238743822832144
0.8719396634289072
0.9789490998978193
1.337174833062408
1.1293408219325323
1.0193954003202161
0.8323411849806877
0.9133811545264641
1.0097064955496966
0.8809796778335237
1.0185506615026074
1.2974628852407133
0.999332588950895
1.0205402590758679
1.0107225332371965
0.992324398897046
0.8126272175672775
1.04136943215876
1.3071172217075429
0.9969437843928659
1.004020080664089
1.0351881569530672
1.003927256825642
0.9481928061545473
1.0
0.994054713633394
0.9793747154316221
0.9991098915697644
0.6453087183140401
1.2212260055405921
0.8428670162483307
1.036728589535034
1.0039674170633788
0.9842987170979205
1.1204500066282093
1.0149356700309105
0.9990534276954166
0.9748041033160593
1.1396416221678975
0.9406901793966915
0.7087959184641633
1.0280146980464082
1.07092151598401
1.0050958725160235
0.9944400084229659
1.080982274836649
0.7733307012482119
0.8973950533077562
1.0683058233029337
1.0913266511514403
1.0
0.9096181848913006
0.9860463568430518
1.0
1.001792287072775
1.0
1.0133813642370284
0.9283746431851285
1.0
1.0508444319495844
1.019907107931605
1.1246308552554052
1.0177416166824227
0.9349203923762416
0.9086707191439936
0.9184464157075274
1.0850519890597083
1.163218489008014
0.9990273068645539
1.0084412520633685
0.9731285297024599
0.9939367140509046
1.0053254380914771
1.0749066679701305
1.1606691412080077
1.0457154630962902
0.913170971790222
0.836249974488229
0.8702732722285712
1.0
1.0773988425915912
0.9514715784885848
1.0080419245008638
1.0
0.9327547980494545
0.9131084741696276
0.9046970283609242
0.9981394932391825
0.9795377319664045
1.0009003506355856
1.1620421819698519
1.1466201103599374
0.9967562249622348
0.9921842495920972
1.0091342197570783
0.9733995693107689
1.2154510637618594
0.9992525022705409
1.0693285980313232
1.0554903187016562
1.0
0.9916740622791484
0.472059009526279
0.9771283026189644
1.02046978907536
0.8462186711034785
0.974357629079259
1.0986855785848166
0.9969073490499981
0.9956146323242739
0.9353530196045994
0.9974130364935725
0.9609272849435515
1.048410065678882
0.987279839911261
0.8455609718087648
1.086304037550046
1.0345325928956028
1.029688178159482
1.1328124388594825
1.2037364887550992
1.1649778878669892
1.0263662967554754
1.2232472483856285
1.090566562292726
1.0139621795330138
0.9975577694516677
0.9995217896126021
0.8875972498469161
0.858553829741952
0.906547315516193
0.9379571093107331
0.7615841463524186
1.1157403740012037
0.997157511042346
0.9965107439465867
1.0
1.2180242204275038
0.8925325532807631
1.0229562668755654
1.0099341416989784
0.9325750793712568
1.1659281214616013
1.0065936029278373
1.1441571630627039
1.0366912918188946
1.1383671767243437
1.0
0.9914753990886016
0.9395078818182578
0.9055479285409378
1.0523063685513985
0.8925738766904638
1.0398938971845286
1.1726389070805974
1.2094643403971044
1.0232106527041123
1.0285298309384494
1.0364894352722769
0.9588219654050772
0.953638388770428
0.7932281523171111
1.002775904389068
1.0172346936838426
1.2291363016958077
0.789145228552975
1.1179948533512178
0.9671461541776183
1.370651792820547
0.6817382335620839
1.188358235314222
0.8040600496196461
1.0135485879594746
1.0
0.8636981269821356
1.1547506223701103
0.7823137850436932
0.7262627041915684
0.8987077462566913
0.9532613494448132
0.5718202970265454
0.9309821009504031
1.0693389901039863
1.0008388454143518
1.0067179244021554
1.098462059375559
1.2317974094368687
1.0816837534968835
0.9686960621977418
0.9864604365709739
0.9349123301160849
1.0684410407382061
1.268017496364426
1.248223631032932
0.8171880117742898
1.0407738869547492
0.9707711763902322
1.3476436238795473
0.9194411381635211
1.026432941297743
1.0774636949124865
1.0005773167831804
0.9974511664436696
1.1007609706579995
0.9806273333472164
1.0001634463891895
0.9139572756393461
1.000008439516131
1.0
1.0058674080887353
1.0085969106818378
0.9989581576064591
1.0020044876450886
0.8902187206405994
0.9919067176248834
0.9997323873371579
0.7574061920499133
0.7406977701816388
0.9992509014290389
1.0125007840460303
1.1427500039788134
1.171960493635998
1.1403850372522453
0.9992732969093757
0.9736741258984538
1.0208756502108782
1.0238623062735497
0.9406697353054589
1.0
1.0860068393802635
0.9979166425475186
0.7757041511183995
0.9963234166770457
1.0000872172839572
0.9941325919112647
1.0957461714855583
0.9120486137636905
1.0960559219118322
1.14454311259201
0.7878920527774654
0.5614463623062041
1.022004269901975
0.9999091839553532
1.2708996943607496
1.0017482284648962
1.1215655574028442
1.008710624178515
1.010752643641714
0.7712532984567031
0.9839451865751094
0.8820873076263503
1.1097365435293598
1.2622762563888585
0.991523983484984
1.1481732733479677
0.9441420356399892
0.9934290939834156
1.0004338457719526
1.150620950600771
1.1043596374158624
0.9794768345038793
1.0420302261221392
1.2529308720790995
0.9851445702072579
0.9983570463161455
1.2458210681992044
1.0007222825793909
1.0118791414300023
1.1700726861516808
0.7995235946070649
1.0
0.7440001983880424
1.0191938713119995
0.9949345946852632
0.9691728309693007
0.9914741485018004
0.7403981104494082
1.0
1.2140627193037563
0.7253243654598518
1.0048685917423896
0.8386401744852053
1.0
0.9799920557000117
0.9979021314795682
1.0270049862386195
0.874544297968723
0.6119855271700783
0.8644438443177627
1.1338826833710063
1.0064417761410993
1.0202074252948525
0.9913869899639572
1.0144722041213667
1.000688747699284
0.8974180466087577
0.8814102940382299
1.0
1.0964823411488327
0.9181915731852274
0.9901802075392476
1.031620458559714
0.9338333553824589
0.9682837103837443
1.008604817822027
1.0197515764776737
0.970972662796025
1.0004052321980612
0.7971866661177953
1.1086467456722215
1.2687102638019276
1.011412511423027
0.7384414879954104
1.0304876948303956
0.8661690615058166
0.8855263306414521
0.9998869703938524
0.9614778646367065
0.994990630821932
0.9938815678282357
1.0122883327356045
1.0585630427033659
1.1134989287378838
1.0732022278930806
1.0737778870479289
0.9101666693343374
0.9967678338163277
0.9996829605291975
0.6743168095419567
1.042728974703202
0.9868561329819983
1.2432850732062704
1.4383228695043255
1.0000762932882994
0.9107693287924993
0.9879198032763256
0.9436585430628666
1.0288322490812398
0.9970072862931377
1.0210578037466302
0.9939585109487687
1.1127424251813731
0.8746914676220127
0.9485370863387834
1.2029215004680285
0.8032060453035751
1.1989353414669766
1.141919117074853
0.937038127439837
0.9626498296222863
0.9758607761184042
0.8527404469912456
1.0335861294006077
0.9904632428171614
1.0226611895961069
1.0220307502560528
1.0339669090729027
0.9909137839075357
0.8736871760184222
1.0000849730527004
1.0519879059702848
0.48878505974741526
1.0000368587989346
0.9027509094078967
0.9964498770315139
1.007780034678396
0.9685115318904363
0.9685892976030386
1.0
1.0708549013384157
1.0436289820961662
0.9825784749423545
1.1757105741254426
1.1606508205985722
1.0311227555983655
0.9708243215402006
1.0444279228204452
1.1635232308282202
0.9842587505970736
0.9954598993048107
1.0782818042276454
1.0459969528958286
0.8337903412825749
1.1665150356377953
0.9952525099617427
0.9749991438715763
1.0091295860662493
0.9076173206423785
0.8695921655241359
0.9812586747371114
0.8816226230009883
1.3821178406664982
1.0369460418087761
1.0750396324992813
1.0213537215495494
0.7783899209043152
1.0
0.9639456183631808
1.0
1.2934199613905881
1.0003936195244398
0.9925474727552293
0.9807105975943338
0.9838589814831956
0.9756966705239588
1.0525911275754678
0.9444478636762875
0.8583310436195181
0.9444051007383023
0.9988013747727291
0.9746623026032144
1.24596823629844
1.0740811171169506
0.9818798185789754
0.9966156896452516
1.2481534281423063
1.115411475488692
0.9470718475194554
0.8708587480079286
1.0635389098364465
1.0118574698759488
0.6570786713785963
1.141432401910497
0.6781579884934308
1.0158203622091955
0.7664780008606099
0.7317269737904165
0.9981118671586893
0.9983607669869156
0.9049627940554135
1.0435064768448135
1.1390059737607845
1.0
1.3262348279606913
1.0
1.07948594115354
1.1597458826122555
1.028335457566835
0.9602348943120813
0.936887562393919
1.0034553646585527
1.0
0.9010245381632008
1.0
1.074740147483679
0.9938328044199813
1.0105139532074439
0.99088616451812
1.0023687530979934
1.0839563377256638
1.0350715807327058
0.9881816212367047
1.0608733720229795
0.9990452369275795
0.9322913059668448
1.0572762946275998
1.0030465883395208
0.7874876161167641
0.9707016051845196
0.959832928901151
0.8568828895588024
1.1624730846945983
1.1342530495691836
0.9635416926253468
0.8232830050855917
0.9933417769705453
1.0041031463048156
0.9953697795833742
1.0338303496515089
1.0228281120582452
0.9101374696646122
0.9515852696585888
1.0017747568170847
0.9431311573080297
0.9078240389952266
1.2060031726442506
0.9934522030898918
1.0466545353504146
1.0060431948755055
0.9988344429022293
1.0488082530922955
1.0221042322004514
0.9967536332676497
0.8515601875683897
0.9487760790852134
1.0542856701729542
0.9372237634087632
1.2138955430727263
1.0305423548643515
0.9778005742582035
0.9973298623316142
1.1144418705970898
1.0025922897804977
1.1513055495701494
1.0082268466933721
0.9496918035690799
1.0
0.9964266615894859
1.0038718024279891
0.8984413776906003
0.9996848883441244
1.0612151367754463
1.1066914963592658
1.0625917826150575
0.996389830804099
0.9961281975720108
1.0042347693905926
0.9412828500773707
1.0
1.0
0.8714011290605688
1.1382550735635342
1.0
0.9969966872782061
1.384916118051871
1.0464888054872945
0.9597653701009689
1.0855138593729765
1.0852361540690212
1.0025565110634007
0.9811984811565553
0.9699805634024101
1.0
1.0
1.018873970370963
0.9924738379892928
0.9165369446027356
1.037410118998571
1.0931588061378033
0.8982232028707937
1.0341062301880566
1.0029383423120795
1.1042476318636816
0.8992799473343112
0.6969289046476541
1.0
0.9565158094937265
0.9975630479788746
0.992179553953376
1.010602735038168
0.9283665282905816
0.7195103520633817
1.2482938244577826
1.0
1.2638311164574314
0.7041539407375248
1.0989622456128492
1.009658381114709
0.7953470013820008
1.096595813850946
0.8894328328613481
1.154072434793482
0.7641822361957384
0.5302422046984984
1.0015152444414441
1.1711870371631248
0.9218515192166475
1.0636285533753114
0.9377193487550172
1.0
1.2129081860620101
0.953401469571536
0.9634765959502101
1.0227339718582327
1.0053191046418832
0.9728235191840713
1.1108278483401477
1.0230748930552118
1.3576697814822103
1.03793555921648
0.8750421844912677
1.1060404305926688
0.7114615349256617
0.7946363168595224
0.9653679209727364
1.3614918128099156
0.9972338958375113
1.0315937561380817
0.7510551863266863
0.9982871106746286
0.9995687539133457
0.9968071393897155
0.8502738203219963
1.2963586467569772
1.158740248234494
0.9074668224793776
0.5971012574489353
1.0785491003948617
0.9490264966550256
0.8547842840350869
0.9847080457150409
1.4235605705506134
0.9848311842631609
1.334315164318423
0.9708630588740012
0.9073313118041602
1.134344834817544
1.0021706331933622
0.9982984097213081
0.9981404056771735
0.9655782824858008
0.7114632322355756
0.9002055231121188
1.1189825122145132
0.8504204473402477
1.0
0.8970915978845867
1.008867360282713
0.9423448803902393
1.382918011785342
1.0997944768878813
0.9990435896639429
0.9113037232868282
0.7808221039462959
0.9432159855861528
1.1246102798176982
1.0234705667239405
1.2634113665470805
1.1842924255773837
0.8680847050379881
0.8199924349638965
1.0988031061983685
1.0596450804644941
0.9830928822720678
0.9952490547445941
0.9769814610862675
1.041724997982798
0.8914829512721221
0.9923420386534478
0.98719757844244
0.9152181038427176
0.680393814485871
1.071796223525685
0.9889512951118014
1.1765761204188538
1.0
0.9767086692960973
1.0166283761694452
1.0502832487246783
0.9507598853501069
1.0038946976420613
1.0160619058767242
1.1768370561034156
1.000240948155776
1.0212788594991853
1.1623333672108567
0.795218222097251
0.9389571938396379
1.0
0.9568728462008529
1.1098331348512132
0.9991690367788963
0.7704193184429071
0.8157888248189245
1.2452846397112816
0.9819633455489729
1.0318708750543308
1.0
0.8323606944523635
0.8755433834095794
1.0037526322069863
1.0762351265091423
1.053997890919122
1.0951795548066707
0.929524595911875
1.00043658309209
0.7865355720636779
1.0
0.9728187023688701
0.9565933249803213
1.0027281458633297
1.2734382613018196
0.7098216351022442
1.0242224458407914
1.0
0.9928954973465547
1.0120020311222069
1.0
1.2032471710637231
0.8439102180616493
0.9596023777244975
1.1181375101778452
0.9815053219212727
1.1933362784737322
0.9370690266147461
0.8843072663769178
1.1452404538706769
1.0131228467274251
1.0115136295875307
0.8343382433030039
1.1108775306080378
1.1596383798777952
1.0822455638299497
1.0188996805141046
0.9976733395863149
0.9963328280000439
0.9544665724364161
0.9999722322273779
1.0331542137783236
1.3629367501150869
0.9341640553146151
0.9987246753004972
0.994543714146862
1.0729859170151825
1.2236168482067018
0.7705906720495976
0.6828021384228453
1.0296856978280302
1.0025553978895367
0.9472911103367083
0.9905459831093872
1.0436332326114612
0.993725618486623
0.7974026062562511
1.0606392394369957
0.8747460082031027
0.8960484471357673
1.0692364400345795
1.0
1.0433846214384677
1.0
1.0427686263532023
0.9435860158033406
1.2231206838471476
0.9826026972884958
1.1392788704096637
0.9614405682124791
1.0084826460966845
0.6816870340818821
0.9143687840893793
0.9410705977815035
0.9262645664859426
1.2028940299163602
0.7958411283425687
1.009048422836565
1.118044616150192
0.994654505578763
1.0163015591262212
1.3053120472135353
1.014593877456703
0.9341265818586207
0.9725085373599192
0.8920355253189194
0.9376481787825501
1.1525498280732256
1.1837999360649911
0.8345418414207288
0.9982075083477943
1.0
0.9828902410432727
1.0120597140201042
1.0120805402898474
0.9781208127737216
0.9200769838361482
1.000026569307128
0.9967238784378691
1.0222864888379575
0.9086923480415106
0.7740602511148809
0.9986472536736308
1.0154470355488432
1.0632373468606169
1.0081216647499354
1.1847471228657669
1.0037557231949348
0.9989988309874763
0.9724304923791179
1.2194986582992067
1.1090239600920895
1.0919702914379732
1.2350274178023066
0.9109743996736542
1.0721471593865575
1.1099846313050743
1.089282552187544
0.9722459451149297
1.0267757228019838
0.9998133764924921
0.7489039937112615
1.1351513559766278
0.9945144399636558
0.8918767611349246
1.0014751684823293
1.3089873006546329
1.2436225103480112
0.9961340983640374
0.8843989329990748
0.5315665851004003
0.9579849453118093
0.8193736301076227
0.9189512857700272
0.8791287615108018
1.305225417714138
1.0106181256130993
0.9742799980422502
0.9998495821593663
1.066986636343412
1.2645201838713813
1.0101171034308574
0.8845096886337952
1.0169469771346265
1.0048761217896751
0.834951167434862
0.9502838662945748
0.8159830981397223
0.9417121212580324
0.9313520651575045
0.996909710337615
1.4128478717223871
1.1769606287954955
1.0007650932340897
1.0635795291523027
1.1962505021342675
0.9268122972253463
1.0415927383106822
0.8138056549432926
0.9412355499246798
0.6368435455156995
0.9948289436904019
1.042864987635066
1.0120317918030124
0.9995193093178711
1.0020798652554763
1.1186764451787865
0.9932500136856288
0.6451859299584759
1.0260293350305423
0.8446342815752759
0.998556896685791
1.0153979996306919
0.8920706222221072
0.9925593144934068
1.0
1.0681399314835
0.8104440323109092
0.9919200901702673
1.18408847619747
0.9609925113912471
1.202389438288967
0.9980298539652632
0.7630858573084909
1.2234087984081963
1.019141599858326
0.7805553002730737
1.1175365543332256
1.2085858686121653
1.1370481447334688
1.211146740441261
0.9971451473224073
1.135915935586818
1.0196829935327316
1.089291907643259
0.9911076004324706
0.8069673728526194
0.800448042696174
0.8650405555723677
0.9422173069587397
0.9984809715358333
1.0708731896706691
0.8958951258280761
1.1673877603442826
0.9470106358424992
0.9319949180897148
0.9647973293590654
0.9867954152473265
1.1758465807919363
1.1632931372807822
1.0117321155961747
0.9354163662277359
1.1534711992591888
0.7060461150467525
0.9853541399758821
1.0321285528814164
1.005070203796122
0.7775186089940835
1.0010819870687608
1.1969855876408366
0.8612123703368911
0.9557127184394024
0.9003816706050101
1.0
1.0647808981046496
1.0040604700466818
1.1333888774036192
0.9950346463673176
1.0144477158799596
0.9693895806419202
1.017222531845889
1.0166060493571218
0.8840780465761051
0.9470470794390383
1.0076263336301468
0.9807242309099496
0.9293250638146867
0.9961691082509425
1.0252354529770593
1.035765435576241
1.124000015179075
1.000602730087778
1.0759701179103152
0.9989231391125108
0.9853734254864308
0.9840186692216231
1.0071638637969218
0.8919096811096391
1.023874360845487
1.0
1.0
0.773323748893217
0.8119549844453113
0.9999624592572862
1.0089651980954288
1.1552494509223874
0.8441490209768608
0.9885387723322571
1.0198141906566238
1.0
1.0339997698843792
1.1752983487864879
0.9023103695659056
0.9817082248025559
0.8755393878586472
0.9786342979881746
1.0180377142285337
0.9928361362030783
0.9821995288845862
0.9544558016998659
1.0
1.0335192028127822
1.099155934824395
1.1363960783166092
1.0134883868265128
1.2376450204830403
1.0992336009924473
0.8914942903770362
0.7474572520686322
0.9997933868658022
1.0824755902543148
1.0
1.107512274261766
1.0
0.9957962821564155
1.0911188896871715
1.00576423347764
0.9023809171580076
0.8668129828136939
0.8896889273138677
0.9990288196648193
0.9068952371860665
0.9892161222016798
1.0844935212457885
1.0630801958642881
0.9177179090324843
0.9865560606240402
0.9465804504578443
0.9850063877748689
1.0062725026318118
1.0188780690719552
1.0
1.007304978593957
1.002261623037926
0.9937798079698887
0.901655446189533
0.9913098923568733
0.9546759721487784
1.0009920632993894
1.0933307437846769
0.8637344188835003
1.0033033722885036
1.0040412672847383
1.1504867249845359
1.0040148302360492
1.0190695896276745
0.9130283532677415
1.193043932950287
1.1705806839809911
1.0228071945068697
1.1386975384543363
0.9858539962158714
0.7485299765288883
0.86365205035045
1.0180138021495995
0.9961025908472265
1.0
0.931331548354845
1.0537769524417555
1.0
1.0
0.9344653776968342
1.0781965823053394
0.960236466354502
1.3422309967024104
1.0506049235379424
1.0
0.9416279555731653
1.0979386050374544
1.0938113201017334
1.1363695644821648
0.9807475051373435
1.0837602655030212
1.053101687781712
1.0315887014883525
0.8878086080816123
0.9152081571080677
0.9542929493065427
1.0179762077710737
1.0
1.1760405655097332
0.9863315484392333
1.0087419638970898
1.0
0.9902489782972161
1.0136684515607666
1.0085671344438976
1.1876327162470361
0.7443414422513505
1.069415475268589
1.0239148500456372
0.823730558769294
1.0408965509428862
1.3543363702991584
0.9981357898162583
0.996999331536893
0.9877602917764645
0.9788716301546823
0.985128545753003
0.8991658679212481
0.8775598872013013
1.3069249902076665
1.0854519519456853
0.9066138294524307
1.0431312943119235
0.9633898948305425
0.876662050979689
0.7371595941287341
1.0433208419028857
0.9393679270745896
0.8862774145138449
0.9180326302212359
0.9345362523483185
0.990381829608018
0.9724250974325109
1.0792753101077677
1.1066935795061115
0.9937819049616651
1.2895002986643023
0.7936998367809915
1.2566416338742983
0.9921304175113136
0.9220258554536765
0.76695753387281
0.9964666792691819
1.0263714065744203
1.0310752897660411
0.9904378306102819
1.0133353020326
0.8487810131503487
0.9738056560465833
0.9947874353246063
1.0174920767460114
0.9935832583468881
1.1498022999454962
1.1721183677689138
1.0798670966176285
0.9992060443693871
0.9143187178011598
1.1129779790442393
1.1819663601783232
0.7846060844391883
1.2454701912622315
0.9537645759540728
1.0
0.7878974322912287
1.0687645390766005
1.1913642330931669
1.1523360954790207
1.1080292711933004
0.9907639502513699
1.0
0.8547292342036961
1.0
0.8765862424212493
0.8312770601320385
1.0070750636131403
0.9979526461614523
0.9977592089782878
1.1100701456504227
0.7913277654967569
0.8460962856936056
0.9187137977911621
0.9897864683504107
0.7985305241425507
1.0000016392978364
1.016004008147716
0.8154711680890114
1.159986270175185
0.7005755795288878
1.0187224778542305
0.9434559251168884
0.957989562156363
1.2528730163001118
0.9192128720651846
0.920828857075866
0.8727641094896652
0.833466869526813
1.0
0.887845608502366
0.653433999597299
1.055598718921026
1.2302966286391774
1.0071378488024372
0.9892930417296044
1.2336383311519459
1.2939491310852187
0.8981553136530634
1.1024416507487533
0.9202644896698173
1.0
0.6337843709345903
1.4614134057515338
1.057653604447977
0.9959016957939258
1.144520146666122
0.8558147662453102
1.1144633796878651
1.015937031321148
1.0368052165672388
0.6596107244823076
1.0731568869049553
0.8056153937609652
0.9595782679061939
1.0369268027050516
1.011585342902658
1.0
1.228696408553759
1.0
1.1257903421026345
1.1039817042593927
1.0433838398032997
1.0
0.9570984751716844
0.9948750767069199
1.019895132944356
1.0947476667936344
0.8319128951302313
0.8825920979786531
1.0889919341567404
1.0
1.0859577043013204
0.9776576635881931
1.034462842509784
1.014196505811385
1.0278551534572273
0.9232344523679409
0.9933295589055964
1.2666107941159552
0.9209858582518167
0.9595130906745057
0.9867819431124811
0.9911240537379672
0.9668005646729888
0.9250625456812689
0.9278890155844235
1.0664016641754999
0.897951983120499
1.1547958465544474
1.0297701143749052
0.909717037973834
0.9972159644316373
1.01860045039283
1.1033594705242153
1.0012048030096632
1.0827973278100589
1.079944092655138
0.6478524348101395
1.0
1.1492012424762683
1.0
0.9795710621219691
1.0026148886473836
1.0735030937686545
0.9747472081761543
0.9967421916101439
0.9974903326253928
0.9832858487020908
0.9694479685161902
0.9712238095690542
1.059525809971485
1.0061811773350775
0.908146699492942
1.0349121346906254
0.9841938686872304
0.917695121504656
0.8232183562366366
1.0
1.016459464199865
0.8581505331407188
1.2020948310989406
0.6697673930356701
0.9469671830161102
0.9630704594723151
1.3613562425938281
1.0080066510301342
1.1387118864633459
1.110789903604996
1.0110941843952064
1.1238089571707275
1.0
0.9751032847300707
1.1410960396765024
0.847285880288817
0.8848717551449927
1.0
1.1661854148775572
1.1454702611253484
0.9617534555636322
0.9945539409094981
1.0366916429847357
0.9726585981055714
0.9998867892500001
0.7234790037061716
1.0161764434724825
1.0756344424880577
1.0699338559985083
0.9928585003525949
1.0440117493655277
0.9235838078057003
1.0
1.0
1.1325182623826016
0.9699916259874681
0.8329097467647897
0.9995720891183063
1.0164189868717295
1.0037165328846336
1.0115877214828362
0.9481354648450278
0.7931859393425335
0.7422533757458858
1.0822854820141612
1.1150994946345563
1.2298992451165511
1.083706648705106
1.3875220243398967
1.056028100880475
0.9583330544707023
1.0115858977631351
0.7159252204082054
0.9831879814416371
1.12780973793603
1.058606507740666
0.8522270932185151
1.3095144525976092
0.9442280325316595
1.0763004461779997
0.9749264164420488
1.0056826990629173
1.0094366250096227
0.8447728182895401
1.1582979867364243
0.9856751645049627
0.8141074755774645
1.0057542425513648
0.668142995683005
0.7123450899858317
0.8497375446197241
0.7313812113612619
1.1600114015450116
1.0770537785500651
0.9897775390928185
1.176015261340541
0.7426286457081258
0.9302307378983409
0.9997111669719327
0.9933560937386217
1.0874451124274829
1.1434876768384157
0.8407253656904721
1.2971510920667093
0.910135425811941
0.9967604215559672
0.9994959768358953
1.0
0.9549760843707336
0.9237507645386889
1.2139168531955924
0.8697381591983353
1.1556646691193884
0.9830381143669362
1.2661427691892189
1.0032931974837414
0.9602582244292194
0.7383124933347607
0.9962747631505846
0.8855372898573873
0.7086251463515874
0.9999975650444766
1.0
1.3543202693174252
0.9583797111462649
0.9089329977106084
1.0185596562054642
0.996597668987293
1.1157235328789525
0.8825600011221614
0.9173233590582957
1.0842879334674072
1.0
0.6674765028856874
1.222852439158007
1.0203407099686168
0.994147112346611
0.888482729937042
1.067559878278507
0.9859371594065244
0.9853680940191709
1.132764432073304
1.0042442114934877
0.9847183924235159
0.9316217613583845
1.0016336850050684
0.9211545923856457
0.9066525525215363
0.9830099588164414
1.100726194049414
0.7934067924591222
1.0005980061377848
0.999490386684278
1.012176711639631
1.2643026948531244
1.0326537634989066
1.0154561788361582
0.8081900193196766
1.0986037380397933
1.1360110128076903
1.1687997816423517
0.8501710335252524
1.047801989773493
1.234392674385505
1.1826217532819894
0.9048794115466412
1.0863212578089687
1.0133765881660137
0.9474955095458871
1.234975242111636
0.9279107461413305
0.9171987297409963
0.9819893999360416
1.1479888202353905
1.0040256697540573
1.0225114228284187
0.9789577786151239
0.8649645302204623
1.003510260068603
0.9640295367323484
1.0003376015709826
0.9063889205221507
0.8734764411353501
1.202616000889618
0.8910382076487253
0.9851182167489512
0.8732409699313742
1.093102105122375
1.0303572815781088
0.9692014104071791
1.0311477996708374
0.9942630748401522
1.01817312052083
1.0103402996766373
1.020834540259608
1.1364713942439222
0.8361424822263142
0.7488122341475251
0.8999949051530564
1.178285397347464
0.9876882184758955
0.9792152303634492
0.9658617712922953
1.0239789304040294
0.9437914196895387
1.03889023571725
1.000528510915004
1.0578031451776222
1.126422497600071
0.9749161066575802
0.999828227322051
1.0072918639031505
1.0
1.235860729234342
0.9982155340958824
0.9520714032995777
0.9993595381147901
0.9829922860551568
1.0094378049167674
1.0649610515648238
1.4257466330203228
0.7541348555015034
0.6988592313863001
1.0700088596429498
1.0
0.901218149139198
1.010297211899444
0.9993746335878769
1.1061359044963348
1.0029391285182137
0.8864819087427371
1.2328736004872074
0.9351312232403541
0.9439571783535372
0.6741231810328949
0.7815518695259795
0.9027531371737564
1.1163988652908134
1.033806262950448
0.8349866936995781
1.064832896564217
1.0496697937026216
1.2644492313764903
1.1016901457550177
1.0001476764700103
1.0944514889962458
0.9929490545165679
1.000090292561388
0.9363451901100043
0.907964173126715
0.8689358351297919
1.0
0.9504182498535562
0.792274555930299
1.1880604138953395
0.8401774704890594
1.0
1.23431586961621
1.1057302320262528
1.0051354155143906
1.0320833286716906
1.2313948933785612
0.9371037759157932
0.9856099921085899
0.763871876190948
1.1541768606090024
1.1299516172650397
0.9069800261126377
0.997401528331785
0.9998588662299324
1.2538218294862025
1.0838584650560392
1.2812684307014106
0.9271301541063399
0.8588239942013286
1.00007738517542
1.0598679339535637
1.0031820462432726
0.9687491614604324
0.9749753481099341
0.9988264407524046
1.0082636142855403
0.9264563042374263
0.9438650395004422
0.8664477823748367
1.189592588912159
0.9492217557302162
0.9438458391130571
0.9943541608029376
0.9817139170669802
0.9964613197107723
0.8211838508961329
0.8835274110696701
1.2239114762212444
0.8242939773000338
0.9002704949230413
0.8582703269743535
0.9815357203715973
1.1273812404837384
1.3197376867535167
1.2619722235858564
1.0962358811650013
0.9649119656626955
1.0872278347386266
0.9810610205675354
0.7727399276789642
1.0386404312862905
1.0803344887397024
1.004779233014073
0.9922080006513738
0.9979661126786847
1.0
1.0069263803147566
0.986707691227342
0.9569485539888252
1.0095101056603413
0.7066740323915313
1.0630632737754881
0.945640814301788
1.119233088671598
0.973620965216929
1.2306010155061071
0.9735490652737792
1.0357644119147615
1.0668416314127898
0.7380746165035919
1.2105162286561524
1.0476493404336034
0.7868358032445009
1.1461026637109286
0.6700176569129124
1.1936923456319524
1.0
1.0000970628330368
1.0006211399621088
1.081551387871693
1.0
0.8884607016879392
0.9555860397848226
1.090316707758078
1.2814453604748226
0.8686057184707013
0.8925391274946775
1.0007040790487214
1.2012993573727326
1.0130189909652256
0.9654120594443607
1.0696288710308495
0.9845187504158196
0.9792581943970204
1.0
0.945590437697108
1.0389487799663926
0.9440272027365328
0.8330184046176916
0.9504928706148096
1.0
0.9948861415220207
0.7029214119089715
1.0350266971089712
1.0050732368337925
0.9913987156374783
0.9669562220346974
0.7953855199643924
1.0011742583716083
1.0362965609283938
1.284537069877648
1.0
1.0151392485279536
1.0034222859806863
1.0
1.0
0.999030362643071
1.001901036129805
0.9887419058514701
1.0078531379959867
1.0124553400432548
1.0596207158693172
0.9875618739481503
1.0
0.8815408258184376
0.8159768828794975
1.0032640974216915
1.131999208815171
0.9729966770489145
0.8793692729543146
1.121053112667153
0.967469098733471
1.0617809831867624
1.1317408615190119
1.0050837009416462
0.9792970844055605
0.9175012902833792
0.8199673029046766
0.9663892618961284
0.6788359611944722
0.9982849543833745
0.9242210980987344
1.00612111880266
0.9985879484291619
0.998814065803784
1.0048592949389203
1.0448988652679738
0.8500034103689726
1.000636128825091
1.0743251443133655
1.1216081901222066
0.9998983024759992
1.3211419848082957
1.1814671283598375
0.9982405083537649
1.0
1.0079256864250923
0.9976183341009996
1.0188295284789284
1.0042425329876656
1.0382842449951886
1.1113620930418056
0.9530721284619759
1.0449846020498066
1.1820138925643597
1.1073758612204032
1.0974356812726949
0.9413435374189737
0.9637789856533561
1.002847704113574
0.9994468288226018
1.1985135281521213
1.0150435338826918
1.1088372745937527
0.9085524167675917
0.9883684802932713
0.9560644284042135
0.6654445594196949
0.9995528150183143
0.9481060911285497
1.009081526477234
1.0
0.9898662315487066
0.9408405355406058
1.0658886293526928
1.0269096164646612
1.2112591934028778
0.8310206965207633
0.9341113706473071
1.001033140686531
1.0037854137973705
0.9759537041709274
1.038725491942806
0.9974199284255499
1.0022012941401848
0.9970308170569294
0.8290185900212224
1.1477676141640045
0.704197685957165
1.206240361214175
1.0033841165221233
0.957538918152522
0.9310989888056724
1.0496232500208151
1.2699030310675765
1.0652696374148864
0.83805786937012
1.0722388734714563
0.8265542587231882
0.8801178543159133
1.0017169183242598
0.8428909396698601
1.089424931114236
1.0671557485838468
0.9652214578588854
1.0603067704679996
1.072067886689045
1.1997066688274538
1.2412871350479708
0.8826186588998414
0.7906671914112895
1.120740134860897
1.14352402339662
0.8222844497485712
0.9608118507048777
0.999576275576612
1.0709239412199443
1.0739032952828
0.9998217120891185
0.986475288044505
1.0
1.1796356073775702
1.0
1.0069935306876503
0.9978498404222444
0.9050621636692603
0.9775497546348305
0.925571966541645
0.9246254469846367
1.1346873447821204
0.7173060258545844
1.0429279022890108
0.9632956155581431
1.2720932295312095
1.0389119421969102
1.1293897153477066
0.8760974629511953
1.0
1.0942182779885488
0.9610142482693371
1.0
1.1033511592910268
0.8802515657749534
1.002206997207526
0.7282095596908755
0.9979860888462523
0.6630161361912897
1.1177232189632693
0.9990935212832279
1.0325581822341894
0.9389651359364118
1.2296909566939485
1.0
1.0367984780729143
0.7851852479321035
1.169664500743939
0.9597299743288206
1.2101591337597226
1.1288873227313587
0.6976736909538603
1.0159378301889508
0.9450453061561526
1.0
1.0
0.9502443698417649
1.0
1.0529589514731168
0.9166938252158581
1.2296826184554817
0.9476062404033768
1.239004972451707
1.0
1.0606666181064692
1.0010749657781837
1.1133290142180325
0.8743482275875174
1.1500450778070936
0.6710295095062023
1.0395625945366695
1.1116182457571449
0.8863009237121356
0.8874521528783925
0.8558325107945708
1.014030546630186
0.9622792647371143
0.767559528047729
0.856403274133972
1.0606379237578363
0.9147728774915538
0.9923396830388542
0.863644495706519
1.142101131766382
0.8145210569201528
0.7581863661669479
1.0268320989353596
1.1530560250687976
0.8423671779588013
1.218273763764529
1.2273032818157192
1.0028587299648692
1.2166095140091886
0.9712721508752249
1.0793120583758982
0.6442973788398679
1.0680092596396977
1.097117983079046
1.0
0.9171034195665146
0.9989467035206844
0.9248942347106044
1.0334378470117276
1.194636096279314
1.2610609170083225
1.0
1.0126518049630908
1.0131779683623257
1.007862949851217
1.0
0.983144796805975
1.0852822658120176
0.9875149843549169
1.0189488431741716
0.9972316246086118
0.9590913029506091
0.9667385306731571
0.9038737512325138
1.0766239216842077
1.0847328227930333
0.8179617211811876
1.1653497129357357
0.9065141318494541
0.9254253526867435
1.252473799397167
0.9418245329630284
0.8166455271972466
1.0
1.1124395981878716
1.0075430369434302
0.9179190836659756
1.0072281456903873
0.744811444484752
1.187109578130891
1.0352879837660498
0.932138658766809
0.9832646689390312
0.9717516355006917
0.9088790786216963
0.9946979796429734
1.0056661612672673
0.9780301446827981
1.1000744073260629
0.8285171078098655
1.0
0.9430671422841239
0.9786084218935898
0.999727130558844
1.0192472443400755
1.0142708562638156
1.000327036200752
1.1320271309749317
1.018638549629893
0.9948559284190595
0.9978422009648216
0.9770346458996522
1.1121533888688706
0.9506038663963823
1.0348016288488324
0.8188950116410283
1.1062133714490086
1.018044328280217
0.7450887130233684
1.0
1.0549713871652804
0.8720015750057483
0.9567123777367981
1.002365534100708
0.9825030929700778
0.9708096688573458
1.0
0.9888921460778728
0.9412457572848155
0.9894107193533768
1.0031962098679676
1.0
0.9469882282490616
0.978907997254097
1.0054586937584071
1.0459558295636358
1.0765671580785723
1.1691896708958107
1.0139158486268567
0.898000720571366
1.0117328899228883
1.0050726144266557
0.8868201469819352
1.0112792607182506
1.152160039225134
1.0150408172529748
1.0360793585441022
1.032435792780346
1.2623227609827827
0.956131939473291
1.1132909964858042
1.1090182265789141
0.8366896548575123
1.174231056701252
0.9992955315718108
1.2321315357900422
1.0945359851316931
0.8787929526709682
0.9260033294014826
0.9069616401312436
0.7974200948595657
1.0013448929042954
1.0
0.9056292981663707
0.9996142107935468
0.9368003530183986
0.9010981746886308
1.0059963204641398
1.1965926689249675
0.9827031042305532
0.9994835718082075
0.9968288629434621
1.004872812867639
1.006238145103624
1.1049986981768833
0.9537197204078688
1.0265958812682094
1.1589776550128974
0.7957878842058477
1.0
0.8058880872924692
0.9164930183824873
1.064752027665351
1.03645411044748
1.1160111588307455
0.9895916417644569
1.0032762597662368
1.049082505445561
1.1886344689679786
0.8436435085833084
1.0423314714254786
0.9951112829086777
0.9993927109004033
0.7691241160804992
0.8994636315914568
0.9997740115420191
1.1656459227415215
0.99510386840532
1.118440998619427
1.08019208751025
0.9693264821086355
1.00516914254631
1.001568055250848
0.9510777275660844
1.1456819415976787
0.8793216613039003
1.0825444593891689
1.0725346805174651
0.929417686661844
1.1069875821305797
1.6005651308857067
0.7073670657493125
1.115401764324085
1.0599044739006485
1.0994582662527526
0.9144982672166634
0.6305713452736561
1.0519724621097701
0.7770651306039397
0.9208899518025395
1.093607371893849
1.000297828355858
1.122684655798622
0.9672660936296398
0.9428278942439978
0.8579402850904396
1.0035983731144387
0.8882023381125894
1.145781451637778
0.8050825543734155
1.1515887797123425
1.141691521408615
0.9383848096612757
0.9931222678714098
1.004357183905758
1.018935875433084
1.0370753840414773
1.0252997924640215
1.0092006611285624
0.9607068956383047
0.8693648988729378
1.0048272910008897
0.9622851876419112
0.9245772320974079
0.982537569675268
0.8111946190725496
1.001231296445622
1.087710064884304
1.147104458091793
1.0141707307807752
0.9145748859095243
0.9803330194971519
1.1382820992334832
0.7997014214046416
1.07320169357045
1.0
1.0
1.0
0.9781411366552426
0.9973122456529246
1.2960948487435315
1.0
1.0036391519542014
1.0392457430549096
1.0
0.9536749457303626
1.039431681722124
0.906558247719423
0.971759534950209
1.259692734930304
1.0455940825256675
1.0315921669893073
1.125016637826203
0.8873653402041934
0.9846200656528699
0.8711320906605615
0.9946269645575954
0.9809238744736324
0.9919065447837636
1.120004104775853
1.0002402371189592
1.045685411704525
0.9760990333519344
1.0
1.0023681057646474
1.0583501710250416
0.9987452582360083
0.738563032805523
0.983202132377529
0.9983350833775335
0.9278847933454804
1.00097222186485
0.9994711901420116
1.0501521421657691
1.0264121636628993
1.001126194555952
0.7598540560758401
0.9592716693614268
1.0746711091051644
0.994705971010436
1.1331453269137137
0.8445643732483001
1.01078927557199
1.01010737087618
0.7516076630106058
0.9997797699915493
1.170234767631265
1.1086722846601078
1.0
1.0
1.0
0.8359996336031992
1.1821435150071498
0.9995362635589351
0.9923538514797119
0.7037066183007541
1.0613785148063575
1.0
0.9986571689604375
0.9663428192475854
1.0059819012638687
0.9996603576685317
0.8284553856602104
0.8826580546472558
0.9451009453270253
1.015471929689375
1.0401123570001416
1.0346106610527164
0.9860323771531271
0.8279613026126041
1.1934613667382927
1.230734815924293
0.983508746060059
1.0118205395364948
1.0227566200400577
0.9958898338683078
0.9849233708794889
0.8262086006332633
1.0585535878826176
1.0
0.8620201521862623
0.9911909079661166
1.3465125943799081
1.2827812678951729
1.0897050351068578
0.7194689316203577
0.9761170233982603
1.0977662636826555
0.9968098822483995
1.0206205461887232
1.0
0.9956357843874211
1.1106984985685544
1.1007599769451608
0.9983763442327653
0.9595959705835688
0.9947096106294232
1.0661562561090268
1.1727890563945982
1.0063258383194766
0.8221106918006804
1.0159124241821487
1.0159565154993166
0.9868543923504975
1.149241179034445
0.9090863300843997
1.0187124120024431
1.0023674558051128
1.0133837712445661
1.0633353358064683
0.7582123231031141
1.0256513235651723
1.0
0.9255417334595755
0.9960950568901382
0.9638764262628347
0.9750374733821708
1.0
0.9813038059695149
0.9821068097460454
1.1902950790617048
1.0008976183254712
0.9956910505776206
1.0010957248944865
1.226618906883825
1.1046083332700585
0.9346106993134008
0.7760949973579299
0.9735686670908748
0.9290240082543427
1.0009516300353745
0.8913220146565354
0.8534345465637482
1.0187950842350901
1.0349142973434173
0.9973293906742171
0.9877647342939687
0.9780716080801461
1.0744582665404243
1.0421622885337642
0.6891281900339702
1.0011476758372058
1.0545002098950202
1.0
0.8753553858665112
0.9267175765653901
0.9956063810273241
1.0295447952143895
1.0232115778092536
0.9910310420969608
1.0024593676050708
0.9981483141775018
1.0136319279045733
1.0
1.0502645585694954
0.7043739128195615
1.00969288867086
1.0602654573607433
0.9219502189326452
0.7872071414844354
0.9139855701573439
1.0
1.0698711601974784
1.0202628447506494
0.90869258385133
0.9854498146001696
1.163778532804176
1.008168570283598
0.9909937593576227
0.8340973123087022
0.9983641008568078
0.9702830526815988
0.9347971441346518
1.0285667893734822
0.9998162336487608
1.2598904263491133
0.9959101344962107
0.9967337502193796
0.9998892302484914
1.306864304190106
1.0597566859925185
0.9262583495040376
1.09916399492409
0.9856527245795831
1.066362240411343
0.8835876390767479
1.0
1.1523388124594423
1.2640653281378884
1.2898241782488349
0.953519054576646
0.9526725085041297
1.0417794254675075
0.9042045030019557
1.0534845471086194
0.8168782580724688
0.7857388371590155
0.7999610570963553
0.9889525367087613
1.0734612398605554
0.8379430494425368
0.7300835532057302
0.9168518631249134
1.0891681120960512
1.1148900791737595
0.9995843852174516
1.0908430633043684
0.9014543147870117
1.0090963753493478
0.9826226344894653
1.251381026195395
0.952845739858194
1.1731313456932901
1.0031104815047578
1.1874701324152883
1.2408050803241732
1.024855232155316
1.0038540067264154
0.9725446958981988
1.0633470134729022
1.016766913080408
0.9918606472040743
1.0632560978550674
0.9882672087180892
0.9999899545200317
0.9211342105974566
1.2510427043290246
0.9671844695195575
0.7936282051555665
0.9826889958967977
0.9554852791669874
0.7697054671801008
0.9968010959607673
0.8954158630931934
1.1449340854004124
1.031976291159552
1.033146564202894
0.9903576167206032
1.0
0.999465341290442
1.0115695464705552
0.9942142913284215
0.9249098342705532
0.9880782134026993
1.0531263842591607
1.0
1.000098814269742
1.135433176003505
0.8421829986502072
1.1667839653096492
1.0
1.088624979883114
0.8516278221123872
0.8162535457937431
0.9985012604141577
1.0
0.9739417966969713
1.0223118967808704
0.6901282049507158
1.1062807794638445
1.007170922520658
1.1797353065320613
0.9335130985158981
0.9356895146072379
1.1981656461085204
1.001023520481303
1.142898529834327
0.971204865894604
1.0371135476738318
1.2608271871689247
0.8877784039232474
1.0230652749319615
0.9262084020198684
0.8800662030320545
0.9920189884490107
0.887826820086791
0.6548814776566582
1.2336777095220826
1.241510095360841
1.0151570115320387
1.0145005879803453
0.8470364321540257
1.4002362903034697
1.0306988005130737
1.149875357775459
0.8069202751060808
0.9360139634209281
0.8331330618832142
0.9085198536607435
0.6915998179628076
0.9811143028184854
0.9995124472680854
0.9992895816734905
1.0
1.1599290612678832
0.9813749401898652
1.1858384548109282
0.9945083433457951
1.0022073643985876
1.1365244429280856
0.7968751090814689
1.1225339920857862
1.0540140117313657
0.8423905251699695
0.9440698792980206
1.0427672724439663
0.9636320327069633
0.4164583130082251
0.8022301619874583
1.181414691869115
1.2034512753915287
1.0049977150068004
1.013525144839449
1.0
1.007470903460599
0.9677902064075741
1.0234219543581933
0.9999995646296249
0.999897481953131
1.155728883834466
1.378152086801406
0.9914876967759401
1.2083889836810493
0.8656135222422967
0.8649794482950283
0.7743344915054339
0.9059588400061341
1.0947579711924926
1.0468897919508409
1.0015873561365929
0.8557873181031053
1.535500106817726
0.846315609988457
1.0
0.9523644112847814
1.0350014576403976
0.9996967693640012
0.9781992713812716
0.9904169909053255
1.2683811213482277
0.971226386018287
0.7197199303530709
0.9898067318954369
1.0
1.024246307679907
1.2014714570569252
1.0
1.0181020117287507
0.8468284642974111
1.214737996653651
1.1092787875787808
1.1089336603530169
1.0858650089010136
0.9765716859773554
0.9996599878792544
0.99872776178765
0.8663856686652937
0.9994649521633846
1.336984299752948
1.0
1.0310526827372757
0.8746293015171599
0.9874379830896616
0.9117162164930813
1.1273438073342539
0.6538494846761531
0.7932228729961923
1.0936888187996239
1.0561115647650074
1.0871957879362197
0.9005045975742115
0.8459540487109403
0.9723177530469798
1.0424554953004788
1.1557072479523862
1.0020492891060355
1.0
1.0960073255639111
1.1975260057076973
1.0035186708713093
1.1408873637649584
1.0000022850944394
1.0025871904191832
0.7987568417302965
0.9673867783857186
0.7844538846828524
0.7487767492888013
1.0073584886772244
0.9811092436875823
1.0
1.1847678548331502
1.0345096268301812
0.8755288011537243
1.212604004453054
1.0064023332842111
1.0322819807386263
1.1237903842093036
1.0608656353517594
1.0090392263190031
1.0237823332606575
0.9356179067671931
0.891380663443801
0.8957054369290987
0.9993468986536604
0.9991971181410354
0.8979477326883039
1.0
0.9693377156544175
1.1456169615267275
1.5199180742668035
0.8032103407620279
0.8588806561368714
0.636644653969688
1.1326970815797588
0.9475710287450235
0.9226528994141527
0.9998635247646243
1.0305719325361025
1.1295913874289243
1.023940237725533
0.9128884887601458
0.8884900715048172
0.9986158784092759
1.2043476675555567
1.1117023228918774
0.7314743028165219
1.023244420021983
0.9780908338348098
1.0025016977785535
0.7602814257532289
1.0
1.0042905042388155
0.986366850110568
1.0712407436911966
1.0886014609193857
0.8935437400387578
0.9760304134056726
1.0
1.0650247467014156
0.7087448778770303
1.0
0.9247552768032645
1.047774694932751
1.2280925035247285
0.851792070898652
1.2260915296062853
0.9997083034515054
0.7731150530846277
0.9672773663318981
1.4814778439318124
0.9860318602394543
1.00859503543739
1.0278569400660205
0.9911909765106396
0.888342792862303
0.9971917327074402
0.6700107367338783
1.172063065291995
1.4181472183113082
1.0
1.0281690353029502
0.9929507592883724
1.1171589885445092
0.6597304084576758
1.0003152107476632
0.9746750782758291
0.9948308986324352
1.027316941232312
0.8738052153588652
1.0
0.8853286213646221
0.993293176196115
0.8808020967696921
0.9530052535908734
0.9819243723509731
0.6418957072189766
0.8436808099368904
1.3032599001233245
0.9513255731643433
1.0496931671205474
1.1547478127744863
0.9696551499442211
1.147110132025961
0.9305274292445009
0.6755123894264773
1.0676127991456887
1.2345545477866433
1.2905874152110464
1.0082712321610205
