1 1.0
2 1.0
3 1.0
4 1.0
5 1.0
6 1.0
7 1.0
8 1.0
9 1.0
10 1.0
11 1.0
12 1.0
13 1.0
14 1.0
15 1.0
16 1.0
17 1.0
18 1.0
19 1.0
20 1.0
21 1.0
22 0.9545454545454546
23 0.9565217391304348
24 0.9583333333333334
25 0.96
26 0.9615384615384616
27 0.9629629629629629
28 0.9642857142857143
29 0.9655172413793104
30 0.9666666666666667
31 0.967741935483871
32 0.96875
33 0.9696969696969697
34 0.9705882352941176
35 0.9714285714285714
36 0.9722222222222222
37 0.972972972972973
38 0.9736842105263158
39 0.9487179487179487
40 0.95
41 0.9512195121951219
42 0.9523809523809523
43 0.9534883720930233
44 0.9318181818181818
45 0.9333333333333333
46 0.9347826086956522
47 0.9361702127659575
48 0.9166666666666666
49 0.9183673469387755
50 0.92
51 0.9215686274509803
52 0.9230769230769231
53 0.9245283018867925
54 0.9259259259259259
55 0.9272727272727272
56 0.9285714285714286
57 0.9298245614035088
58 0.9310344827586207
59 0.9322033898305084
60 0.9333333333333333
61 0.9344262295081968
62 0.9354838709677419
63 0.9365079365079365
64 0.9375
65 0.9384615384615385
66 0.9393939393939394
67 0.9402985074626866
68 0.9411764705882353
69 0.927536231884058
70 0.9285714285714286
71 0.9295774647887324
72 0.9305555555555556
73 0.9315068493150684
74 0.9324324324324325
75 0.92
76 0.9210526315789473
77 0.922077922077922
78 0.9230769230769231
79 0.9240506329113924
80 0.925
81 0.9135802469135802
82 0.9024390243902439
83 0.9036144578313253
84 0.9047619047619048
85 0.9058823529411765
86 0.8953488372093024
87 0.896551724137931
88 0.8977272727272727
89 0.898876404494382
90 0.8888888888888888
91 0.8901098901098901
92 0.8913043478260869
93 0.8924731182795699
94 0.8936170212765957
95 0.8947368421052632
96 0.8958333333333334
97 0.8969072164948454
98 0.8877551020408163
99 0.8787878787878788
100 0.87
101 0.8712871287128713
102 0.8627450980392157
103 0.8640776699029126
104 0.8557692307692307
105 0.8571428571428571
106 0.8490566037735849
107 0.8504672897196262
108 0.8518518518518519
109 0.8532110091743119
110 0.8545454545454545
111 0.8558558558558559
112 0.8482142857142857
113 0.8495575221238938
114 0.8508771929824561
115 0.8521739130434782
116 0.853448275862069
117 0.8547008547008547
118 0.847457627118644
119 0.8403361344537815
120 0.8416666666666667
121 0.8429752066115702
122 0.8360655737704918
123 0.8292682926829268
124 0.8306451612903226
125 0.832
126 0.8253968253968254
127 0.8267716535433071
128 0.8203125
129 0.813953488372093
130 0.8076923076923077
131 0.8091603053435115
132 0.803030303030303
133 0.8045112781954887
134 0.8059701492537313
135 0.8
136 0.8014705882352942
137 0.8029197080291971
138 0.8043478260869565
139 0.7985611510791367
140 0.8
141 0.7943262411347518
142 0.7887323943661971
143 0.7832167832167832
144 0.7847222222222222
145 0.7862068965517242
146 0.7808219178082192
147 0.7755102040816326
148 0.777027027027027
149 0.7718120805369127
150 0.7733333333333333
151 0.7682119205298014
152 0.7631578947368421
153 0.7647058823529411
154 0.7662337662337663
155 0.7677419354838709
156 0.7628205128205128
157 0.7579617834394905
158 0.759493670886076
159 0.7547169811320755
160 0.75625
161 0.7515527950310559
162 0.7469135802469136
163 0.7423312883435583
164 0.7378048780487805
165 0.7333333333333333
166 0.7349397590361446
167 0.7305389221556886
168 0.7321428571428571
169 0.727810650887574
170 0.7235294117647059
171 0.7192982456140351
172 0.7209302325581395
173 0.7167630057803468
174 0.7126436781609196
175 0.7085714285714285
176 0.7045454545454546
177 0.7062146892655368
178 0.7078651685393258
179 0.7039106145251397
180 0.7055555555555556
181 0.7016574585635359
182 0.6978021978021978
183 0.6939890710382514
184 0.6902173913043478
185 0.6864864864864865
186 0.6827956989247311
187 0.6844919786096256
188 0.6808510638297872
189 0.6772486772486772
190 0.6736842105263158
191 0.675392670157068
192 0.671875
193 0.6683937823834197
194 0.6649484536082474
195 0.6615384615384615
196 0.6632653061224489
197 0.6598984771573604
198 0.6565656565656566
199 0.6532663316582915
200 0.655
201 0.6567164179104478
202 0.6534653465346535
203 0.6502463054187192
204 0.6470588235294118
205 0.6439024390243903
206 0.6407766990291263
207 0.6376811594202898
208 0.6346153846153846
209 0.631578947368421
210 0.6333333333333333
211 0.6350710900473934
212 0.6367924528301887
213 0.6338028169014085
214 0.6308411214953271
215 0.627906976744186
216 0.625
217 0.6267281105990783
218 0.6284403669724771
219 0.6255707762557078
220 0.6272727272727273
221 0.6244343891402715
222 0.6216216216216216
223 0.6188340807174888
224 0.6160714285714286
225 0.6177777777777778
226 0.6150442477876106
227 0.6123348017621145
228 0.6096491228070176
229 0.6069868995633187
230 0.6043478260869565
231 0.6017316017316018
232 0.603448275862069
233 0.6008583690987125
234 0.5982905982905983
235 0.5957446808510638
236 0.5932203389830508
237 0.5907172995780591
238 0.5882352941176471
239 0.5899581589958159
240 0.5875
241 0.5850622406639004
242 0.5826446280991735
243 0.5802469135802469
244 0.5778688524590164
245 0.5795918367346938
246 0.5772357723577236
247 0.5748987854251012
248 0.5725806451612904
249 0.570281124497992
250 0.572
251 0.5737051792828686
252 0.5714285714285714
253 0.5691699604743083
254 0.5708661417322834
255 0.5725490196078431
256 0.5703125
257 0.5680933852140078
258 0.5658914728682171
259 0.5637065637065637
260 0.5653846153846154
261 0.5632183908045977
262 0.5610687022900763
263 0.55893536121673
264 0.5606060606060606
265 0.5584905660377358
266 0.556390977443609
267 0.5543071161048689
268 0.5559701492537313
269 0.5539033457249071
270 0.5518518518518518
271 0.5535055350553506
272 0.5514705882352942
273 0.5494505494505495
274 0.5474452554744526
275 0.5454545454545454
276 0.5471014492753623
277 0.5451263537906137
278 0.5467625899280576
279 0.5448028673835126
280 0.5428571428571428
281 0.5409252669039146
282 0.5390070921985816
283 0.5371024734982333
284 0.5352112676056338
285 0.5368421052631579
286 0.534965034965035
287 0.5365853658536586
288 0.5347222222222222
289 0.532871972318339
290 0.5310344827586206
291 0.5326460481099656
292 0.5308219178082192
293 0.5290102389078498
294 0.5272108843537415
295 0.5288135593220339
296 0.527027027027027
297 0.5252525252525253
298 0.5268456375838926
299 0.5250836120401338
300 0.5266666666666666
301 0.5249169435215947
302 0.5264900662251656
303 0.5247524752475248
304 0.5230263157894737
305 0.521311475409836
306 0.5228758169934641
307 0.5211726384364821
308 0.5194805194805194
309 0.517799352750809
310 0.5161290322580645
311 0.5144694533762058
312 0.5160256410256411
313 0.5143769968051118
314 0.5127388535031847
315 0.5111111111111111
316 0.509493670886076
317 0.5078864353312302
318 0.5062893081761006
319 0.5047021943573667
320 0.503125
321 0.5015576323987538
322 0.5
323 0.4984520123839009
324 0.49691358024691357
325 0.49538461538461537
326 0.49693251533742333
327 0.4954128440366973
328 0.49390243902439024
329 0.49240121580547114
330 0.49393939393939396
331 0.49244712990936557
332 0.49096385542168675
333 0.4894894894894895
334 0.4880239520958084
335 0.48656716417910445
336 0.4880952380952381
337 0.486646884272997
338 0.4881656804733728
339 0.48672566371681414
340 0.4852941176470588
341 0.4838709677419355
342 0.4853801169590643
343 0.4839650145772595
344 0.48546511627906974
345 0.48405797101449277
346 0.48265895953757226
347 0.4812680115273775
348 0.47988505747126436
349 0.4785100286532951
350 0.47714285714285715
351 0.4757834757834758
352 0.4744318181818182
353 0.4730878186968839
354 0.4717514124293785
355 0.4704225352112676
356 0.4691011235955056
357 0.4677871148459384
358 0.4664804469273743
359 0.46518105849582175
360 0.4638888888888889
361 0.46537396121883656
362 0.46408839779005523
363 0.4628099173553719
364 0.46153846153846156
365 0.4602739726027397
366 0.45901639344262296
367 0.45776566757493187
368 0.45652173913043476
369 0.45528455284552843
370 0.4540540540540541
371 0.4528301886792453
372 0.45161290322580644
373 0.450402144772118
374 0.44919786096256686
375 0.448
376 0.44680851063829785
377 0.44562334217506633
378 0.4444444444444444
379 0.44327176781002636
380 0.4421052631578947
381 0.4409448818897638
382 0.4397905759162304
383 0.4386422976501306
384 0.4375
385 0.43636363636363634
386 0.43523316062176165
387 0.43410852713178294
388 0.43556701030927836
389 0.43444730077120824
390 0.43333333333333335
391 0.4322250639386189
392 0.43112244897959184
393 0.4300254452926209
394 0.4289340101522843
395 0.4278481012658228
396 0.42676767676767674
397 0.4256926952141058
398 0.42462311557788945
399 0.42355889724310775
400 0.4225
401 0.42144638403990026
402 0.4228855721393035
403 0.4218362282878412
404 0.4207920792079208
405 0.41975308641975306
406 0.4187192118226601
407 0.4176904176904177
408 0.4166666666666667
409 0.4156479217603912
410 0.4146341463414634
411 0.41362530413625304
412 0.41262135922330095
413 0.4116222760290557
414 0.4106280193236715
415 0.40963855421686746
416 0.40865384615384615
417 0.407673860911271
418 0.40669856459330145
419 0.40572792362768495
420 0.40476190476190477
421 0.40380047505938244
422 0.4052132701421801
423 0.40425531914893614
424 0.4056603773584906
425 0.4047058823529412
426 0.40375586854460094
427 0.405152224824356
428 0.40420560747663553
429 0.40326340326340326
430 0.40232558139534885
431 0.4013921113689095
432 0.4027777777777778
433 0.4018475750577367
434 0.4032258064516129
435 0.40229885057471265
436 0.4013761467889908
437 0.40045766590389015
438 0.3995433789954338
439 0.39863325740318906
440 0.3977272727272727
441 0.3968253968253968
442 0.39592760180995473
443 0.39503386004514673
444 0.39414414414414417
445 0.39325842696629215
446 0.3923766816143498
447 0.39149888143176736
448 0.39285714285714285
449 0.39198218262806234
450 0.39111111111111113
451 0.3902439024390244
452 0.3893805309734513
453 0.38852097130242824
454 0.3876651982378855
455 0.3868131868131868
456 0.3881578947368421
457 0.387308533916849
458 0.3864628820960699
459 0.38562091503267976
460 0.3847826086956522
461 0.3839479392624729
462 0.3852813852813853
463 0.38444924406047515
464 0.38362068965517243
465 0.3849462365591398
466 0.38626609442060084
467 0.3854389721627409
468 0.38461538461538464
469 0.3837953091684435
470 0.3829787234042553
471 0.3821656050955414
472 0.3813559322033898
473 0.38054968287526425
474 0.379746835443038
475 0.37894736842105264
476 0.3802521008403361
477 0.37945492662473795
478 0.3786610878661088
479 0.3778705636743215
480 0.3770833333333333
481 0.3783783783783784
482 0.3775933609958506
483 0.37888198757763975
484 0.378099173553719
485 0.37731958762886597
486 0.3765432098765432
487 0.3757700205338809
488 0.375
489 0.37423312883435583
490 0.373469387755102
491 0.3727087576374745
492 0.3719512195121951
493 0.3711967545638945
494 0.37044534412955465
495 0.3717171717171717
496 0.3709677419354839
497 0.3702213279678068
498 0.36947791164658633
499 0.3687374749498998
500 0.368
501 0.36726546906187624
502 0.36852589641434264
503 0.36779324055666
504 0.36706349206349204
505 0.36633663366336633
506 0.36561264822134387
507 0.36489151873767256
508 0.3641732283464567
509 0.36345776031434185
510 0.3627450980392157
511 0.3639921722113503
512 0.36328125
513 0.3645224171539961
514 0.3638132295719844
515 0.36310679611650487
516 0.3643410852713178
517 0.36363636363636365
518 0.36293436293436293
519 0.3622350674373796
520 0.36153846153846153
521 0.36084452975047987
522 0.36015325670498083
523 0.35946462715105165
524 0.35877862595419846
525 0.3580952380952381
526 0.3574144486692015
527 0.3567362428842505
528 0.3560606060606061
529 0.3553875236294896
530 0.35471698113207545
531 0.3540489642184557
532 0.3533834586466165
533 0.3527204502814259
534 0.352059925093633
535 0.3514018691588785
536 0.35261194029850745
537 0.35195530726256985
538 0.3513011152416357
539 0.35064935064935066
540 0.35
541 0.34935304990757854
542 0.34870848708487084
543 0.34806629834254144
544 0.3474264705882353
545 0.3486238532110092
546 0.34798534798534797
547 0.3473491773308958
548 0.3467153284671533
549 0.34790528233151186
550 0.3472727272727273
551 0.3466424682395644
552 0.34601449275362317
553 0.3453887884267631
554 0.3447653429602888
555 0.3441441441441441
556 0.34532374100719426
557 0.34470377019748655
558 0.34408602150537637
559 0.3434704830053667
560 0.34285714285714286
561 0.3422459893048128
562 0.34341637010676157
563 0.3428063943161634
564 0.3421985815602837
565 0.3415929203539823
566 0.3409893992932862
567 0.3403880070546737
568 0.3397887323943662
569 0.3391915641476274
570 0.3385964912280702
571 0.3380035026269702
572 0.3374125874125874
573 0.3368237347294939
574 0.3362369337979094
575 0.3373913043478261
576 0.3368055555555556
577 0.3362218370883882
578 0.3356401384083045
579 0.33506044905008636
580 0.33448275862068966
581 0.33390705679862304
582 0.3333333333333333
583 0.33276157804459694
584 0.3321917808219178
585 0.3316239316239316
586 0.3310580204778157
587 0.33049403747870526
588 0.3299319727891156
589 0.3310696095076401
590 0.3305084745762712
591 0.3299492385786802
592 0.3293918918918919
593 0.3288364249578415
594 0.3282828282828283
595 0.3277310924369748
596 0.3271812080536913
597 0.32663316582914576
598 0.32608695652173914
599 0.32554257095158595
600 0.325
601 0.324459234608985
602 0.3239202657807309
603 0.32338308457711445
604 0.3228476821192053
605 0.32231404958677684
606 0.3217821782178218
607 0.3212520593080725
608 0.3207236842105263
609 0.32019704433497537
610 0.319672131147541
611 0.3191489361702128
612 0.31862745098039214
613 0.3181076672104405
614 0.31758957654723124
615 0.3170731707317073
616 0.31655844155844154
617 0.3160453808752026
618 0.3155339805825243
619 0.3166397415185784
620 0.3161290322580645
621 0.31561996779388085
622 0.31511254019292606
623 0.3146067415730337
624 0.3141025641025641
625 0.3152
626 0.3146964856230032
627 0.3141945773524721
628 0.31528662420382164
629 0.314785373608903
630 0.3142857142857143
631 0.31378763866877973
632 0.31329113924050633
633 0.31437598736176936
634 0.3138801261829653
635 0.31338582677165355
636 0.3128930817610063
637 0.31240188383045525
638 0.31191222570532917
639 0.3114241001564945
640 0.3109375
641 0.31045241809672386
642 0.3099688473520249
643 0.3110419906687403
644 0.3105590062111801
645 0.31007751937984496
646 0.30959752321981426
647 0.3106646058732612
648 0.3101851851851852
649 0.30970724191063176
650 0.30923076923076925
651 0.3087557603686636
652 0.30828220858895705
653 0.30781010719754975
654 0.3073394495412844
655 0.3068702290076336
656 0.30640243902439024
657 0.3059360730593607
658 0.30547112462006076
659 0.30500758725341426
660 0.30454545454545456
661 0.3040847201210287
662 0.30362537764350456
663 0.3031674208144796
664 0.30271084337349397
665 0.3022556390977444
666 0.30180180180180183
667 0.30134932533733133
668 0.3008982035928144
669 0.3004484304932735
670 0.3
671 0.2995529061102832
672 0.29910714285714285
673 0.2986627043090639
674 0.2997032640949555
675 0.2992592592592593
676 0.30029585798816566
677 0.2998522895125554
678 0.2994100294985251
679 0.29896907216494845
680 0.2985294117647059
681 0.29809104258443464
682 0.29765395894428154
683 0.2972181551976574
684 0.29678362573099415
685 0.29635036496350364
686 0.29591836734693877
687 0.2954876273653566
688 0.29505813953488375
689 0.2946298984034833
690 0.2942028985507246
691 0.2937771345875543
692 0.29335260115606937
693 0.29292929292929293
694 0.29250720461095103
695 0.2920863309352518
696 0.2916666666666667
697 0.29124820659971307
698 0.29083094555873923
699 0.290414878397711
700 0.29
701 0.289586305278174
702 0.28917378917378916
703 0.2887624466571835
704 0.2883522727272727
705 0.28936170212765955
706 0.28895184135977336
707 0.28854314002828857
708 0.288135593220339
709 0.28772919605077574
710 0.28732394366197184
711 0.2869198312236287
712 0.28651685393258425
713 0.2861150070126227
714 0.2857142857142857
715 0.2853146853146853
716 0.28631284916201116
717 0.2859135285913529
718 0.28551532033426186
719 0.2851182197496523
720 0.2847222222222222
721 0.2843273231622746
722 0.2839335180055402
723 0.2835408022130014
724 0.28314917127071826
725 0.2827586206896552
726 0.28236914600550966
727 0.28198074277854196
728 0.2815934065934066
729 0.2812071330589849
730 0.2821917808219178
731 0.2818057455540356
732 0.2814207650273224
733 0.2810368349249659
734 0.28065395095367845
735 0.2802721088435374
736 0.2798913043478261
737 0.27951153324287653
738 0.2791327913279133
739 0.28010825439783493
740 0.2797297297297297
741 0.2793522267206478
742 0.27897574123989216
743 0.27860026917900405
744 0.2782258064516129
745 0.2778523489932886
746 0.2774798927613941
747 0.2784471218206158
748 0.27807486631016043
749 0.27770360480640854
750 0.2773333333333333
751 0.2769640479360852
752 0.2765957446808511
753 0.27622841965471445
754 0.27586206896551724
755 0.27549668874172184
756 0.2751322751322751
757 0.2747688243064729
758 0.27440633245382584
759 0.2740447957839262
760 0.2736842105263158
761 0.2733245729303548
762 0.27296587926509186
763 0.272608125819135
764 0.27225130890052357
765 0.2718954248366013
766 0.27154046997389036
767 0.2711864406779661
768 0.2708333333333333
769 0.270481144343303
770 0.2701298701298701
771 0.2697795071335927
772 0.2694300518134715
773 0.2690815006468305
774 0.268733850129199
775 0.26838709677419353
776 0.26804123711340205
777 0.26898326898326896
778 0.2686375321336761
779 0.2682926829268293
780 0.26794871794871794
781 0.2676056338028169
782 0.2672634271099744
783 0.2669220945083014
784 0.26658163265306123
785 0.2662420382165605
786 0.26590330788804073
787 0.2655654383735705
788 0.2652284263959391
789 0.26489226869455007
790 0.2645569620253165
791 0.26422250316055623
792 0.2638888888888889
793 0.2648171500630517
794 0.26448362720403024
795 0.26540880503144654
796 0.2650753768844221
797 0.26474278544542035
798 0.2644110275689223
799 0.2640801001251564
800 0.26375
801 0.2634207240948814
802 0.2630922693266833
803 0.2627646326276463
804 0.26243781094527363
805 0.26211180124223604
806 0.2617866004962779
807 0.2614622057001239
808 0.26113861386138615
809 0.26081582200247216
810 0.26049382716049385
811 0.2601726263871763
812 0.26108374384236455
813 0.2607626076260763
814 0.26044226044226043
815 0.26012269938650306
816 0.25980392156862747
817 0.2594859241126071
818 0.2591687041564792
819 0.2588522588522589
820 0.25853658536585367
821 0.2582216808769793
822 0.25790754257907544
823 0.25759416767922233
824 0.25728155339805825
825 0.25696969696969696
826 0.2566585956416465
827 0.25634824667472794
828 0.2560386473429952
829 0.255729794933655
830 0.25542168674698795
831 0.25511432009626955
832 0.2548076923076923
833 0.2545018007202881
834 0.2541966426858513
835 0.25389221556886227
836 0.25478468899521534
837 0.25448028673835127
838 0.2541766109785203
839 0.25387365911799764
840 0.25357142857142856
841 0.25326991676575505
842 0.25415676959619954
843 0.2538552787663108
844 0.25355450236966826
845 0.2532544378698225
846 0.25295508274231676
847 0.2526564344746163
848 0.25235849056603776
849 0.25206124852767964
850 0.25176470588235295
851 0.25146886016451236
852 0.25234741784037557
853 0.25205158264947247
854 0.25175644028103045
855 0.25146198830409355
856 0.25116822429906543
857 0.2508751458576429
858 0.2505827505827506
859 0.25145518044237486
860 0.25116279069767444
861 0.2508710801393728
862 0.2505800464037123
863 0.25028968713789107
864 0.25
865 0.24971098265895952
866 0.24942263279445728
867 0.2491349480968858
868 0.2488479262672811
869 0.24856156501726123
870 0.2482758620689655
871 0.24799081515499427
872 0.24770642201834864
873 0.24742268041237114
874 0.2471395881006865
875 0.24685714285714286
876 0.24771689497716895
877 0.24743443557582667
878 0.24715261958997722
879 0.24687144482366324
880 0.24659090909090908
881 0.246311010215664
882 0.24603174603174602
883 0.24575311438278596
884 0.24547511312217193
885 0.24519774011299436
886 0.24492099322799096
887 0.24464487034949267
888 0.24436936936936937
889 0.2440944881889764
890 0.24382022471910111
891 0.24354657687991021
892 0.24327354260089687
893 0.24300111982082867
894 0.24272930648769575
895 0.2424581005586592
896 0.2421875
897 0.241917502787068
898 0.24164810690423164
899 0.2413793103448276
900 0.24222222222222223
901 0.24195338512763595
902 0.24168514412416853
903 0.24141749723145073
904 0.2411504424778761
905 0.2408839779005525
906 0.24061810154525387
907 0.24035281146637266
908 0.24008810572687225
909 0.23982398239823982
910 0.23956043956043957
911 0.23929747530186607
912 0.23903508771929824
913 0.23877327491785322
914 0.23851203501094093
915 0.23825136612021858
916 0.23799126637554585
917 0.23773173391494
918 0.2374727668845316
919 0.23721436343852012
920 0.23695652173913043
921 0.23669923995656894
922 0.23644251626898047
923 0.2361863488624052
924 0.23593073593073594
925 0.23567567567567568
926 0.23542116630669546
927 0.23516720604099245
928 0.2349137931034483
929 0.23466092572658773
930 0.23440860215053763
931 0.23415682062298604
932 0.23390557939914164
933 0.23365487674169347
934 0.2334047109207709
935 0.23315508021390374
936 0.2329059829059829
937 0.23265741728922093
938 0.232409381663113
939 0.2321618743343983
940 0.23191489361702128
941 0.2316684378320935
942 0.23142250530785563
943 0.23117709437963946
944 0.2309322033898305
945 0.2306878306878307
946 0.23044397463002114
947 0.23020063357972545
948 0.229957805907173
949 0.2297154899894626
950 0.2294736842105263
951 0.22923238696109358
952 0.23004201680672268
953 0.229800629590766
954 0.22955974842767296
955 0.2293193717277487
956 0.2290794979079498
957 0.22884012539184953
958 0.22860125260960334
959 0.2283628779979145
960 0.228125
961 0.2278876170655567
962 0.22765072765072766
963 0.22741433021806853
964 0.22717842323651452
965 0.22694300518134716
966 0.2267080745341615
967 0.2264736297828335
968 0.2262396694214876
969 0.2260061919504644
970 0.2268041237113402
971 0.22657054582904224
972 0.22633744855967078
973 0.2261048304213772
974 0.22587268993839835
975 0.22564102564102564
976 0.22540983606557377
977 0.22517911975435004
978 0.2249488752556237
979 0.2247191011235955
980 0.22448979591836735
981 0.22426095820591233
982 0.2240325865580448
983 0.22380467955239064
984 0.22357723577235772
985 0.2233502538071066
986 0.2231237322515213
987 0.22289766970618036
988 0.22267206477732793
989 0.2224469160768453
990 0.2222222222222222
991 0.22199798183652875
992 0.2217741935483871
993 0.2215508559919436
994 0.22132796780684105
995 0.22110552763819097
996 0.22088353413654618
997 0.22066198595787362
998 0.22044088176352705
999 0.22022022022022023
1000 0.22
1001 0.21978021978021978
1002 0.21956087824351297
1003 0.2193419740777667
1004 0.21912350597609562
1005 0.21990049751243781
1006 0.21968190854870775
1007 0.21946375372393248
1008 0.21924603174603174
1009 0.21902874132804756
1010 0.2188118811881188
1011 0.218595450049456
1012 0.2183794466403162
1013 0.21816386969397827
1014 0.21794871794871795
1015 0.21773399014778325
1016 0.21751968503937008
1017 0.21730580137659783
1018 0.21709233791748528
1019 0.2168792934249264
1020 0.21666666666666667
1021 0.21645445641527913
1022 0.2162426614481409
1023 0.21603128054740958
1024 0.2158203125
1025 0.21560975609756097
1026 0.21539961013645223
1027 0.21518987341772153
1028 0.21498054474708173
1029 0.21477162293488825
1030 0.2145631067961165
1031 0.21435499515033948
1032 0.21414728682170542
1033 0.21393998063891578
1034 0.21470019342359767
1035 0.2144927536231884
1036 0.21428571428571427
1037 0.21504339440694312
1038 0.21483622350674375
1039 0.21462945139557266
1040 0.2144230769230769
1041 0.21421709894332372
1042 0.21401151631477927
1043 0.21380632790028764
1044 0.2136015325670498
1045 0.21435406698564594
1046 0.21414913957934992
1047 0.2139446036294174
1048 0.21374045801526717
1049 0.21353670162059105
1050 0.21333333333333335
1051 0.2131303520456708
1052 0.21292775665399238
1053 0.2127255460588794
1054 0.2125237191650854
1055 0.2123222748815166
1056 0.21212121212121213
1057 0.2119205298013245
1058 0.21172022684310018
1059 0.21152030217186024
1060 0.21132075471698114
1061 0.2111215834118756
1062 0.21092278719397364
1063 0.21072436500470368
1064 0.21052631578947367
1065 0.21032863849765257
1066 0.2101313320825516
1067 0.2099343955014058
1068 0.20973782771535582
1069 0.20954162768942938
1070 0.20934579439252338
1071 0.20915032679738563
1072 0.20988805970149255
1073 0.2096924510717614
1074 0.20949720670391062
1075 0.2102325581395349
1076 0.2100371747211896
1077 0.20984215413184773
1078 0.20964749536178107
1079 0.20945319740500462
1080 0.20925925925925926
1081 0.20906567992599445
1082 0.2088724584103512
1083 0.20867959372114497
1084 0.20848708487084872
1085 0.20829493087557605
1086 0.20810313075506445
1087 0.20791168353265868
1088 0.20772058823529413
1089 0.20752984389348025
1090 0.20733944954128442
1091 0.2071494042163153
1092 0.20695970695970695
1093 0.20677035681610248
1094 0.20658135283363802
1095 0.20639269406392693
1096 0.2062043795620438
1097 0.20601640838650867
1098 0.2058287795992714
1099 0.20564149226569609
1100 0.20545454545454545
1101 0.2052679382379655
1102 0.20508166969147004
1103 0.20489573889392565
1104 0.20471014492753623
1105 0.20452488687782805
1106 0.20433996383363473
1107 0.2041553748870822
1108 0.20397111913357402
1109 0.2037871956717764
1110 0.2036036036036036
1111 0.20342034203420342
1112 0.20323741007194246
1113 0.20305480682839172
1114 0.20287253141831238
1115 0.20269058295964126
1116 0.2025089605734767
1117 0.20232766338406447
1118 0.20214669051878353
1119 0.20196604110813227
1120 0.2017857142857143
1121 0.2024977698483497
1122 0.20231729055258468
1123 0.20213713268032057
1124 0.20195729537366547
1125 0.20177777777777778
1126 0.20159857904085257
1127 0.20141969831410825
1128 0.20124113475177305
1129 0.20106288751107174
1130 0.20088495575221238
1131 0.20070733863837312
1132 0.20053003533568906
1133 0.2003530450132392
1134 0.2001763668430335
1135 0.2
1136 0.19982394366197184
1137 0.1996481970096746
1138 0.19947275922671354
1139 0.199297629499561
1140 0.19912280701754387
1141 0.19894829097283084
1142 0.1987740805604203
1143 0.19860017497812774
1144 0.19842657342657344
1145 0.19825327510917032
1146 0.1980802792321117
1147 0.1979075850043592
1148 0.19773519163763068
1149 0.19756309834638816
1150 0.1973913043478261
1151 0.19721980886185925
1152 0.1970486111111111
1153 0.19687771032090198
1154 0.19670710571923744
1155 0.19653679653679654
1156 0.19636678200692043
1157 0.1961970613656007
1158 0.19602763385146804
1159 0.19585849870578084
1160 0.1956896551724138
1161 0.19552110249784668
1162 0.19535283993115318
1163 0.1951848667239897
1164 0.1950171821305842
1165 0.19484978540772532
1166 0.1946826758147513
1167 0.194515852613539
1168 0.19434931506849315
1169 0.1941830624465355
1170 0.19401709401709402
1171 0.19385140905209222
1172 0.19368600682593856
1173 0.19352088661551578
1174 0.19335604770017037
1175 0.19319148936170213
1176 0.19302721088435373
1177 0.19286321155480035
1178 0.1926994906621392
1179 0.19253604749787956
1180 0.1923728813559322
1181 0.1922099915325995
1182 0.19204737732656516
1183 0.19188503803888418
1184 0.19172297297297297
1185 0.19156118143459916
1186 0.19139966273187184
1187 0.19123841617523168
1188 0.19107744107744107
1189 0.19091673675357443
1190 0.1907563025210084
1191 0.19059613769941225
1192 0.19043624161073824
1193 0.19027661357921208
1194 0.19011725293132328
1195 0.1899581589958159
1196 0.18979933110367894
1197 0.189640768588137
1198 0.18948247078464106
1199 0.18932443703085905
1200 0.18916666666666668
1201 0.18900915903413823
1202 0.18885191347753744
1203 0.1886949293433084
1204 0.18853820598006646
1205 0.1883817427385892
1206 0.18822553897180763
1207 0.188069594034797
1208 0.1879139072847682
1209 0.18775847808105872
1210 0.18760330578512396
1211 0.18827415359207267
1212 0.18811881188118812
1213 0.18796372629843364
1214 0.18780889621087316
1215 0.18765432098765433
1216 0.1875
1217 0.18734593262119967
1218 0.18719211822660098
1219 0.1878589007383101
1220 0.18770491803278688
1221 0.18755118755118755
1222 0.18739770867430441
1223 0.18724448078495504
1224 0.18709150326797386
1225 0.18693877551020407
1226 0.1867862969004894
1227 0.18663406682966585
1228 0.18648208469055375
1229 0.18633034987794955
1230 0.1861788617886179
1231 0.18602761982128352
1232 0.1858766233766234
1233 0.18572587185725872
1234 0.18557536466774716
1235 0.1854251012145749
1236 0.18527508090614886
1237 0.185125303152789
1238 0.18497576736672053
1239 0.1848264729620662
1240 0.18467741935483872
1241 0.1845286059629331
1242 0.18438003220611915
1243 0.1842316975060338
1244 0.18408360128617363
1245 0.18393574297188756
1246 0.18378812199036917
1247 0.18364073777064957
1248 0.18349358974358973
1249 0.18414731785428343
1250 0.184
1251 0.1838529176658673
1252 0.18370607028753994
1253 0.18355945730247406
1254 0.18341307814992025
1255 0.18326693227091634
1256 0.18312101910828024
1257 0.18297533810660302
1258 0.18282988871224165
1259 0.18268467037331215
1260 0.18253968253968253
1261 0.1823949246629659
1262 0.18225039619651348
1263 0.18210609659540775
1264 0.1819620253164557
1265 0.18181818181818182
1266 0.18167456556082148
1267 0.18153117600631413
1268 0.18138801261829654
1269 0.18124507486209615
1270 0.18110236220472442
1271 0.1809598741148702
1272 0.18081761006289307
1273 0.18067556952081698
1274 0.18053375196232338
1275 0.1803921568627451
1276 0.18025078369905956
1277 0.18010963194988253
1278 0.17996870109546165
1279 0.17982799061767005
1280 0.1796875
1281 0.1795472287275566
1282 0.1794071762870515
1283 0.17926734216679657
1284 0.1791277258566978
1285 0.17898832684824903
1286 0.17884914463452567
1287 0.17871017871017872
1288 0.17857142857142858
1289 0.17843289371605897
1290 0.17829457364341086
1291 0.17815646785437644
1292 0.1780185758513932
1293 0.17788089713843774
1294 0.1777434312210201
1295 0.1776061776061776
1296 0.17746913580246915
1297 0.17733230531996916
1298 0.17719568567026195
1299 0.17705927636643573
1300 0.17692307692307693
1301 0.1767870868562644
1302 0.17665130568356374
1303 0.17651573292402148
1304 0.17638036809815952
1305 0.17624521072796934
1306 0.17611026033690658
1307 0.17597551644988524
1308 0.17584097859327216
1309 0.17570664629488159
1310 0.17557251908396945
1311 0.17543859649122806
1312 0.17530487804878048
1313 0.17517136329017516
1314 0.1750380517503805
1315 0.17490494296577946
1316 0.17477203647416414
1317 0.17463933181473046
1318 0.17450682852807284
1319 0.17437452615617893
1320 0.17424242424242425
1321 0.17411052233156699
1322 0.17397881996974282
1323 0.17384731670445955
1324 0.17371601208459214
1325 0.17358490566037735
1326 0.17345399698340874
1327 0.1733232856066315
1328 0.17319277108433734
1329 0.17306245297215953
1330 0.17293233082706766
1331 0.1728024042073629
1332 0.17267267267267267
1333 0.17254313578394598
1334 0.1724137931034483
1335 0.17228464419475656
1336 0.1721556886227545
1337 0.17202692595362754
1338 0.17189835575485798
1339 0.1717699775952203
1340 0.17164179104477612
1341 0.1715137956748695
1342 0.17138599105812222
1343 0.1712583767684289
1344 0.17113095238095238
1345 0.17100371747211895
1346 0.17087667161961367
1347 0.17074981440237566
1348 0.17062314540059348
1349 0.17049666419570053
1350 0.17037037037037037
1351 0.1702442635085122
1352 0.17011834319526628
1353 0.16999260901699925
1354 0.16986706056129985
1355 0.16974169741697417
1356 0.1696165191740413
1357 0.1694915254237288
1358 0.16936671575846834
1359 0.1692420897718911
1360 0.16911764705882354
1361 0.16899338721528287
1362 0.16886930983847284
1363 0.16874541452677916
1364 0.16862170087976538
1365 0.1684981684981685
1366 0.1683748169838946
1367 0.16825164594001463
1368 0.16812865497076024
1369 0.16800584368151936
1370 0.1678832116788321
1371 0.16776075857038658
1372 0.16763848396501457
1373 0.16751638747268754
1374 0.16739446870451238
1375 0.16727272727272727
1376 0.16715116279069767
1377 0.16702977487291212
1378 0.16690856313497823
1379 0.16678752719361856
1380 0.16666666666666666
1381 0.166545981173063
1382 0.16642547033285093
1383 0.16630513376717282
1384 0.16618497109826588
1385 0.16606498194945848
1386 0.16594516594516595
1387 0.1658255227108868
1388 0.16570605187319884
1389 0.16558675305975523
1390 0.16546762589928057
1391 0.16534867002156722
1392 0.16522988505747127
1393 0.16511127063890882
1394 0.1649928263988522
1395 0.16487455197132617
1396 0.16475644699140402
1397 0.164638511095204
1398 0.16452074391988555
1399 0.16440314510364545
1400 0.16428571428571428
1401 0.16416845110635261
1402 0.16405135520684735
1403 0.16393442622950818
1404 0.16381766381766383
1405 0.16370106761565836
1406 0.16358463726884778
1407 0.1634683724235963
1408 0.16335227272727273
1409 0.16323633782824698
1410 0.16312056737588654
1411 0.1630049610205528
1412 0.16288951841359772
1413 0.16277423920736023
1414 0.16265912305516267
1415 0.1625441696113074
1416 0.16242937853107345
1417 0.16231474947071278
1418 0.1622002820874471
1419 0.16208597603946442
1420 0.1619718309859155
1421 0.16185784658691063
1422 0.1617440225035162
1423 0.16163035839775122
1424 0.16151685393258428
1425 0.16140350877192983
1426 0.16199158485273493
1427 0.1618780658724597
1428 0.16176470588235295
1429 0.16165150454863542
1430 0.16153846153846155
1431 0.16212438853948288
1432 0.16201117318435754
1433 0.16189811584089323
1434 0.16178521617852162
1435 0.1616724738675958
1436 0.1615598885793872
1437 0.16144745998608212
1438 0.16133518776077885
1439 0.16122307157748436
1440 0.16111111111111112
1441 0.16099930603747398
1442 0.1608876560332871
1443 0.16077616077616078
1444 0.16066481994459833
1445 0.16055363321799307
1446 0.16044260027662519
1447 0.1603317208016586
1448 0.16022099447513813
1449 0.1601104209799862
1450 0.16
1451 0.15988973121984837
1452 0.15977961432506887
1453 0.1596696490020647
1454 0.15955983493810177
1455 0.15945017182130583
1456 0.15934065934065933
1457 0.15923129718599863
1458 0.15912208504801098
1459 0.15901302261823166
1460 0.1589041095890411
1461 0.15879534565366188
1462 0.15868673050615595
1463 0.15857826384142173
1464 0.15846994535519127
1465 0.1583617747440273
1466 0.1582537517053206
1467 0.158145875937287
1468 0.15803814713896458
1469 0.15793056501021102
1470 0.15782312925170067
1471 0.15771583956492183
1472 0.15760869565217392
1473 0.15750169721656485
1474 0.15739484396200815
1475 0.15728813559322033
1476 0.15718157181571815
1477 0.15707515233581584
1478 0.15696887686062247
1479 0.1568627450980392
1480 0.15675675675675677
1481 0.15665091154625252
1482 0.15654520917678813
1483 0.1564396493594066
1484 0.15633423180592992
1485 0.15622895622895622
1486 0.15612382234185734
1487 0.15601882985877605
1488 0.15591397849462366
1489 0.15580926796507724
1490 0.15570469798657718
1491 0.15560026827632462
1492 0.1554959785522788
1493 0.15539182853315472
1494 0.15528781793842034
1495 0.1551839464882943
1496 0.15508021390374332
1497 0.15497661990647962
1498 0.1548731642189586
1499 0.15476984656437626
1500 0.15466666666666667
1501 0.15456362425049966
1502 0.15446071904127828
1503 0.1543579507651364
1504 0.15425531914893617
1505 0.15415282392026577
1506 0.15405046480743692
1507 0.15394824153948242
1508 0.15384615384615385
1509 0.15374420145791914
1510 0.15364238410596026
1511 0.15354070152217075
1512 0.15343915343915343
1513 0.1533377395902181
1514 0.15323645970937913
1515 0.15313531353135312
1516 0.15303430079155672
1517 0.15293342122610415
1518 0.152832674571805
1519 0.15273206056616195
1520 0.15263157894736842
1521 0.1525312294543064
1522 0.15243101182654403
1523 0.15233092580433355
1524 0.15223097112860892
1525 0.1521311475409836
1526 0.15203145478374835
1527 0.15193189259986903
1528 0.1518324607329843
1529 0.15173315892740352
1530 0.15163398692810456
1531 0.15153494448073154
1532 0.1514360313315927
1533 0.15133724722765818
1534 0.15123859191655803
1535 0.1511400651465798
1536 0.15104166666666666
1537 0.1509433962264151
1538 0.1508452535760728
1539 0.1507472384665367
1540 0.1512987012987013
1541 0.15120051914341337
1542 0.1511024643320363
1543 0.1510045366169799
1544 0.15090673575129535
1545 0.15080906148867315
1546 0.15071151358344115
1547 0.15061409179056237
1548 0.15051679586563307
1549 0.15041962556488056
1550 0.1503225806451613
1551 0.15022566086395875
1552 0.15012886597938144
1553 0.15003219575016097
1554 0.14993564993564992
1555 0.14983922829581994
1556 0.14974293059125965
1557 0.14964675658317278
1558 0.1495507060333761
1559 0.14945477870429763
1560 0.14935897435897436
1561 0.1492632927610506
1562 0.14916773367477593
1563 0.1490722968650032
1564 0.1489769820971867
1565 0.1488817891373802
1566 0.14878671775223498
1567 0.14869176770899808
1568 0.1485969387755102
1569 0.14850223072020396
1570 0.1484076433121019
1571 0.14831317632081475
1572 0.14821882951653945
1573 0.14812460267005723
1574 0.1480304955527319
1575 0.14793650793650795
1576 0.14784263959390864
1577 0.14774889029803423
1578 0.1476552598225602
1579 0.14756174794173527
1580 0.14746835443037976
1581 0.1473750790638836
1582 0.1472819216182048
1583 0.14718888186986734
1584 0.14709595959595959
1585 0.1470031545741325
1586 0.14691046658259774
1587 0.14681789540012602
1588 0.14672544080604533
1589 0.14663310258023915
1590 0.14654088050314465
1591 0.1464487743557511
1592 0.146356783919598
1593 0.14626490897677338
1594 0.14617314930991218
1595 0.14608150470219436
1596 0.14598997493734336
1597 0.1458985597996243
1598 0.14580725907384232
1599 0.14571607254534083
1600 0.145625
1601 0.14553404122423486
1602 0.14544319600499375
1603 0.14535246412975672
1604 0.14526184538653367
1605 0.14517133956386294
1606 0.14508094645080946
1607 0.1449906658369633
1608 0.1449004975124378
1609 0.1454319453076445
1610 0.1453416149068323
1611 0.1452513966480447
1612 0.14516129032258066
1613 0.14507129572225666
1614 0.1449814126394052
1615 0.14489164086687306
1616 0.1448019801980198
1617 0.14471243042671614
1618 0.1446229913473424
1619 0.1445336627547869
1620 0.14444444444444443
1621 0.1443553362122147
1622 0.1442663378545006
1623 0.14417744916820702
1624 0.1440886699507389
1625 0.144
1626 0.14391143911439114
1627 0.14382298709280886
1628 0.14373464373464373
1629 0.143646408839779
1630 0.14355828220858896
1631 0.14347026364193746
1632 0.14338235294117646
1633 0.14329454990814453
1634 0.14320685434516525
1635 0.14311926605504588
1636 0.1430317848410758
1637 0.14294441050702505
1638 0.14285714285714285
1639 0.1427699816961562
1640 0.14268292682926828
1641 0.1425959780621572
1642 0.1425091352009744
1643 0.14242239805234327
1644 0.14233576642335766
1645 0.14224924012158055
1646 0.1421628189550425
1647 0.14207650273224043
1648 0.14199029126213591
1649 0.14190418435415403
1650 0.14181818181818182
1651 0.14173228346456693
1652 0.14164648910411623
1653 0.14156079854809436
1654 0.1414752116082225
1655 0.14138972809667674
1656 0.14130434782608695
1657 0.1412190706095353
1658 0.1411338962605549
1659 0.1410488245931284
1660 0.14096385542168674
1661 0.14087898856110775
1662 0.1407942238267148
1663 0.1407095610342754
1664 0.140625
1665 0.14054054054054055
1666 0.1404561824729892
1667 0.14037192561487702
1668 0.14028776978417265
1669 0.140203714799281
1670 0.14011976047904193
1671 0.1400359066427289
1672 0.13995215311004786
1673 0.13986849970113568
1674 0.13978494623655913
1675 0.13970149253731343
1676 0.13961813842482101
1677 0.13953488372093023
1678 0.1394517282479142
1679 0.13936867182846932
1680 0.1392857142857143
1681 0.13920285544318858
1682 0.13912009512485138
1683 0.13903743315508021
1684 0.13895486935866982
1685 0.13887240356083086
1686 0.1387900355871886
1687 0.13870776526378187
1688 0.1386255924170616
1689 0.13854351687388988
1690 0.13846153846153847
1691 0.13837965700768776
1692 0.1388888888888889
1693 0.13880685174246898
1694 0.13872491145218419
1695 0.13864306784660768
1696 0.13856132075471697
1697 0.13847967000589276
1698 0.13839811542991756
1699 0.1383166568569747
1700 0.13823529411764707
1701 0.13815402704291593
1702 0.13807285546415982
1703 0.13799177921315325
1704 0.13791079812206572
1705 0.1378299120234604
1706 0.13774912075029308
1707 0.13766842413591096
1708 0.1375878220140515
1709 0.13750731421884144
1710 0.13742690058479531
1711 0.13734658094681473
1712 0.13726635514018692
1713 0.13718622300058378
1714 0.13768961493582263
1715 0.13760932944606413
1716 0.13752913752913754
1717 0.1374490390215492
1718 0.13736903376018628
1719 0.1372891215823153
1720 0.1372093023255814
1721 0.13712957582800697
1722 0.13704994192799072
1723 0.13697040046430645
1724 0.1368909512761021
1725 0.13681159420289854
1726 0.13673232908458866
1727 0.13665315576143602
1728 0.13657407407407407
1729 0.13649508386350492
1730 0.13641618497109825
1731 0.1363373772385904
1732 0.13625866050808313
1733 0.1361800346220427
1734 0.13610149942329874
1735 0.13602305475504323
1736 0.1359447004608295
1737 0.1358664363845711
1738 0.13636363636363635
1739 0.13628522139160437
1740 0.13620689655172413
1741 0.13612866168868468
1742 0.13605051664753157
1743 0.1359724612736661
1744 0.13589449541284404
1745 0.13581661891117477
1746 0.13573883161512026
1747 0.135661133371494
1748 0.13558352402745996
1749 0.13550600343053174
1750 0.13542857142857143
1751 0.1353512278697887
1752 0.13527397260273974
1753 0.1351968054763263
1754 0.13511972633979474
1755 0.13504273504273503
1756 0.13496583143507973
1757 0.13488901536710302
1758 0.1348122866894198
1759 0.13473564525298465
1760 0.13465909090909092
1761 0.13458262350936967
1762 0.1345062429057889
1763 0.1344299489506523
1764 0.13435374149659865
1765 0.13427762039660057
1766 0.13420158550396377
1767 0.13412563667232597
1768 0.1340497737556561
1769 0.13397399660825324
1770 0.13389830508474576
1771 0.13382269904009034
1772 0.13374717832957111
1773 0.13367174280879865
1774 0.13359639233370912
1775 0.13352112676056338
1776 0.13344594594594594
1777 0.13337084974676422
1778 0.13329583802024747
1779 0.13322091062394603
1780 0.13314606741573035
1781 0.13307130825379002
1782 0.132996632996633
1783 0.13292204150308468
1784 0.132847533632287
1785 0.13277310924369748
1786 0.13269876819708848
1787 0.13262451035254616
1788 0.1325503355704698
1789 0.1324762437115707
1790 0.1324022346368715
1791 0.1323283082077052
1792 0.13225446428571427
1793 0.13218070273284996
1794 0.13210702341137123
1795 0.132033426183844
1796 0.1319599109131403
1797 0.1318864774624374
1798 0.13181312569521692
1799 0.13173985547526404
1800 0.13166666666666665
1801 0.13159355913381454
1802 0.13152053274139844
1803 0.1314475873544093
1804 0.13137472283813748
1805 0.13130193905817175
1806 0.13122923588039867
1807 0.13115661317100166
1808 0.13108407079646017
1809 0.1310116086235489
1810 0.130939226519337
1811 0.13086692435118719
1812 0.13079470198675497
1813 0.13072255929398788
1814 0.1306504961411246
1815 0.1305785123966942
1816 0.1305066079295154
1817 0.13043478260869565
1818 0.13036303630363036
1819 0.1302913688840022
1820 0.13021978021978023
1821 0.1301482701812191
1822 0.1300768386388584
1823 0.13000548546352167
1824 0.1299342105263158
1825 0.12986301369863013
1826 0.12979189485213583
1827 0.1297208538587849
1828 0.12964989059080964
1829 0.12957900492072172
1830 0.12950819672131147
1831 0.1294374658656472
1832 0.12936681222707425
1833 0.12929623567921442
1834 0.1292257360959651
1835 0.12915531335149863
1836 0.12908496732026145
1837 0.12901469787697334
1838 0.12894450489662676
1839 0.12887438825448613
1840 0.12880434782608696
1841 0.1287343834872352
1842 0.12866449511400652
1843 0.12859468258274553
1844 0.12852494577006507
1845 0.12845528455284552
1846 0.12838569880823403
1847 0.12831618841364376
1848 0.12824675324675325
1849 0.12817739318550567
1850 0.1281081081081081
1851 0.1280388978930308
1852 0.12796976241900648
1853 0.1279007015650297
1854 0.127831715210356
1855 0.12776280323450134
1856 0.12769396551724138
1857 0.12762520193861066
1858 0.12755651237890203
1859 0.12748789671866595
1860 0.12741935483870967
1861 0.12735088662009672
1862 0.1272824919441461
1863 0.12721417069243157
1864 0.1271459227467811
1865 0.12707774798927615
1866 0.1270096463022508
1867 0.12694161756829137
1868 0.12687366167023553
1869 0.12680577849117175
1870 0.1267379679144385
1871 0.12667022982362372
1872 0.1266025641025641
1873 0.12653497063534436
1874 0.1264674493062967
1875 0.1264
1876 0.1263326226012793
1877 0.1262653169952051
1878 0.12619808306709265
1879 0.12613092070250134
1880 0.12606382978723404
1881 0.12599681020733652
1882 0.1259298618490967
1883 0.12586298459904408
1884 0.12579617834394904
1885 0.12572944297082228
1886 0.1256627783669141
1887 0.12559618441971382
1888 0.12552966101694915
1889 0.1254632080465855
1890 0.1253968253968254
1891 0.1253305129561079
1892 0.12526427061310783
1893 0.12519809825673534
1894 0.12513199577613515
1895 0.12506596306068601
1896 0.125
1897 0.12493410648392199
1898 0.12486828240252898
1899 0.12480252764612954
1900 0.12473684210526316
1901 0.12467122567069963
1902 0.12460567823343849
1903 0.12454019968470835
1904 0.12447478991596639
1905 0.12440944881889764
1906 0.12434417628541448
1907 0.124278972207656
1908 0.12421383647798742
1909 0.12414876898899947
1910 0.12408376963350785
1911 0.12401883830455258
1912 0.12395397489539749
1913 0.12388917929952953
1914 0.1238244514106583
1915 0.1237597911227154
1916 0.12369519832985386
1917 0.12363067292644757
1918 0.12356621480709072
1919 0.12350182386659718
1920 0.1234375
1921 0.12389380530973451
1922 0.12382934443288242
1923 0.12376495059802392
1924 0.12370062370062371
1925 0.12363636363636364
1926 0.12357217030114226
1927 0.12350804359107422
1928 0.12344398340248963
1929 0.12337998963193364
1930 0.12331606217616581
1931 0.12325220093215951
1932 0.12318840579710146
1933 0.12312467666839111
1934 0.12306101344364012
1935 0.12299741602067184
1936 0.12293388429752067
1937 0.12287041817243159
1938 0.12280701754385964
1939 0.12274368231046931
1940 0.12268041237113401
1941 0.1226172076249356
1942 0.12255406797116375
1943 0.1224909933093155
1944 0.12242798353909465
1945 0.12236503856041131
1946 0.1223021582733813
1947 0.12223934257832562
1948 0.12217659137577003
1949 0.12211390456644433
1950 0.12205128205128205
1951 0.12198872373141978
1952 0.12192622950819672
1953 0.12186379928315412
1954 0.1218014329580348
1955 0.12173913043478261
1956 0.12167689161554192
1957 0.12161471640265713
1958 0.12155260469867211
1959 0.12149055640632976
1960 0.12142857142857143
1961 0.12136664966853646
1962 0.12130479102956167
1963 0.12124299541518084
1964 0.12118126272912423
1965 0.12111959287531807
1966 0.12105798575788403
1967 0.12099644128113879
1968 0.1209349593495935
1969 0.12087353986795328
1970 0.12081218274111676
1971 0.12075088787417554
1972 0.1206896551724138
1973 0.12062848454130766
1974 0.12056737588652482
1975 0.12050632911392405
1976 0.12044534412955465
1977 0.12038442083965605
1978 0.12032355915065723
1979 0.12026275896917635
1980 0.1202020202020202
1981 0.12014134275618374
1982 0.12008072653884964
1983 0.1200201714573878
1984 0.11995967741935484
1985 0.1198992443324937
1986 0.11983887210473314
1987 0.11977856064418722
1988 0.11971830985915492
1989 0.11965811965811966
1990 0.11959798994974874
1991 0.11953792064289302
1992 0.11947791164658635
1993 0.11941796287004516
1994 0.119358074222668
1995 0.11929824561403508
1996 0.11923847695390781
1997 0.11917876815222835
1998 0.11911911911911911
1999 0.11905952976488245
2000 0.119
2001 0.11894052973513243
2002 0.11888111888111888
2003 0.11882176734897654
2004 0.1187624750499002
2005 0.11870324189526185
2006 0.11864406779661017
2007 0.11858495266567015
2008 0.11852589641434264
2009 0.11846689895470383
2010 0.11840796019900497
2011 0.1183490800596718
2012 0.11829025844930417
2013 0.11823149528067561
2014 0.11817279046673287
2015 0.11811414392059554
2016 0.11805555555555555
2017 0.11799702528507684
2018 0.11793855302279485
2019 0.1178801386825161
2020 0.11782178217821782
2021 0.11776348342404751
2022 0.11770524233432245
2023 0.11764705882352941
2024 0.11758893280632411
2025 0.11753086419753087
2026 0.11747285291214216
2027 0.11741489886531821
2028 0.11735700197238659
2029 0.1172991621488418
2030 0.11724137931034483
2031 0.1171836533727228
2032 0.1171259842519685
2033 0.11706837186424005
2034 0.11701081612586037
2035 0.11695331695331695
2036 0.1168958742632613
2037 0.11683848797250859
2038 0.11678115799803729
2039 0.11672388425698872
2040 0.11666666666666667
2041 0.116609505144537
2042 0.11655239960822723
2043 0.11649534997552619
2044 0.11643835616438356
2045 0.11638141809290954
2046 0.11632453567937438
2047 0.1162677088422081
2048 0.1162109375
2049 0.1161542215714983
2050 0.11609756097560976
2051 0.11604095563139932
2052 0.11598440545808966
2053 0.11592791037506088
2054 0.11587147030185005
2055 0.11581508515815085
2056 0.11575875486381323
2057 0.11570247933884298
2058 0.11564625850340136
2059 0.11559009227780476
2060 0.11553398058252427
2061 0.11547792333818535
2062 0.11542192046556742
2063 0.11536597188560349
2064 0.11531007751937984
2065 0.1152542372881356
2066 0.11519845111326234
2067 0.11514271891630382
2068 0.11508704061895551
2069 0.11503141614306428
2070 0.11497584541062802
2071 0.11492032834379527
2072 0.11486486486486487
2073 0.11480945489628558
2074 0.11475409836065574
2075 0.11469879518072289
2076 0.11464354527938343
2077 0.11458834857968224
2078 0.11453320500481232
2079 0.11447811447811448
2080 0.11442307692307692
2081 0.11436809226333494
2082 0.1143131604226705
2083 0.114258281325012
2084 0.11420345489443379
2085 0.11414868105515588
2086 0.11409395973154363
2087 0.11403929084810734
2088 0.11398467432950192
2089 0.11393011010052657
2090 0.11387559808612441
2091 0.11382113821138211
2092 0.11376673040152964
2093 0.11371237458193979
2094 0.11365807067812798
2095 0.11360381861575179
2096 0.11354961832061068
2097 0.11349546971864569
2098 0.11344137273593899
2099 0.11338732729871367
2100 0.11333333333333333
2101 0.11327939076630177
2102 0.11322549952426261
2103 0.11317165953399905
2104 0.11311787072243346
2105 0.11306413301662707
2106 0.11301044634377967
2107 0.11295681063122924
2108 0.11290322580645161
2109 0.11284969179706021
2110 0.11279620853080569
2111 0.11274277593557555
2112 0.11268939393939394
2113 0.1126360624704212
2114 0.11258278145695365
2115 0.11252955082742316
2116 0.11247637051039698
2117 0.11242324043457723
2118 0.11237016052880075
2119 0.1123171307220387
2120 0.11226415094339623
2121 0.11221122112211221
2122 0.11215834118755891
2123 0.11210551106924165
2124 0.1120527306967985
2125 0.112
2126 0.11194731890874883
2127 0.11189468735307946
2128 0.1118421052631579
2129 0.11178957256928135
2130 0.11173708920187793
2131 0.11168465509150634
2132 0.11163227016885553
2133 0.11157993436474449
2134 0.11152764761012184
2135 0.11147540983606558
2136 0.11142322097378277
2137 0.11137108095460926
2138 0.11131898971000935
2139 0.11126694717157551
2140 0.11121495327102804
2141 0.11116300794021486
2142 0.1111111111111111
2143 0.11152589827344844
2144 0.11147388059701492
2145 0.11142191142191142
2146 0.11136999068033551
2147 0.11131811830461108
2148 0.11126629422718808
2149 0.11121451838064216
2150 0.11116279069767442
2151 0.1111111111111111
2152 0.11105947955390334
2153 0.1110078959591268
2154 0.11095636025998143
2155 0.11090487238979119
2156 0.11085343228200371
2157 0.11080203987019008
2158 0.11075069508804448
2159 0.11069939786938397
2160 0.11064814814814815
2161 0.1105969458583989
2162 0.11054579093432007
2163 0.11049468331021729
2164 0.11044362292051756
2165 0.11039260969976905
2166 0.11034164358264081
2167 0.11029072450392248
2168 0.11023985239852399
2169 0.11018902720147533
2170 0.11013824884792627
2171 0.11008751727314602
2172 0.11003683241252302
2173 0.10998619420156466
2174 0.10993560257589696
2175 0.10988505747126437
2176 0.10983455882352941
2177 0.10978410656867249
2178 0.10973370064279155
2179 0.10968334098210188
2180 0.10963302752293579
2181 0.10958276020174232
2182 0.10953253895508708
2183 0.10948236371965185
2184 0.10943223443223443
2185 0.10938215102974828
2186 0.10933211344922232
2187 0.10928212162780064
2188 0.10923217550274222
2189 0.10918227501142073
2190 0.1091324200913242
2191 0.10908261068005477
2192 0.10903284671532847
2193 0.10898312813497492
2194 0.1089334548769371
2195 0.10888382687927108
2196 0.10883424408014572
2197 0.10878470641784252
2198 0.10873521383075523
2199 0.10868576625738972
2200 0.10863636363636364
2201 0.10858700590640617
2202 0.10853769300635786
2203 0.10848842487517023
2204 0.10843920145190562
2205 0.10839002267573696
2206 0.10834088848594742
2207 0.10829179882193023
2208 0.1082427536231884
2209 0.10819375282933454
2210 0.1081447963800905
2211 0.1080958842152872
2212 0.10804701627486438
2213 0.10799819249887031
2214 0.10794941282746161
2215 0.10790067720090293
2216 0.1078519855595668
2217 0.10780333784393324
2218 0.10775473399458972
2219 0.10770617395223074
2220 0.10765765765765765
2221 0.10760918505177848
2222 0.10756075607560756
2223 0.10751237067026541
2224 0.10746402877697842
2225 0.10741573033707866
2226 0.10736747529200359
2227 0.10731926358329591
2228 0.10727109515260323
2229 0.10722296994167788
2230 0.10717488789237668
2231 0.10712684894666069
2232 0.10707885304659498
2233 0.1070309001343484
2234 0.10698299015219337
2235 0.10693512304250559
2236 0.10688729874776387
2237 0.10683951721054985
2238 0.10679177837354781
2239 0.10674408217954444
2240 0.10669642857142857
2241 0.10664881749219099
2242 0.10660124888492417
2243 0.10655372269282211
2244 0.10650623885918004
2245 0.1064587973273942
2246 0.10641139804096171
2247 0.10636404094348019
2248 0.10631672597864769
2249 0.10626945309026234
2250 0.10622222222222222
2251 0.1061750333185251
2252 0.10612788632326821
2253 0.10608078118064802
2254 0.10603371783496007
2255 0.10598669623059867
2256 0.10593971631205673
2257 0.10589277802392556
2258 0.10584588131089459
2259 0.10579902611775122
2260 0.10575221238938053
2261 0.10570544007076514
2262 0.10565870910698497
2263 0.10561201944321696
2264 0.10556537102473498
2265 0.1055187637969095
2266 0.10547219770520741
2267 0.10542567269519189
2268 0.10537918871252204
2269 0.10533274570295284
2270 0.1052863436123348
2271 0.10523998238661382
2272 0.10519366197183098
2273 0.10514738231412231
2274 0.10510114335971855
2275 0.10505494505494506
2276 0.10500878734622145
2277 0.10496267018006149
2278 0.10491659350307288
2279 0.104870557261957
2280 0.10482456140350878
2281 0.10477860587461639
2282 0.10473269062226118
2283 0.10468681559351731
2284 0.10464098073555167
2285 0.10459518599562363
2286 0.10454943132108487
2287 0.1045037166593791
2288 0.10445804195804195
2289 0.10441240716470074
2290 0.10436681222707424
2291 0.1043212570929725
2292 0.10427574171029669
2293 0.10423026602703882
2294 0.1041848299912816
2295 0.10413943355119826
2296 0.10409407665505227
2297 0.10404875925119722
2298 0.10400348128807659
2299 0.10395824271422358
2300 0.10391304347826087
2301 0.10386788352890047
2302 0.10382276281494353
2303 0.10377768128528007
2304 0.1037326388888889
2305 0.10368763557483732
2306 0.10364267129228101
2307 0.1035977459904638
2308 0.1035528596187175
2309 0.10350801212646167
2310 0.10346320346320347
2311 0.10341843357853743
2312 0.10337370242214533
2313 0.10332900994379593
2314 0.10328435609334485
2315 0.10323974082073434
2316 0.10319516407599309
2317 0.10315062580923608
2318 0.10310612597066436
2319 0.1030616645105649
2320 0.10301724137931034
2321 0.1029728565273589
2322 0.1029285099052541
2323 0.10288420146362462
2324 0.10327022375215146
2325 0.1032258064516129
2326 0.10318142734307825
2327 0.10313708637730984
2328 0.10309278350515463
2329 0.10304851867754401
2330 0.10300429184549356
2331 0.10296010296010295
2332 0.10291595197255575
2333 0.10287183883411916
2334 0.10282776349614396
2335 0.10278372591006424
2336 0.10273972602739725
2337 0.10269576379974327
2338 0.10265183917878529
2339 0.10260795211628901
2340 0.10256410256410256
2341 0.10252029047415634
2342 0.10247651579846286
2343 0.10243277848911651
2344 0.10238907849829351
2345 0.1023454157782516
2346 0.10230179028132992
2347 0.10225820195994888
2348 0.10221465076660988
2349 0.10217113665389528
2350 0.10212765957446808
2351 0.10208421948107188
2352 0.10204081632653061
2353 0.10199745006374841
2354 0.10195412064570943
2355 0.10191082802547771
2356 0.10186757215619695
2357 0.10182435299109037
2358 0.10178117048346055
2359 0.10173802458668928
2360 0.1016949152542373
2361 0.10165184243964422
2362 0.10160880609652836
2363 0.10156580617858654
2364 0.10152284263959391
2365 0.1014799154334038
2366 0.1014370245139476
2367 0.10139416983523447
2368 0.10135135135135136
2369 0.10130856901646264
2370 0.10126582278481013
2371 0.10122311261071278
2372 0.10118043844856661
2373 0.10155920775389803
2374 0.10151642796967145
2375 0.10147368421052631
2376 0.10143097643097643
2377 0.10138830458561211
2378 0.10134566862910008
2379 0.10130306851618327
2380 0.10126050420168067
2381 0.10121797564048719
2382 0.10117548278757346
2383 0.10113302559798573
2384 0.10109060402684564
2385 0.1010482180293501
2386 0.10100586756077116
2387 0.1009635525764558
2388 0.1009212730318258
2389 0.10087902888237757
2390 0.10083682008368201
2391 0.10079464659138436
2392 0.10075250836120402
2393 0.1007104053489344
2394 0.10066833751044277
2395 0.10062630480167015
2396 0.10058430717863105
2397 0.10054234459741343
2398 0.10050041701417849
2399 0.10045852438516048
2400 0.10041666666666667
2401 0.10037484381507705
2402 0.1003330557868443
2403 0.10029130253849355
2404 0.10024958402662229
2405 0.10020790020790021
2406 0.100166251039069
2407 0.10012463647694225
2408 0.10008305647840532
2409 0.10004151100041511
2410 0.1
2411 0.09995852343425965
2412 0.09991708126036485
2413 0.0998756734355574
2414 0.09983429991714995
2415 0.09979296066252588
2416 0.09975165562913907
2417 0.09971038477451385
2418 0.09966914805624483
2419 0.0996279454319967
2420 0.09958677685950414
2421 0.09954564229657166
2422 0.09950454170107349
2423 0.09946347503095336
2424 0.09942244224422442
2425 0.09938144329896907
2426 0.09934047815333882
2427 0.09929954676555418
2428 0.09925864909390444
2429 0.09921778509674763
2430 0.09917695473251029
2431 0.09913615795968737
2432 0.0990953947368421
2433 0.09905466502260583
2434 0.09901396877567789
2435 0.09897330595482547
2436 0.09893267651888342
2437 0.09889208042675421
2438 0.09885151763740771
2439 0.09881098810988109
2440 0.09877049180327868
2441 0.09873002867677182
2442 0.09868959868959869
2443 0.09864920180106426
2444 0.0986088379705401
2445 0.09856850715746421
2446 0.09852820932134096
2447 0.09848794442174091
2448 0.09844771241830065
2449 0.09840751327072274
2450 0.09836734693877551
2451 0.09832721338229294
2452 0.09828711256117455
2453 0.09824704443538525
2454 0.09820700896495517
2455 0.09816700610997964
2456 0.0981270358306189
2457 0.09808709808709809
2458 0.09804719283970707
2459 0.09800732004880032
2460 0.09796747967479674
2461 0.0979276716781796
2462 0.09788789601949635
2463 0.0978481526593585
2464 0.09780844155844155
2465 0.09776876267748479
2466 0.09772911597729116
2467 0.0976895014187272
2468 0.09764991896272285
2469 0.09761036857027136
2470 0.09757085020242914
2471 0.09753136382031566
2472 0.09749190938511326
2473 0.09745248685806712
2474 0.09741309620048505
2475 0.09737373737373738
2476 0.09733441033925687
2477 0.09729511505853855
2478 0.09725585149313963
2479 0.09721661960467931
2480 0.09717741935483871
2481 0.09713825070536074
2482 0.09709911361804996
2483 0.09706000805477245
2484 0.09702093397745572
2485 0.09698189134808853
2486 0.09694288012872083
2487 0.09690390028146362
2488 0.09686495176848875
2489 0.09682603455202893
2490 0.09678714859437751
2491 0.0967482938578884
2492 0.09670947030497593
2493 0.09667067789811472
2494 0.09663191659983962
2495 0.09659318637274548
2496 0.09655448717948718
2497 0.09651581898277933
2498 0.09647718174539632
2499 0.09643857543017206
2500 0.0964
2501 0.09636145541783286
2502 0.09632294164668265
2503 0.09628445864962046
2504 0.09624600638977636
2505 0.09620758483033932
2506 0.09616919393455706
2507 0.09613083366573594
2508 0.09609250398724083
2509 0.09605420486249502
2510 0.09601593625498007
2511 0.09597769812823577
2512 0.09593949044585988
2513 0.09590131317150816
2514 0.0958631662688942
2515 0.09582504970178926
2516 0.09578696343402225
2517 0.09574890742947954
2518 0.09571088165210484
2519 0.09567288606589916
2520 0.09563492063492063
2521 0.09559698532328441
2522 0.09555908009516256
2523 0.09552120491478398
2524 0.09548335974643424
2525 0.09544554455445545
2526 0.09540775930324624
2527 0.09537000395726157
2528 0.09533227848101265
2529 0.09529458283906682
2530 0.09525691699604744
2531 0.09521928091663374
2532 0.09518167456556083
2533 0.09514409790761942
2534 0.09510655090765588
2535 0.09506903353057199
2536 0.09503154574132493
2537 0.09499408750492708
2538 0.09495665878644602
2539 0.09491925955100433
2540 0.09488188976377952
2541 0.09484454939000393
2542 0.09480723839496459
2543 0.09476995674400314
2544 0.09473270440251573
2545 0.09469548133595285
2546 0.09465828750981932
2547 0.09462112288967413
2548 0.0945839874411303
2549 0.09454688112985485
2550 0.09450980392156863
2551 0.09447275578204625
2552 0.09443573667711598
2553 0.09439874657265962
2554 0.09436178543461238
2555 0.09432485322896282
2556 0.09428794992175274
2557 0.09425107547907705
2558 0.09421422986708367
2559 0.09417741305197343
2560 0.094140625
2561 0.09410386567746974
2562 0.0940671350507416
2563 0.09403043308622708
2564 0.09399375975039001
2565 0.09395711500974659
2566 0.09392049883086516
2567 0.09388391118036618
2568 0.09384735202492211
2569 0.0938108213312573
2570 0.09377431906614786
2571 0.09373784519642163
2572 0.093701399688958
2573 0.09366498251068792
2574 0.09362859362859363
2575 0.09359223300970874
2576 0.09355590062111802
2577 0.09351959642995732
2578 0.0934833204034135
2579 0.0934470725087243
2580 0.0934108527131783
2581 0.09337466098411469
2582 0.09333849728892331
2583 0.09330236159504453
2584 0.09326625386996903
2585 0.0932301740812379
2586 0.09319412219644238
2587 0.0931580981832238
2588 0.09312210200927357
2589 0.09308613364233295
2590 0.09305019305019305
2591 0.09301428020069472
2592 0.09297839506172839
2593 0.0929425376012341
2594 0.09290670778720124
2595 0.0928709055876686
2596 0.0928351309707242
2597 0.09279938390450519
2598 0.09276366435719785
2599 0.09272797229703732
2600 0.0926923076923077
2601 0.09265667051134178
2602 0.09262106072252113
2603 0.09258547829427584
2604 0.09254992319508448
2605 0.09251439539347409
2606 0.09247889485801995
2607 0.09244342155734561
2608 0.0924079754601227
2609 0.09237255653507091
2610 0.09233716475095785
2611 0.09230180007659901
2612 0.09226646248085758
2613 0.09223115193264447
2614 0.09219586840091813
2615 0.09216061185468451
2616 0.09212538226299694
2617 0.09247229652273596
2618 0.09243697478991597
2619 0.09240168003054601
2620 0.09236641221374046
2621 0.09233117130866082
2622 0.09229595728451563
2623 0.09226077011056043
2624 0.09222560975609756
2625 0.09219047619047618
2626 0.09215536938309216
2627 0.09212028930338789
2628 0.09208523592085235
2629 0.09205020920502092
2630 0.09201520912547528
2631 0.0919802356518434
2632 0.0919452887537994
2633 0.09191036840106342
2634 0.09187547456340167
2635 0.09184060721062619
2636 0.09180576631259484
2637 0.09177095183921123
2638 0.09173616376042457
2639 0.09170140204622963
2640 0.09166666666666666
2641 0.09163195759182129
2642 0.09159727479182438
2643 0.09156261823685206
2644 0.09152798789712557
2645 0.09149338374291115
2646 0.09145880574452003
2647 0.09142425387230828
2648 0.09138972809667674
2649 0.09135522838807097
2650 0.09132075471698113
2651 0.0912863070539419
2652 0.09125188536953242
2653 0.09121748963437618
2654 0.09118311981914091
2655 0.09114877589453861
2656 0.0911144578313253
2657 0.09108016560030109
2658 0.09104589917231001
2659 0.09101165851823995
2660 0.09097744360902256
2661 0.09094325441563322
2662 0.09090909090909091
2663 0.09087495306045813
2664 0.09084084084084085
2665 0.09080675422138837
2666 0.09077269317329333
2667 0.09073865766779153
2668 0.09070464767616192
2669 0.0906706631697265
2670 0.09063670411985018
2671 0.09060277049794084
2672 0.09056886227544911
2673 0.09053497942386832
2674 0.09050112191473449
2675 0.09046728971962617
2676 0.09043348281016443
2677 0.0903997011580127
2678 0.09036594473487677
2679 0.09033221351250467
2680 0.09029850746268657
2681 0.09026482655725476
2682 0.09023117076808351
2683 0.09019754006708908
2684 0.09016393442622951
2685 0.09013035381750466
2686 0.09009679821295608
2687 0.09006326758466691
2688 0.0900297619047619
2689 0.08999628114540721
2690 0.08996282527881042
2691 0.08992939427722037
2692 0.08989598811292719
2693 0.08986260675826216
2694 0.08982925018559762
2695 0.08979591836734693
2696 0.0897626112759644
2697 0.08972932888394512
2698 0.08969607116382505
2699 0.0896628380881808
2700 0.08962962962962963
2701 0.08959644576082933
2702 0.08956328645447817
2703 0.08953015168331484
2704 0.08949704142011834
2705 0.08946395563770795
2706 0.08943089430894309
2707 0.0893978574067233
2708 0.08936484490398819
2709 0.08933185677371724
2710 0.08929889298892989
2711 0.08926595352268536
2712 0.08923303834808259
2713 0.08920014743826023
2714 0.08916728076639646
2715 0.08913443830570902
2716 0.08910162002945508
2717 0.08906882591093117
2718 0.08903605592347315
2719 0.08900331004045604
2720 0.08897058823529412
2721 0.08893789048144064
2722 0.08890521675238795
2723 0.08887256702166728
2724 0.08883994126284875
2725 0.08880733944954128
2726 0.08877476155539252
2727 0.08874220755408874
2728 0.08870967741935484
2729 0.0886771711249542
2730 0.08864468864468865
2731 0.08861222995239838
2732 0.08857979502196194
2733 0.08854738382729602
2734 0.08851499634235552
2735 0.08848263254113345
2736 0.08845029239766082
2737 0.08841797588600658
2738 0.08838568298027757
2739 0.08835341365461848
2740 0.08832116788321168
2741 0.08828894564027727
2742 0.08825674690007294
2743 0.08822457163689391
2744 0.08819241982507289
2745 0.08816029143897997
2746 0.08812818645302258
2747 0.08809610484164543
2748 0.08806404657933042
2749 0.08803201164059658
2750 0.088
2751 0.08796801163213377
2752 0.08793604651162791
2753 0.08790410461314929
2754 0.0878721859114016
2755 0.08784029038112523
2756 0.08780841799709724
2757 0.0877765687341313
2758 0.0877447425670776
2759 0.08771293947082276
2760 0.08768115942028985
2761 0.08764940239043825
2762 0.08761766835626358
2763 0.08758595729279768
2764 0.08755426917510854
2765 0.08752260397830018
2766 0.08749096167751265
2767 0.08745934224792194
2768 0.08742774566473989
2769 0.08739617190321415
2770 0.08736462093862817
2771 0.08733309274630098
2772 0.0873015873015873
2773 0.08727010457987738
2774 0.08723864455659697
2775 0.0872072072072072
2776 0.08717579250720461
2777 0.08714440043212099
2778 0.0871130309575234
2779 0.08708168405901404
2780 0.08705035971223021
2781 0.0870190578928443
2782 0.08698777857656362
2783 0.08695652173913043
2784 0.08692528735632184
2785 0.08689407540394974
2786 0.08686288585786073
2787 0.08683171869393613
2788 0.08680057388809183
2789 0.08676945141627823
2790 0.08673835125448029
2791 0.08670727337871731
2792 0.08667621776504297
2793 0.08664518438954529
2794 0.08661417322834646
2795 0.08658318425760286
2796 0.08655221745350501
2797 0.08652127279227743
2798 0.0864903502501787
2799 0.08645944980350125
2800 0.08642857142857142
2801 0.08639771510174937
2802 0.08636688079942897
2803 0.08633606849803782
2804 0.08630527817403709
2805 0.08627450980392157
2806 0.08624376336421953
2807 0.0862130388314927
2808 0.08618233618233619
2809 0.08615165539337842
2810 0.08612099644128114
2811 0.08609035930273924
2812 0.0860597439544808
2813 0.08602915037326697
2814 0.08599857853589196
2815 0.08596802841918295
2816 0.0859375
2817 0.08590699325523607
2818 0.0858765081618169
2819 0.08584604469670096
2820 0.08581560283687943
2821 0.0857851825593761
2822 0.08575478384124734
2823 0.085724406659582
2824 0.08569405099150142
2825 0.0856637168141593
2826 0.08563340410474168
2827 0.08560311284046693
2828 0.08557284299858557
2829 0.08554259455638034
2830 0.08551236749116607
2831 0.08548216178028965
2832 0.08545197740112995
2833 0.08542181433109777
2834 0.08539167254763586
2835 0.0853615520282187
2836 0.08533145275035262
2837 0.0853013746915756
2838 0.08527131782945736
2839 0.08524128214159915
2840 0.0852112676056338
2841 0.08518127419922562
2842 0.08515130190007038
2843 0.08512135068589519
2844 0.0850914205344585
2845 0.08506151142355009
2846 0.08503162333099086
2847 0.08500175623463295
2848 0.08497191011235955
2849 0.08494208494208494
2850 0.08491228070175438
2851 0.08488249736934408
2852 0.08485273492286115
2853 0.0848229933403435
2854 0.08479327259985985
2855 0.08476357267950964
2856 0.08473389355742297
2857 0.08470423521176058
2858 0.08467459762071379
2859 0.08464498076250437
2860 0.08461538461538462
2861 0.08458580915763719
2862 0.08455625436757512
2863 0.08452672022354174
2864 0.08449720670391062
2865 0.08446771378708552
2866 0.08443824145150035
2867 0.08440878967561911
2868 0.08437935843793584
2869 0.08434994771697456
2870 0.0843205574912892
2871 0.0842911877394636
2872 0.08426183844011143
2873 0.08423250957187609
2874 0.08420320111343076
2875 0.08417391304347827
2876 0.08414464534075104
2877 0.08411539798401112
2878 0.08408617095205004
2879 0.08405696422368879
2880 0.08402777777777778
2881 0.08399861159319681
2882 0.08396946564885496
2883 0.0839403399236906
2884 0.0839112343966713
2885 0.08388214904679377
2886 0.08385308385308385
2887 0.08382403879459646
2888 0.08379501385041552
2889 0.08376600899965386
2890 0.0837370242214533
2891 0.08370805949498443
2892 0.08367911479944674
2893 0.08365019011406843
2894 0.08362128541810643
2895 0.08359240069084628
2896 0.0835635359116022
2897 0.08353469105971695
2898 0.08350586611456176
2899 0.08347706105553639
2900 0.08344827586206896
2901 0.083419510513616
2902 0.0833907649896623
2903 0.08336203926972098
2904 0.08333333333333333
2905 0.08330464716006884
2906 0.08327598072952512
2907 0.08324733402132783
2908 0.08321870701513068
2909 0.08319009969061533
2910 0.0831615120274914
2911 0.0831329440054964
2912 0.0831043956043956
2913 0.08307586680398214
2914 0.08304735758407687
2915 0.0830188679245283
2916 0.08299039780521263
2917 0.0829619472060336
2918 0.08293351610692255
2919 0.0829051044878383
2920 0.08287671232876713
2921 0.0828483396097227
2922 0.08281998631074607
2923 0.08279165241190557
2924 0.08276333789329686
2925 0.08273504273504273
2926 0.08270676691729323
2927 0.08267851042022549
2928 0.08265027322404371
2929 0.08262205530897918
2930 0.08259385665529011
2931 0.08256567724326168
2932 0.082537517053206
2933 0.08250937606546198
2934 0.08248125426039536
2935 0.08245315161839864
2936 0.082425068119891
2937 0.08239700374531835
2938 0.08236895847515316
2939 0.08234093228989452
2940 0.08231292517006802
2941 0.08228493709622578
2942 0.08225696804894629
2943 0.08222901800883452
2944 0.08220108695652174
2945 0.08217317487266554
2946 0.08214528173794976
2947 0.0821174075330845
2948 0.08208955223880597
2949 0.08206171583587657
2950 0.08203389830508474
2951 0.082006099627245
2952 0.08197831978319783
2953 0.08195055875380969
2954 0.08192281651997292
2955 0.08189509306260576
2956 0.08186738836265223
2957 0.08183970240108218
2958 0.08181203515889114
2959 0.08178438661710037
2960 0.08175675675675675
2961 0.08172914555893279
2962 0.08170155300472653
2963 0.08167397907526155
2964 0.0816464237516869
2965 0.08161888701517707
2966 0.0815913688469319
2967 0.08156386922817661
2968 0.08153638814016173
2969 0.08150892556416302
2970 0.08148148148148149
2971 0.08145405587344329
2972 0.08142664872139974
2973 0.08139926000672722
2974 0.08137188971082716
2975 0.08134453781512604
2976 0.08131720430107527
2977 0.08128988915015116
2978 0.08126259234385494
2979 0.08123531386371266
2980 0.08120805369127516
2981 0.08118081180811808
