1 1.0
2 1.0
3 1.0
4 1.0
5 1.0
6 1.0
7 1.0
8 1.0
9 1.0
10 1.0
11 1.0
12 1.0
13 1.0
14 1.0
15 1.0
16 1.0
17 1.0
18 1.0
19 1.0
20 1.0
21 1.0
22 1.0
23 1.0
24 1.0
25 1.0
26 1.0
27 1.0
28 1.0
29 1.0
30 1.0
31 1.0
32 1.0
33 1.0
34 1.0
35 0.9714285714285714
36 0.9722222222222222
37 0.972972972972973
38 0.9736842105263158
39 0.9743589743589743
40 0.975
41 0.975609756097561
42 0.9761904761904762
43 0.9767441860465116
44 0.9772727272727273
45 0.9777777777777777
46 0.9782608695652174
47 0.9787234042553191
48 0.9791666666666666
49 0.9795918367346939
50 0.98
51 0.9607843137254902
52 0.9423076923076923
53 0.9245283018867925
54 0.9259259259259259
55 0.9272727272727272
56 0.9285714285714286
57 0.9298245614035088
58 0.9137931034482759
59 0.9152542372881356
60 0.9166666666666666
61 0.9180327868852459
62 0.9193548387096774
63 0.9206349206349206
64 0.921875
65 0.9230769230769231
66 0.9242424242424242
67 0.9253731343283582
68 0.9264705882352942
69 0.927536231884058
70 0.9285714285714286
71 0.9295774647887324
72 0.9166666666666666
73 0.9178082191780822
74 0.918918918918919
75 0.92
76 0.9078947368421053
77 0.9090909090909091
78 0.9102564102564102
79 0.8987341772151899
80 0.8875
81 0.8888888888888888
82 0.8902439024390244
83 0.891566265060241
84 0.8928571428571429
85 0.8941176470588236
86 0.8953488372093024
87 0.896551724137931
88 0.8977272727272727
89 0.898876404494382
90 0.9
91 0.9010989010989011
92 0.9021739130434783
93 0.8924731182795699
94 0.8936170212765957
95 0.8947368421052632
96 0.8958333333333334
97 0.8865979381443299
98 0.8877551020408163
99 0.8888888888888888
100 0.88
101 0.8811881188118812
102 0.8823529411764706
103 0.8737864077669902
104 0.875
105 0.8761904761904762
106 0.8679245283018868
107 0.8598130841121495
108 0.8518518518518519
109 0.8440366972477065
110 0.8454545454545455
111 0.8378378378378378
112 0.8392857142857143
113 0.8407079646017699
114 0.8421052631578947
115 0.8347826086956521
116 0.8362068965517241
117 0.8376068376068376
118 0.8389830508474576
119 0.8319327731092437
120 0.825
121 0.8181818181818182
122 0.819672131147541
123 0.8211382113821138
124 0.8145161290322581
125 0.808
126 0.8015873015873016
127 0.8031496062992126
128 0.8046875
129 0.7984496124031008
130 0.8
131 0.7938931297709924
132 0.7878787878787878
133 0.7819548872180451
134 0.7835820895522388
135 0.7851851851851852
136 0.7867647058823529
137 0.7883211678832117
138 0.782608695652174
139 0.7769784172661871
140 0.7785714285714286
141 0.7730496453900709
142 0.7676056338028169
143 0.7622377622377622
144 0.7569444444444444
145 0.7586206896551724
146 0.7534246575342466
147 0.7551020408163265
148 0.7567567567567568
149 0.7583892617449665
150 0.76
151 0.7549668874172185
152 0.75
153 0.7516339869281046
154 0.7467532467532467
155 0.7419354838709677
156 0.7371794871794872
157 0.7388535031847133
158 0.7341772151898734
159 0.7358490566037735
160 0.7375
161 0.7329192546583851
162 0.7283950617283951
163 0.7239263803680982
164 0.7195121951219512
165 0.7151515151515152
166 0.7108433734939759
167 0.7125748502994012
168 0.7142857142857143
169 0.7100591715976331
170 0.7058823529411765
171 0.7076023391812866
172 0.7093023255813954
173 0.7109826589595376
174 0.7126436781609196
175 0.7085714285714285
176 0.7045454545454546
177 0.7062146892655368
178 0.702247191011236
179 0.6983240223463687
180 0.6944444444444444
181 0.6961325966850829
182 0.6923076923076923
183 0.6939890710382514
184 0.6902173913043478
185 0.6918918918918919
186 0.6881720430107527
187 0.6844919786096256
188 0.6808510638297872
189 0.6825396825396826
190 0.6842105263157895
191 0.680628272251309
192 0.6822916666666666
193 0.6787564766839378
194 0.6752577319587629
195 0.6717948717948717
196 0.6683673469387755
197 0.6649746192893401
198 0.6616161616161617
199 0.6582914572864321
200 0.655
201 0.6567164179104478
202 0.6584158415841584
203 0.6600985221674877
204 0.6568627450980392
205 0.6536585365853659
206 0.6553398058252428
207 0.6521739130434783
208 0.6538461538461539
209 0.6555023923444976
210 0.6571428571428571
211 0.6540284360189573
212 0.6509433962264151
213 0.647887323943662
214 0.6448598130841121
215 0.641860465116279
216 0.6388888888888888
217 0.6359447004608295
218 0.6376146788990825
219 0.639269406392694
220 0.6363636363636364
221 0.6334841628959276
222 0.6306306306306306
223 0.6278026905829597
224 0.625
225 0.6222222222222222
226 0.6194690265486725
227 0.6167400881057269
228 0.6140350877192983
229 0.611353711790393
230 0.6130434782608696
231 0.6103896103896104
232 0.6120689655172413
233 0.6094420600858369
234 0.6068376068376068
235 0.6042553191489362
236 0.6059322033898306
237 0.6075949367088608
238 0.6050420168067226
239 0.606694560669456
240 0.6083333333333333
241 0.6058091286307054
242 0.6033057851239669
243 0.6049382716049383
244 0.6065573770491803
245 0.6040816326530613
246 0.6016260162601627
247 0.6032388663967612
248 0.6048387096774194
249 0.6024096385542169
250 0.6
251 0.5976095617529881
252 0.5952380952380952
253 0.5928853754940712
254 0.5905511811023622
255 0.5882352941176471
256 0.5859375
257 0.5836575875486382
258 0.5813953488372093
259 0.5791505791505791
260 0.5769230769230769
261 0.5747126436781609
262 0.5725190839694656
263 0.5741444866920152
264 0.5757575757575758
265 0.5735849056603773
266 0.5714285714285714
267 0.5692883895131086
268 0.5671641791044776
269 0.5650557620817844
270 0.562962962962963
271 0.5645756457564576
272 0.5661764705882353
273 0.5641025641025641
274 0.5656934306569343
275 0.5636363636363636
276 0.5615942028985508
277 0.5595667870036101
278 0.5575539568345323
279 0.5555555555555556
280 0.5535714285714286
281 0.5516014234875445
282 0.5531914893617021
283 0.5512367491166078
284 0.5492957746478874
285 0.5473684210526316
286 0.5454545454545454
287 0.5435540069686411
288 0.5416666666666666
289 0.5397923875432526
290 0.5413793103448276
291 0.5395189003436426
292 0.541095890410959
293 0.5392491467576792
294 0.5374149659863946
295 0.535593220338983
296 0.5337837837837838
297 0.531986531986532
298 0.5335570469798657
299 0.5317725752508361
300 0.53
301 0.5282392026578073
302 0.5264900662251656
303 0.5247524752475248
304 0.5230263157894737
305 0.521311475409836
306 0.5196078431372549
307 0.5179153094462541
308 0.5162337662337663
309 0.5145631067961165
310 0.5129032258064516
311 0.5112540192926045
312 0.5096153846153846
313 0.5079872204472844
314 0.5095541401273885
315 0.5079365079365079
316 0.5063291139240507
317 0.5047318611987381
318 0.5062893081761006
319 0.5047021943573667
320 0.503125
321 0.5015576323987538
322 0.5
323 0.4984520123839009
324 0.49691358024691357
325 0.49538461538461537
326 0.49693251533742333
327 0.4954128440366973
328 0.4969512195121951
329 0.49544072948328266
330 0.49393939393939396
331 0.4954682779456193
332 0.4939759036144578
333 0.4924924924924925
334 0.4940119760479042
335 0.4955223880597015
336 0.49404761904761907
337 0.49258160237388726
338 0.4911242603550296
339 0.4896755162241888
340 0.48823529411764705
341 0.4868035190615836
342 0.4853801169590643
343 0.4839650145772595
344 0.48255813953488375
345 0.4811594202898551
346 0.4797687861271676
347 0.4812680115273775
348 0.47988505747126436
349 0.4785100286532951
350 0.47714285714285715
351 0.4757834757834758
352 0.4744318181818182
353 0.4730878186968839
354 0.4717514124293785
355 0.4704225352112676
356 0.4691011235955056
357 0.47058823529411764
358 0.4720670391061452
359 0.47075208913649025
360 0.46944444444444444
361 0.46814404432132967
362 0.4696132596685083
363 0.46831955922865015
364 0.46703296703296704
365 0.4657534246575342
366 0.4644808743169399
367 0.46321525885558584
368 0.46195652173913043
369 0.46070460704607047
370 0.4594594594594595
371 0.4582210242587601
372 0.45698924731182794
373 0.45576407506702415
374 0.45454545454545453
375 0.456
376 0.45478723404255317
377 0.4535809018567639
378 0.4523809523809524
379 0.45118733509234826
380 0.45
381 0.44881889763779526
382 0.4476439790575916
383 0.4464751958224543
384 0.4453125
385 0.44415584415584414
386 0.4430051813471503
387 0.4418604651162791
388 0.44072164948453607
389 0.442159383033419
390 0.441025641025641
391 0.4398976982097187
392 0.4387755102040816
393 0.43765903307888043
394 0.4365482233502538
395 0.43544303797468353
396 0.43434343434343436
397 0.4332493702770781
398 0.4321608040201005
399 0.43107769423558895
400 0.43
401 0.428927680798005
402 0.42786069651741293
403 0.4267990074441687
404 0.42574257425742573
405 0.4246913580246914
406 0.42610837438423643
407 0.4250614250614251
408 0.42401960784313725
409 0.4229828850855746
410 0.4219512195121951
411 0.4209245742092457
412 0.4199029126213592
413 0.4188861985472155
414 0.4178743961352657
415 0.41686746987951806
416 0.41586538461538464
417 0.4148681055155875
418 0.4138755980861244
419 0.4128878281622912
420 0.4119047619047619
421 0.41092636579572445
422 0.4099526066350711
423 0.408983451536643
424 0.4080188679245283
425 0.40941176470588236
426 0.4084507042253521
427 0.40749414519906324
428 0.40654205607476634
429 0.40559440559440557
430 0.4046511627906977
431 0.4037122969837587
432 0.4027777777777778
433 0.4018475750577367
434 0.4009216589861751
435 0.4
436 0.39908256880733944
437 0.39816933638443935
438 0.3972602739726027
439 0.39635535307517084
440 0.39545454545454545
441 0.3968253968253968
442 0.39819004524886875
443 0.3972911963882618
444 0.3963963963963964
445 0.3955056179775281
446 0.39461883408071746
447 0.39373601789709173
448 0.3950892857142857
449 0.39420935412026725
450 0.3933333333333333
451 0.3924611973392461
452 0.3938053097345133
453 0.39293598233995586
454 0.3920704845814978
455 0.3912087912087912
456 0.39035087719298245
457 0.38949671772428884
458 0.39082969432314413
459 0.3899782135076253
460 0.38913043478260867
461 0.3882863340563991
462 0.38961038961038963
463 0.38876889848812096
464 0.3879310344827586
465 0.3870967741935484
466 0.38626609442060084
467 0.3854389721627409
468 0.38461538461538464
469 0.3837953091684435
470 0.3829787234042553
471 0.3821656050955414
472 0.3813559322033898
473 0.38266384778012685
474 0.3818565400843882
475 0.38105263157894737
476 0.3802521008403361
477 0.37945492662473795
478 0.3786610878661088
479 0.3778705636743215
480 0.3770833333333333
481 0.3762993762993763
482 0.3755186721991701
483 0.3747412008281574
484 0.3739669421487603
485 0.3731958762886598
486 0.3724279835390947
487 0.37166324435318276
488 0.3709016393442623
489 0.37014314928425357
490 0.3693877551020408
491 0.36863543788187375
492 0.3678861788617886
493 0.3671399594320487
494 0.36639676113360325
495 0.3656565656565657
496 0.3649193548387097
497 0.3641851106639839
498 0.3634538152610442
499 0.3627254509018036
500 0.362
501 0.36127744510978044
502 0.3605577689243028
503 0.35984095427435386
504 0.35912698412698413
505 0.3584158415841584
506 0.3577075098814229
507 0.35700197238658776
508 0.3562992125984252
509 0.3555992141453831
510 0.35490196078431374
511 0.3542074363992172
512 0.353515625
513 0.35282651072124754
514 0.3521400778210117
515 0.35145631067961164
516 0.3507751937984496
517 0.35009671179883944
518 0.34942084942084944
519 0.348747591522158
520 0.34807692307692306
521 0.3474088291746641
522 0.34674329501915707
523 0.34608030592734224
524 0.34541984732824427
525 0.34476190476190477
526 0.344106463878327
527 0.34345351043643263
528 0.3428030303030303
529 0.34215500945179583
530 0.34150943396226413
531 0.3408662900188324
532 0.34022556390977443
533 0.3395872420262664
534 0.3389513108614232
535 0.3383177570093458
536 0.3376865671641791
537 0.33891992551210426
538 0.3382899628252788
539 0.33766233766233766
540 0.337037037037037
541 0.3364140480591497
542 0.33579335793357934
543 0.3351749539594843
544 0.33455882352941174
545 0.3339449541284404
546 0.3333333333333333
547 0.3327239488117002
548 0.33211678832116787
549 0.331511839708561
550 0.33090909090909093
551 0.33030852994555354
552 0.32971014492753625
553 0.3291139240506329
554 0.3285198555956679
555 0.3279279279279279
556 0.3273381294964029
557 0.3267504488330341
558 0.32616487455197135
559 0.32558139534883723
560 0.3267857142857143
561 0.32620320855614976
562 0.32562277580071175
563 0.325044404973357
564 0.324468085106383
565 0.3238938053097345
566 0.32332155477031804
567 0.32451499118165783
568 0.323943661971831
569 0.3233743409490334
570 0.32280701754385965
571 0.3222416812609457
572 0.32167832167832167
573 0.32111692844677137
574 0.3205574912891986
575 0.32
576 0.3194444444444444
577 0.3188908145580589
578 0.31833910034602075
579 0.3177892918825561
580 0.31724137931034485
581 0.31669535283993117
582 0.3161512027491409
583 0.3156089193825043
584 0.3150684931506849
585 0.3145299145299145
586 0.31399317406143346
587 0.313458262350937
588 0.3129251700680272
589 0.31239388794567063
590 0.31186440677966104
591 0.311336717428088
592 0.3108108108108108
593 0.3102866779089376
594 0.30976430976430974
595 0.3092436974789916
596 0.3087248322147651
597 0.3082077051926298
598 0.3076923076923077
599 0.3071786310517529
600 0.30666666666666664
601 0.30782029950083195
602 0.3073089700996678
603 0.3067993366500829
604 0.30629139072847683
605 0.30578512396694213
606 0.30528052805280526
607 0.30477759472817134
608 0.3042763157894737
609 0.30377668308702793
610 0.30327868852459017
611 0.3027823240589198
612 0.3022875816993464
613 0.30179445350734097
614 0.30130293159609123
615 0.3008130081300813
616 0.3003246753246753
617 0.29983792544570503
618 0.2993527508090615
619 0.2988691437802908
620 0.29838709677419356
621 0.29790660225442833
622 0.297427652733119
623 0.2969502407704655
624 0.296474358974359
625 0.296
626 0.2955271565495208
627 0.29505582137161085
628 0.2945859872611465
629 0.29411764705882354
630 0.29365079365079366
631 0.2931854199683043
632 0.2927215189873418
633 0.292259083728278
634 0.2917981072555205
635 0.29133858267716534
636 0.2908805031446541
637 0.2904238618524333
638 0.28996865203761757
639 0.2895148669796557
640 0.2890625
641 0.28861154446177845
642 0.2881619937694704
643 0.28771384136858474
644 0.28726708074534163
645 0.2868217054263566
646 0.28637770897832815
647 0.28593508500772796
648 0.2854938271604938
649 0.2850539291217257
650 0.2846153846153846
651 0.28417818740399386
652 0.2837423312883436
653 0.2833078101071976
654 0.28287461773700306
655 0.2824427480916031
656 0.28353658536585363
657 0.2831050228310502
658 0.2826747720364742
659 0.2822458270106222
660 0.2818181818181818
661 0.2813918305597579
662 0.2809667673716012
663 0.28054298642533937
664 0.28012048192771083
665 0.2796992481203007
666 0.27927927927927926
667 0.27886056971514245
668 0.27844311377245506
669 0.27802690582959644
670 0.27761194029850744
671 0.27719821162444114
672 0.2767857142857143
673 0.2763744427934621
674 0.27596439169139464
675 0.27555555555555555
676 0.27514792899408286
677 0.27474150664697194
678 0.2743362831858407
679 0.27393225331369664
680 0.2735294117647059
681 0.27312775330396477
682 0.2727272727272727
683 0.27232796486090777
684 0.2719298245614035
685 0.27153284671532846
686 0.27113702623906705
687 0.27074235807860264
688 0.2703488372093023
689 0.26995645863570394
690 0.26956521739130435
691 0.2691751085383502
692 0.26878612716763006
693 0.2683982683982684
694 0.26945244956772335
695 0.26906474820143883
696 0.2686781609195402
697 0.2682926829268293
698 0.2693409742120344
699 0.26895565092989987
700 0.26857142857142857
701 0.268188302425107
702 0.2678062678062678
703 0.267425320056899
704 0.26704545454545453
705 0.26666666666666666
706 0.26628895184135976
707 0.26591230551626593
708 0.2655367231638418
709 0.2651622002820874
710 0.2647887323943662
711 0.26441631504922647
712 0.2640449438202247
713 0.26367461430575034
714 0.26330532212885155
715 0.2629370629370629
716 0.26256983240223464
717 0.26220362622036264
718 0.2618384401114206
719 0.2614742698191933
720 0.2611111111111111
721 0.260748959778086
722 0.26038781163434904
723 0.2600276625172891
724 0.2596685082872928
725 0.2593103448275862
726 0.25895316804407714
727 0.2585969738651995
728 0.25824175824175827
729 0.2578875171467764
730 0.25753424657534246
731 0.25718194254445964
732 0.2568306010928962
733 0.25648021828103684
734 0.2561307901907357
735 0.25578231292517006
736 0.2554347826086957
737 0.25508819538670285
738 0.25474254742547425
739 0.2543978349120433
740 0.25405405405405407
741 0.25371120107962214
742 0.25336927223719674
743 0.253028263795424
744 0.25268817204301075
745 0.2523489932885906
746 0.2520107238605898
747 0.25167336010709507
748 0.25133689839572193
749 0.25100133511348466
750 0.25066666666666665
751 0.25033288948069243
752 0.25
753 0.249667994687915
754 0.2506631299734748
755 0.2503311258278146
756 0.25
757 0.24966974900924702
758 0.24934036939313983
759 0.2490118577075099
760 0.24868421052631579
761 0.2483574244415243
762 0.24803149606299213
763 0.24770642201834864
764 0.24738219895287958
765 0.24705882352941178
766 0.24673629242819844
767 0.24641460234680573
768 0.24609375
769 0.24577373211963588
770 0.24545454545454545
771 0.245136186770428
772 0.24481865284974094
773 0.2445019404915912
774 0.2441860465116279
775 0.24387096774193548
776 0.24355670103092783
777 0.24324324324324326
778 0.24293059125964012
779 0.24261874197689345
780 0.2423076923076923
781 0.24199743918053776
782 0.24168797953964194
783 0.2413793103448276
784 0.24107142857142858
785 0.24076433121019108
786 0.24045801526717558
787 0.24015247776365947
788 0.2398477157360406
789 0.23954372623574144
790 0.23924050632911392
791 0.23893805309734514
792 0.23863636363636365
793 0.23833543505674654
794 0.2380352644836272
795 0.23773584905660378
796 0.23743718592964824
797 0.2371392722710163
798 0.23684210526315788
799 0.23654568210262827
800 0.23625
801 0.23595505617977527
802 0.23566084788029926
803 0.23536737235367372
804 0.23507462686567165
805 0.23478260869565218
806 0.23449131513647642
807 0.2342007434944238
808 0.23391089108910892
809 0.23362175525339926
810 0.23333333333333334
811 0.23304562268803947
812 0.23275862068965517
813 0.23247232472324722
814 0.2321867321867322
815 0.23190184049079754
816 0.23161764705882354
817 0.23133414932680538
818 0.2310513447432763
819 0.23076923076923078
820 0.2304878048780488
821 0.23020706455542023
822 0.22992700729927007
823 0.22964763061968407
824 0.22936893203883496
825 0.2290909090909091
826 0.2288135593220339
827 0.22853688029020555
828 0.22826086956521738
829 0.22798552472858866
830 0.22771084337349398
831 0.22743682310469315
832 0.22716346153846154
833 0.22809123649459784
834 0.2278177458033573
835 0.2275449101796407
836 0.22727272727272727
837 0.2270011947431302
838 0.22673031026252982
839 0.22646007151370678
840 0.22738095238095238
841 0.22711058263971462
842 0.22684085510688837
843 0.2265717674970344
844 0.22630331753554503
845 0.22603550295857988
846 0.22695035460992907
847 0.22668240850059032
848 0.22641509433962265
849 0.22614840989399293
850 0.22588235294117648
851 0.2256169212690952
852 0.22535211267605634
853 0.2250879249706917
854 0.22482435597189696
855 0.22456140350877193
856 0.22429906542056074
857 0.22403733955659277
858 0.22377622377622378
859 0.22351571594877764
860 0.22325581395348837
861 0.2229965156794425
862 0.22273781902552203
863 0.22247972190034762
864 0.2222222222222222
865 0.22196531791907514
866 0.22170900692840648
867 0.22145328719723184
868 0.22119815668202766
869 0.22094361334867663
870 0.2206896551724138
871 0.22043628013777267
872 0.22018348623853212
873 0.21993127147766323
874 0.21967963386727687
875 0.21942857142857142
876 0.2191780821917808
877 0.21892816419612315
878 0.21867881548974943
879 0.21843003412969283
880 0.21818181818181817
881 0.21793416572077184
882 0.21768707482993196
883 0.217440543601359
884 0.2171945701357466
885 0.21694915254237288
886 0.21670428893905191
887 0.21645997745208567
888 0.21621621621621623
889 0.21597300337457817
890 0.2157303370786517
891 0.21548821548821548
892 0.21524663677130046
893 0.21500559910414332
894 0.21476510067114093
895 0.21452513966480447
896 0.21428571428571427
897 0.2140468227424749
898 0.21380846325167038
899 0.2135706340378198
900 0.21333333333333335
901 0.21309655937846836
902 0.21286031042128603
903 0.21262458471760798
904 0.21238938053097345
905 0.2121546961325967
906 0.2119205298013245
907 0.21168687982359427
908 0.21145374449339208
909 0.21122112211221122
910 0.210989010989011
911 0.21185510428100987
912 0.21162280701754385
913 0.21139101861993428
914 0.2111597374179431
915 0.21092896174863388
916 0.21069868995633187
917 0.21046892039258452
918 0.210239651416122
919 0.2100108813928183
920 0.20978260869565218
921 0.20955483170466885
922 0.20932754880694143
923 0.20910075839653305
924 0.20887445887445888
925 0.20864864864864865
926 0.20950323974082075
927 0.209277238403452
928 0.20905172413793102
929 0.20882669537136705
930 0.2086021505376344
931 0.2083780880773362
932 0.20815450643776823
933 0.20793140407288319
934 0.20770877944325483
935 0.20748663101604278
936 0.20726495726495728
937 0.20704375667022412
938 0.2068230277185501
939 0.2066027689030884
940 0.20638297872340425
941 0.206163655685441
942 0.2059447983014862
943 0.20572640509013787
944 0.2055084745762712
945 0.2052910052910053
946 0.20507399577167018
947 0.20485744456177402
948 0.20464135021097046
949 0.20442571127502634
950 0.20421052631578948
951 0.20399579390115669
952 0.20378151260504201
953 0.20356768100734524
954 0.20335429769392033
955 0.2031413612565445
956 0.20292887029288703
957 0.2027168234064786
958 0.20250521920668058
959 0.20229405630865485
960 0.20208333333333334
961 0.20187304890738814
962 0.20166320166320167
963 0.20145379023883697
964 0.2012448132780083
965 0.20103626943005182
966 0.20082815734989648
967 0.20062047569803515
968 0.20041322314049587
969 0.2002063983488132
970 0.2
971 0.19979402677651906
972 0.19958847736625515
973 0.19938335046248715
974 0.19917864476386038
975 0.19897435897435897
976 0.1987704918032787
977 0.1985670419651996
978 0.1983640081799591
979 0.19816138917262513
980 0.19795918367346937
981 0.19877675840978593
982 0.1985743380855397
983 0.19837232960325535
984 0.19817073170731708
985 0.19796954314720813
986 0.19776876267748478
987 0.19756838905775076
988 0.19736842105263158
989 0.19716885743174925
990 0.19696969696969696
991 0.19677093844601412
992 0.19657258064516128
993 0.19637462235649547
994 0.19617706237424548
995 0.19597989949748743
996 0.19578313253012047
997 0.19558676028084251
998 0.19539078156312625
999 0.19519519519519518
1000 0.195
1001 0.19480519480519481
1002 0.19461077844311378
1003 0.19441674975074777
1004 0.1942231075697211
1005 0.19402985074626866
1006 0.19383697813121273
1007 0.1936444885799404
1008 0.19345238095238096
1009 0.19326065411298315
1010 0.19306930693069307
1011 0.19287833827893175
1012 0.19268774703557312
1013 0.192497532082922
1014 0.19230769230769232
1015 0.1921182266009852
1016 0.1919291338582677
1017 0.19174041297935104
1018 0.19155206286836934
1019 0.19136408243375858
1020 0.19117647058823528
1021 0.1909892262487757
1022 0.1908023483365949
1023 0.1906158357771261
1024 0.1904296875
1025 0.1902439024390244
1026 0.19005847953216373
1027 0.189873417721519
1028 0.18968871595330739
1029 0.18950437317784258
1030 0.18932038834951456
1031 0.18913676042677013
1032 0.18895348837209303
1033 0.1887705711519845
1034 0.1885880077369439
1035 0.18840579710144928
1036 0.18822393822393824
1037 0.1880424300867888
1038 0.18786127167630057
1039 0.18768046198267566
1040 0.1875
1041 0.1873198847262248
1042 0.1871401151631478
1043 0.186960690316395
1044 0.1867816091954023
1045 0.18660287081339713
1046 0.1864244741873805
1047 0.18624641833810887
1048 0.18606870229007633
1049 0.18589132507149667
1050 0.18571428571428572
1051 0.18553758325404376
1052 0.18536121673003803
1053 0.18518518518518517
1054 0.18500948766603414
1055 0.1848341232227488
1056 0.1846590909090909
1057 0.18448438978240303
1058 0.1843100189035917
1059 0.18413597733711048
1060 0.18396226415094338
1061 0.18378887841658811
1062 0.18361581920903955
1063 0.18344308560677328
1064 0.18327067669172933
1065 0.18309859154929578
1066 0.18292682926829268
1067 0.18275538894095594
1068 0.18258426966292135
1069 0.1824134705332086
1070 0.1822429906542056
1071 0.18207282913165265
1072 0.18190298507462688
1073 0.18173345759552656
1074 0.18156424581005587
1075 0.1813953488372093
1076 0.1812267657992565
1077 0.181058495821727
1078 0.18089053803339517
1079 0.18072289156626506
1080 0.18055555555555555
1081 0.18038852913968548
1082 0.18022181146025879
1083 0.18005540166204986
1084 0.17988929889298894
1085 0.17972350230414746
1086 0.17955801104972377
1087 0.17939282428702852
1088 0.1801470588235294
1089 0.17998163452708907
1090 0.1798165137614679
1091 0.17965169569202566
1092 0.1794871794871795
1093 0.17932296431838976
1094 0.17915904936014626
1095 0.17899543378995433
1096 0.17883211678832117
1097 0.17866909753874202
1098 0.1785063752276867
1099 0.17834394904458598
1100 0.1781818181818182
1101 0.17801998183469572
1102 0.17785843920145192
1103 0.17769718948322757
1104 0.17753623188405798
1105 0.17737556561085974
1106 0.17721518987341772
1107 0.17705510388437218
1108 0.17689530685920576
1109 0.17673579801623085
1110 0.17657657657657658
1111 0.17641764176417643
1112 0.17625899280575538
1113 0.1761006289308176
1114 0.17594254937163376
1115 0.1757847533632287
1116 0.17562724014336917
1117 0.17547000895255147
1118 0.17531305903398928
1119 0.17515638963360142
1120 0.175
1121 0.17484388938447815
1122 0.1746880570409982
1123 0.1745325022261799
1124 0.17437722419928825
1125 0.17422222222222222
1126 0.17406749555950266
1127 0.17391304347826086
1128 0.17375886524822695
1129 0.17360496014171833
1130 0.17345132743362832
1131 0.17329796640141468
1132 0.17314487632508835
1133 0.17299205648720212
1134 0.1728395061728395
1135 0.1726872246696035
1136 0.17253521126760563
1137 0.1723834652594547
1138 0.17223198594024605
1139 0.17208077260755048
1140 0.17192982456140352
1141 0.17177914110429449
1142 0.17162872154115585
1143 0.1714785651793526
1144 0.17132867132867133
1145 0.17117903930131004
1146 0.17102966841186737
1147 0.17088055797733218
1148 0.17073170731707318
1149 0.17058311575282856
1150 0.17043478260869566
1151 0.17028670721112077
1152 0.1701388888888889
1153 0.16999132697311362
1154 0.16984402079722705
1155 0.1696969696969697
1156 0.1695501730103806
1157 0.1694036300777874
1158 0.1692573402417962
1159 0.16911130284728215
1160 0.16896551724137931
1161 0.16881998277347116
1162 0.1686746987951807
1163 0.16852966466036112
1164 0.16838487972508592
1165 0.1682403433476395
1166 0.1680960548885077
1167 0.16795201371036847
1168 0.1678082191780822
1169 0.16766467065868262
1170 0.1675213675213675
1171 0.16737830913748933
1172 0.16723549488054607
1173 0.16709292412617222
1174 0.16695059625212946
1175 0.16680851063829788
1176 0.16666666666666666
1177 0.16652506372132542
1178 0.166383701188455
1179 0.1662425784563189
1180 0.16610169491525423
1181 0.165961049957663
1182 0.1658206429780034
1183 0.16568047337278108
1184 0.16554054054054054
1185 0.16540084388185655
1186 0.16526138279932545
1187 0.16512215669755687
1188 0.16498316498316498
1189 0.1648444070647603
1190 0.16470588235294117
1191 0.16456759026028547
1192 0.1644295302013423
1193 0.16429170159262363
1194 0.16499162479061977
1195 0.16485355648535566
1196 0.16471571906354515
1197 0.164578111946533
1198 0.164440734557596
1199 0.16430358632193495
1200 0.16416666666666666
1201 0.16402997502081598
1202 0.1638935108153078
1203 0.16375727348295926
1204 0.16362126245847175
1205 0.16348547717842324
1206 0.16334991708126037
1207 0.1632145816072908
1208 0.1630794701986755
1209 0.16294458229942102
1210 0.1628099173553719
1211 0.16267547481420314
1212 0.16254125412541254
1213 0.16240725474031328
1214 0.16227347611202636
1215 0.16213991769547326
1216 0.16200657894736842
1217 0.161873459326212
1218 0.16174055829228243
1219 0.1616078753076292
1220 0.16147540983606556
1221 0.16134316134316135
1222 0.16121112929623568
1223 0.16107931316434995
1224 0.16094771241830066
1225 0.16081632653061226
1226 0.16068515497553018
1227 0.16055419722901385
1228 0.16042345276872963
1229 0.16029292107404394
1230 0.16016260162601625
1231 0.16003249390739235
1232 0.1599025974025974
1233 0.1597729115977291
1234 0.15964343598055106
1235 0.15951417004048582
1236 0.1593851132686084
1237 0.15925626515763944
1238 0.1591276252019386
1239 0.15899919289749798
1240 0.1588709677419355
1241 0.1587429492344883
1242 0.15861513687600645
1243 0.1584875301689461
1244 0.15836012861736334
1245 0.15823293172690764
1246 0.1581059390048154
1247 0.15797914995990378
1248 0.1578525641025641
1249 0.1577261809447558
1250 0.1576
1251 0.1574740207833733
1252 0.1573482428115016
1253 0.15722266560255388
1254 0.15709728867623604
1255 0.15697211155378485
1256 0.15684713375796178
1257 0.15672235481304694
1258 0.15659777424483307
1259 0.15647339158061954
1260 0.15634920634920635
1261 0.15622521808088818
1262 0.1561014263074485
1263 0.1559778305621536
1264 0.15585443037974683
1265 0.15573122529644268
1266 0.15560821484992102
1267 0.15548539857932123
1268 0.1553627760252366
1269 0.15524034672970843
1270 0.15511811023622046
1271 0.15499606608969316
1272 0.15487421383647798
1273 0.15475255302435192
1274 0.1546310832025118
1275 0.15529411764705883
1276 0.15517241379310345
1277 0.15505090054815976
1278 0.15492957746478872
1279 0.15480844409695074
1280 0.1546875
1281 0.15456674473067916
1282 0.1544461778471139
1283 0.1543257989088075
1284 0.1542056074766355
1285 0.15408560311284047
1286 0.15396578538102643
1287 0.15384615384615385
1288 0.15372670807453417
1289 0.15360744763382467
1290 0.15348837209302327
1291 0.1533694810224632
1292 0.15325077399380804
1293 0.1531322505800464
1294 0.15301391035548687
1295 0.15289575289575288
1296 0.1527777777777778
1297 0.15265998457979954
1298 0.15254237288135594
1299 0.15242494226327943
1300 0.1523076923076923
1301 0.15219062259800153
1302 0.15207373271889402
1303 0.15195702225633154
1304 0.15184049079754602
1305 0.15172413793103448
1306 0.15237366003062788
1307 0.15225707727620505
1308 0.15214067278287463
1309 0.1520244461420932
1310 0.15190839694656488
1311 0.15179252479023647
1312 0.15167682926829268
1313 0.15156130997715156
1314 0.15144596651445966
1315 0.15133079847908745
1316 0.15121580547112462
1317 0.15110098709187547
1318 0.15098634294385432
1319 0.1508718726307809
1320 0.15075757575757576
1321 0.1506434519303558
1322 0.15052950075642965
1323 0.15041572184429328
1324 0.15030211480362538
1325 0.150188679245283
1326 0.15007541478129713
1327 0.14996232102486812
1328 0.14984939759036145
1329 0.14973664409330323
1330 0.15037593984962405
1331 0.15026296018031554
1332 0.15015015015015015
1333 0.15003750937734434
1334 0.14992503748125938
1335 0.149812734082397
1336 0.1497005988023952
1337 0.14958863126402394
1338 0.14947683109118087
1339 0.14936519790888722
1340 0.14925373134328357
1341 0.14914243102162567
1342 0.14903129657228018
1343 0.14892032762472077
1344 0.1488095238095238
1345 0.14869888475836432
1346 0.1485884101040119
1347 0.14847809948032664
1348 0.14836795252225518
1349 0.14825796886582654
1350 0.14814814814814814
1351 0.14803849000740193
1352 0.14792899408284024
1353 0.14781966001478197
1354 0.14771048744460857
1355 0.14760147601476015
1356 0.14749262536873156
1357 0.14738393515106854
1358 0.14727540500736377
1359 0.14716703458425312
1360 0.14705882352941177
1361 0.14695077149155034
1362 0.14684287812041116
1363 0.1467351430667645
1364 0.1466275659824047
1365 0.14652014652014653
1366 0.14641288433382138
1367 0.14630577907827358
1368 0.14619883040935672
1369 0.14609203798392986
1370 0.145985401459854
1371 0.14587892049598833
1372 0.1457725947521866
1373 0.14566642388929352
1374 0.14556040756914118
1375 0.14545454545454545
1376 0.14534883720930233
1377 0.14524328249818447
1378 0.14513788098693758
1379 0.145032632342277
1380 0.14492753623188406
1381 0.14482259232440262
1382 0.1447178002894356
1383 0.14461315979754158
1384 0.14450867052023122
1385 0.1444043321299639
1386 0.1443001443001443
1387 0.14419610670511895
1388 0.1440922190201729
1389 0.14398848092152627
1390 0.14388489208633093
1391 0.14378145219266714
1392 0.14367816091954022
1393 0.14357501794687724
1394 0.14347202295552366
1395 0.14336917562724014
1396 0.14326647564469913
1397 0.14316392269148176
1398 0.1430615164520744
1399 0.14295925661186562
1400 0.14285714285714285
1401 0.14275517487508924
1402 0.14265335235378032
1403 0.14255167498218105
1404 0.14245014245014245
1405 0.1423487544483986
1406 0.1422475106685633
1407 0.14214641080312723
1408 0.14204545454545456
1409 0.14194464158977999
1410 0.14184397163120568
1411 0.14174344436569808
1412 0.141643059490085
1413 0.14154281670205238
1414 0.14144271570014144
1415 0.1413427561837456
1416 0.14124293785310735
1417 0.14114326040931546
1418 0.14104372355430184
1419 0.14094432699083861
1420 0.14084507042253522
1421 0.14074595355383532
1422 0.14064697609001406
1423 0.14054813773717498
1424 0.1404494382022472
1425 0.14035087719298245
1426 0.1402524544179523
1427 0.1401541695865452
1428 0.1400560224089636
1429 0.13995801259622112
1430 0.13986013986013987
1431 0.13976240391334732
1432 0.13966480446927373
1433 0.13956734124214934
1434 0.1394700139470014
1435 0.13937282229965156
1436 0.1392757660167131
1437 0.13917884481558804
1438 0.13908205841446453
1439 0.13898540653231412
1440 0.1388888888888889
1441 0.13879250520471895
1442 0.13869625520110956
1443 0.1386001386001386
1444 0.13850415512465375
1445 0.1384083044982699
1446 0.13831258644536654
1447 0.138217000691085
1448 0.13812154696132597
1449 0.13802622498274672
1450 0.13793103448275862
1451 0.13783597518952448
1452 0.13774104683195593
1453 0.13764624913971094
1454 0.1375515818431912
1455 0.13745704467353953
1456 0.13736263736263737
1457 0.13726835964310227
1458 0.13717421124828533
1459 0.13708019191226867
1460 0.136986301369863
1461 0.13689253935660506
1462 0.13679890560875513
1463 0.1367053998632946
1464 0.13729508196721313
1465 0.1372013651877133
1466 0.13710777626193724
1467 0.13701431492842536
1468 0.1369209809264305
1469 0.13682777399591559
1470 0.13673469387755102
1471 0.13664174031271245
1472 0.13654891304347827
1473 0.1364562118126273
1474 0.13636363636363635
1475 0.13627118644067795
1476 0.13617886178861788
1477 0.13608666215301288
1478 0.13599458728010824
1479 0.1359026369168357
1480 0.1358108108108108
1481 0.13571910871033085
1482 0.13562753036437247
1483 0.13553607552258934
1484 0.13544474393530997
1485 0.13535353535353536
1486 0.13526244952893673
1487 0.1351714862138534
1488 0.1350806451612903
1489 0.13498992612491606
1490 0.1348993288590604
1491 0.13480885311871227
1492 0.13471849865951743
1493 0.1346282652377763
1494 0.13453815261044177
1495 0.13444816053511705
1496 0.13502673796791445
1497 0.134936539746159
1498 0.1348464619492657
1499 0.13475650433622416
1500 0.13466666666666666
1501 0.1345769487008661
1502 0.13448735019973368
1503 0.13439787092481703
1504 0.13430851063829788
1505 0.13421926910299004
1506 0.1341301460823373
1507 0.13404114134041142
1508 0.13395225464190982
1509 0.13386348575215373
1510 0.1337748344370861
1511 0.13368630046326935
1512 0.1335978835978836
1513 0.1335095836087244
1514 0.1334214002642008
1515 0.13333333333333333
1516 0.13324538258575197
1517 0.13315754779169414
1518 0.13306982872200263
1519 0.13298222514812377
1520 0.13289473684210526
1521 0.13280736357659434
1522 0.13272010512483573
1523 0.13263296126066973
1524 0.1325459317585302
1525 0.13245901639344262
1526 0.13237221494102228
1527 0.13228552717747216
1528 0.13219895287958114
1529 0.13211249182472204
1530 0.13202614379084968
1531 0.131939908556499
1532 0.13185378590078328
1533 0.13176777560339203
1534 0.1316818774445893
1535 0.13159609120521173
1536 0.13151041666666666
1537 0.13142485361093037
1538 0.13133940182054615
1539 0.13125406107862247
1540 0.13116883116883116
1541 0.13108371187540557
1542 0.1309987029831388
1543 0.13091380427738172
1544 0.13082901554404144
1545 0.1307443365695793
1546 0.13065976714100905
1547 0.1305753070458953
1548 0.13049095607235142
1549 0.13040671400903808
1550 0.13032258064516128
1551 0.13023855577047067
1552 0.13015463917525774
1553 0.13007083065035416
1554 0.12998712998713
1555 0.12990353697749196
1556 0.12982005141388175
1557 0.12973667308927425
1558 0.12965340179717585
1559 0.12957023733162285
1560 0.1294871794871795
1561 0.1294042280589366
1562 0.1293213828425096
1563 0.12923864363403711
1564 0.12915601023017903
1565 0.129073482428115
1566 0.12899106002554278
1567 0.12890874282067646
1568 0.1288265306122449
1569 0.12874442319949012
1570 0.1286624203821656
1571 0.12858052196053468
1572 0.12849872773536897
1573 0.12841703750794659
1574 0.12833545108005082
1575 0.12825396825396826
1576 0.1281725888324873
1577 0.12809131261889664
1578 0.12801013941698353
1579 0.1279290690310323
1580 0.12784810126582277
1581 0.12776723592662872
1582 0.1276864728192162
1583 0.12760581174984206
1584 0.1275252525252525
1585 0.12744479495268138
1586 0.1273644388398487
1587 0.12728418399495905
1588 0.12720403022670027
1589 0.12712397734424166
1590 0.1270440251572327
1591 0.12696417347580138
1592 0.12688442211055276
1593 0.12680477087256747
1594 0.12672521957340024
1595 0.12664576802507838
1596 0.12656641604010024
1597 0.12648716343143393
1598 0.12640801001251564
1599 0.12632895559724827
1600 0.12625
1601 0.12617114303560276
1602 0.12609238451935081
1603 0.1260137242669994
1604 0.1259351620947631
1605 0.12585669781931463
1606 0.12577833125778332
1607 0.12570006222775357
1608 0.1256218905472637
1609 0.12554381603480422
1610 0.12546583850931678
1611 0.12538795779019243
1612 0.12531017369727046
1613 0.12523248605083695
1614 0.1251548946716233
1615 0.12507739938080495
1616 0.125
1617 0.12492269635126778
1618 0.12484548825710753
1619 0.12476837554045707
1620 0.12469135802469136
1621 0.12461443553362123
1622 0.12453760789149199
1623 0.12446087492298213
1624 0.12438423645320197
1625 0.12430769230769231
1626 0.12423124231242312
1627 0.12415488629379226
1628 0.12407862407862408
1629 0.1240024554941682
1630 0.12392638036809817
1631 0.12385039852851011
1632 0.12377450980392157
1633 0.12369871402327005
1634 0.12362301101591187
1635 0.1235474006116208
1636 0.1234718826405868
1637 0.12339645693341478
1638 0.12332112332112333
1639 0.12324588163514338
1640 0.12317073170731707
1641 0.12309567336989641
1642 0.12302070645554203
1643 0.12294583079732198
1644 0.12287104622871046
1645 0.12279635258358662
1646 0.1227217496962333
1647 0.12264723740133576
1648 0.12257281553398058
1649 0.12249848392965433
1650 0.12242424242424242
1651 0.12235009085402786
1652 0.12227602905569007
1653 0.12220205686630368
1654 0.12212817412333736
1655 0.12205438066465257
1656 0.12198067632850242
1657 0.12190706095353047
1658 0.1218335343787696
1659 0.12176009644364075
1660 0.1216867469879518
1661 0.12161348585189645
1662 0.12154031287605295
1663 0.12146722790138305
1664 0.12139423076923077
1665 0.12132132132132133
1666 0.1212484993997599
1667 0.12117576484703059
1668 0.1211031175059952
1669 0.12103055721989216
1670 0.12095808383233533
1671 0.12088569718731298
1672 0.12141148325358851
1673 0.12133891213389121
1674 0.12126642771804062
1675 0.12119402985074627
1676 0.12112171837708831
1677 0.1210494931425164
1678 0.12097735399284863
1679 0.1209053007742704
1680 0.12083333333333333
1681 0.1207614515169542
1682 0.1206896551724138
1683 0.12061794414735591
1684 0.12054631828978622
1685 0.12047477744807121
1686 0.12040332147093713
1687 0.12033195020746888
1688 0.12026066350710901
1689 0.1201894612196566
1690 0.12011834319526628
1691 0.12004730928444707
1692 0.11997635933806147
1693 0.11990549320732427
1694 0.11983471074380166
1695 0.11976401179941003
1696 0.11969339622641509
1697 0.11962286387743076
1698 0.11955241460541814
1699 0.11948204826368453
1700 0.11941176470588236
1701 0.11934156378600823
1702 0.11927144535840188
1703 0.11920140927774515
1704 0.11913145539906103
1705 0.11906158357771261
1706 0.11899179366940212
1707 0.11892208553016989
1708 0.11885245901639344
1709 0.11878291398478642
1710 0.11871345029239766
1711 0.11864406779661017
1712 0.1185747663551402
1713 0.11850554582603619
1714 0.11843640606767794
1715 0.11836734693877551
1716 0.1182983682983683
1717 0.11822947000582411
1718 0.11816065192083819
1719 0.11809191390343222
1720 0.11802325581395348
1721 0.1179546775130738
1722 0.11788617886178862
1723 0.11781775972141613
1724 0.1177494199535963
1725 0.11768115942028985
1726 0.11761297798377753
1727 0.11754487550665894
1728 0.11747685185185185
1729 0.11740890688259109
1730 0.11734104046242774
1731 0.1172732524552282
1732 0.11720554272517321
1733 0.11713791113675708
1734 0.11707035755478662
1735 0.1170028818443804
1736 0.11693548387096774
1737 0.11686816350028785
1738 0.11680092059838895
1739 0.11673375503162738
1740 0.11666666666666667
1741 0.11659965537047674
1742 0.11653272101033295
1743 0.11646586345381527
1744 0.11639908256880734
1745 0.11633237822349571
1746 0.11626575028636885
1747 0.11619919862621637
1748 0.11613272311212815
1749 0.11606632361349342
1750 0.116
1751 0.11593375214163336
1752 0.1158675799086758
1753 0.11580148317170565
1754 0.11573546180159636
1755 0.11566951566951567
1756 0.11560364464692482
1757 0.11553784860557768
1758 0.11547212741751992
1759 0.11540648095508811
1760 0.11534090909090909
1761 0.11527541169789893
1762 0.1152099886492622
1763 0.11514463981849121
1764 0.11507936507936507
1765 0.115014164305949
1766 0.11494903737259343
1767 0.11488398415393322
1768 0.11481900452488687
1769 0.11475409836065574
1770 0.11468926553672316
1771 0.11462450592885376
1772 0.11455981941309255
1773 0.11449520586576424
1774 0.11443066516347238
1775 0.1143661971830986
1776 0.1143018018018018
1777 0.11423747889701745
1778 0.1141732283464567
1779 0.11410905002810567
1780 0.11404494382022472
1781 0.11398090960134756
1782 0.11391694725028058
1783 0.11385305664610207
1784 0.11378923766816143
1785 0.11372549019607843
1786 0.11366181410974244
1787 0.11359820928931169
1788 0.11353467561521252
1789 0.11347121296813863
1790 0.11340782122905028
1791 0.11334450027917364
1792 0.11328125
1793 0.113218070273285
1794 0.11315496098104794
1795 0.11309192200557103
1796 0.11302895322939867
1797 0.11296605453533667
1798 0.11290322580645161
1799 0.11284046692607004
1800 0.11277777777777778
1801 0.11271515824541921
1802 0.11265260821309656
1803 0.11259012756516916
1804 0.11252771618625278
1805 0.11246537396121883
1806 0.1124031007751938
1807 0.11234089651355839
1808 0.1122787610619469
1809 0.11221669430624655
1810 0.11215469613259668
1811 0.11209276642738818
1812 0.1120309050772627
1813 0.11196911196911197
1814 0.11190738699007717
1815 0.1118457300275482
1816 0.11178414096916299
1817 0.11172261970280682
1818 0.11166116611661166
1819 0.11159978009895546
1820 0.11153846153846154
1821 0.11147721032399781
1822 0.11141602634467618
1823 0.1113549094898519
1824 0.1112938596491228
1825 0.11123287671232877
1826 0.11117196056955093
1827 0.1111111111111111
1828 0.11105032822757112
1829 0.11098961180973209
1830 0.11092896174863388
1831 0.11086837793555435
1832 0.11080786026200873
1833 0.11074740861974905
1834 0.11068702290076336
1835 0.1106267029972752
1836 0.11056644880174292
1837 0.11050626020685901
1838 0.11044613710554951
1839 0.11038607939097335
1840 0.11032608695652174
1841 0.11026615969581749
1842 0.11020629750271443
1843 0.1101465002712968
1844 0.11008676789587853
1845 0.11002710027100271
1846 0.10996749729144095
1847 0.10990795885219275
1848 0.10984848484848485
1849 0.10978907517577069
1850 0.10972972972972973
1851 0.10967044840626688
1852 0.10961123110151189
1853 0.10955207771181867
1854 0.10949298813376483
1855 0.10943396226415095
1856 0.109375
1857 0.10931610123855681
1858 0.1092572658772874
1859 0.10919849381387843
1860 0.10913978494623656
1861 0.1090811391724879
1862 0.10902255639097744
1863 0.10896403650026838
1864 0.10890557939914162
1865 0.10884718498659518
1866 0.10878885316184352
1867 0.10873058382431709
1868 0.10867237687366167
1869 0.10861423220973783
1870 0.10855614973262032
1871 0.10849812934259755
1872 0.10844017094017094
1873 0.10838227442605446
1874 0.10832443970117396
1875 0.10826666666666666
1876 0.10820895522388059
1877 0.108151305274374
1878 0.1080937167199148
1879 0.10803618946248005
1880 0.10797872340425532
1881 0.10792131844763424
1882 0.10786397449521785
1883 0.10780669144981413
1884 0.10774946921443737
1885 0.1076923076923077
1886 0.10763520678685047
1887 0.10757816640169582
1888 0.10752118644067797
1889 0.10746426680783483
1890 0.10740740740740741
1891 0.10735060814383923
1892 0.10729386892177589
1893 0.10723718964606445
1894 0.10718057022175291
1895 0.10712401055408971
1896 0.1070675105485232
1897 0.1070110701107011
1898 0.10695468914646997
1899 0.10689836756187467
1900 0.10684210526315789
1901 0.1067859021567596
1902 0.10672975814931651
1903 0.10667367314766159
1904 0.10661764705882353
1905 0.10656167979002625
1906 0.10650577124868835
1907 0.10644992134242265
1908 0.10639412997903563
1909 0.10633839706652698
1910 0.10628272251308901
1911 0.10622710622710622
1912 0.10617154811715482
1913 0.10611604809200209
1914 0.10606060606060606
1915 0.10600522193211488
1916 0.10594989561586639
1917 0.10589462702138759
1918 0.10583941605839416
1919 0.10578426263679
1920 0.10625
1921 0.10619469026548672
1922 0.10613943808532779
1923 0.1060842433697348
1924 0.10602910602910603
1925 0.10597402597402597
1926 0.1059190031152648
1927 0.10586403736377789
1928 0.10580912863070539
1929 0.1057542768273717
1930 0.10569948186528498
1931 0.10564474365613671
1932 0.10559006211180125
1933 0.10553543714433523
1934 0.10548086866597725
1935 0.10542635658914729
1936 0.10537190082644628
1937 0.10531750129065565
1938 0.10526315789473684
1939 0.10520887055183084
1940 0.10515463917525773
1941 0.10510046367851623
1942 0.10504634397528322
1943 0.10499227997941328
1944 0.10493827160493827
1945 0.10488431876606684
1946 0.10483042137718397
1947 0.10477657935285054
1948 0.10472279260780287
1949 0.10466906105695228
1950 0.10461538461538461
1951 0.10456176319835982
1952 0.10450819672131148
1953 0.10445468509984639
1954 0.10440122824974411
1955 0.10434782608695652
1956 0.10429447852760736
1957 0.10424118548799183
1958 0.1041879468845761
1959 0.10413476263399694
1960 0.10408163265306122
1961 0.10402855685874554
1962 0.10397553516819572
1963 0.10392256749872644
1964 0.10386965376782077
1965 0.10381679389312977
1966 0.10376398779247202
1967 0.10371123538383324
1968 0.10365853658536585
1969 0.10360589131538853
1970 0.10355329949238579
1971 0.1035007610350076
1972 0.10344827586206896
1973 0.10339584389254941
1974 0.1033434650455927
1975 0.10329113924050633
1976 0.10323886639676114
1977 0.10318664643399089
1978 0.10313447927199192
1979 0.10308236483072258
1980 0.10303030303030303
1981 0.10297829379101464
1982 0.1029263370332997
1983 0.10287443267776097
1984 0.1028225806451613
1985 0.10277078085642317
1986 0.1027190332326284
1987 0.10266733769501761
1988 0.10261569416498995
1989 0.10256410256410256
1990 0.10251256281407035
1991 0.10246107483676545
1992 0.10240963855421686
1993 0.10235825388861014
1994 0.10230692076228685
1995 0.10225563909774436
1996 0.10220440881763528
1997 0.10215322984476716
1998 0.1021021021021021
1999 0.10205102551275638
2000 0.102
2001 0.10194902548725637
2002 0.1018981018981019
2003 0.1018472291562656
2004 0.10179640718562874
2005 0.10174563591022444
2006 0.1016949152542373
2007 0.10164424514200299
2008 0.10159362549800798
2009 0.101543056246889
2010 0.10149253731343283
2011 0.10144206862257583
2012 0.10139165009940358
2013 0.10134128166915052
2014 0.1012909632571996
2015 0.10124069478908189
2016 0.10119047619047619
2017 0.10114030738720872
2018 0.10109018830525272
2019 0.10104011887072809
2020 0.100990099009901
2021 0.10094012864918357
2022 0.10089020771513353
2023 0.10084033613445378
2024 0.1007905138339921
2025 0.10074074074074074
2026 0.10069101678183613
2027 0.10064134188455846
2028 0.10059171597633136
2029 0.10054213898472154
2030 0.10049261083743842
2031 0.10044313146233383
2032 0.10039370078740158
2033 0.10034431874077718
2034 0.10029498525073746
2035 0.10024570024570024
2036 0.10019646365422397
2037 0.10014727540500737
2038 0.10009813542688911
2039 0.10004904364884748
2040 0.1
2041 0.09995100440960314
2042 0.09990205680705191
2043 0.09985315712187959
2044 0.09980430528375733
2045 0.09975550122249388
2046 0.09970674486803519
2047 0.09965803615046409
2048 0.099609375
2049 0.09956076134699854
2050 0.09951219512195122
2051 0.09946367625548513
2052 0.09941520467836257
2053 0.09936678032148076
2054 0.09931840311587146
2055 0.09927007299270073
2056 0.09922178988326848
2057 0.09917355371900827
2058 0.09912536443148688
