1 1.0
2 1.0
3 1.0
4 1.0
5 1.0
6 1.0
7 1.0
8 1.0
9 1.0
10 1.0
11 1.0
12 1.0
13 1.0
14 1.0
15 1.0
16 1.0
17 1.0
18 1.0
19 1.0
20 1.0
21 1.0
22 1.0
23 1.0
24 1.0
25 0.96
26 0.9615384615384616
27 0.9629629629629629
28 0.9642857142857143
29 0.9655172413793104
30 0.9666666666666667
31 0.967741935483871
32 0.96875
33 0.9696969696969697
34 0.9705882352941176
35 0.9714285714285714
36 0.9722222222222222
37 0.972972972972973
38 0.9736842105263158
39 0.9743589743589743
40 0.975
41 0.975609756097561
42 0.9761904761904762
43 0.9767441860465116
44 0.9772727272727273
45 0.9777777777777777
46 0.9782608695652174
47 0.9787234042553191
48 0.9791666666666666
49 0.9795918367346939
50 0.98
51 0.9803921568627451
52 0.9807692307692307
53 0.9622641509433962
54 0.9629629629629629
55 0.9636363636363636
56 0.9642857142857143
57 0.9649122807017544
58 0.9655172413793104
59 0.9661016949152542
60 0.9666666666666667
61 0.9672131147540983
62 0.9516129032258065
63 0.9523809523809523
64 0.953125
65 0.9538461538461539
66 0.9545454545454546
67 0.9552238805970149
68 0.9558823529411765
69 0.9565217391304348
70 0.9571428571428572
71 0.9436619718309859
72 0.9444444444444444
73 0.9452054794520548
74 0.9324324324324325
75 0.92
76 0.9210526315789473
77 0.922077922077922
78 0.9102564102564102
79 0.9113924050632911
80 0.9125
81 0.9135802469135802
82 0.9146341463414634
83 0.9156626506024096
84 0.9166666666666666
85 0.9176470588235294
86 0.9186046511627907
87 0.9080459770114943
88 0.8977272727272727
89 0.898876404494382
90 0.9
91 0.8901098901098901
92 0.8804347826086957
93 0.8709677419354839
94 0.8723404255319149
95 0.8736842105263158
96 0.875
97 0.865979381443299
98 0.8673469387755102
99 0.8686868686868687
100 0.86
101 0.8514851485148515
102 0.8431372549019608
103 0.8349514563106796
104 0.8365384615384616
105 0.8285714285714286
106 0.8207547169811321
107 0.822429906542056
108 0.8148148148148148
109 0.8073394495412844
110 0.8090909090909091
111 0.8018018018018018
112 0.8035714285714286
113 0.8053097345132744
114 0.8070175438596491
115 0.8
116 0.7931034482758621
117 0.7863247863247863
118 0.7796610169491526
119 0.7815126050420168
120 0.7833333333333333
121 0.7851239669421488
122 0.7786885245901639
123 0.7804878048780488
124 0.782258064516129
125 0.784
126 0.7857142857142857
127 0.7874015748031497
128 0.78125
129 0.7829457364341085
130 0.7846153846153846
131 0.7862595419847328
132 0.7803030303030303
133 0.7819548872180451
134 0.7761194029850746
135 0.7777777777777778
136 0.7720588235294118
137 0.7737226277372263
138 0.7753623188405797
139 0.7769784172661871
140 0.7714285714285715
141 0.7659574468085106
142 0.7676056338028169
143 0.7622377622377622
144 0.7569444444444444
145 0.7517241379310344
146 0.7465753424657534
147 0.7482993197278912
148 0.75
149 0.7449664429530202
150 0.7466666666666667
151 0.7483443708609272
152 0.75
153 0.7450980392156863
154 0.7402597402597403
155 0.7419354838709677
156 0.7435897435897436
157 0.7452229299363057
158 0.740506329113924
159 0.7358490566037735
160 0.7375
161 0.7329192546583851
162 0.7283950617283951
163 0.7300613496932515
164 0.725609756097561
165 0.7212121212121212
166 0.7228915662650602
167 0.7245508982035929
168 0.7202380952380952
169 0.7159763313609467
170 0.711764705882353
171 0.7076023391812866
172 0.7093023255813954
173 0.7109826589595376
174 0.7068965517241379
175 0.7085714285714285
176 0.7045454545454546
177 0.7005649717514124
178 0.6966292134831461
179 0.6983240223463687
180 0.7
181 0.6961325966850829
182 0.6978021978021978
183 0.6939890710382514
184 0.6956521739130435
185 0.6918918918918919
186 0.6881720430107527
187 0.6844919786096256
188 0.6861702127659575
189 0.6878306878306878
190 0.6842105263157895
191 0.680628272251309
192 0.6770833333333334
193 0.6735751295336787
194 0.6752577319587629
195 0.6717948717948717
196 0.6683673469387755
197 0.6649746192893401
198 0.6616161616161617
199 0.6633165829145728
200 0.665
201 0.6616915422885572
202 0.6584158415841584
203 0.6600985221674877
204 0.6568627450980392
205 0.6536585365853659
206 0.6504854368932039
207 0.6473429951690821
208 0.6442307692307693
209 0.6411483253588517
210 0.638095238095238
211 0.6398104265402843
212 0.6367924528301887
213 0.6384976525821596
214 0.6401869158878505
215 0.6372093023255814
216 0.6342592592592593
217 0.631336405529954
218 0.6284403669724771
219 0.6301369863013698
220 0.6272727272727273
221 0.6244343891402715
222 0.6216216216216216
223 0.6188340807174888
224 0.6205357142857143
225 0.6177777777777778
226 0.6150442477876106
227 0.6123348017621145
228 0.6096491228070176
229 0.6069868995633187
230 0.6043478260869565
231 0.6017316017316018
232 0.5991379310344828
233 0.6008583690987125
234 0.5982905982905983
235 0.6
236 0.6016949152542372
237 0.5991561181434599
238 0.5966386554621849
239 0.5983263598326359
240 0.5958333333333333
241 0.5933609958506224
242 0.5909090909090909
243 0.588477366255144
244 0.5860655737704918
245 0.5836734693877551
246 0.5853658536585366
247 0.5870445344129555
248 0.5846774193548387
249 0.5863453815261044
250 0.584
251 0.5816733067729084
252 0.5793650793650794
253 0.5810276679841897
254 0.5826771653543307
255 0.5803921568627451
256 0.578125
257 0.5758754863813229
258 0.5736434108527132
259 0.5714285714285714
260 0.5692307692307692
261 0.5670498084291188
262 0.5687022900763359
263 0.5665399239543726
264 0.5681818181818182
265 0.5660377358490566
266 0.5676691729323309
267 0.5692883895131086
268 0.5671641791044776
269 0.5687732342007435
270 0.5666666666666667
271 0.5645756457564576
272 0.5625
273 0.5641025641025641
274 0.5656934306569343
275 0.5636363636363636
276 0.5615942028985508
277 0.5595667870036101
278 0.5575539568345323
279 0.5555555555555556
280 0.5535714285714286
281 0.5516014234875445
282 0.549645390070922
283 0.5512367491166078
284 0.5492957746478874
285 0.5508771929824562
286 0.548951048951049
287 0.5470383275261324
288 0.5451388888888888
289 0.5432525951557093
290 0.5448275862068965
291 0.5429553264604811
292 0.541095890410959
293 0.5392491467576792
294 0.5374149659863946
295 0.535593220338983
296 0.5337837837837838
297 0.5353535353535354
298 0.5335570469798657
299 0.5317725752508361
300 0.5333333333333333
301 0.53156146179402
302 0.5298013245033113
303 0.528052805280528
304 0.5263157894736842
305 0.5245901639344263
306 0.5228758169934641
307 0.5211726384364821
308 0.5194805194805194
309 0.517799352750809
310 0.5161290322580645
311 0.5144694533762058
312 0.5128205128205128
313 0.5111821086261981
314 0.5127388535031847
315 0.5111111111111111
316 0.509493670886076
317 0.5078864353312302
318 0.5062893081761006
319 0.5078369905956113
320 0.50625
321 0.5046728971962616
322 0.5031055900621118
323 0.5015479876160991
324 0.5030864197530864
325 0.5015384615384615
326 0.5
327 0.4984709480122324
328 0.4969512195121951
329 0.49544072948328266
330 0.49393939393939396
331 0.49244712990936557
332 0.49096385542168675
333 0.4924924924924925
334 0.49101796407185627
335 0.48955223880597015
336 0.49107142857142855
337 0.4896142433234421
338 0.4881656804733728
339 0.48672566371681414
340 0.4852941176470588
341 0.4868035190615836
342 0.4853801169590643
343 0.4839650145772595
344 0.48255813953488375
345 0.4811594202898551
346 0.4797687861271676
347 0.4783861671469741
348 0.47701149425287354
349 0.47564469914040114
350 0.47714285714285715
351 0.47863247863247865
352 0.4772727272727273
353 0.47592067988668557
354 0.4745762711864407
355 0.4732394366197183
356 0.4747191011235955
357 0.4733893557422969
358 0.4720670391061452
359 0.4735376044568245
360 0.4722222222222222
361 0.4709141274238227
362 0.4723756906077348
363 0.47107438016528924
364 0.4697802197802198
365 0.4684931506849315
366 0.4672131147540984
367 0.4659400544959128
368 0.46467391304347827
369 0.4634146341463415
370 0.4648648648648649
371 0.4636118598382749
372 0.46236559139784944
373 0.46112600536193027
374 0.45989304812834225
375 0.45866666666666667
376 0.4574468085106383
377 0.4562334217506631
378 0.455026455026455
379 0.45382585751978893
380 0.45526315789473687
381 0.4566929133858268
382 0.4581151832460733
383 0.45691906005221933
384 0.4557291666666667
385 0.45454545454545453
386 0.4533678756476684
387 0.45219638242894056
388 0.45103092783505155
389 0.4524421593830334
390 0.45384615384615384
391 0.45268542199488493
392 0.45153061224489793
393 0.45038167938931295
394 0.44923857868020306
395 0.4481012658227848
396 0.4494949494949495
397 0.44836272040302266
398 0.44974874371859297
399 0.44862155388471175
400 0.45
401 0.4488778054862843
402 0.44776119402985076
403 0.4466501240694789
404 0.44554455445544555
405 0.4444444444444444
406 0.4433497536945813
407 0.44226044226044225
408 0.4411764705882353
409 0.4400977995110024
410 0.43902439024390244
411 0.43795620437956206
412 0.4368932038834951
413 0.4358353510895884
414 0.43719806763285024
415 0.43614457831325304
416 0.43509615384615385
417 0.434052757793765
418 0.43301435406698563
419 0.431980906921241
420 0.430952380952381
421 0.42992874109263657
422 0.42890995260663506
423 0.42789598108747046
424 0.4268867924528302
425 0.4258823529411765
426 0.42488262910798125
427 0.4238875878220141
428 0.42289719626168226
429 0.4219114219114219
430 0.42093023255813955
431 0.419953596287703
432 0.41898148148148145
433 0.418013856812933
434 0.41705069124423966
435 0.4160919540229885
436 0.4151376146788991
437 0.41418764302059496
438 0.4132420091324201
439 0.4145785876993166
440 0.41363636363636364
441 0.4126984126984127
442 0.41402714932126694
443 0.41309255079006774
444 0.41216216216216217
445 0.41123595505617977
446 0.4103139013452915
447 0.40939597315436244
448 0.40848214285714285
449 0.40979955456570155
450 0.4088888888888889
451 0.4079822616407982
452 0.40707964601769914
453 0.40618101545253865
454 0.40748898678414097
455 0.4065934065934066
456 0.4057017543859649
457 0.4048140043763676
458 0.4039301310043668
459 0.40305010893246185
460 0.40217391304347827
461 0.40130151843817785
462 0.4004329004329004
463 0.4017278617710583
464 0.40301724137931033
465 0.4021505376344086
466 0.4012875536480687
467 0.4004282655246253
468 0.3995726495726496
469 0.39872068230277186
470 0.4
471 0.3991507430997877
472 0.3983050847457627
473 0.3974630021141649
474 0.39662447257383965
475 0.3957894736842105
476 0.3949579831932773
477 0.3941299790356394
478 0.39330543933054396
479 0.3924843423799583
480 0.39166666666666666
481 0.3908523908523909
482 0.3900414937759336
483 0.38923395445134573
484 0.3884297520661157
485 0.38762886597938145
486 0.3868312757201646
487 0.3860369609856263
488 0.38524590163934425
489 0.38445807770961143
490 0.3836734693877551
491 0.38289205702647655
492 0.3821138211382114
493 0.3813387423935091
494 0.3805668016194332
495 0.3797979797979798
496 0.3790322580645161
497 0.38028169014084506
498 0.3795180722891566
499 0.3787575150300601
500 0.378
501 0.3772455089820359
502 0.37649402390438247
503 0.3757455268389662
504 0.375
505 0.37425742574257426
506 0.37549407114624506
507 0.3747534516765286
508 0.37401574803149606
509 0.37328094302554027
510 0.37254901960784315
511 0.37377690802348335
512 0.373046875
513 0.3742690058479532
514 0.3735408560311284
515 0.37281553398058254
516 0.37209302325581395
517 0.3713733075435203
518 0.37065637065637064
519 0.3699421965317919
520 0.37115384615384617
521 0.3704414587332054
522 0.36973180076628354
523 0.3690248565965583
524 0.3683206106870229
525 0.3676190476190476
526 0.3688212927756654
527 0.3681214421252372
528 0.36742424242424243
529 0.3667296786389414
530 0.3660377358490566
531 0.3653483992467043
532 0.36466165413533835
533 0.36397748592870544
534 0.36329588014981273
535 0.36261682242990656
536 0.36380597014925375
537 0.36312849162011174
538 0.362453531598513
539 0.36178107606679033
540 0.3611111111111111
541 0.36044362292051757
542 0.35977859778597787
543 0.35911602209944754
544 0.3584558823529412
545 0.3577981651376147
546 0.35714285714285715
547 0.35648994515539306
548 0.35583941605839414
549 0.3551912568306011
550 0.3563636363636364
551 0.35571687840290384
552 0.35507246376811596
553 0.35443037974683544
554 0.35379061371841153
555 0.35315315315315315
556 0.35251798561151076
557 0.3518850987432675
558 0.35125448028673834
559 0.35062611806797855
560 0.35
561 0.3493761140819964
562 0.3487544483985765
563 0.3481349911190053
564 0.3475177304964539
565 0.3486725663716814
566 0.3480565371024735
567 0.3474426807760141
568 0.34683098591549294
569 0.3462214411247803
570 0.3456140350877193
571 0.3450087565674256
572 0.34440559440559443
573 0.34554973821989526
574 0.34494773519163763
575 0.3443478260869565
576 0.3454861111111111
577 0.34488734835355284
578 0.34429065743944637
579 0.3436960276338515
580 0.3431034482758621
581 0.342512908777969
582 0.34192439862542956
583 0.34133790737564323
584 0.3407534246575342
585 0.3401709401709402
586 0.3395904436860068
587 0.3390119250425894
588 0.33843537414965985
589 0.3378607809847199
590 0.33728813559322035
591 0.338409475465313
592 0.33783783783783783
593 0.33895446880269814
594 0.3383838383838384
595 0.3378151260504202
596 0.337248322147651
597 0.33835845896147404
598 0.3377926421404682
599 0.337228714524207
600 0.33666666666666667
601 0.33610648918469216
602 0.33554817275747506
603 0.33499170812603646
604 0.3344370860927152
605 0.3338842975206612
606 0.3333333333333333
607 0.3344316309719934
608 0.3338815789473684
609 0.3333333333333333
610 0.33278688524590166
611 0.3322422258592471
612 0.33169934640522875
613 0.33115823817292006
614 0.3322475570032573
615 0.33170731707317075
616 0.33116883116883117
617 0.33063209076175043
618 0.3300970873786408
619 0.3295638126009693
620 0.32903225806451614
621 0.3285024154589372
622 0.3279742765273312
623 0.3274478330658106
624 0.3269230769230769
625 0.3264
626 0.3258785942492013
627 0.3253588516746411
628 0.3248407643312102
629 0.32432432432432434
630 0.3238095238095238
631 0.3232963549920761
632 0.3227848101265823
633 0.3222748815165877
634 0.3217665615141956
635 0.32125984251968503
636 0.32075471698113206
637 0.3202511773940345
638 0.31974921630094044
639 0.3192488262910798
640 0.3203125
641 0.31981279251170047
642 0.32087227414330216
643 0.3203732503888025
644 0.32142857142857145
645 0.3209302325581395
646 0.3204334365325077
647 0.31993817619783615
648 0.3194444444444444
649 0.3189522342064715
650 0.31846153846153846
651 0.3195084485407066
652 0.31901840490797545
653 0.32006125574272587
654 0.3195718654434251
655 0.3190839694656489
656 0.31859756097560976
657 0.3181126331811263
658 0.31762917933130697
659 0.3171471927162367
660 0.31666666666666665
661 0.3161875945537065
662 0.3157099697885196
663 0.3152337858220211
664 0.3147590361445783
665 0.3142857142857143
666 0.3138138138138138
667 0.31334332833583206
668 0.312874251497006
669 0.312406576980568
670 0.31343283582089554
671 0.31296572280178836
672 0.3125
673 0.31203566121842496
674 0.3115727002967359
675 0.3111111111111111
676 0.3106508875739645
677 0.310192023633678
678 0.30973451327433627
679 0.30927835051546393
680 0.3088235294117647
681 0.30837004405286345
682 0.30791788856304986
683 0.3089311859443631
684 0.3084795321637427
685 0.30802919708029197
686 0.3075801749271137
687 0.3071324599708879
688 0.3066860465116279
689 0.3062409288824383
690 0.30579710144927535
691 0.3053545586107091
692 0.30491329479768786
693 0.30447330447330445
694 0.30403458213256485
695 0.3035971223021583
696 0.3031609195402299
697 0.30272596843615496
698 0.3022922636103152
699 0.3032904148783977
700 0.3028571428571429
701 0.3024251069900143
702 0.301994301994302
703 0.3015647226173542
704 0.30113636363636365
705 0.3021276595744681
706 0.301699716713881
707 0.3012729844413013
708 0.3008474576271186
709 0.3004231311706629
710 0.3
711 0.29957805907172996
712 0.2991573033707865
713 0.29873772791023845
714 0.29831932773109243
715 0.29790209790209793
716 0.29748603351955305
717 0.29707112970711297
718 0.2966573816155989
719 0.29624478442280944
720 0.29583333333333334
721 0.29542302357836336
722 0.2950138504155125
723 0.2946058091286307
724 0.2941988950276243
725 0.29379310344827586
726 0.29338842975206614
727 0.29298486932599727
728 0.2925824175824176
729 0.29218106995884774
730 0.29178082191780824
731 0.2913816689466484
732 0.29098360655737704
733 0.29058663028649384
734 0.2901907356948229
735 0.2897959183673469
736 0.28940217391304346
737 0.28900949796472186
738 0.2886178861788618
739 0.2882273342354533
740 0.28783783783783784
741 0.2874493927125506
742 0.28706199460916443
743 0.28667563930013457
744 0.2862903225806452
745 0.2859060402684564
746 0.2855227882037534
747 0.285140562248996
748 0.28475935828877
749 0.28437917222963954
750 0.284
751 0.2836218375499334
752 0.28324468085106386
753 0.28286852589641437
754 0.28249336870026526
755 0.28211920529801326
756 0.28174603174603174
757 0.2813738441215324
758 0.28100263852242746
759 0.28063241106719367
760 0.2802631578947368
761 0.27989487516425754
762 0.2795275590551181
763 0.27916120576671033
764 0.2787958115183246
765 0.2784313725490196
766 0.2780678851174935
767 0.2777053455019557
768 0.27734375
769 0.27698309492847856
770 0.2766233766233766
771 0.27626459143968873
772 0.2759067357512953
773 0.2755498059508409
774 0.2751937984496124
775 0.27483870967741936
776 0.2757731958762887
777 0.2754182754182754
778 0.2750642673521851
779 0.27471116816431324
780 0.2743589743589744
781 0.2740076824583867
782 0.27365728900255754
783 0.27330779054916987
784 0.2729591836734694
785 0.27261146496815286
786 0.272264631043257
787 0.2719186785260483
788 0.2715736040609137
789 0.27122940430925224
790 0.2708860759493671
791 0.27054361567635904
792 0.2702020202020202
793 0.2698612862547289
794 0.2695214105793451
795 0.2691823899371069
796 0.26884422110552764
797 0.2685069008782936
798 0.2681704260651629
799 0.26783479349186484
800 0.2675
801 0.2671660424469413
802 0.26683291770573564
803 0.26650062266500624
804 0.26616915422885573
805 0.26583850931677017
806 0.2655086848635236
807 0.265179677819083
808 0.26485148514851486
809 0.26452410383189123
810 0.2641975308641975
811 0.2638717632552404
812 0.26354679802955666
813 0.26322263222632225
814 0.2628992628992629
815 0.2625766871165644
816 0.2622549019607843
817 0.2631578947368421
818 0.2628361858190709
819 0.2625152625152625
820 0.2621951219512195
821 0.2618757612667479
822 0.2615571776155718
823 0.26123936816524906
824 0.2609223300970874
825 0.2606060606060606
826 0.2602905569007264
827 0.2599758162031439
828 0.25966183574879226
829 0.2605548854041013
830 0.26024096385542167
831 0.259927797833935
832 0.25961538461538464
833 0.25930372148859543
834 0.26019184652278177
835 0.25988023952095807
836 0.2595693779904306
837 0.25925925925925924
838 0.25894988066825775
839 0.2586412395709178
840 0.25833333333333336
841 0.25802615933412604
842 0.25771971496437057
843 0.25741399762752076
844 0.2571090047393365
845 0.25680473372781065
846 0.2565011820330969
847 0.256198347107438
848 0.25589622641509435
849 0.25559481743227325
850 0.25529411764705884
851 0.25499412455934195
852 0.2546948356807512
853 0.2543962485345838
854 0.2540983606557377
855 0.25380116959064325
856 0.25350467289719625
857 0.2532088681446908
858 0.2529137529137529
859 0.25261932479627475
860 0.25232558139534883
861 0.25203252032520324
862 0.2517401392111369
863 0.2514484356894554
864 0.2511574074074074
865 0.2508670520231214
866 0.25057736720554274
867 0.25144175317185696
868 0.2511520737327189
869 0.2520138089758343
870 0.2517241379310345
871 0.25143513203214696
872 0.2511467889908257
873 0.2508591065292096
874 0.2505720823798627
875 0.2502857142857143
876 0.25
877 0.24971493728620298
878 0.24943052391799544
879 0.24914675767918087
880 0.24886363636363637
881 0.24858115777525538
882 0.24829931972789115
883 0.2480181200453001
884 0.24773755656108598
885 0.24745762711864408
886 0.24717832957110608
887 0.24689966178128522
888 0.24662162162162163
889 0.24634420697412823
890 0.24606741573033708
891 0.24579124579124578
892 0.24551569506726456
893 0.24524076147816348
894 0.24496644295302014
895 0.2446927374301676
896 0.24441964285714285
897 0.24414715719063546
898 0.24387527839643652
899 0.2436040044493882
900 0.24333333333333335
901 0.24306326304106549
902 0.24279379157427938
903 0.2425249169435216
904 0.24225663716814158
905 0.2419889502762431
906 0.24282560706401765
907 0.24255788313120177
908 0.2422907488986784
909 0.24202420242024203
910 0.24175824175824176
911 0.2414928649835346
912 0.2412280701754386
913 0.24096385542168675
914 0.24070021881838075
915 0.24153005464480876
916 0.24126637554585154
917 0.2410032715376227
918 0.24074074074074073
919 0.24047878128400435
920 0.24021739130434783
921 0.23995656894679696
922 0.23969631236442515
923 0.23943661971830985
924 0.23917748917748918
925 0.23891891891891892
926 0.2386609071274298
927 0.238403451995685
928 0.23814655172413793
929 0.2378902045209903
930 0.23763440860215054
931 0.23737916219119226
932 0.2371244635193133
933 0.23687031082529475
934 0.2366167023554604
935 0.23636363636363636
936 0.2361111111111111
937 0.23585912486659552
938 0.23560767590618337
939 0.23535676251331203
940 0.2351063829787234
941 0.23485653560042508
942 0.2346072186836518
943 0.23435843054082714
944 0.2341101694915254
945 0.23386243386243386
946 0.23361522198731502
947 0.23336853220696938
948 0.23312236286919832
949 0.2328767123287671
950 0.2326315789473684
951 0.2323869610935857
952 0.23214285714285715
953 0.23189926547743966
954 0.23165618448637318
955 0.23141361256544501
956 0.23221757322175732
957 0.23197492163009403
958 0.23173277661795408
959 0.23149113660062565
960 0.23125
961 0.23100936524453694
962 0.23076923076923078
963 0.23052959501557632
964 0.23029045643153526
965 0.23005181347150258
966 0.22981366459627328
967 0.2295760082730093
968 0.22933884297520662
969 0.22910216718266255
970 0.2288659793814433
971 0.2286302780638517
972 0.22839506172839505
973 0.22816032887975335
974 0.22792607802874743
975 0.2276923076923077
976 0.22745901639344263
977 0.22722620266120777
978 0.22699386503067484
979 0.22676200204290092
980 0.22653061224489796
981 0.22629969418960244
982 0.22606924643584522
983 0.22583926754832145
984 0.22560975609756098
985 0.22538071065989848
986 0.22515212981744423
987 0.22492401215805471
988 0.22469635627530365
989 0.224469160768453
990 0.22424242424242424
991 0.22401614530776992
992 0.22379032258064516
993 0.22356495468277945
994 0.22334004024144868
995 0.22311557788944725
996 0.22289156626506024
997 0.22367101303911735
998 0.22344689378757515
999 0.22322322322322322
1000 0.223
1001 0.22277722277722278
1002 0.22255489021956087
1003 0.22233300099700898
1004 0.22211155378486055
1005 0.2218905472636816
1006 0.2216699801192843
1007 0.2214498510427011
1008 0.22123015873015872
1009 0.22101090188305253
1010 0.2207920792079208
1011 0.2205736894164194
1012 0.22035573122529645
1013 0.22013820335636722
1014 0.21992110453648916
1015 0.21970443349753693
1016 0.21948818897637795
1017 0.2192723697148476
1018 0.21905697445972494
1019 0.21884200196270853
1020 0.21862745098039216
1021 0.21841332027424093
1022 0.2181996086105675
1023 0.2179863147605083
1024 0.2177734375
1025 0.2175609756097561
1026 0.21734892787524365
1027 0.2171372930866602
1028 0.2169260700389105
1029 0.21671525753158405
1030 0.21650485436893205
1031 0.2162948593598448
1032 0.21608527131782945
1033 0.2158760890609874
1034 0.21566731141199227
1035 0.21545893719806763
1036 0.21525096525096524
1037 0.21504339440694312
1038 0.21483622350674375
1039 0.21462945139557266
1040 0.2144230769230769
1041 0.21421709894332372
1042 0.21401151631477927
1043 0.21380632790028764
1044 0.2136015325670498
1045 0.21339712918660286
1046 0.21319311663479923
1047 0.21298949379178606
1048 0.21278625954198474
1049 0.21258341277407056
1050 0.2123809523809524
1051 0.21217887725975262
1052 0.21197718631178708
1053 0.2117758784425451
1054 0.21157495256166983
1055 0.21137440758293838
1056 0.21117424242424243
1057 0.2109744560075686
1058 0.2107750472589792
1059 0.210576015108593
1060 0.21037735849056605
1061 0.21017907634307256
1062 0.20998116760828625
1063 0.20978363123236124
1064 0.20958646616541354
1065 0.20938967136150236
1066 0.20919324577861162
1067 0.20899718837863168
1068 0.20880149812734083
1069 0.20860617399438727
1070 0.20841121495327103
1071 0.20821661998132587
1072 0.2080223880597015
1073 0.20782851817334577
1074 0.20763500931098697
1075 0.20744186046511628
1076 0.20724907063197026
1077 0.20705663881151345
1078 0.20686456400742115
1079 0.20667284522706209
1080 0.2064814814814815
1081 0.2062904717853839
1082 0.20609981515711645
1083 0.2059095106186519
1084 0.20571955719557194
1085 0.2055299539170507
1086 0.20534069981583794
1087 0.20515179392824287
1088 0.20496323529411764
1089 0.20477502295684114
1090 0.20458715596330276
1091 0.20439963336388633
1092 0.20512820512820512
1093 0.20494053064958828
1094 0.20475319926873858
1095 0.2045662100456621
1096 0.20437956204379562
1097 0.2041932543299909
1098 0.2040072859744991
1099 0.20382165605095542
1100 0.20363636363636364
1101 0.20345140781108084
1102 0.20326678765880218
1103 0.20398912058023572
1104 0.20380434782608695
1105 0.20361990950226244
1106 0.20343580470162748
1107 0.2041553748870822
1108 0.20397111913357402
1109 0.2037871956717764
1110 0.2036036036036036
1111 0.20342034203420342
1112 0.20323741007194246
1113 0.20305480682839172
1114 0.20287253141831238
1115 0.20269058295964126
1116 0.2025089605734767
1117 0.20322291853178157
1118 0.20304114490161002
1119 0.20285969615728328
1120 0.20267857142857143
1121 0.2024977698483497
1122 0.20231729055258468
1123 0.20213713268032057
1124 0.20195729537366547
1125 0.20177777777777778
1126 0.20159857904085257
1127 0.20141969831410825
1128 0.20124113475177305
1129 0.20106288751107174
1130 0.20088495575221238
1131 0.20070733863837312
1132 0.20053003533568906
1133 0.2003530450132392
1134 0.2001763668430335
1135 0.2
1136 0.19982394366197184
1137 0.1996481970096746
1138 0.19947275922671354
1139 0.199297629499561
1140 0.19912280701754387
1141 0.19894829097283084
1142 0.1987740805604203
1143 0.19860017497812774
1144 0.19842657342657344
1145 0.19825327510917032
1146 0.1980802792321117
1147 0.1979075850043592
1148 0.19773519163763068
1149 0.19756309834638816
1150 0.1973913043478261
1151 0.19721980886185925
1152 0.1970486111111111
1153 0.19687771032090198
1154 0.19670710571923744
1155 0.19653679653679654
1156 0.19636678200692043
1157 0.1961970613656007
1158 0.19602763385146804
1159 0.19585849870578084
1160 0.1956896551724138
1161 0.19552110249784668
1162 0.19535283993115318
1163 0.1951848667239897
1164 0.1950171821305842
1165 0.19484978540772532
1166 0.1946826758147513
1167 0.194515852613539
1168 0.19434931506849315
1169 0.1941830624465355
1170 0.19401709401709402
1171 0.19385140905209222
1172 0.19368600682593856
1173 0.19352088661551578
1174 0.19335604770017037
1175 0.19319148936170213
1176 0.19302721088435373
1177 0.19286321155480035
1178 0.1926994906621392
1179 0.19253604749787956
1180 0.1923728813559322
1181 0.1922099915325995
1182 0.19204737732656516
1183 0.19188503803888418
1184 0.19172297297297297
1185 0.19156118143459916
1186 0.19139966273187184
1187 0.19123841617523168
1188 0.19107744107744107
1189 0.19091673675357443
1190 0.1907563025210084
1191 0.19059613769941225
1192 0.19043624161073824
1193 0.19027661357921208
1194 0.19011725293132328
1195 0.1899581589958159
1196 0.18979933110367894
1197 0.189640768588137
1198 0.18948247078464106
1199 0.18932443703085905
1200 0.18916666666666668
1201 0.18900915903413823
1202 0.18885191347753744
1203 0.1886949293433084
1204 0.18853820598006646
1205 0.1883817427385892
1206 0.18822553897180763
1207 0.188069594034797
1208 0.1879139072847682
1209 0.18775847808105872
1210 0.18760330578512396
1211 0.1874483897605285
1212 0.18729372937293728
1213 0.18713932399010716
1214 0.18698517298187808
1215 0.1868312757201646
1216 0.18667763157894737
1217 0.1865242399342646
1218 0.1863711001642036
1219 0.18621821164889255
1220 0.1860655737704918
1221 0.18591318591318592
1222 0.18576104746317512
1223 0.1856091578086672
1224 0.18627450980392157
1225 0.18612244897959185
1226 0.1859706362153344
1227 0.18581907090464547
1228 0.18566775244299674
1229 0.1855166802278275
1230 0.18536585365853658
1231 0.1852152721364744
1232 0.18506493506493507
1233 0.18491484184914841
1234 0.1847649918962723
1235 0.18461538461538463
1236 0.18446601941747573
1237 0.18431689571544058
1238 0.1841680129240711
1239 0.18401937046004843
1240 0.18387096774193548
1241 0.18372280419016923
1242 0.18357487922705315
1243 0.1834271922767498
1244 0.1832797427652733
1245 0.18313253012048192
1246 0.18298555377207062
1247 0.18283881315156375
1248 0.18269230769230768
1249 0.18254603682946358
1250 0.1824
1251 0.18225419664268586
1252 0.18210862619808307
1253 0.1819632881085395
1254 0.18181818181818182
1255 0.18167330677290836
1256 0.18152866242038215
1257 0.18138424821002386
1258 0.18124006359300476
1259 0.18109610802223988
1260 0.18095238095238095
1261 0.18080888183980967
1262 0.18066561014263074
1263 0.18052256532066507
1264 0.18037974683544303
1265 0.18023715415019761
1266 0.18009478672985782
1267 0.17995264404104183
1268 0.17981072555205047
1269 0.17966903073286053
1270 0.1795275590551181
1271 0.17938630999213218
1272 0.1792452830188679
1273 0.1791044776119403
1274 0.17896389324960754
1275 0.17882352941176471
1276 0.1786833855799373
1277 0.17854346123727485
1278 0.1784037558685446
1279 0.1782642689601251
1280 0.178125
1281 0.17798594847775176
1282 0.17784711388455537
1283 0.17770849571317227
1284 0.17757009345794392
1285 0.177431906614786
1286 0.17729393468118196
1287 0.17715617715617715
1288 0.17701863354037267
1289 0.1768813033359193
1290 0.17674418604651163
1291 0.17660728117738186
1292 0.17647058823529413
1293 0.17633410672853828
1294 0.17619783616692428
1295 0.17606177606177606
1296 0.17592592592592593
1297 0.17579028527370855
1298 0.17565485362095531
1299 0.17551963048498845
1300 0.1753846153846154
1301 0.17524980784012298
1302 0.17511520737327188
1303 0.17498081350729086
1304 0.17484662576687116
1305 0.17471264367816092
1306 0.17457886676875958
1307 0.17444529456771232
1308 0.1743119266055046
1309 0.17417876241405653
1310 0.17404580152671756
1311 0.17391304347826086
1312 0.17378048780487804
1313 0.17364813404417365
1314 0.1735159817351598
1315 0.17338403041825096
1316 0.17325227963525835
1317 0.17312072892938496
1318 0.17298937784522003
1319 0.1728582259287339
1320 0.17272727272727273
1321 0.17259651778955337
1322 0.17246596066565809
1323 0.17233560090702948
1324 0.17220543806646527
1325 0.1720754716981132
1326 0.17194570135746606
1327 0.17181612660135645
1328 0.1716867469879518
1329 0.17155756207674944
1330 0.17142857142857143
1331 0.17129977460555973
1332 0.17117117117117117
1333 0.17104276069017255
1334 0.17091454272863568
1335 0.1707865168539326
1336 0.17065868263473055
1337 0.1705310396409873
1338 0.17040358744394618
1339 0.17027632561613143
1340 0.1701492537313433
1341 0.17002237136465326
1342 0.16989567809239942
1343 0.16976917349218168
1344 0.16964285714285715
1345 0.16951672862453532
1346 0.16939078751857356
1347 0.16926503340757237
1348 0.16913946587537093
1349 0.16901408450704225
1350 0.1688888888888889
1351 0.1687638786084382
1352 0.16863905325443787
1353 0.16851441241685144
1354 0.16838995568685378
1355 0.16826568265682657
1356 0.168141592920354
1357 0.16801768607221812
1358 0.16789396170839468
1359 0.16777041942604856
1360 0.1676470588235294
1361 0.16752387950036737
1362 0.16740088105726872
1363 0.1672780630961115
1364 0.16715542521994134
1365 0.16703296703296702
1366 0.16691068814055637
1367 0.1667885881492319
1368 0.16666666666666666
1369 0.16654492330168005
1370 0.16642335766423358
1371 0.16630196936542668
1372 0.1661807580174927
1373 0.16605972323379461
1374 0.16666666666666666
1375 0.16654545454545455
1376 0.16642441860465115
1377 0.16630355846042122
1378 0.16618287373004353
1379 0.1660623640319072
1380 0.16594202898550725
1381 0.165821868211441
1382 0.16570188133140376
1383 0.16558206796818511
1384 0.16546242774566475
1385 0.16534296028880865
1386 0.16522366522366522
1387 0.1651045421773612
1388 0.164985590778098
1389 0.16486681065514758
1390 0.1647482014388489
1391 0.16462976276060387
1392 0.16451149425287356
1393 0.16439339554917445
1394 0.1642754662840746
1395 0.16415770609318997
1396 0.16404011461318052
1397 0.1639226914817466
1398 0.16380543633762518
1399 0.16368834882058614
1400 0.16357142857142856
1401 0.16345467523197715
1402 0.16333808844507847
1403 0.1632216678545973
1404 0.1631054131054131
1405 0.16298932384341638
1406 0.162873399715505
1407 0.16275764036958068
1408 0.16264204545454544
1409 0.16252661462029808
1410 0.1624113475177305
1411 0.16229624379872432
1412 0.1621813031161473
1413 0.16206652512384997
1414 0.16195190947666196
1415 0.1618374558303887
1416 0.1617231638418079
1417 0.1616090331686662
1418 0.1614950634696756
1419 0.1613812544045102
1420 0.16126760563380282
1421 0.16115411681914146
1422 0.16104078762306612
1423 0.16092761770906536
1424 0.16081460674157302
1425 0.1607017543859649
1426 0.1605890603085554
1427 0.16047652417659425
1428 0.16036414565826332
1429 0.1602519244226732
1430 0.16013986013986015
1431 0.16002795248078266
1432 0.15991620111731844
1433 0.159804605722261
1434 0.1596931659693166
1435 0.15958188153310104
1436 0.1594707520891365
1437 0.1593597773138483
1438 0.1592489568845619
1439 0.15913829047949965
1440 0.15902777777777777
1441 0.1589174184594032
1442 0.15880721220527047
1443 0.1586971586971587
1444 0.15858725761772854
1445 0.15847750865051904
1446 0.15836791147994467
1447 0.15825846579129232
1448 0.15814917127071823
1449 0.158040027605245
1450 0.1579310344827586
1451 0.1578221915920055
1452 0.15771349862258954
1453 0.15760495526496904
1454 0.1574965612104539
1455 0.15738831615120275
1456 0.15728021978021978
1457 0.1571722717913521
1458 0.15706447187928668
1459 0.15695681973954764
1460 0.15684931506849314
1461 0.1567419575633128
1462 0.15663474692202461
1463 0.15652768284347232
1464 0.1564207650273224
1465 0.15631399317406144
1466 0.15620736698499318
1467 0.15610088616223586
1468 0.15599455040871935
1469 0.15588835942818244
1470 0.15578231292517006
1471 0.1556764106050306
1472 0.15557065217391305
1473 0.15546503733876443
1474 0.155359565807327
1475 0.1552542372881356
1476 0.15514905149051492
1477 0.15504400812457683
1478 0.15493910690121787
1479 0.1548343475321163
1480 0.15472972972972973
1481 0.15462525320729237
1482 0.1545209176788124
1483 0.15441672285906946
1484 0.15431266846361186
1485 0.1542087542087542
1486 0.1541049798115747
1487 0.15400134498991258
1488 0.1538978494623656
1489 0.15379449294828745
1490 0.15369127516778525
1491 0.15358819584171696
1492 0.153485254691689
1493 0.15338245144005358
1494 0.15327978580990628
1495 0.1531772575250836
1496 0.15307486631016043
1497 0.15297261189044756
1498 0.15287049399198932
1499 0.15276851234156105
1500 0.15266666666666667
1501 0.1525649566955363
1502 0.15246338215712382
1503 0.15236194278110446
1504 0.15226063829787234
1505 0.1521594684385382
1506 0.15205843293492696
1507 0.1519575315195753
1508 0.15185676392572944
1509 0.1517561298873426
1510 0.15165562913907285
1511 0.15155526141628062
1512 0.15145502645502645
1513 0.15135492399206874
1514 0.15125495376486128
1515 0.15115511551155114
1516 0.15105540897097625
1517 0.15095583388266315
1518 0.15085638998682477
1519 0.15075707702435814
1520 0.1506578947368421
1521 0.15055884286653518
1522 0.1504599211563732
1523 0.15036112934996718
1524 0.15026246719160105
1525 0.1501639344262295
1526 0.15006553079947577
1527 0.14996725605762934
1528 0.149869109947644
1529 0.1497710922171354
1530 0.14967320261437908
1531 0.1495754408883083
1532 0.14947780678851175
1533 0.14938030006523156
1534 0.14928292046936115
1535 0.149185667752443
1536 0.14908854166666666
1537 0.14899154196486664
1538 0.14889466840052015
1539 0.14879792072774528
1540 0.1487012987012987
1541 0.14860480207657364
1542 0.14850843060959792
1543 0.14841218405703174
1544 0.1483160621761658
1545 0.14822006472491908
1546 0.148124191461837
1547 0.1480284421460892
1548 0.1479328165374677
1549 0.14783731439638476
1550 0.14774193548387096
1551 0.14764667956157318
1552 0.14755154639175258
1553 0.14745653573728268
1554 0.14736164736164736
1555 0.1472668810289389
1556 0.14717223650385605
1557 0.147077713551702
1558 0.14698331193838254
1559 0.1468890314304041
1560 0.1467948717948718
1561 0.1467008327994875
1562 0.146606914212548
1563 0.14651311580294304
1564 0.14641943734015345
1565 0.1463258785942492
1566 0.14623243933588762
1567 0.14613911933631143
1568 0.14604591836734693
1569 0.14595283620140218
1570 0.14585987261146496
1571 0.1457670273711012
1572 0.14567430025445294
1573 0.1455816910362365
1574 0.1454891994917408
1575 0.14539682539682539
1576 0.1453045685279188
1577 0.14521242866201647
1578 0.14512040557667935
1579 0.14502849905003168
1580 0.1449367088607595
1581 0.1454775458570525
1582 0.14538558786346398
1583 0.14529374605180037
1584 0.1452020202020202
1585 0.14511041009463724
1586 0.1450189155107188
1587 0.14492753623188406
1588 0.14483627204030228
1589 0.144745122718691
1590 0.14465408805031446
1591 0.14456316781898176
1592 0.1444723618090452
1593 0.14438166980539863
1594 0.14429109159347553
1595 0.14420062695924765
1596 0.14411027568922305
1597 0.14402003757044457
1598 0.1439299123904881
1599 0.1438398999374609
1600 0.14375
1601 0.14366021236727045
1602 0.14357053682896379
1603 0.14348097317529632
1604 0.1433915211970075
1605 0.14330218068535824
1606 0.1432129514321295
1607 0.1431238332296204
1608 0.14303482587064675
1609 0.14294592914853946
1610 0.14285714285714285
1611 0.14276846679081315
1612 0.14267990074441686
1613 0.1425914445133292
1614 0.14250309789343246
1615 0.14241486068111456
1616 0.14232673267326731
1617 0.1422387136672851
1618 0.14215080346106304
1619 0.14206300185299567
1620 0.1419753086419753
1621 0.1418877236273905
1622 0.14180024660912455
1623 0.14171287738755392
1624 0.1416256157635468
1625 0.14153846153846153
1626 0.14145141451414514
1627 0.14136447449293177
1628 0.14127764127764128
1629 0.14119091467157766
1630 0.1411042944785276
1631 0.14101778050275904
1632 0.1409313725490196
1633 0.14084507042253522
1634 0.14075887392900857
1635 0.14067278287461774
1636 0.14058679706601468
1637 0.14050091631032377
1638 0.14041514041514042
1639 0.1403294691885296
1640 0.1402439024390244
1641 0.14015843997562463
1642 0.14007308160779536
1643 0.13998782714546562
1644 0.13990267639902676
1645 0.1398176291793313
1646 0.13973268529769137
1647 0.13964784456587737
1648 0.1395631067961165
1649 0.13947847180109157
1650 0.1393939393939394
1651 0.13930950938824954
1652 0.13922518159806296
1653 0.13914095583787053
1654 0.13905683192261184
1655 0.13897280966767372
1656 0.1388888888888889
1657 0.1388050694025347
1658 0.13872135102533173
1659 0.13863773357444242
1660 0.13855421686746988
1661 0.13847080072245635
1662 0.13838748495788206
1663 0.13830426939266385
1664 0.13822115384615385
1665 0.13813813813813813
1666 0.13805522208883553
1667 0.13797240551889622
1668 0.13788968824940048
1669 0.1378070701018574
1670 0.1377245508982036
1671 0.13764213046080193
1672 0.1375598086124402
1673 0.13747758517632994
1674 0.13739545997610514
1675 0.1373134328358209
1676 0.13723150357995226
1677 0.13714967203339296
1678 0.13706793802145412
1679 0.136986301369863
1680 0.13690476190476192
1681 0.13682331945270673
1682 0.1367419738406659
1683 0.13666072489601902
1684 0.13657957244655583
1685 0.13649851632047477
1686 0.13641755634638197
1687 0.13633669235328985
1688 0.1362559241706161
1689 0.13617525162818236
1690 0.13609467455621302
1691 0.1360141927853341
1692 0.1359338061465721
1693 0.13585351447135263
1694 0.1357733175914994
1695 0.13569321533923304
1696 0.13561320754716982
1697 0.13553329404832057
1698 0.1354534746760895
1699 0.1353737492642731
1700 0.13529411764705881
1701 0.13521457965902411
1702 0.13513513513513514
1703 0.13505578391074574
1704 0.13497652582159625
1705 0.1348973607038123
1706 0.13481828839390386
1707 0.1347393087287639
1708 0.13466042154566746
1709 0.13458162668227033
1710 0.13450292397660818
1711 0.13442431326709525
1712 0.13434579439252337
1713 0.1342673671920607
1714 0.13418903150525088
1715 0.13411078717201166
1716 0.13403263403263405
1717 0.133954571927781
1718 0.13387660069848661
1719 0.13379872018615474
1720 0.13372093023255813
1721 0.1336432306798373
1722 0.13356562137049943
1723 0.1334881021474173
1724 0.1334106728538283
1725 0.13333333333333333
1726 0.1332560834298957
1727 0.13317892298784018
1728 0.13310185185185186
1729 0.13302486986697512
1730 0.1329479768786127
1731 0.13287117273252455
1732 0.13279445727482678
1733 0.13271783035199078
1734 0.13264129181084197
1735 0.13256484149855907
1736 0.13248847926267282
1737 0.13241220495106507
1738 0.1323360184119678
1739 0.13225991949396204
1740 0.13218390804597702
1741 0.13210798391728892
1742 0.13203214695752008
1743 0.13195639701663797
1744 0.13188073394495411
1745 0.1318051575931232
1746 0.13172966781214204
1747 0.1316542644533486
1748 0.13157894736842105
1749 0.13150371640937678
1750 0.13142857142857142
1751 0.13135351227869788
1752 0.1312785388127854
1753 0.13120365088419852
1754 0.13112884834663627
1755 0.13105413105413105
1756 0.13097949886104784
1757 0.1309049516220831
1758 0.13083048919226395
1759 0.13075611142694712
1760 0.13068181818181818
1761 0.1306076093128904
1762 0.13053348467650397
1763 0.130459444129325
1764 0.13038548752834467
1765 0.13031161473087818
1766 0.13023782559456398
1767 0.13016411997736277
1768 0.13009049773755657
1769 0.13001695873374788
1770 0.12994350282485875
1771 0.12987012987012986
1772 0.12979683972911965
1773 0.12972363226170333
1774 0.12965050732807215
1775 0.1295774647887324
1776 0.12950450450450451
1777 0.12943162633652222
1778 0.12935883014623173
1779 0.12928611579539068
1780 0.12921348314606743
1781 0.1291409320606401
1782 0.12906846240179573
1783 0.12899607403252944
1784 0.1289237668161435
1785 0.12885154061624648
1786 0.12877939529675253
1787 0.12870733072188026
1788 0.12863534675615212
1789 0.1285634432643935
1790 0.12849162011173185
1791 0.12841987716359576
1792 0.12834821428571427
1793 0.12827663134411602
1794 0.1282051282051282
1795 0.12813370473537605
1796 0.12806236080178174
1797 0.12799109627156371
1798 0.12791991101223582
1799 0.12784880489160644
1800 0.12777777777777777
1801 0.12770682953914492
1802 0.12763596004439512
1803 0.12756516916250693
1804 0.12749445676274945
1805 0.12742382271468145
1806 0.1273532668881506
1807 0.12728278915329275
1808 0.12721238938053098
1809 0.1271420674405749
1810 0.1270718232044199
1811 0.12700165654334622
1812 0.12693156732891833
1813 0.126861555432984
1814 0.12679162072767364
1815 0.12672176308539945
1816 0.12665198237885464
1817 0.12658227848101267
1818 0.1265126512651265
1819 0.12644310060472788
1820 0.12637362637362637
1821 0.12630422844590883
1822 0.12623490669593854
1823 0.12616566099835436
1824 0.12609649122807018
1825 0.12602739726027398
1826 0.12595837897042717
1827 0.12588943623426382
1828 0.12582056892778992
1829 0.12575177692728268
1830 0.12568306010928962
1831 0.12561441835062806
1832 0.12554585152838427
1833 0.1254773595199127
1834 0.12540894220283533
1835 0.12534059945504086
1836 0.12527233115468409
1837 0.12520413718018508
1838 0.1251360174102285
1839 0.1250679717237629
1840 0.125
1841 0.1249321021184139
1842 0.1248642779587405
1843 0.12479652740097667
1844 0.12472885032537961
1845 0.12466124661246612
1846 0.12459371614301191
1847 0.12452625879805089
1848 0.12445887445887446
1849 0.12439156300703083
1850 0.12432432432432433
1851 0.1242571582928147
1852 0.12419006479481641
1853 0.124123043712898
1854 0.12405609492988134
1855 0.12398921832884097
1856 0.12392241379310345
1857 0.12385568120624664
1858 0.12378902045209902
1859 0.12372243141473911
1860 0.12365591397849462
1861 0.12358946802794196
1862 0.12352309344790548
1863 0.12345679012345678
1864 0.12339055793991416
1865 0.12332439678284182
1866 0.1232583065380493
1867 0.12319228709159079
1868 0.12312633832976445
1869 0.12306046013911183
1870 0.12299465240641712
1871 0.12292891501870658
1872 0.12286324786324786
1873 0.12279765082754938
1874 0.12273212379935966
1875 0.12266666666666666
1876 0.12260127931769722
1877 0.12253596164091636
1878 0.12247071352502663
1879 0.12240553485896753
1880 0.12234042553191489
1881 0.12227538543328018
1882 0.12221041445270989
1883 0.12214551248008497
1884 0.12208067940552017
1885 0.1220159151193634
1886 0.12195121951219512
1887 0.12188659247482776
1888 0.12182203389830508
1889 0.12175754367390154
1890 0.12169312169312169
1891 0.12162876784769963
1892 0.12156448202959831
1893 0.12150026413100898
1894 0.12143611404435058
1895 0.12137203166226913
1896 0.12130801687763713
1897 0.12124406958355298
1898 0.12118018967334036
1899 0.12111637704054766
1900 0.12105263157894737
1901 0.12098895318253551
1902 0.12092534174553102
1903 0.1208617971623752
1904 0.1207983193277311
1905 0.12073490813648294
1906 0.12067156348373557
1907 0.12060828526481385
1908 0.12054507337526206
1909 0.12048192771084337
1910 0.12041884816753927
1911 0.12035583464154893
1912 0.1202928870292887
1913 0.12023000522739154
1914 0.12016718913270637
1915 0.12010443864229765
1916 0.12004175365344467
1917 0.11997913406364111
1918 0.11991657977059438
1919 0.11985409067222512
1920 0.11979166666666667
1921 0.11972930765226444
1922 0.11966701352757544
1923 0.11960478419136765
1924 0.11954261954261955
1925 0.11948051948051948
1926 0.11941848390446522
1927 0.1193565127140633
1928 0.11929460580912864
1929 0.11923276308968378
1930 0.11917098445595854
1931 0.11910926980838944
1932 0.11904761904761904
1933 0.11898603207449561
1934 0.1189245087900724
1935 0.11886304909560723
1936 0.11880165289256199
1937 0.11874032008260196
1938 0.11867905056759546
1939 0.1186178442496132
1940 0.11855670103092783
1941 0.1184956208140134
1942 0.1184346035015448
1943 0.11837364899639732
1944 0.1183127572016461
1945 0.11825192802056556
1946 0.11819116135662898
1947 0.11813045711350796
1948 0.11806981519507187
1949 0.11800923550538737
1950 0.11794871794871795
1951 0.11788826242952333
1952 0.11782786885245902
1953 0.11776753712237584
1954 0.11770726714431934
1955 0.11764705882352941
1956 0.11758691206543967
1957 0.11752682677567705
1958 0.11746680286006128
1959 0.11740684022460439
1960 0.11734693877551021
1961 0.1172870984191739
1962 0.11722731906218145
1963 0.11716760061130922
1964 0.11710794297352342
1965 0.11704834605597965
1966 0.11698880976602238
1967 0.11692933401118455
1968 0.11686991869918699
1969 0.11681056373793804
1970 0.116751269035533
1971 0.11669203450025367
1972 0.11663286004056796
1973 0.11657374556512924
1974 0.11651469098277609
1975 0.11645569620253164
1976 0.11639676113360324
1977 0.11633788568538189
1978 0.11627906976744186
1979 0.11622031328954018
1980 0.11616161616161616
1981 0.11610297829379101
1982 0.11604439959636731
1983 0.11598587997982854
1984 0.1159274193548387
1985 0.11586901763224182
1986 0.11581067472306143
1987 0.11575239053850025
1988 0.11569416498993963
1989 0.11563599798893917
1990 0.11557788944723618
1991 0.11551983927674535
1992 0.11546184738955824
1993 0.1154039136979428
1994 0.11534603811434303
1995 0.11528822055137844
1996 0.11523046092184369
1997 0.11517275913870806
1998 0.11511511511511512
1999 0.11505752876438219
2000 0.115
2001 0.11494252873563218
2002 0.11488511488511488
2003 0.11482775836245632
2004 0.11477045908183632
2005 0.11471321695760599
2006 0.11465603190428714
2007 0.114598903836572
2008 0.1145418326693227
2009 0.11448481831757093
2010 0.11442786069651742
2011 0.11437095972153158
2012 0.1143141153081511
2013 0.11425732737208147
2014 0.11420059582919563
2015 0.1141439205955335
2016 0.11408730158730158
2017 0.11403073872087258
2018 0.11397423191278494
2019 0.11391778107974244
2020 0.11386138613861387
2021 0.11380504700643246
2022 0.11374876360039565
2023 0.11369253583786455
2024 0.11363636363636363
2025 0.11358024691358025
2026 0.11352418558736427
2027 0.11346817957572768
2028 0.11341222879684418
2029 0.11335633316904879
2030 0.11330049261083744
2031 0.11324470704086657
2032 0.11318897637795275
2033 0.11362518445646827
2034 0.11356932153392331
2035 0.11351351351351352
2036 0.11345776031434185
2037 0.1134020618556701
2038 0.11334641805691854
2039 0.11329082883766552
2040 0.11323529411764706
2041 0.11317981381675649
2042 0.11312438785504407
2043 0.1130690161527166
2044 0.11301369863013698
2045 0.11295843520782396
2046 0.11290322580645161
2047 0.11284807034684904
2048 0.11279296875
2049 0.11273792093704246
2050 0.1126829268292683
2051 0.11262798634812286
2052 0.11257309941520467
2053 0.11251826595226498
2054 0.1124634858812074
2055 0.11240875912408758
2056 0.11235408560311284
2057 0.11229946524064172
2058 0.11224489795918367
2059 0.11219038368139873
2060 0.11213592233009709
2061 0.11208151382823872
2062 0.11202715809893307
2063 0.11197285506543868
2064 0.1119186046511628
2065 0.11186440677966102
2066 0.11181026137463698
2067 0.11175616835994194
2068 0.11170212765957446
2069 0.11164813919768003
2070 0.11159420289855072
2071 0.11154031868662483
2072 0.11148648648648649
2073 0.11143270622286541
2074 0.11137897782063645
2075 0.11132530120481927
2076 0.11127167630057803
2077 0.111218103033221
2078 0.11116458132820019
2079 0.1111111111111111
2080 0.1110576923076923
2081 0.11100432484382508
2082 0.11095100864553314
2083 0.11089774363898224
2084 0.11084452975047984
2085 0.11079136690647481
2086 0.11073825503355705
2087 0.11068519405845711
2088 0.11063218390804598
2089 0.1105792245093346
2090 0.11052631578947368
2091 0.11047345767575323
2092 0.1104206500956023
2093 0.11036789297658862
2094 0.11031518624641834
2095 0.11026252983293557
2096 0.11020992366412213
2097 0.11015736766809728
2098 0.11010486177311725
2099 0.11005240590757503
2100 0.11
2101 0.1099476439790576
2102 0.109895337773549
2103 0.10984308131241084
2104 0.10979087452471482
2105 0.10973871733966746
2106 0.10968660968660969
2107 0.10963455149501661
2108 0.10958254269449716
2109 0.10953058321479374
2110 0.109478672985782
2111 0.10942681193747039
2112 0.109375
2113 0.10932323710364411
2114 0.10927152317880795
2115 0.10921985815602837
2116 0.10916824196597354
2117 0.10911667453944261
2118 0.10906515580736544
2119 0.10901368570080226
2120 0.1089622641509434
2121 0.10891089108910891
2122 0.10885956644674835
2123 0.10880829015544041
2124 0.10875706214689265
2125 0.10870588235294118
2126 0.10865475070555033
2127 0.10860366713681241
2128 0.10855263157894737
2129 0.1085016439643025
2130 0.10845070422535211
2131 0.10839981229469732
2132 0.10834896810506567
2133 0.10829817158931083
2134 0.10824742268041238
2135 0.10819672131147541
2136 0.10814606741573034
2137 0.10809546092653252
2138 0.10804490177736202
2139 0.10799438990182328
2140 0.10794392523364486
2141 0.10789350770667912
2142 0.10784313725490197
2143 0.1077928138124125
2144 0.10774253731343283
2145 0.1076923076923077
2146 0.10764212488350419
2147 0.10759198882161156
2148 0.10754189944134078
2149 0.10749185667752444
2150 0.10744186046511628
2151 0.10739191073919108
2152 0.10734200743494424
2153 0.1072921504876916
2154 0.10724233983286909
2155 0.10719257540603248
2156 0.10714285714285714
2157 0.1070931849791377
2158 0.10704355885078777
2159 0.10699397869383974
2160 0.10694444444444444
2161 0.10689495603887089
2162 0.10684551341350601
2163 0.10679611650485436
2164 0.1067467652495379
2165 0.1066974595842956
2166 0.10664819944598337
2167 0.1065989847715736
2168 0.10654981549815498
2169 0.10650069156293222
2170 0.1064516129032258
2171 0.10640257945647168
2172 0.106353591160221
2173 0.1063046479521399
2174 0.1062557497700092
2175 0.10620689655172413
2176 0.10615808823529412
2177 0.10610932475884244
2178 0.10606060606060606
2179 0.10601193207893529
2180 0.10596330275229358
2181 0.10591471801925723
2182 0.10586617781851512
2183 0.10581768208886853
2184 0.10576923076923077
2185 0.105720823798627
2186 0.10567246111619397
2187 0.1056241426611797
2188 0.10557586837294333
2189 0.10552763819095477
2190 0.10547945205479452
2191 0.10543130990415335
2192 0.10538321167883212
2193 0.10533515731874145
2194 0.10528714676390155
2195 0.10523917995444192
2196 0.1051912568306011
2197 0.10514337733272644
2198 0.10509554140127389
2199 0.10504774897680765
2200 0.105
2201 0.10495229441163108
2202 0.10490463215258855
2203 0.10485701316386746
2204 0.10480943738656988
2205 0.10476190476190476
2206 0.10471441523118767
2207 0.10466696873584051
2208 0.10461956521739131
2209 0.10457220461747398
2210 0.10452488687782806
2211 0.1044776119402985
2212 0.10443037974683544
2213 0.1043831902394939
2214 0.1043360433604336
2215 0.10428893905191873
2216 0.10424187725631769
2217 0.10419485791610285
2218 0.10414788097385032
2219 0.10410094637223975
2220 0.10405405405405406
2221 0.1040072039621792
2222 0.10396039603960396
2223 0.1039136302294197
2224 0.10386690647482015
2225 0.10382022471910113
2226 0.10377358490566038
2227 0.1037269869779973
2228 0.10368043087971275
2229 0.10363391655450875
2230 0.10358744394618834
2231 0.10354101299865531
2232 0.10349462365591398
2233 0.10344827586206896
2234 0.10340196956132498
2235 0.10335570469798658
2236 0.10330948121645796
2237 0.10326329906124274
2238 0.1032171581769437
2239 0.10317105850826262
2240 0.103125
2241 0.10307898259705489
2242 0.10303300624442462
2243 0.10298707088720464
2244 0.10294117647058823
2245 0.10289532293986638
2246 0.10284951024042743
2247 0.102803738317757
2248 0.10275800711743772
2249 0.10271231658514896
2250 0.10266666666666667
2251 0.10262105730786317
2252 0.10257548845470693
2253 0.10252996005326231
2254 0.10248447204968944
2255 0.1024390243902439
2256 0.1023936170212766
2257 0.1023482498892335
2258 0.10230292294065545
2259 0.10225763612217796
2260 0.10221238938053097
