1 1.0
2 1.0
3 1.0
4 1.0
5 1.0
6 1.0
7 1.0
8 1.0
9 1.0
10 1.0
11 1.0
12 1.0
13 1.0
14 1.0
15 1.0
16 1.0
17 1.0
18 1.0
19 1.0
20 1.0
21 1.0
22 1.0
23 1.0
24 1.0
25 1.0
26 1.0
27 1.0
28 1.0
29 1.0
30 1.0
31 1.0
32 0.96875
33 0.9696969696969697
34 0.9705882352941176
35 0.9714285714285714
36 0.9722222222222222
37 0.9459459459459459
38 0.9473684210526315
39 0.9487179487179487
40 0.95
41 0.9512195121951219
42 0.9285714285714286
43 0.9069767441860465
44 0.9090909090909091
45 0.9111111111111111
46 0.9130434782608695
47 0.9148936170212766
48 0.9166666666666666
49 0.8979591836734694
50 0.9
51 0.8823529411764706
52 0.8846153846153846
53 0.8867924528301887
54 0.8703703703703703
55 0.8545454545454545
56 0.8392857142857143
57 0.8421052631578947
58 0.8448275862068966
59 0.847457627118644
60 0.85
61 0.8524590163934426
62 0.8548387096774194
63 0.8412698412698413
64 0.84375
65 0.8461538461538461
66 0.8484848484848485
67 0.8507462686567164
68 0.8529411764705882
69 0.855072463768116
70 0.8571428571428571
71 0.8591549295774648
72 0.8611111111111112
73 0.8493150684931506
74 0.8513513513513513
75 0.8533333333333334
76 0.8552631578947368
77 0.8571428571428571
78 0.8589743589743589
79 0.8607594936708861
80 0.8625
81 0.8518518518518519
82 0.8414634146341463
83 0.8313253012048193
84 0.8214285714285714
85 0.8235294117647058
86 0.8255813953488372
87 0.8160919540229885
88 0.8181818181818182
89 0.8202247191011236
90 0.8111111111111111
91 0.8131868131868132
92 0.8152173913043478
93 0.8172043010752689
94 0.8191489361702128
95 0.8105263157894737
96 0.8125
97 0.8144329896907216
98 0.8163265306122449
99 0.8181818181818182
100 0.82
101 0.8217821782178217
102 0.8235294117647058
103 0.8252427184466019
104 0.8173076923076923
105 0.819047619047619
106 0.8113207547169812
107 0.8037383177570093
108 0.7962962962962963
109 0.7981651376146789
110 0.8
111 0.7927927927927928
112 0.7946428571428571
113 0.7964601769911505
114 0.7894736842105263
115 0.7913043478260869
116 0.7931034482758621
117 0.7948717948717948
118 0.7966101694915254
119 0.7899159663865546
120 0.7916666666666666
121 0.7933884297520661
122 0.7868852459016393
123 0.7886178861788617
124 0.782258064516129
125 0.776
126 0.7777777777777778
127 0.7795275590551181
128 0.78125
129 0.7751937984496124
130 0.7692307692307693
131 0.7633587786259542
132 0.7651515151515151
133 0.7593984962406015
134 0.7611940298507462
135 0.7555555555555555
136 0.75
137 0.7518248175182481
138 0.7463768115942029
139 0.7410071942446043
140 0.7357142857142858
141 0.7375886524822695
142 0.7323943661971831
143 0.7272727272727273
144 0.7222222222222222
145 0.7172413793103448
146 0.7191780821917808
147 0.7210884353741497
148 0.7162162162162162
149 0.7181208053691275
150 0.72
151 0.7152317880794702
152 0.7171052631578947
153 0.7124183006535948
154 0.7077922077922078
155 0.7096774193548387
156 0.7115384615384616
157 0.7133757961783439
158 0.7088607594936709
159 0.7044025157232704
160 0.7
161 0.7018633540372671
162 0.6975308641975309
163 0.6993865030674846
164 0.7012195121951219
165 0.696969696969697
166 0.6987951807228916
167 0.7005988023952096
168 0.6964285714285714
169 0.6923076923076923
170 0.6941176470588235
171 0.6900584795321637
172 0.686046511627907
173 0.6820809248554913
174 0.6839080459770115
175 0.68
176 0.6761363636363636
177 0.6779661016949152
178 0.6797752808988764
179 0.6759776536312849
180 0.6777777777777778
181 0.6795580110497238
182 0.6813186813186813
183 0.6775956284153005
184 0.6739130434782609
185 0.6756756756756757
186 0.6720430107526881
187 0.6684491978609626
188 0.6648936170212766
189 0.6666666666666666
190 0.6631578947368421
191 0.6596858638743456
192 0.65625
193 0.6528497409326425
194 0.6494845360824743
195 0.6461538461538462
196 0.6428571428571429
197 0.6395939086294417
198 0.6414141414141414
199 0.6381909547738693
200 0.64
201 0.6417910447761194
202 0.6386138613861386
203 0.6354679802955665
204 0.6323529411764706
205 0.6292682926829268
206 0.6262135922330098
207 0.6231884057971014
208 0.625
209 0.6267942583732058
210 0.6238095238095238
211 0.6208530805687204
212 0.6179245283018868
213 0.6197183098591549
214 0.616822429906542
215 0.6186046511627907
216 0.6157407407407407
217 0.6129032258064516
218 0.6146788990825688
219 0.6164383561643836
220 0.6136363636363636
221 0.6153846153846154
222 0.6171171171171171
223 0.6143497757847534
224 0.6116071428571429
225 0.6088888888888889
226 0.6061946902654868
227 0.6035242290748899
228 0.6008771929824561
229 0.5982532751091703
230 0.5956521739130435
231 0.5974025974025974
232 0.5948275862068966
233 0.592274678111588
234 0.5897435897435898
235 0.5872340425531914
236 0.5889830508474576
237 0.5864978902953587
238 0.5840336134453782
239 0.5857740585774058
240 0.5833333333333334
241 0.5809128630705395
242 0.5785123966942148
243 0.5761316872427984
244 0.5737704918032787
245 0.5714285714285714
246 0.5691056910569106
247 0.5668016194331984
248 0.5685483870967742
249 0.5662650602409639
250 0.568
251 0.5657370517928287
252 0.5674603174603174
253 0.5652173913043478
254 0.562992125984252
255 0.5607843137254902
256 0.55859375
257 0.556420233463035
258 0.5542635658914729
259 0.555984555984556
260 0.5538461538461539
261 0.5555555555555556
262 0.5534351145038168
263 0.5513307984790875
264 0.5492424242424242
265 0.5471698113207547
266 0.5488721804511278
267 0.5468164794007491
268 0.5485074626865671
269 0.5464684014869888
270 0.5481481481481482
271 0.5461254612546126
272 0.5441176470588235
273 0.5457875457875457
274 0.5474452554744526
275 0.5454545454545454
276 0.5434782608695652
277 0.5415162454873647
278 0.539568345323741
279 0.5376344086021505
280 0.5357142857142857
281 0.5338078291814946
282 0.5319148936170213
283 0.5300353356890459
284 0.528169014084507
285 0.5263157894736842
286 0.5244755244755245
287 0.5261324041811847
288 0.5243055555555556
289 0.5224913494809689
290 0.5206896551724138
291 0.5189003436426117
292 0.5171232876712328
293 0.5187713310580204
294 0.5170068027210885
295 0.5152542372881356
296 0.5135135135135135
297 0.5117845117845118
298 0.5134228187919463
299 0.5117056856187291
300 0.51
301 0.5116279069767442
302 0.5099337748344371
303 0.5082508250825083
304 0.506578947368421
305 0.5081967213114754
306 0.5065359477124183
307 0.50814332247557
308 0.5064935064935064
309 0.5048543689320388
310 0.5064516129032258
311 0.5080385852090032
312 0.5064102564102564
313 0.5047923322683706
314 0.5063694267515924
315 0.5047619047619047
316 0.5031645569620253
317 0.5047318611987381
318 0.5031446540880503
319 0.5015673981191222
320 0.5
321 0.4984423676012461
322 0.4968944099378882
323 0.4953560371517028
324 0.49382716049382713
325 0.49230769230769234
326 0.49079754601226994
327 0.4892966360856269
328 0.49085365853658536
329 0.48936170212765956
330 0.4909090909090909
331 0.48942598187311176
332 0.4879518072289157
333 0.4864864864864865
334 0.48502994011976047
335 0.4835820895522388
336 0.48214285714285715
337 0.4807121661721068
338 0.47928994082840237
339 0.4778761061946903
340 0.4764705882352941
341 0.4750733137829912
342 0.47368421052631576
343 0.47230320699708456
344 0.47093023255813954
345 0.46956521739130436
346 0.47109826589595377
347 0.4697406340057637
348 0.46839080459770116
349 0.4670487106017192
350 0.4657142857142857
351 0.4672364672364672
352 0.4659090909090909
353 0.46742209631728043
354 0.4661016949152542
355 0.4647887323943662
356 0.46348314606741575
357 0.46218487394957986
358 0.46089385474860334
359 0.4596100278551532
360 0.4583333333333333
361 0.45706371191135736
362 0.4558011049723757
363 0.45454545454545453
364 0.4532967032967033
365 0.4547945205479452
366 0.4562841530054645
367 0.4550408719346049
368 0.453804347826087
369 0.45528455284552843
370 0.45675675675675675
371 0.4555256064690027
372 0.4543010752688172
373 0.45576407506702415
374 0.45454545454545453
375 0.4533333333333333
376 0.4521276595744681
377 0.4509283819628647
378 0.4497354497354497
379 0.44854881266490765
380 0.4473684210526316
381 0.4461942257217848
382 0.44502617801047123
383 0.44386422976501305
384 0.4453125
385 0.44415584415584414
386 0.4430051813471503
387 0.4418604651162791
388 0.44329896907216493
389 0.44473007712082263
390 0.44358974358974357
391 0.44501278772378516
392 0.44387755102040816
393 0.44529262086513993
394 0.44416243654822335
395 0.4430379746835443
396 0.4444444444444444
397 0.4433249370277078
398 0.44221105527638194
399 0.44110275689223055
400 0.44
401 0.4389027431421446
402 0.43781094527363185
403 0.43672456575682383
404 0.4381188118811881
405 0.43703703703703706
406 0.43596059113300495
407 0.4348894348894349
408 0.4338235294117647
409 0.43276283618581907
410 0.43414634146341463
411 0.43309002433090027
412 0.4320388349514563
413 0.43099273607748184
414 0.42995169082125606
415 0.42891566265060244
416 0.42788461538461536
417 0.42685851318944845
418 0.4258373205741627
419 0.42482100238663484
420 0.4261904761904762
421 0.4251781472684085
422 0.42417061611374407
423 0.4231678486997636
424 0.4221698113207547
425 0.4211764705882353
426 0.42018779342723006
427 0.41920374707259955
428 0.4182242990654206
429 0.4172494172494173
430 0.41627906976744183
431 0.41531322505800466
432 0.41435185185185186
433 0.4133949191685912
434 0.41244239631336405
435 0.4114942528735632
436 0.4105504587155963
437 0.4096109839816934
438 0.410958904109589
439 0.41002277904328016
440 0.4090909090909091
441 0.40816326530612246
442 0.4072398190045249
443 0.40632054176072235
444 0.40540540540540543
445 0.4044943820224719
446 0.40358744394618834
447 0.40268456375838924
448 0.40401785714285715
449 0.4053452115812918
450 0.40444444444444444
451 0.4035476718403548
452 0.4026548672566372
453 0.40176600441501104
454 0.4008810572687225
455 0.4
456 0.3991228070175439
457 0.3982494529540481
458 0.39737991266375544
459 0.39651416122004357
460 0.39565217391304347
461 0.3969631236442516
462 0.3961038961038961
463 0.3952483801295896
464 0.39439655172413796
465 0.3935483870967742
466 0.3927038626609442
467 0.39186295503211993
468 0.391025641025641
469 0.39232409381663114
470 0.39148936170212767
471 0.39065817409766457
472 0.3898305084745763
473 0.3890063424947146
474 0.3881856540084388
475 0.3873684210526316
476 0.3865546218487395
477 0.3857442348008386
478 0.38493723849372385
479 0.38413361169102295
480 0.38333333333333336
481 0.38461538461538464
482 0.38381742738589214
483 0.3830227743271222
484 0.3822314049586777
485 0.38144329896907214
486 0.38065843621399176
487 0.38193018480492813
488 0.38114754098360654
489 0.3803680981595092
490 0.3795918367346939
491 0.3788187372708758
492 0.3780487804878049
493 0.3772819472616633
494 0.3765182186234818
495 0.37575757575757573
496 0.37701612903225806
497 0.3762575452716298
498 0.3755020080321285
499 0.374749498997996
500 0.374
501 0.37325349301397204
502 0.37250996015936255
503 0.3717693836978131
504 0.37103174603174605
505 0.3702970297029703
506 0.3695652173913043
507 0.368836291913215
508 0.36811023622047245
509 0.36738703339882123
510 0.36666666666666664
511 0.3659491193737769
512 0.365234375
513 0.3645224171539961
514 0.3638132295719844
515 0.36310679611650487
516 0.3624031007751938
517 0.3617021276595745
518 0.361003861003861
519 0.3603082851637765
520 0.3596153846153846
521 0.36084452975047987
522 0.36015325670498083
523 0.35946462715105165
524 0.35877862595419846
525 0.3580952380952381
526 0.3574144486692015
527 0.3567362428842505
528 0.3560606060606061
529 0.3553875236294896
530 0.35471698113207545
531 0.3540489642184557
532 0.3533834586466165
533 0.3545966228893058
534 0.3539325842696629
535 0.3532710280373832
536 0.35261194029850745
537 0.3538175046554935
538 0.35315985130111527
539 0.3525046382189239
540 0.35185185185185186
541 0.3512014787430684
542 0.3505535055350554
543 0.34990791896869244
544 0.3492647058823529
545 0.3486238532110092
546 0.34798534798534797
547 0.3491773308957952
548 0.34854014598540145
549 0.34790528233151186
550 0.3472727272727273
551 0.3466424682395644
552 0.34601449275362317
553 0.3453887884267631
554 0.3447653429602888
555 0.3441441441441441
556 0.3435251798561151
557 0.34290843806104127
558 0.34229390681003585
559 0.3416815742397138
560 0.3410714285714286
561 0.3404634581105169
562 0.3398576512455516
563 0.3392539964476021
564 0.3404255319148936
565 0.3398230088495575
566 0.3392226148409894
567 0.3386243386243386
568 0.3380281690140845
569 0.3374340949033392
570 0.3368421052631579
571 0.3362521891418564
572 0.3356643356643357
573 0.3368237347294939
574 0.33797909407665505
575 0.3373913043478261
576 0.3368055555555556
577 0.3362218370883882
578 0.3356401384083045
579 0.33506044905008636
580 0.33620689655172414
581 0.33562822719449226
582 0.33505154639175255
583 0.3344768439108062
584 0.3339041095890411
585 0.3333333333333333
586 0.33276450511945393
587 0.3321976149914821
588 0.33163265306122447
589 0.3310696095076401
590 0.3305084745762712
591 0.3299492385786802
592 0.3293918918918919
593 0.3288364249578415
594 0.3282828282828283
595 0.3277310924369748
596 0.3271812080536913
597 0.32663316582914576
598 0.32608695652173914
599 0.32554257095158595
600 0.325
601 0.324459234608985
602 0.3239202657807309
603 0.32338308457711445
604 0.3228476821192053
605 0.32231404958677684
606 0.3217821782178218
607 0.3212520593080725
608 0.3207236842105263
609 0.32019704433497537
610 0.319672131147541
611 0.3191489361702128
612 0.31862745098039214
613 0.3181076672104405
614 0.31758957654723124
615 0.31869918699186994
616 0.3181818181818182
617 0.31766612641815234
618 0.31715210355987056
619 0.3166397415185784
620 0.3161290322580645
621 0.31561996779388085
622 0.31511254019292606
623 0.3146067415730337
624 0.3141025641025641
625 0.3136
626 0.3146964856230032
627 0.3141945773524721
628 0.31369426751592355
629 0.31319554848966613
630 0.3126984126984127
631 0.312202852614897
632 0.31329113924050633
633 0.3127962085308057
634 0.31230283911671924
635 0.31181102362204727
636 0.3113207547169811
637 0.3108320251177394
638 0.3103448275862069
639 0.30985915492957744
640 0.309375
641 0.3088923556942278
642 0.308411214953271
643 0.30793157076205285
644 0.3090062111801242
645 0.3085271317829457
646 0.3080495356037152
647 0.3075734157650695
648 0.30709876543209874
649 0.3066255778120185
650 0.30615384615384617
651 0.30568356374807987
652 0.3052147239263804
653 0.30474732006125577
654 0.30428134556574926
655 0.30381679389312977
656 0.3048780487804878
657 0.30441400304414
658 0.303951367781155
659 0.30349013657056145
660 0.30303030303030304
661 0.30257186081694404
662 0.3021148036253776
663 0.30165912518853694
664 0.30120481927710846
665 0.3007518796992481
666 0.3003003003003003
667 0.30134932533733133
668 0.3008982035928144
669 0.3004484304932735
670 0.3
671 0.2995529061102832
672 0.29910714285714285
673 0.2986627043090639
674 0.29821958456973297
675 0.29777777777777775
676 0.2973372781065089
677 0.2968980797636632
678 0.29646017699115046
679 0.2960235640648012
680 0.29558823529411765
681 0.2966226138032305
682 0.2961876832844575
683 0.2957540263543192
684 0.2953216374269006
685 0.2948905109489051
686 0.2944606413994169
687 0.2940320232896652
688 0.2936046511627907
689 0.2931785195936139
690 0.2927536231884058
691 0.29232995658465993
692 0.29190751445086704
693 0.29148629148629146
694 0.2910662824207493
695 0.2906474820143885
696 0.29022988505747127
697 0.2898134863701578
698 0.28939828080229224
699 0.28898426323319026
700 0.2885714285714286
701 0.28815977175463625
702 0.28774928774928776
703 0.28733997155049784
704 0.2869318181818182
705 0.2865248226950355
706 0.28611898016997167
707 0.2857142857142857
708 0.2853107344632768
709 0.2849083215796897
710 0.28450704225352114
711 0.2841068917018284
712 0.28370786516853935
713 0.2847124824684432
714 0.28431372549019607
715 0.2839160839160839
716 0.2835195530726257
717 0.28312412831241285
718 0.2827298050139276
719 0.282336578581363
720 0.28194444444444444
721 0.2815533980582524
722 0.28116343490304707
723 0.28077455048409405
724 0.2803867403314917
725 0.28
726 0.2796143250688705
727 0.2792297111416781
728 0.2802197802197802
729 0.27983539094650206
730 0.27945205479452057
731 0.27906976744186046
732 0.2786885245901639
733 0.2783083219645293
734 0.2779291553133515
735 0.27755102040816326
736 0.27717391304347827
737 0.276797829036635
738 0.2764227642276423
739 0.27604871447902574
740 0.27702702702702703
741 0.2766531713900135
742 0.27628032345013476
743 0.2759084791386272
744 0.27553763440860213
745 0.2751677852348993
746 0.27479892761394104
747 0.2744310575635877
748 0.27540106951871657
749 0.27636849132176233
750 0.276
751 0.2756324900133156
752 0.2752659574468085
753 0.2749003984063745
754 0.27453580901856767
755 0.27417218543046357
756 0.27380952380952384
757 0.27344782034346105
758 0.27308707124010556
759 0.2727272727272727
760 0.2723684210526316
761 0.2720105124835742
762 0.27165354330708663
763 0.2712975098296199
764 0.2709424083769634
765 0.27058823529411763
766 0.27154046997389036
767 0.2711864406779661
768 0.2708333333333333
769 0.270481144343303
770 0.2701298701298701
771 0.2697795071335927
772 0.2694300518134715
773 0.2690815006468305
774 0.268733850129199
775 0.26838709677419353
776 0.26804123711340205
777 0.2676962676962677
778 0.26735218508997427
779 0.26700898587933247
780 0.26666666666666666
781 0.26632522407170295
782 0.2659846547314578
783 0.2656449553001277
784 0.2653061224489796
785 0.26496815286624203
786 0.26463104325699743
787 0.26429479034307496
788 0.2639593908629442
789 0.26362484157160965
790 0.26329113924050634
791 0.2629582806573957
792 0.26262626262626265
793 0.26229508196721313
794 0.2619647355163728
795 0.26163522012578616
796 0.2613065326633166
797 0.26097867001254704
798 0.2606516290726817
799 0.26032540675844806
800 0.26
801 0.2596754057428215
802 0.2593516209476309
803 0.2590286425902864
804 0.25870646766169153
805 0.25838509316770186
806 0.25806451612903225
807 0.2577447335811648
808 0.25742574257425743
809 0.25710754017305315
810 0.25679012345679014
811 0.2564734895191122
812 0.2561576354679803
813 0.25584255842558423
814 0.25552825552825553
815 0.2552147239263804
816 0.2549019607843137
817 0.25458996328029376
818 0.254278728606357
819 0.25396825396825395
820 0.25365853658536586
821 0.25334957369062117
822 0.25304136253041365
823 0.25273390036452004
824 0.2536407766990291
825 0.25333333333333335
826 0.25302663438256656
827 0.25272067714631197
828 0.2524154589371981
829 0.25211097708082025
830 0.25180722891566265
831 0.25150421179302046
832 0.2512019230769231
833 0.25090036014405764
834 0.25059952038369304
835 0.2502994011976048
836 0.25
837 0.24970131421744324
838 0.2494033412887828
839 0.24910607866507747
840 0.2488095238095238
841 0.24851367419738407
842 0.24821852731591448
843 0.2491103202846975
844 0.24881516587677724
845 0.2485207100591716
846 0.24822695035460993
847 0.24793388429752067
848 0.24764150943396226
849 0.24734982332155478
850 0.24705882352941178
851 0.24676850763807284
852 0.24647887323943662
853 0.246189917936694
854 0.2459016393442623
855 0.24561403508771928
856 0.24532710280373832
857 0.24504084014002334
858 0.24475524475524477
859 0.24447031431897556
860 0.2441860465116279
861 0.24390243902439024
862 0.24361948955916474
863 0.24333719582850522
864 0.24305555555555555
865 0.24277456647398843
866 0.24249422632794457
867 0.2422145328719723
868 0.24193548387096775
869 0.24165707710011508
870 0.2413793103448276
871 0.24110218140068887
872 0.2408256880733945
873 0.24054982817869416
874 0.2402745995423341
875 0.24
876 0.23972602739726026
877 0.2394526795895097
878 0.23917995444191345
879 0.23890784982935154
880 0.23863636363636365
881 0.2383654937570942
882 0.23922902494331066
883 0.23895809739524349
884 0.23868778280542988
885 0.2384180790960452
886 0.2381489841986456
887 0.237880496054115
888 0.2376126126126126
889 0.2373453318335208
890 0.23707865168539327
891 0.23681257014590348
892 0.2365470852017937
893 0.23628219484882418
894 0.2360178970917226
895 0.23575418994413408
896 0.23549107142857142
897 0.23522853957636566
898 0.23496659242761692
899 0.2347052280311457
900 0.23444444444444446
901 0.2341842397336293
902 0.23392461197339245
903 0.2336655592469546
904 0.2334070796460177
905 0.23314917127071824
906 0.23289183222958057
907 0.2326350606394708
908 0.23237885462555066
909 0.23212321232123212
910 0.23186813186813188
911 0.23161361141602635
912 0.23135964912280702
913 0.23110624315443593
914 0.23085339168490154
915 0.23060109289617486
916 0.23034934497816595
917 0.2300981461286805
918 0.2298474945533769
919 0.2295973884657236
920 0.22934782608695653
921 0.2290988056460369
922 0.22885032537960953
923 0.228602383531961
924 0.22835497835497837
925 0.2281081081081081
926 0.22786177105831534
927 0.22869471413160733
928 0.22952586206896552
929 0.22927879440258342
930 0.22903225806451613
931 0.22878625134264233
932 0.22854077253218885
933 0.2282958199356913
934 0.22805139186295503
935 0.22780748663101605
936 0.22756410256410256
937 0.22732123799359658
938 0.22707889125799574
939 0.2268370607028754
940 0.22659574468085106
941 0.2263549415515409
942 0.22611464968152867
943 0.2258748674443266
944 0.225635593220339
945 0.2253968253968254
946 0.2251585623678647
947 0.2249208025343189
948 0.22468354430379747
949 0.2244467860906217
950 0.22421052631578947
951 0.22397476340694006
952 0.22373949579831934
953 0.22350472193074503
954 0.22327044025157233
955 0.22303664921465968
956 0.22280334728033474
957 0.2225705329153605
958 0.22233820459290188
959 0.22210636079249219
960 0.221875
961 0.22164412070759626
962 0.22141372141372143
963 0.22118380062305296
964 0.22199170124481327
965 0.22176165803108808
966 0.22153209109730848
967 0.22130299896587383
968 0.22107438016528927
969 0.22084623323013416
970 0.22061855670103092
971 0.2203913491246138
972 0.22016460905349794
973 0.2199383350462487
974 0.22073921971252566
975 0.2205128205128205
976 0.22028688524590165
977 0.22006141248720573
978 0.2198364008179959
979 0.21961184882533197
980 0.2193877551020408
981 0.21916411824668705
982 0.2189409368635438
983 0.21871820956256358
984 0.2184959349593496
985 0.2182741116751269
986 0.21805273833671399
987 0.21783181357649442
988 0.21761133603238866
989 0.21739130434782608
990 0.21717171717171718
991 0.21695257315842584
992 0.21673387096774194
993 0.21651560926485397
994 0.21629778672032193
995 0.21608040201005024
996 0.21586345381526104
997 0.2156469408224674
998 0.2154308617234469
999 0.21521521521521522
1000 0.215
1001 0.21478521478521478
1002 0.21457085828343314
1003 0.2143569292123629
1004 0.21414342629482072
1005 0.21393034825870647
1006 0.21371769383697814
1007 0.2135054617676266
1008 0.21329365079365079
1009 0.2130822596630327
1010 0.21287128712871287
1011 0.21266073194856577
1012 0.2124505928853755
1013 0.21224086870681144
1014 0.21203155818540434
1015 0.21182266009852216
1016 0.21161417322834647
1017 0.21140609636184857
1018 0.2111984282907662
1019 0.21099116781157998
1020 0.2107843137254902
1021 0.21057786483839372
1022 0.21037181996086105
1023 0.2101661779081134
1024 0.2099609375
1025 0.2097560975609756
1026 0.20955165692007796
1027 0.20934761441090555
1028 0.20914396887159534
1029 0.20894071914480078
1030 0.2087378640776699
1031 0.20853540252182348
1032 0.20833333333333334
1033 0.20813165537270087
1034 0.2079303675048356
1035 0.20772946859903382
1036 0.20752895752895753
1037 0.2073288331726133
1038 0.2071290944123314
1039 0.20692974013474494
1040 0.20673076923076922
1041 0.20653218059558118
1042 0.20633397312859886
1043 0.20613614573346117
1044 0.20593869731800765
1045 0.20574162679425836
1046 0.2055449330783939
1047 0.20534861509073543
1048 0.20515267175572519
1049 0.2049571020019066
1050 0.20476190476190476
1051 0.20456707897240722
1052 0.20437262357414449
1053 0.20417853751187084
1054 0.20398481973434535
1055 0.2037914691943128
1056 0.20359848484848486
1057 0.20340586565752128
1058 0.20321361058601134
1059 0.20302171860245516
1060 0.2028301886792453
1061 0.20263901979264845
1062 0.2024482109227872
1063 0.20225776105362184
1064 0.20206766917293234
1065 0.20187793427230047
1066 0.20168855534709193
1067 0.2014995313964386
1068 0.20131086142322097
1069 0.2011225444340505
1070 0.20093457943925233
1071 0.20074696545284781
1072 0.20055970149253732
1073 0.20037278657968313
1074 0.20018621973929238
1075 0.2
1076 0.19981412639405205
1077 0.19962859795728877
1078 0.19944341372912802
1079 0.19925857275254866
1080 0.19907407407407407
1081 0.19888991674375578
1082 0.1987060998151571
1083 0.19852262234533702
1084 0.19833948339483395
1085 0.19815668202764977
1086 0.19797421731123388
1087 0.19779208831646733
1088 0.19761029411764705
1089 0.19742883379247014
1090 0.19724770642201836
1091 0.19706691109074242
1092 0.19688644688644688
1093 0.19670631290027446
1094 0.19652650822669104
1095 0.1963470319634703
1096 0.19616788321167883
1097 0.1959890610756609
1098 0.19581056466302368
1099 0.19563239308462238
1100 0.19545454545454546
1101 0.1952770208900999
1102 0.19509981851179672
1103 0.19492293744333636
1104 0.1947463768115942
1105 0.19457013574660634
1106 0.19439421338155516
1107 0.1942186088527552
1108 0.194043321299639
1109 0.19386834986474302
1110 0.19369369369369369
1111 0.1935193519351935
1112 0.19334532374100719
1113 0.1931716082659479
1114 0.19299820466786355
1115 0.19282511210762332
1116 0.19265232974910393
1117 0.19247985675917637
1118 0.19230769230769232
1119 0.19213583556747096
1120 0.19196428571428573
1121 0.19179304192685104
1122 0.19162210338680927
1123 0.19145146927871773
1124 0.19128113879003558
1125 0.19111111111111112
1126 0.19094138543516873
1127 0.19077196095829635
1128 0.19148936170212766
1129 0.1913197519929141
1130 0.1911504424778761
1131 0.1909814323607427
1132 0.19081272084805653
1133 0.19064430714916153
1134 0.19047619047619047
1135 0.19030837004405288
1136 0.19014084507042253
1137 0.18997361477572558
1138 0.18980667838312829
1139 0.18964003511852504
1140 0.18947368421052632
1141 0.18930762489044697
1142 0.18914185639229422
1143 0.1889763779527559
1144 0.1888111888111888
1145 0.188646288209607
1146 0.18848167539267016
1147 0.18831734960767219
1148 0.18815331010452963
1149 0.18798955613577023
1150 0.18782608695652173
1151 0.18766290182450043
1152 0.1875
1153 0.1873373807458803
1154 0.18717504332755633
1155 0.18701298701298702
1156 0.18685121107266436
1157 0.18668971477960242
1158 0.18652849740932642
1159 0.18636755823986195
1160 0.18620689655172415
1161 0.18604651162790697
1162 0.18588640275387264
1163 0.18572656921754085
1164 0.18556701030927836
1165 0.1854077253218884
1166 0.18524871355060035
1167 0.18508997429305912
1168 0.18493150684931506
1169 0.1847733105218135
1170 0.18461538461538463
1171 0.18445772843723313
1172 0.18430034129692832
1173 0.18414322250639387
1174 0.1839863713798978
1175 0.18382978723404256
1176 0.1836734693877551
1177 0.18436703483432457
1178 0.18421052631578946
1179 0.18405428329092452
1180 0.18389830508474575
1181 0.18374259102455545
1182 0.18358714043993232
1183 0.1834319526627219
1184 0.18327702702702703
1185 0.1831223628691983
1186 0.18296795952782463
1187 0.18281381634372368
1188 0.18265993265993266
1189 0.1825063078216989
1190 0.18235294117647058
1191 0.18219983207388749
1192 0.1820469798657718
1193 0.18189438390611903
1194 0.18174204355108878
1195 0.1815899581589958
1196 0.181438127090301
1197 0.18128654970760233
1198 0.18113522537562604
1199 0.18098415346121768
1200 0.18083333333333335
1201 0.1806827643630308
1202 0.1805324459234609
1203 0.18038237738985868
1204 0.18023255813953487
1205 0.18008298755186722
1206 0.1799336650082919
1207 0.17978458989229495
1208 0.17963576158940397
1209 0.1794871794871795
1210 0.1793388429752066
1211 0.1791907514450867
1212 0.17904290429042904
1213 0.17889530090684255
1214 0.1787479406919275
1215 0.17860082304526748
1216 0.17845394736842105
1217 0.17830731306491374
1218 0.1781609195402299
1219 0.17801476620180476
1220 0.1778688524590164
1221 0.17772317772317772
1222 0.17757774140752863
1223 0.17743254292722813
1224 0.1772875816993464
1225 0.17714285714285713
1226 0.1769983686786297
1227 0.17685411572942136
1228 0.1767100977198697
1229 0.17656631407648496
1230 0.17642276422764228
1231 0.17627944760357434
1232 0.17613636363636365
1233 0.1759935117599351
1234 0.17585089141004862
1235 0.1757085020242915
1236 0.1755663430420712
1237 0.17542441390460792
1238 0.17609046849757673
1239 0.17594834543987087
1240 0.17580645161290323
1241 0.17566478646253023
1242 0.17552334943639292
1243 0.1753821399839099
1244 0.1752411575562701
1245 0.1751004016064257
1246 0.17495987158908508
1247 0.1748195669607057
1248 0.17467948717948717
1249 0.1745396317053643
1250 0.1744
1251 0.17426059152677859
1252 0.17412140575079874
1253 0.1739824421388667
1254 0.17384370015948963
1255 0.17370517928286852
1256 0.1735668789808917
1257 0.17342879872712808
1258 0.17329093799682035
1259 0.17315329626687848
1260 0.173015873015873
1261 0.17287866772402855
1262 0.17274167987321712
1263 0.1726049089469517
1264 0.17246835443037975
1265 0.17233201581027668
1266 0.1721958925750395
1267 0.17205998421468036
1268 0.1719242902208202
1269 0.17178881008668243
1270 0.17165354330708663
1271 0.17151848937844216
1272 0.17138364779874213
1273 0.17124901806755696
1274 0.17111459968602827
1275 0.17098039215686275
1276 0.17084639498432602
1277 0.1707126076742365
1278 0.1705790297339593
1279 0.1704456606724003
1280 0.1703125
1281 0.17017954722872755
1282 0.17004680187207488
1283 0.16991426344505067
1284 0.16978193146417445
1285 0.16964980544747083
1286 0.16951788491446346
1287 0.16938616938616938
1288 0.16925465838509315
1289 0.16912335143522111
1290 0.16899224806201552
1291 0.168861347792409
1292 0.16873065015479877
1293 0.168600154679041
1294 0.16846986089644514
1295 0.16833976833976835
1296 0.16820987654320987
1297 0.16808018504240554
1298 0.1679506933744222
1299 0.16782140107775212
1300 0.1676923076923077
1301 0.16756341275941583
1302 0.1674347158218126
1303 0.16730621642363777
1304 0.16717791411042945
1305 0.16704980842911876
1306 0.1669218989280245
1307 0.16679418515684774
1308 0.16666666666666666
1309 0.16653934300993126
1310 0.166412213740458
1311 0.16628527841342486
1312 0.16615853658536586
1313 0.16603198781416603
1314 0.1659056316590563
1315 0.16577946768060836
1316 0.1656534954407295
1317 0.16552771450265755
1318 0.165402124430956
1319 0.1652767247915087
1320 0.16515151515151516
1321 0.16502649507948525
1322 0.1649016641452345
1323 0.16477702191987906
1324 0.1646525679758308
1325 0.16452830188679246
1326 0.16440422322775264
1327 0.16428033157498115
1328 0.16415662650602408
1329 0.16403310759969902
1330 0.16390977443609023
1331 0.16378662659654394
1332 0.16366366366366367
1333 0.16354088522130533
1334 0.1634182908545727
1335 0.16329588014981272
1336 0.1631736526946108
1337 0.1630516080777861
1338 0.16292974588938713
1339 0.16280806572068707
1340 0.1626865671641791
1341 0.16256524981357195
1342 0.16244411326378538
1343 0.16232315711094564
1344 0.16220238095238096
1345 0.1620817843866171
1346 0.16196136701337296
1347 0.16184112843355605
1348 0.16172106824925817
1349 0.16160118606375093
1350 0.16148148148148148
1351 0.16136195410806808
1352 0.16124260355029585
1353 0.16112342941611235
1354 0.16100443131462333
1355 0.16088560885608857
1356 0.1607669616519174
1357 0.1606484893146647
1358 0.16053019145802652
1359 0.1604120676968359
1360 0.16029411764705884
1361 0.16017634092578986
1362 0.16005873715124816
1363 0.15994130594277328
1364 0.1598240469208211
1365 0.1597069597069597
1366 0.1595900439238653
1367 0.15947329919531822
1368 0.15935672514619884
1369 0.15924032140248356
1370 0.1591240875912409
1371 0.15900802334062727
1372 0.1588921282798834
1373 0.15877640203932994
1374 0.1586608442503639
1375 0.15854545454545454
1376 0.15843023255813954
1377 0.15831517792302105
1378 0.15820029027576196
1379 0.15808556925308195
1380 0.15797101449275364
1381 0.15785662563359884
1382 0.1577424023154848
1383 0.1576283441793203
1384 0.157514450867052
1385 0.15740072202166064
1386 0.15728715728715728
1387 0.15717375630857966
1388 0.15706051873198848
1389 0.15694744420446363
1390 0.15683453237410072
1391 0.15672178289000718
1392 0.15660919540229884
1393 0.15649676956209618
1394 0.1563845050215208
1395 0.15627240143369175
1396 0.15616045845272206
1397 0.15604867573371511
1398 0.15593705293276108
1399 0.15582558970693353
1400 0.15571428571428572
1401 0.15560314061384725
1402 0.15549215406562053
1403 0.15538132573057734
1404 0.15527065527065528
1405 0.15516014234875444
1406 0.155049786628734
1407 0.15493958777540867
1408 0.15482954545454544
1409 0.1547196593328602
1410 0.15460992907801419
1411 0.15450035435861093
1412 0.15439093484419264
1413 0.1542816702052371
1414 0.15417256011315417
1415 0.15406360424028268
1416 0.153954802259887
1417 0.15384615384615385
1418 0.153737658674189
1419 0.1536293164200141
1420 0.15352112676056337
1421 0.1534130893736805
1422 0.15330520393811534
1423 0.15319747013352072
1424 0.15308988764044945
1425 0.1529824561403509
1426 0.15287517531556802
1427 0.15276804484933426
1428 0.15266106442577032
1429 0.15255423372988103
1430 0.15244755244755245
1431 0.15234102026554858
1432 0.15223463687150837
1433 0.15212840195394278
1434 0.15202231520223153
1435 0.15191637630662022
1436 0.15181058495821728
1437 0.15170494084899094
1438 0.15159944367176634
1439 0.15149409312022238
1440 0.15138888888888888
1441 0.15128383067314366
1442 0.15117891816920942
1443 0.15107415107415106
1444 0.15096952908587258
1445 0.1508650519031142
1446 0.1507607192254495
1447 0.15065653075328264
1448 0.1505524861878453
1449 0.15044858523119392
1450 0.1503448275862069
1451 0.15024121295658166
1452 0.15013774104683195
1453 0.15003441156228492
1454 0.1499312242090784
1455 0.14982817869415807
1456 0.14972527472527472
1457 0.14962251201098148
1458 0.149519890260631
1459 0.14941740918437285
1460 0.14931506849315068
1461 0.14921286789869953
1462 0.1491108071135431
1463 0.14900888585099112
1464 0.1489071038251366
1465 0.14880546075085324
1466 0.14870395634379263
1467 0.14860259032038173
1468 0.14850136239782016
1469 0.1484002722940776
1470 0.14829931972789115
1471 0.14819850441876276
1472 0.1480978260869565
1473 0.14799728445349628
1474 0.14789687924016282
1475 0.14779661016949153
1476 0.14769647696476965
1477 0.14759647935003387
1478 0.14749661705006767
1479 0.14739688979039892
1480 0.1472972972972973
1481 0.14719783929777178
1482 0.14709851551956815
1483 0.14767363452461227
1484 0.14757412398921832
1485 0.14747474747474748
1486 0.14737550471063257
1487 0.1472763954270343
1488 0.14717741935483872
1489 0.1470785762256548
1490 0.14697986577181207
1491 0.14688128772635814
1492 0.1467828418230563
1493 0.14668452779638314
1494 0.1465863453815261
1495 0.14648829431438126
1496 0.1463903743315508
1497 0.1462925851703407
1498 0.14619492656875835
1499 0.14609739826551035
1500 0.146
1501 0.1459027315123251
1502 0.14580559254327563
1503 0.14570858283433133
1504 0.1456117021276596
1505 0.14551495016611296
1506 0.1454183266932271
1507 0.1453218314532183
1508 0.14522546419098142
1509 0.14512922465208747
1510 0.14503311258278145
1511 0.14493712772998016
1512 0.14484126984126985
1513 0.14474553866490417
1514 0.14464993394980186
1515 0.14455445544554454
1516 0.14445910290237468
1517 0.14436387607119314
1518 0.1442687747035573
1519 0.14417379855167872
1520 0.14407894736842106
1521 0.14398422090729784
1522 0.14388961892247043
1523 0.1437951411687459
1524 0.1437007874015748
1525 0.1436065573770492
1526 0.1435124508519004
1527 0.14341846758349705
1528 0.14332460732984292
1529 0.1432308698495749
1530 0.14313725490196078
1531 0.14304376224689747
1532 0.1429503916449086
1533 0.14285714285714285
1534 0.14276401564537158
1535 0.14332247557003258
1536 0.14322916666666666
1537 0.14313597918022122
1538 0.14304291287386217
1539 0.142949967511371
1540 0.14285714285714285
1541 0.1427644386761843
1542 0.14267185473411154
1543 0.1425793907971484
1544 0.14248704663212436
1545 0.1423948220064725
1546 0.1423027166882277
1547 0.14221073044602456
1548 0.1421188630490956
1549 0.14202711426726922
1550 0.14193548387096774
1551 0.14184397163120568
1552 0.14175257731958762
1553 0.14166130070830651
1554 0.14157014157014158
1555 0.1414790996784566
1556 0.14138817480719795
1557 0.14129736673089274
1558 0.14120667522464697
1559 0.14111610006414368
1560 0.14102564102564102
1561 0.14093529788597053
1562 0.14084507042253522
1563 0.14075495841330773
1564 0.14066496163682865
1565 0.14057507987220447
1566 0.140485312899106
1567 0.14039566049776644
1568 0.14030612244897958
1569 0.14021669853409816
1570 0.14012738853503184
1571 0.1400381922342457
1572 0.13994910941475827
1573 0.13986013986013987
1574 0.1397712833545108
1575 0.13968253968253969
1576 0.13959390862944163
1577 0.13950538998097653
1578 0.1394169835234474
1579 0.13932868904369855
1580 0.13924050632911392
1581 0.13915243516761544
1582 0.1390644753476612
1583 0.13897662665824384
1584 0.1388888888888889
1585 0.138801261829653
1586 0.13871374527112232
1587 0.13862633900441085
1588 0.1385390428211587
1589 0.13845185651353054
1590 0.13836477987421383
1591 0.13827781269641734
1592 0.13819095477386933
1593 0.13810420590081607
1594 0.13801756587202008
1595 0.13793103448275862
1596 0.13784461152882205
1597 0.13775829680651222
1598 0.1376720901126408
1599 0.13758599124452783
1600 0.1375
1601 0.13741411617738913
1602 0.1373283395755306
1603 0.1372426699937617
1604 0.1371571072319202
1605 0.13707165109034267
1606 0.136986301369863
1607 0.13690105787181084
1608 0.13681592039800994
1609 0.13673088875077688
1610 0.13664596273291926
1611 0.13656114214773432
1612 0.13647642679900746
1613 0.13639181649101054
1614 0.13630731102850063
1615 0.13622291021671826
1616 0.13613861386138615
1617 0.1360544217687075
1618 0.13597033374536466
1619 0.13588634959851761
1620 0.13580246913580246
1621 0.13571869216533003
1622 0.13563501849568435
1623 0.13555144793592114
1624 0.1354679802955665
1625 0.13538461538461538
1626 0.13530135301353013
1627 0.1352181929932391
1628 0.13513513513513514
1629 0.13505217925107427
1630 0.13496932515337423
1631 0.1354996934396076
1632 0.13541666666666666
1633 0.13533374157991426
1634 0.13525091799265607
1635 0.13516819571865443
1636 0.13508557457212714
1637 0.13500305436774587
1638 0.1349206349206349
1639 0.13483831604636973
1640 0.13475609756097562
1641 0.13467397928092625
1642 0.1345919610231425
1643 0.13451004260499086
1644 0.13442822384428224
1645 0.13434650455927052
1646 0.13426488456865127
1647 0.13418336369156042
1648 0.1341019417475728
1649 0.13402061855670103
1650 0.13393939393939394
1651 0.13385826771653545
1652 0.1337772397094431
1653 0.1336963097398669
1654 0.1336154776299879
1655 0.13353474320241693
1656 0.13345410628019325
1657 0.13337356668678335
1658 0.13329312424607961
1659 0.13321277878239904
1660 0.13313253012048193
1661 0.13305237808549067
1662 0.13297232250300842
1663 0.13289236319903788
1664 0.1328125
1665 0.13273273273273273
1666 0.1326530612244898
1667 0.13257348530293941
1668 0.13249400479616308
1669 0.1324146195326543
1670 0.13233532934131736
1671 0.1322561340514662
1672 0.13217703349282298
1673 0.13209802749551702
1674 0.13201911589008364
1675 0.1319402985074627
1676 0.1318615751789976
1677 0.13178294573643412
1678 0.13170441001191896
1679 0.13162596783799882
1680 0.13154761904761905
1681 0.13146936347412255
1682 0.1313912009512485
1683 0.13131313131313133
1684 0.13123515439429928
1685 0.1311572700296736
1686 0.13107947805456702
1687 0.13100177830468288
1688 0.13092417061611375
1689 0.13084665482534044
1690 0.13076923076923078
1691 0.13069189828503844
1692 0.13061465721040189
1693 0.1305375073833432
1694 0.13046044864226683
1695 0.13038348082595871
1696 0.1303066037735849
1697 0.13022981732469063
1698 0.13015312131919907
1699 0.13007651559741024
1700 0.13
1701 0.12992357436801882
1702 0.1298472385428907
1703 0.1297709923664122
1704 0.12969483568075119
1705 0.12961876832844574
1706 0.12954279015240328
1707 0.12946690099589925
1708 0.12939110070257612
1709 0.12931538911644236
1710 0.12923976608187135
1711 0.12916423144360023
1712 0.12908878504672897
1713 0.1290134267367192
1714 0.12893815635939324
1715 0.12886297376093295
1716 0.12878787878787878
1717 0.12871287128712872
1718 0.12863795110593715
1719 0.1285631180919139
1720 0.12848837209302325
1721 0.1284137129575828
1722 0.12833914053426249
1723 0.1282646546720836
1724 0.12819025522041763
1725 0.12811594202898552
1726 0.12804171494785632
1727 0.12796757382744645
1728 0.12789351851851852
1729 0.12781954887218044
1730 0.12774566473988438
1731 0.12767186597342575
1732 0.12759815242494227
1733 0.12752452394691285
1734 0.12745098039215685
1735 0.12737752161383284
1736 0.12730414746543778
1737 0.12723085780080598
1738 0.12715765247410818
1739 0.12708453133985048
1740 0.12701149425287356
1741 0.12693854106835153
1742 0.12686567164179105
1743 0.1267928858290304
1744 0.12672018348623854
1745 0.12664756446991404
1746 0.1265750286368843
1747 0.12650257584430452
1748 0.12643020594965676
1749 0.126357918810749
1750 0.12628571428571428
1751 0.1262135922330097
1752 0.12614155251141554
1753 0.12606959498003423
1754 0.1259977194982896
1755 0.1259259259259259
1756 0.12585421412300685
1757 0.12578258394991462
1758 0.12571103526734925
1759 0.12563956793632747
1760 0.12556818181818183
1761 0.1254968767745599
1762 0.1254256526674234
1763 0.12535450935904707
1764 0.12528344671201813
1765 0.12521246458923513
1766 0.12514156285390712
1767 0.1250707413695529
1768 0.125
1769 0.12492933860938384
1770 0.1248587570621469
1771 0.12478825522303783
1772 0.12471783295711061
1773 0.12464749012972363
1774 0.1245772266065389
1775 0.12450704225352113
1776 0.12443693693693694
1777 0.12436691052335397
1778 0.12429696287964004
1779 0.12422709387296234
1780 0.12415730337078652
1781 0.12408759124087591
1782 0.12401795735129069
1783 0.12394840157038699
1784 0.12387892376681614
1785 0.12380952380952381
1786 0.12374020156774916
1787 0.12367095691102406
1788 0.12360178970917227
1789 0.12353269983230855
1790 0.12346368715083798
1791 0.12339475153545505
1792 0.12332589285714286
1793 0.12325711098717233
1794 0.12318840579710146
1795 0.12311977715877437
1796 0.12305122494432072
1797 0.1229827490261547
1798 0.12291434927697442
1799 0.12284602556976097
1800 0.12277777777777778
1801 0.12270960577456969
1802 0.12264150943396226
1803 0.12257348863006101
1804 0.12250554323725056
1805 0.12243767313019391
1806 0.12236987818383167
1807 0.1223021582733813
1808 0.12223451327433628
1809 0.12216694306246545
1810 0.12209944751381216
1811 0.12203202650469354
1812 0.12196467991169978
1813 0.12189740761169332
1814 0.12183020948180816
1815 0.12176308539944904
1816 0.12169603524229075
1817 0.12162905888827738
1818 0.12156215621562157
1819 0.12149532710280374
1820 0.12142857142857143
1821 0.1213618890719385
1822 0.12129527991218442
1823 0.12122874382885354
1824 0.12116228070175439
1825 0.1210958904109589
1826 0.12102957283680175
1827 0.12096332785987958
1828 0.12089715536105033
1829 0.12083105522143248
1830 0.12076502732240438
1831 0.1206990715456035
1832 0.12063318777292577
1833 0.12056737588652482
1834 0.12050163576881134
1835 0.12043596730245232
1836 0.12037037037037036
1837 0.12030484485574305
1838 0.12023939064200218
1839 0.12017400761283306
1840 0.12010869565217391
1841 0.1200434546442151
1842 0.11997828447339848
1843 0.11991318502441671
1844 0.11984815618221258
1845 0.11978319783197831
1846 0.11971830985915492
1847 0.11965349214943151
1848 0.11958874458874459
1849 0.11952406706327745
1850 0.11945945945945946
1851 0.11939492166396543
1852 0.1193304535637149
1853 0.11926605504587157
1854 0.1192017259978425
1855 0.11913746630727763
1856 0.11907327586206896
1857 0.11900915455035002
1858 0.11894510226049515
1859 0.11888111888111888
1860 0.11881720430107527
1861 0.11875335840945728
1862 0.11868958109559613
1863 0.11862587224906065
1864 0.11856223175965665
1865 0.11849865951742627
1866 0.11843515541264737
1867 0.11837171933583289
1868 0.1183083511777302
1869 0.11824505082932049
1870 0.11818181818181818
1871 0.11811865312667023
1872 0.11805555555555555
1873 0.1179925253603844
1874 0.11792956243329776
1875 0.11786666666666666
1876 0.11780383795309168
1877 0.11774107618540224
1878 0.11767838125665601
1879 0.11761575306013837
1880 0.1175531914893617
1881 0.11749069643806485
1882 0.11742826780021254
1883 0.11736590546999469
1884 0.1173036093418259
1885 0.11724137931034483
1886 0.11717921527041357
1887 0.11711711711711711
1888 0.1170550847457627
1889 0.1169931180518793
1890 0.11693121693121693
1891 0.11686938127974617
1892 0.11680761099365751
1893 0.1167459059693608
1894 0.11668426610348469
1895 0.11662269129287599
1896 0.11656118143459916
1897 0.11649973642593568
1898 0.11643835616438356
1899 0.11637704054765666
1900 0.1163157894736842
1901 0.1162546028406102
1902 0.11619348054679285
1903 0.116132422490804
1904 0.11607142857142858
1905 0.11601049868766404
1906 0.11594963273871983
1907 0.11588883062401678
1908 0.11582809224318659
1909 0.11576741749607124
1910 0.11570680628272251
1911 0.11564625850340136
1912 0.11558577405857741
1913 0.11552535284892838
1914 0.1154649947753396
1915 0.1154046997389034
1916 0.11534446764091857
1917 0.11528429838288994
1918 0.11522419186652763
1919 0.11516414799374675
1920 0.11510416666666666
1921 0.11504424778761062
1922 0.1149843912591051
1923 0.11492459698387936
1924 0.11486486486486487
1925 0.1148051948051948
1926 0.11474558670820353
1927 0.11468604047742605
1928 0.1146265560165975
1929 0.11456713322965267
1930 0.11450777202072539
1931 0.1144484722941481
1932 0.11438923395445134
1933 0.11433005690636316
1934 0.11427094105480869
1935 0.11421188630490955
1936 0.11415289256198347
1937 0.11409395973154363
1938 0.11403508771929824
1939 0.11397627643115008
1940 0.11391752577319587
1941 0.11385883565172591
1942 0.11380020597322348
1943 0.11374163664436439
1944 0.11368312757201646
1945 0.11362467866323907
1946 0.11356628982528263
1947 0.11350796096558809
1948 0.11344969199178645
1949 0.11339148281169831
1950 0.11333333333333333
1951 0.1132752434648898
1952 0.11321721311475409
1953 0.11315924219150025
1954 0.11310133060388945
1955 0.11304347826086956
1956 0.11298568507157464
1957 0.11292795094532447
1958 0.1128702757916241
1959 0.11281265952016335
1960 0.11275510204081633
1961 0.112697603263641
1962 0.1126401630988787
1963 0.11258278145695365
1964 0.1125254582484725
1965 0.11246819338422392
1966 0.11241098677517802
1967 0.11235383833248602
1968 0.11229674796747967
1969 0.1122397155916709
1970 0.11218274111675126
1971 0.11212582445459157
1972 0.11206896551724138
1973 0.11201216421692854
1974 0.11195542046605876
1975 0.11189873417721519
1976 0.1118421052631579
1977 0.11178553363682348
1978 0.11172901921132457
1979 0.11167256189994947
1980 0.11161616161616161
1981 0.11155981827359919
1982 0.11150353178607467
1983 0.11144730206757439
1984 0.11139112903225806
1985 0.11133501259445844
1986 0.11127895266868076
1987 0.11122294916960242
1988 0.11116700201207244
1989 0.1111111111111111
1990 0.11105527638190955
1991 0.11099949773982923
1992 0.11094377510040161
1993 0.11088810837932765
1994 0.11083249749247744
1995 0.11077694235588972
1996 0.11072144288577154
1997 0.11066599899849774
1998 0.11061061061061062
1999 0.11055527763881941
2000 0.1105
2001 0.11044477761119441
2002 0.11038961038961038
2003 0.11033449825262107
2004 0.11027944111776447
2005 0.11022443890274314
2006 0.11016949152542373
2007 0.11011459890383657
2008 0.1100597609561753
2009 0.11000497760079642
2010 0.10995024875621891
2011 0.10989557434112382
2012 0.10984095427435388
2013 0.10978638847491307
2014 0.10973187686196624
2015 0.10967741935483871
2016 0.10962301587301587
2017 0.10956866633614279
2018 0.10951437066402378
2019 0.10946012877662209
2020 0.1094059405940594
2021 0.10935180603661554
2022 0.109297725024728
2023 0.1092436974789916
2024 0.1091897233201581
2025 0.1091358024691358
2026 0.10908193484698914
2027 0.10902812037493834
2028 0.10897435897435898
2029 0.10892065056678167
2030 0.10886699507389162
2031 0.10881339241752831
2032 0.10875984251968504
2033 0.10870634530250861
2034 0.10865290068829891
2035 0.10859950859950859
