1 1.0
2 1.0
3 1.0
4 1.0
5 1.0
6 0.8333333333333334
7 0.7142857142857143
8 0.75
9 0.7777777777777778
10 0.7
11 0.7272727272727273
12 0.75
13 0.7692307692307693
14 0.7857142857142857
15 0.8
16 0.8125
17 0.8235294117647058
18 0.8333333333333334
19 0.8421052631578947
20 0.85
21 0.8571428571428571
22 0.8636363636363636
23 0.8260869565217391
24 0.7916666666666666
25 0.8
26 0.7692307692307693
27 0.7407407407407407
28 0.75
29 0.7586206896551724
30 0.7666666666666667
31 0.7741935483870968
32 0.75
33 0.7575757575757576
34 0.7352941176470589
35 0.7428571428571429
36 0.75
37 0.7297297297297297
38 0.7105263157894737
39 0.6923076923076923
40 0.7
41 0.6829268292682927
42 0.6904761904761905
43 0.6744186046511628
44 0.6590909090909091
45 0.6444444444444445
46 0.6521739130434783
47 0.6595744680851063
48 0.6458333333333334
49 0.6326530612244898
50 0.64
51 0.6470588235294118
52 0.6538461538461539
53 0.6415094339622641
54 0.6481481481481481
55 0.6545454545454545
56 0.6428571428571429
57 0.631578947368421
58 0.6379310344827587
59 0.6271186440677966
60 0.6333333333333333
61 0.639344262295082
