1 1.0
2 1.0
3 1.0
4 1.0
5 1.0
6 1.0
7 1.0
8 1.0
9 1.0
10 1.0
11 1.0
12 0.9166666666666666
13 0.8461538461538461
14 0.8571428571428571
15 0.8
16 0.75
17 0.7647058823529411
18 0.7777777777777778
19 0.7894736842105263
20 0.8
21 0.8095238095238095
22 0.8181818181818182
23 0.782608695652174
24 0.7916666666666666
25 0.8
26 0.8076923076923077
27 0.7777777777777778
28 0.7857142857142857
29 0.7931034482758621
30 0.7666666666666667
31 0.7741935483870968
32 0.78125
33 0.7878787878787878
34 0.7647058823529411
35 0.7428571428571429
36 0.7222222222222222
37 0.7027027027027027
38 0.6842105263157895
39 0.6666666666666666
40 0.675
41 0.6585365853658537
42 0.6428571428571429
43 0.627906976744186
44 0.6136363636363636
45 0.6
46 0.5869565217391305
47 0.5957446808510638
48 0.5833333333333334
49 0.5714285714285714
50 0.56
51 0.5686274509803921
52 0.5576923076923077
53 0.5471698113207547
54 0.5370370370370371
55 0.5272727272727272
56 0.5357142857142857
57 0.5263157894736842
58 0.5172413793103449
59 0.5084745762711864
60 0.5166666666666667
