0.3380945547311117	0.6619054452688883
0.026841038881585066	0.9731589611184149
0.649787466628908	0.35021253337109204
0.0179483643518904	0.9820516356481096
0.11636984593717392	0.8836301540628261
0.10428316883671629	0.8957168311632837
0.11382484426317219	0.8861751557368278
0.6951517448135577	0.3048482551864423
0.3627787621187478	0.6372212378812522
0.6026106565196713	0.3973893434803287
0.43963624075158203	0.560363759248418
0.31215040736488997	0.68784959263511
0.12376651436910546	0.8762334856308945
0.15284149911584144	0.8471585008841586
3.160958873653641E-4	0.9996839041126346
0.228772857275778	0.771227142724222
0.573274561572903	0.426725438427097
0.04134594603821928	0.9586540539617807
0.1398509076530814	0.8601490923469186
0.376671160814001	0.623328839185999
0.6356692171090985	0.3643307828909015
0.5031098236922352	0.4968901763077648
0.37433955049546797	0.625660449504532
0.2201569486215308	0.7798430513784692
0.23597326074759029	0.7640267392524097
0.12602709186239092	0.8739729081376091
0.14589366557326977	0.8541063344267302
0.1665298123976353	0.8334701876023647
0.16938849798323352	0.8306115020167665
0.18411369875923578	0.8158863012407642
0.44925306350931815	0.5507469364906818
0.3278675068628436	0.6721324931371564
0.42506374873326813	0.5749362512667319
0.07631832367093072	0.9236816763290693
0.5500878664166607	0.44991213358333926
0.1241963476061344	0.8758036523938656
0.2990390460852027	0.7009609539147973
0.5664388578236239	0.4335611421763761
0.5631336566494684	0.43686634335053165
0.10228941323404639	0.8977105867659536
0.356882026998946	0.643117973001054
0.5903379755560385	0.4096620244439615
0.1331581518542836	0.8668418481457164
0.14783751384245414	0.8521624861575459
0.5008690554863741	0.49913094451362594
0.3217226271587281	0.6782773728412719
0.0477728160607771	0.9522271839392229
0.48462686670530064	0.5153731332946994
0.05964913572661934	0.9403508642733807
0.6959377948519789	0.30406220514802107
0.0030306678537393994	0.9969693321462606
0.13418246950255563	0.8658175304974444
0.05486281154258332	0.9451371884574167
0.08092278996620139	0.9190772100337986
0.4644122262218975	0.5355877737781025
0.6852398271885283	0.31476017281147173
0.3970213926398033	0.6029786073601967
0.4202808157449971	0.5797191842550029
0.1013746072804218	0.8986253927195782
0.13793743008675818	0.8620625699132418
0.09157668728587764	0.9084233127141224
0.6624376612110418	0.33756233878895825
0.43390728571725856	0.5660927142827414
0.48955091558371366	0.5104490844162863
0.05989306530038052	0.9401069346996195
0.16743661713112612	0.8325633828688739
0.7269612721055947	0.27303872789440536
0.022254545694517347	0.9777454543054827
0.21867928499154377	0.7813207150084562
0.4881700712867545	0.5118299287132455
0.13769703782856757	0.8623029621714324
0.05402654519825678	0.9459734548017432
0.21126311400565967	0.7887368859943403
0.5745988486543628	0.42540115134563716
0.04461845789127861	0.9553815421087214
0.16836258206990506	0.8316374179300949
0.5451659385253335	0.45483406147466654
0.06578430591474282	0.9342156940852572
0.5045005636950789	0.4954994363049211
0.530670071718921	0.469329928281079
0.34097655798121296	0.659023442018787
0.08439881498263857	0.9156011850173614
0.156667759396794	0.843332240603206
0.5897500431708336	0.41024995682916643
0.08190475245414852	0.9180952475458515
0.3659598854957231	0.6340401145042769
0.0037241425506606696	0.9962758574493393
0.5792191570963728	0.42078084290362716
0.0012149329803925468	0.9987850670196075
0.6913612617530674	0.30863873824693255
0.6377774681937771	0.3622225318062229
0.28341144282074104	0.716588557179259
0.5128607131236553	0.48713928687634467
0.3454169752805951	0.6545830247194049
0.06897910589243994	0.9310208941075601
0.20881195091202887	0.7911880490879711
0.6258761639530006	0.3741238360469994
0.14934405428923725	0.8506559457107628
2.068924579007314E-4	0.9997931075420993
0.5953180153773854	0.4046819846226146
0.16733974184854405	0.832660258151456
0.10077559931200986	0.8992244006879901
0.01200695784375172	0.9879930421562483
0.006350337118661509	0.9936496628813385
0.001774308027597482	0.9982256919724025
0.7837030924948052	0.2162969075051948
0.42209349756193104	0.577906502438069
0.12961050497371618	0.8703894950262838
0.1693351174895692	0.8306648825104308
0.10905685412209021	0.8909431458779098
0.06053940764929022	0.9394605923507098
0.3548844637903479	0.6451155362096521
0.235907339746401	0.764092660253599
0.3505093032883798	0.6494906967116202
0.319503788521582	0.680496211478418
0.7500981664788989	0.24990183352110107
0.242845548339088	0.757154451660912
0.6134027363764829	0.38659726362351715
0.7463847399909229	0.2536152600090771
0.5401179631600264	0.4598820368399736
0.4349117882588641	0.5650882117411359
0.7970767135587667	0.20292328644123325
0.0210953401104641	0.9789046598895359
0.18968218466475306	0.8103178153352469
0.21596050096345887	0.7840394990365411
0.4644734540252897	0.5355265459747103
0.3770874775128146	0.6229125224871854
0.23143706517398777	0.7685629348260122
0.1774853287171092	0.8225146712828908
0.5904745272349758	0.4095254727650241
0.1378070752082895	0.8621929247917105
0.7572105192660394	0.24278948073396056
0.6552944837264061	0.34470551627359397
0.055686323715794295	0.9443136762842057
0.060671855366491334	0.9393281446335087
0.0470776208052065	0.9529223791947935
0.016213576653411166	0.9837864233465888
0.36508699754496343	0.6349130024550366
0.23391959580976607	0.7660804041902339
0.7885069813112536	0.21149301868874637
0.42436625700858865	0.5756337429914113
0.2623794774859183	0.7376205225140817
0.08824888997232305	0.911751110027677
0.12234995181888741	0.8776500481811126
1.8207033863826272E-4	0.9998179296613617
0.3077670795311165	0.6922329204688835
0.007453936124862892	0.9925460638751371
0.38368260394250797	0.616317396057492
0.6183816536010109	0.3816183463989891
0.05178920241393936	0.9482107975860606
0.1952731599616374	0.8047268400383626
0.24945179508607107	0.7505482049139289
0.21020267955166483	0.7897973204483352
0.28156204496760595	0.718437955032394
0.4801329618113509	0.5198670381886491
0.24606974996936104	0.753930250030639
0.6352515293558736	0.36474847064412635
0.6138620478011225	0.38613795219887753
0.0018326605055487555	0.9981673394944512
0.2634518829362047	0.7365481170637953
7.313642927743169E-4	0.9992686357072257
0.6434208164909778	0.35657918350902224
0.5670704743027932	0.43292952569720683
0.020193747735115952	0.979806252264884
0.7463140928214241	0.25368590717857586
0.058270238059937474	0.9417297619400625
0.13283474671924644	0.8671652532807536
0.3163634031261926	0.6836365968738074
0.06646084833644905	0.933539151663551
0.26542296876397087	0.7345770312360291
0.07979956895273543	0.9202004310472646
0.6756409770884575	0.32435902291154256
0.17673220670948553	0.8232677932905145
0.06323092082188297	0.936769079178117
0.42125287164478575	0.5787471283552142
0.585181372632309	0.414818627367691
0.1693895148579132	0.8306104851420868
0.1804856993108408	0.8195143006891592
0.6607879641636583	0.3392120358363417
0.6169711336223576	0.3830288663776425
0.27588826755102447	0.7241117324489755
0.4708214110935177	0.5291785889064823
0.5610430387576797	0.43895696124232036
0.01603218017640129	0.9839678198235987
0.08081502073390967	0.9191849792660903
0.16809945273134275	0.8319005472686573
0.03374823971784624	0.9662517602821538
0.14926022985534004	0.85073977014466
0.018686411668169756	0.9813135883318302
0.09003802656809934	0.9099619734319007
0.021951287923639762	0.9780487120763602
0.6680829558369026	0.33191704416309736
0.2647102261395331	0.7352897738604669
0.12761378164604475	0.8723862183539552
0.19834828744911537	0.8016517125508846
0.5577078075702881	0.4422921924297118
0.667668844485761	0.33233115551423903
0.5288186567320972	0.4711813432679029
0.35933052336018345	0.6406694766398165
0.11768990760334852	0.8823100923966515
0.5202788392132497	0.4797211607867503
0.3674538383188759	0.6325461616811241
0.7592608954375173	0.24073910456248276
0.719070161529868	0.28092983847013203
0.573305003909084	0.426694996090916
0.026264666117511215	0.9737353338824888
0.05510771465568609	0.9448922853443139
0.0945871806861992	0.9054128193138008
0.10658145363206373	0.8934185463679363
0.3795406621153796	0.6204593378846204
0.15370046934178072	0.8462995306582193
0.4706270610388614	0.5293729389611386
0.5044583257713465	0.4955416742286535
0.518646928025222	0.48135307197477795
0.19741159869940272	0.8025884013005973
0.43770117702579747	0.5622988229742025
0.628763337833213	0.37123666216678697
0.05029598263516477	0.9497040173648352
0.10541892244293949	0.8945810775570605
0.02178865684313458	0.9782113431568654
0.37739817972735956	0.6226018202726404
0.3329138107377515	0.6670861892622485
0.6528625563910113	0.3471374436089887
0.033627807208336025	0.966372192791664
0.4425722004822803	0.5574277995177197
0.2421975408810333	0.7578024591189667
0.47978463958822437	0.5202153604117756
0.0023641568881790365	0.997635843111821
0.7098629616065082	0.2901370383934918
6.33196660830837E-4	0.9993668033391692
0.6667646605248664	0.3332353394751336
0.0204398403952456	0.9795601596047544
0.03609124854059176	0.9639087514594082
0.7532036161653239	0.246796383834676
0.04083201712975859	0.9591679828702414
0.0026126671915754907	0.9973873328084245
0.0300407743173271	0.9699592256826729
0.13972842518176054	0.8602715748182395
0.0018943928473567073	0.9981056071526433
0.13777167754780584	0.8622283224521942
0.08693107928029675	0.9130689207197032
0.3982518207912439	0.6017481792087561
0.25085159264340884	0.7491484073565912
0.5487466524608898	0.4512533475391102
0.7510955063342664	0.24890449366573358
0.17620127296631527	0.8237987270336847
0.16931914592234965	0.8306808540776504
0.008744348622595988	0.991255651377404
0.6531132172438903	0.34688678275610974
0.1628861184493201	0.8371138815506799
0.6628217717396311	0.3371782282603689
0.5539840249678704	0.44601597503212964
0.048030504782120675	0.9519694952178793
0.479578084423792	0.520421915576208
0.21236122950098346	0.7876387704990165
0.5819406905565719	0.41805930944342806
0.08850281921139869	0.9114971807886013
0.6420405830583252	0.35795941694167477
0.5635945259045287	0.43640547409547126
0.39905188330022046	0.6009481166997795
0.27266207605003745	0.7273379239499626
0.4741763434314147	0.5258236565685853
0.26632450367118443	0.7336754963288156
0.3810782844792536	0.6189217155207464
0.17107540097876428	0.8289245990212357
0.32960517819596136	0.6703948218040386
0.046886247641376166	0.9531137523586238
0.42222322791067957	0.5777767720893204
0.6029882550721805	0.39701174492781954
0.1427054928559055	0.8572945071440945
0.2836897007544795	0.7163102992455205
0.00550875071540613	0.9944912492845939
0.054838938002654825	0.9451610619973452
0.38216922745637694	0.6178307725436231
0.04614460536945175	0.9538553946305482
0.013329852124818076	0.9866701478751819
0.15250111229547791	0.8474988877045221
0.45606934008926303	0.543930659910737
0.5356940231481511	0.46430597685184893
0.6428069987927666	0.3571930012072334
0.5176200503661652	0.4823799496338348
0.04138374236280251	0.9586162576371975
0.06673164281257404	0.933268357187426
0.11803825075081498	0.881961749249185
0.5908684827174081	0.4091315172825919
0.090122336842412	0.909877663157588
0.13299857853236385	0.8670014214676361
0.5055066040836443	0.49449339591635566
0.020429854995749674	0.9795701450042503
9.066891026199286E-6	0.9999909331089738
0.1976123031567819	0.8023876968432181
0.39466070288693766	0.6053392971130623
0.18205099234326882	0.8179490076567312
0.4892995263673011	0.5107004736326989
0.16906876316685737	0.8309312368331426
0.6075128612250577	0.39248713877494235
0.5971203470775582	0.40287965292244177
0.029372971946090565	0.9706270280539094
0.0032545886260161305	0.9967454113739839
0.33195465636812627	0.6680453436318737
0.36067511168192656	0.6393248883180734
0.5633906588432103	0.43660934115678973
0.24183487369434986	0.7581651263056501
0.5313335937535489	0.46866640624645106
0.34164306214464024	0.6583569378553598
0.40466063508554806	0.5953393649144519
0.057242454764109274	0.9427575452358907
0.08872377366180617	0.9112762263381938
0.01724344028820557	0.9827565597117944
0.7323993454121729	0.26760065458782717
0.6787415914015934	0.3212584085984066
0.2210446075542033	0.7789553924457967
0.5055911563364176	0.4944088436635824
0.1351391020272399	0.8648608979727601
0.12504017211844876	0.8749598278815512
0.007869707569460371	0.9921302924305396
0.43698469356619773	0.5630153064338023
0.7118363524000176	0.28816364759998236
0.020911403965483077	0.9790885960345169
0.6842329038631509	0.31576709613684906
0.4447028421181506	0.5552971578818494
0.04601039165683374	0.9539896083431663
0.3335094171239029	0.6664905828760971
0.5245434358094578	0.47545656419054216
0.38998434177961905	0.610015658220381
0.6451883599459418	0.3548116400540582
0.7206082105663556	0.27939178943364446
0.08766740873813439	0.9123325912618656
0.2000668367230095	0.7999331632769905
0.015749422059874396	0.9842505779401256
0.5643253323931737	0.43567466760682627
0.7045712590850877	0.29542874091491234
0.07999652334714213	0.9200034766528579
0.05932486236520551	0.9406751376347945
0.03277593084491848	0.9672240691550815
0.1253126706362273	0.8746873293637727
0.20950605892541363	0.7904939410745864
0.009321464772693577	0.9906785352273064
0.5070156169554909	0.4929843830445091
0.023756251062898137	0.9762437489371019
0.04446416282926724	0.9555358371707328
0.07969946799648342	0.9203005320035166
0.22451870439034438	0.7754812956096556
0.5686110955955783	0.4313889044044217
0.11952760263346407	0.8804723973665359
0.035514050274242814	0.9644859497257572
0.08501683010305139	0.9149831698969486
0.6068103337210794	0.3931896662789206
0.2938174473010756	0.7061825526989244
0.3515450281141521	0.6484549718858479
0.2539863203989424	0.7460136796010576
0.293064757220294	0.706935242779706
0.3773524039830237	0.6226475960169763
0.050392910490384746	0.9496070895096153
0.11492216703533331	0.8850778329646667
0.376423148941592	0.623576851058408
0.43183163020313464	0.5681683697968654
0.030083614059286834	0.9699163859407132
0.09406149346821058	0.9059385065317894
0.4199013801178706	0.5800986198821294
0.16155928985140966	0.8384407101485903
0.24741901249990195	0.752580987500098
0.32222333234141076	0.6777766676585892
0.43467294461405204	0.565327055385948
0.10701995038004664	0.8929800496199534
0.3712680714720069	0.6287319285279931
0.023741383413124484	0.9762586165868755
0.7074109844160992	0.2925890155839008
0.6029334314490165	0.39706656855098355
0.5182006851523783	0.48179931484762173
0.0711529406363467	0.9288470593636533
0.48098630522176955	0.5190136947782304
0.1512620836631562	0.8487379163368438
0.08364438189669077	0.9163556181033092
0.1464738772735832	0.8535261227264168
0.6536581818333523	0.34634181816664766
0.07725991125743092	0.9227400887425691
0.11755020238661262	0.8824497976133874
0.4700708427444227	0.5299291572555773
0.5028310294825654	0.4971689705174346
0.6531037183698627	0.3468962816301373
0.470632178558382	0.529367821441618
0.2939105811365007	0.7060894188634993
0.05765736321998571	0.9423426367800143
0.2867313459026618	0.7132686540973382
0.1469371574002406	0.8530628425997594
0.03681881744536719	0.9631811825546328
0.024691076930533074	0.9753089230694669
0.25534948792752177	0.7446505120724782
0.6285129392110214	0.37148706078897864
0.5767297452086911	0.42327025479130886
0.3976084530431314	0.6023915469568686
0.04221737567024031	0.9577826243297597
0.24863076199632594	0.7513692380036741
0.16020443956958963	0.8397955604304104
0.6285810543353825	0.37141894566461753
0.3261740318963722	0.6738259681036278
0.4209602511619237	0.5790397488380763
0.14849188975010452	0.8515081102498955
0.5026986633627212	0.4973013366372788
0.09458906404625844	0.9054109359537416
0.12319028019399447	0.8768097198060055
0.6604205701749677	0.33957942982503236
0.08466431053349521	0.9153356894665048
0.5750901432458211	0.42490985675417897
0.6280888032591372	0.37191119674086287
0.08860875391572365	0.9113912460842764
0.16337568498937627	0.8366243150106237
0.09129206423410008	0.9087079357658999
0.022086763119465225	0.9779132368805348
0.4375858257136864	0.5624141742863136
0.15606079632712277	0.8439392036728772
0.41277259834527735	0.5872274016547226
0.32045925535087527	0.6795407446491247
0.6593505334772654	0.3406494665227347
0.14980087262152342	0.8501991273784766
0.023563781959213603	0.9764362180407864
0.444650299943138	0.555349700056862
0.4312805512938064	0.5687194487061936
0.0015364533959022486	0.9984635466040978
0.5695602007368878	0.4304397992631121
0.16913020402747925	0.8308697959725208
0.03665622667701485	0.9633437733229852
0.1346112386966165	0.8653887613033835
0.13251087242549964	0.8674891275745004
0.10866931556833026	0.8913306844316697
0.3959039753322766	0.6040960246677234
0.5015698879672479	0.49843011203275206
0.2473686904463156	0.7526313095536844
0.11119606503274904	0.888803934967251
0.5465105301948061	0.45348946980519383
0.5349691844842801	0.46503081551571984
0.4593133761859838	0.5406866238140162
0.150790156235304	0.849209843764696
0.6150854645308048	0.38491453546919513
0.6477023403489659	0.35229765965103416
0.574810455710538	0.42518954428946193
0.3503202315884054	0.6496797684115946
0.6262682020340109	0.37373179796598915
0.6500857167485778	0.3499142832514221
0.035450577847097375	0.9645494221529026
0.5388233135812082	0.4611766864187918
0.03126136858233464	0.9687386314176654
0.10394679549245311	0.8960532045075469
0.3649298046522814	0.6350701953477186
0.008716982573248488	0.9912830174267515
0.07749112135428105	0.922508878645719
0.15348392639767983	0.8465160736023202
0.1123530630254479	0.8876469369745521
0.44204330538173786	0.5579566946182621
0.2733015552756659	0.7266984447243341
0.6568877508154412	0.3431122491845589
0.33862444696976013	0.6613755530302399
0.03474427114389922	0.9652557288561008
0.31287294940952637	0.6871270505904736
0.17757592880020545	0.8224240711997945
0.362702380976494	0.637297619023506
0.6985567870144864	0.3014432129855135
0.38841432445621615	0.6115856755437838
0.08867012363101301	0.911329876368987
0.6580747439409083	0.3419252560590917
0.03867989278935635	0.9613201072106436
0.15715579019953885	0.8428442098004612
0.2285105886804768	0.7714894113195232
0.15784003619884324	0.8421599638011568
0.09023982532920782	0.9097601746707922
0.10433182863091495	0.895668171369085
0.3387175109412661	0.6612824890587339
0.10341991348097479	0.8965800865190252
0.5127061736314329	0.48729382636856716
0.710328248725741	0.2896717512742591
0.1680507030623819	0.8319492969376181
0.2711894841137725	0.7288105158862275
0.6915498759806704	0.30845012401932964
0.7322922067725293	0.2677077932274708
0.06895698829174868	0.9310430117082513
0.053677941911728144	0.9463220580882719
0.028132625379434728	0.9718673746205653
0.5464635815518537	0.45353641844814624
0.045326380833175195	0.9546736191668248
0.4895470335164749	0.5104529664835251
0.0018872943808456721	0.9981127056191543
0.2855723543754698	0.7144276456245302
0.022133335556483447	0.9778666644435166
0.0020539269228851964	0.9979460730771148
0.7289128655437607	0.2710871344562393
0.025482374729372204	0.9745176252706278
0.09015140894246265	0.9098485910575373
0.1858401389164035	0.8141598610835965
0.5465993882782425	0.45340061172175755
0.11241973795667581	0.8875802620433242
0.43514059574493036	0.5648594042550696
0.0939063593243179	0.9060936406756821
0.6344974013863531	0.3655025986136469
0.555877531985367	0.4441224680146329
0.5120664773416299	0.48793352265837014
0.012305517899152463	0.9876944821008475
0.6411367331458866	0.35886326685411346
0.3834271770643183	0.6165728229356817
0.20304748805030437	0.7969525119496956
0.17847153877486444	0.8215284612251356
0.3230819971278932	0.6769180028721068
0.5412974256082592	0.4587025743917408
0.2488025612238074	0.7511974387761926
0.49522174710777833	0.5047782528922217
0.27357702192987454	0.7264229780701255
0.36906830558152404	0.630931694418476
0.4909902687668374	0.5090097312331626
0.24121675597376102	0.758783244026239
0.004753353621742118	0.9952466463782579
0.451515070204507	0.548484929795493
0.29141586136385766	0.7085841386361423
0.0649860575745691	0.9350139424254309
0.46875532641181616	0.5312446735881838
0.1362695327607013	0.8637304672392987
0.04635027915858225	0.9536497208414177
0.2147782816793622	0.7852217183206378
0.0629742031231505	0.9370257968768495
0.025757413753927705	0.9742425862460723
0.7022258123170334	0.2977741876829666
0.6845535869766961	0.3154464130233039
0.017938735715267384	0.9820612642847326
0.012970530710707306	0.9870294692892927
0.30393471603259925	0.6960652839674007
0.5917415090554591	0.4082584909445409
0.2352908985994755	0.7647091014005245
0.5039277255458576	0.49607227445414237
0.44568414283996916	0.5543158571600308
0.09349347015296883	0.9065065298470312
0.06798987786981658	0.9320101221301834
0.41162806801054086	0.5883719319894591
0.0652496362340158	0.9347503637659842
0.08136676335064175	0.9186332366493583
0.6293866453773137	0.3706133546226863
0.1842254184238451	0.8157745815761549
0.473027765189752	0.526972234810248
0.3599025127678004	0.6400974872321996
0.3007053315522711	0.6992946684477289
0.6222121673184692	0.3777878326815308
0.41812594592540286	0.5818740540745971
0.207305543059493	0.792694456940507
0.00918089651262155	0.9908191034873784
0.1450808557319051	0.8549191442680949
0.5597487518329944	0.44025124816700556
0.028355406942932593	0.9716445930570674
0.6915352395090859	0.3084647604909141
0.48766096978586915	0.5123390302141309
0.09225919742508493	0.9077408025749151
0.1549663742245394	0.8450336257754606
0.48904250326274323	0.5109574967372568
0.3455964837471548	0.6544035162528452
0.710521727425254	0.289478272574746
0.4151866258105269	0.5848133741894731
0.1414646846212413	0.8585353153787587
0.3593261701645045	0.6406738298354955
0.03293871032163609	0.9670612896783639
0.4010416496750291	0.5989583503249709
0.6958956875687897	0.3041043124312103
0.2612688090971511	0.7387311909028489
0.4520385680899399	0.5479614319100601
0.5523472050982485	0.44765279490175147
0.46274109512630024	0.5372589048736998
0.28084085925502433	0.7191591407449757
0.06861652380735872	0.9313834761926413
0.6360633210626684	0.3639366789373316
0.18713654319873474	0.8128634568012653
0.3884777054506896	0.6115222945493104
0.18355645120825792	0.8164435487917421
0.05590955044271928	0.9440904495572807
0.6192909494161204	0.3807090505838796
0.38146233528912854	0.6185376647108715
0.06714138002604364	0.9328586199739564
0.5807483513567699	0.41925164864323006
0.46904409775377964	0.5309559022462204
0.09250251080878602	0.907497489191214
0.5136541532851518	0.48634584671484815
0.6501696971567512	0.3498303028432488
0.6007950403399441	0.39920495966005587
0.1863577650291952	0.8136422349708048
0.11994188301156361	0.8800581169884364
0.30021444538512365	0.6997855546148763
0.12237871881043794	0.8776212811895621
0.5322787657607179	0.46772123423928214
0.30097365310435487	0.6990263468956451
0.10719934168184453	0.8928006583181555
0.5787368378277998	0.42126316217220017
0.6312323930472239	0.3687676069527761
0.005009427900011354	0.9949905720999886
0.36268647430217593	0.6373135256978241
0.27202013148560134	0.7279798685143987
0.03684688319047258	0.9631531168095274
0.11301058251869212	0.8869894174813079
0.011244517219087813	0.9887554827809122
0.011496603393321259	0.9885033966066787
0.13772224381769127	0.8622777561823087
0.10850515774476766	0.8914948422552323
0.14538637274837585	0.8546136272516242
0.21883431551659982	0.7811656844834002
0.0662123177385302	0.9337876822614698
0.025934282162710875	0.9740657178372891
0.6806076733016257	0.3193923266983742
0.08769343092199566	0.9123065690780043
0.47288689220225644	0.5271131077977436
0.016637110335706695	0.9833628896642933
0.6908220879170077	0.30917791208299233
0.39658624503083795	0.603413754969162
0.030852655930363126	0.9691473440696369
0.5906000199711681	0.4093999800288319
0.029968570935886008	0.970031429064114
0.5718667074694299	0.42813329253057014
0.0113066168924717	0.9886933831075283
0.003158718232678326	0.9968412817673217
0.3439475539513417	0.6560524460486583
0.7084589020393393	0.2915410979606608
0.062463354607578125	0.9375366453924219
0.5105374489305146	0.4894625510694854
0.15908273657686434	0.8409172634231357
0.0691675144186058	0.9308324855813942
0.6459502414380935	0.3540497585619065
0.11779309645968061	0.8822069035403194
0.13033736780181537	0.8696626321981846
0.3500052917959606	0.6499947082040394
0.653336635650732	0.3466633643492681
0.11161937275802014	0.8883806272419799
0.6226569039461884	0.3773430960538115
0.4511480597948243	0.5488519402051757
0.5678057787704252	0.4321942212295749
0.3525444483656661	0.6474555516343339
0.0910049359634284	0.9089950640365716
0.30019077159085605	0.699809228409144
0.0014798452928461714	0.9985201547071538
0.07441526754204231	0.9255847324579577
0.18558224862499806	0.8144177513750019
0.5256986312017902	0.4743013687982098
0.1813236633828188	0.8186763366171812
0.2526109692373526	0.7473890307626474
0.008251924982512149	0.9917480750174879
0.2274033600609935	0.7725966399390065
0.05991011159999404	0.940089888400006
0.10205878665359047	0.8979412133464095
0.02313859745259339	0.9768614025474066
0.6606269147779604	0.3393730852220395
0.5167760844623659	0.48322391553763405
0.007567096189610045	0.99243290381039
0.0015682169915385291	0.9984317830084615
0.4835856465757995	0.5164143534242005
0.7866317996093666	0.21336820039063342
0.01700537645488942	0.9829946235451106
0.2975514956542322	0.7024485043457678
0.7557768192513458	0.24422318074865423
0.22674360752758815	0.7732563924724118
0.6085862397597301	0.39141376024026986
0.141925152094744	0.858074847905256
0.006653258772843618	0.9933467412271564
0.5398326001841703	0.46016739981582966
0.3507549021332703	0.6492450978667297
0.3280866089161478	0.6719133910838522
0.15194815983857057	0.8480518401614294
0.028730017197611146	0.9712699828023889
0.044639425815288125	0.9553605741847119
0.06647419231538132	0.9335258076846187
0.6208692002850645	0.37913079971493546
0.029558109143510758	0.9704418908564892
0.328320920603425	0.671679079396575
0.1387553753503069	0.8612446246496931
0.24353931215198	0.75646068784802
0.18798828296652248	0.8120117170334775
0.6599591373924679	0.3400408626075321
0.5422872013844703	0.4577127986155297
0.21855797871629656	0.7814420212837034
0.1593733996404374	0.8406266003595626
0.07630525241491659	0.9236947475850834
0.06251451509149342	0.9374854849085066
0.5905613422226802	0.4094386577773198
0.24928772922852427	0.7507122707714757
0.6402343752769517	0.3597656247230483
0.6566042175899616	0.34339578241003843
0.046093365604209735	0.9539066343957903
0.05668262426392945	0.9433173757360706
0.6736919149758399	0.3263080850241601
0.656679161065022	0.343320838934978
0.275954027964175	0.724045972035825
0.2201333481407295	0.7798666518592705
0.10022094964766515	0.8997790503523349
0.5957507284835947	0.40424927151640533
0.12793262198251565	0.8720673780174844
0.6314861958940834	0.3685138041059166
0.6275404602449635	0.37245953975503654
0.16749755094079943	0.8325024490592006
0.006287354072765594	0.9937126459272344
0.4879536186957296	0.5120463813042704
0.5464849118831643	0.4535150881168357
0.6363171212666833	0.36368287873331673
0.06061946592331369	0.9393805340766863
0.15196027667674472	0.8480397233232553
0.018714065219976206	0.9812859347800238
0.03279298979554923	0.9672070102044508
0.22079466146260418	0.7792053385373958
0.15213421807074712	0.8478657819292529
0.6071878537108373	0.3928121462891627
0.7133169872908303	0.2866830127091698
0.1983192392483455	0.8016807607516545
0.35710016196817296	0.642899838031827
0.5695194151059604	0.4304805848940397
0.09603141875697085	0.9039685812430291
0.696742649274438	0.303257350725562
0.383255077322038	0.616744922677962
0.6650086110973477	0.3349913889026523
0.5606884649427166	0.43931153505728343
0.14646692024431107	0.8535330797556889
0.032434418885876615	0.9675655811141234
0.11515750012764336	0.8848424998723566
0.4702077121065955	0.5297922878934045
0.06809638431858522	0.9319036156814148
0.6577944432673473	0.3422055567326528
0.00466107726456455	0.9953389227354354
0.024210093232535423	0.9757899067674646
0.013987195843191302	0.9860128041568087
0.31698971313127067	0.6830102868687293
0.22348534264271425	0.7765146573572858
0.4289218369857296	0.5710781630142704
0.11783760669624066	0.8821623933037593
0.16993140872387136	0.8300685912761286
0.0601534978481012	0.9398465021518988
0.05033476638203427	0.9496652336179657
0.10501507159105883	0.8949849284089412
0.0036542397667593818	0.9963457602332406
0.6777704260849973	0.3222295739150027
0.5569155025214958	0.44308449747850426
0.2140454677320709	0.7859545322679291
0.029129051071709045	0.970870948928291
0.48913741684696244	0.5108625831530376
0.36347760171045196	0.636522398289548
0.12449982905146761	0.8755001709485324
0.14215397853632683	0.8578460214636732
0.37910525063159595	0.620894749368404
0.5572280209997156	0.44277197900028437
0.022632825270285095	0.9773671747297149
0.13145190541907803	0.868548094580922
0.7237003118315213	0.2762996881684788
0.2233432838189573	0.7766567161810427
0.425985538617598	0.574014461382402
0.09923240709888992	0.9007675929011101
0.7253355601011464	0.27466443989885353
0.09480783229165823	0.9051921677083418
0.6906784433695932	0.3093215566304069
0.1385288675140568	0.8614711324859432
0.038757073799523534	0.9612429262004765
0.46837884240587024	0.5316211575941298
0.43438330920977664	0.5656166907902234
0.5425029556176646	0.4574970443823354
0.4741156574688764	0.5258843425311236
0.5893339807483113	0.41066601925168866
0.3226550456143842	0.6773449543856158
8.07984432992237E-4	0.9991920155670078
0.19194605825367073	0.8080539417463293
0.4811185954514702	0.5188814045485298
0.3373526311282464	0.6626473688717536
0.10925551719660209	0.8907444828033979
0.33761274289577603	0.662387257104224
0.2676135591623019	0.7323864408376981
0.6322611024868445	0.36773889751315547
0.5101527641112471	0.4898472358887529
0.019082921695245503	0.9809170783047545
0.008813482878044399	0.9911865171219556
0.4375832856955175	0.5624167143044825
0.7500245518074362	0.24997544819256373
0.0043760967480805935	0.9956239032519194
0.2867923860747923	0.7132076139252077
0.25687165680226487	0.7431283431977351
0.06884310216894063	0.9311568978310594
0.009704628870392473	0.9902953711296075
0.4633131850012029	0.5366868149987971
0.04857477798107013	0.9514252220189299
0.130211468747788	0.869788531252212
0.7828313818564232	0.21716861814357674
0.12719038859097664	0.8728096114090234
0.7163703981850218	0.2836296018149782
0.2742779779335056	0.7257220220664944
0.0014825151013709847	0.998517484898629
0.10930287275533268	0.8906971272446673
0.522749204749082	0.47725079525091796
0.27380393847323115	0.7261960615267689
0.572768178851536	0.42723182114846403
0.16014955465352299	0.839850445346477
0.26071096906112	0.73928903093888
0.00566375140061548	0.9943362485993845
0.1354846997174166	0.8645153002825834
0.7319089460351195	0.26809105396488053
0.13527128839782687	0.8647287116021731
0.44194654988153936	0.5580534501184606
0.05367387569494397	0.946326124305056
0.4822157305373098	0.5177842694626902
4.933345193468552E-4	0.9995066654806531
0.0021532672249603424	0.9978467327750397
0.22885934209088998	0.77114065790911
0.546010365032078	0.453989634967922
0.47058854952748663	0.5294114504725134
0.019566956234082777	0.9804330437659172
0.6636058244561058	0.33639417554389417
0.07681703439991094	0.9231829656000891
0.6471076091307981	0.35289239086920193
0.6482502185356471	0.3517497814643528
0.6018693031465476	0.3981306968534524
0.04770832974784833	0.9522916702521517
0.15506451286906087	0.8449354871309391
0.09782741042315535	0.9021725895768447
0.01722495210642594	0.9827750478935741
0.2790218386635359	0.7209781613364641
0.4395016809619855	0.5604983190380145
0.06578875348179447	0.9342112465182055
0.08937342942767545	0.9106265705723245
0.40003924235590604	0.599960757644094
0.23692176298384626	0.7630782370161537
0.3114190017448153	0.6885809982551847
0.06722819581484285	0.9327718041851571
0.027051886351874277	0.9729481136481257
0.003946536580250681	0.9960534634197493
0.4335763354750293	0.5664236645249707
0.5244017625005939	0.47559823749940605
0.4447698840763422	0.5552301159236578
0.5123974274594931	0.48760257254050693
0.35037030166344385	0.6496296983365561
0.21610830234780765	0.7838916976521924
0.0901150479924877	0.9098849520075123
0.5904170807958364	0.4095829192041635
0.4449770047695908	0.5550229952304092
0.31530976245705755	0.6846902375429424
0.5860793281800978	0.41392067181990216
0.07538800526720646	0.9246119947327935
0.5414387265389862	0.4585612734610139
0.4754811954324537	0.5245188045675463
0.46638770074327174	0.5336122992567283
0.24955547760819452	0.7504445223918055
0.4778821131608737	0.5221178868391263
0.26992238906739474	0.7300776109326053
0.0019080158860270702	0.9980919841139729
0.6505900429143445	0.3494099570856554
0.17176922924031146	0.8282307707596885
0.03261904757652845	0.9673809524234716
0.3894606081915115	0.6105393918084885
0.5287380146039755	0.47126198539602454
0.6128825018617656	0.38711749813823443
0.30203856836967	0.69796143163033
0.07263790554358263	0.9273620944564174
0.01137011680294564	0.9886298831970544
0.1824964321581919	0.8175035678418081
0.02569505489225299	0.974304945107747
0.6329195203328237	0.36708047966717633
0.10813539736399214	0.8918646026360079
0.7092555420043931	0.29074445799560694
0.358567008060942	0.641432991939058
0.029262466969304457	0.9707375330306955
0.035989986638187865	0.9640100133618121
0.46180463649412795	0.538195363505872
0.6635866200696643	0.33641337993033565
0.6700520267451093	0.3299479732548907
0.12917248692576822	0.8708275130742318
0.3202201928234273	0.6797798071765727
0.38831922614198444	0.6116807738580156
0.07471389379250437	0.9252861062074956
0.13779480653009657	0.8622051934699034
0.027307849805029205	0.9726921501949708
0.11400049929638612	0.8859995007036139
0.16530994750957917	0.8346900524904208
0.2741312951312077	0.7258687048687923
0.6161898762089066	0.3838101237910933
0.6819329096913738	0.3180670903086263
0.36448051851714214	0.6355194814828579
0.5745881413669711	0.4254118586330288
0.5979559163224801	0.4020440836775199
0.14168118315401046	0.8583188168459895
0.3166828218204786	0.6833171781795214
0.0463752655990356	0.9536247344009644
0.08895653508784729	0.9110434649121527
6.142835359799204E-4	0.9993857164640201
0.01890392019298981	0.9810960798070102
0.611025258811215	0.388974741188785
0.35866614166729494	0.6413338583327051
0.08714514470719958	0.9128548552928004
0.3713182664137803	0.6286817335862197
0.6630091210581059	0.336990878941894
0.3015028666217542	0.6984971333782458
1.573878946128371E-4	0.9998426121053872
0.5209866946757489	0.4790133053242512
0.04460543556817942	0.9553945644318206
0.3272037048469173	0.6727962951530827
0.3495444441794645	0.6504555558205355
0.039581889170345	0.960418110829655
0.02496539744971582	0.9750346025502842
0.12431416103328652	0.8756858389667135
0.46233808405870414	0.5376619159412959
0.11276357654638847	0.8872364234536115
0.0870519369360242	0.9129480630639758
0.6800628063041274	0.31993719369587265
0.13428137897568904	0.865718621024311
0.6877041853680412	0.3122958146319587
0.3635718275014722	0.6364281724985278
0.042022990130972104	0.9579770098690279
0.5983274436460362	0.40167255635396387
0.2802608422528515	0.7197391577471485
0.019356793532181782	0.9806432064678182
0.5063113851847867	0.49368861481521337
0.7025369110424087	0.29746308895759127
0.007901285621475074	0.9920987143785249
0.4842482199911937	0.5157517800088063
0.28144712873288147	0.7185528712671185
0.5340474095286758	0.46595259047132426
0.21945295118593278	0.7805470488140672
0.5450199770145643	0.4549800229854358
0.23123824024899287	0.7687617597510071
0.10837273428681615	0.8916272657131838
0.01707141056195649	0.9829285894380435
0.04971050078777117	0.9502894992122288
0.11175948747624442	0.8882405125237556
0.28457890581491985	0.7154210941850802
0.3409144837918756	0.6590855162081244
0.056219237443058456	0.9437807625569415
0.5508443286461275	0.4491556713538725
0.14847673315751653	0.8515232668424835
0.16528266633724042	0.8347173336627596
0.08024353536618745	0.9197564646338126
0.2109942740668609	0.7890057259331391
0.684683601396854	0.3153163986031459
0.6842596605726841	0.315740339427316
0.31073218527880975	0.6892678147211903
0.10373859968783838	0.8962614003121616
0.6517480577331358	0.3482519422668641
0.002601473592669379	0.9973985264073306
0.23314033306639892	0.7668596669336011
0.4673361556690232	0.5326638443309768
0.3226605633222014	0.6773394366777986
0.053369327978137204	0.9466306720218628
0.5166712400831559	0.48332875991684415
0.6604397273512097	0.33956027264879024
0.14272148496022674	0.8572785150397733
0.011740948857959177	0.9882590511420408
0.027204513455437618	0.9727954865445624
0.07584942609447864	0.9241505739055214
0.46513666246916197	0.534863337530838
0.4019184818374515	0.5980815181625485
0.7399578742974249	0.26004212570257507
0.10639284380819558	0.8936071561918044
0.35185836638367884	0.6481416336163212
0.21848814574689668	0.7815118542531033
0.7850062392409956	0.21499376075900442
0.5035494882108202	0.4964505117891797
0.1206420702474007	0.8793579297525993
0.03280779863952088	0.9671922013604791
0.3890552879457193	0.6109447120542807
0.1494696864115579	0.8505303135884421
0.2066651237197572	0.7933348762802428
0.5216811720453276	0.4783188279546724
0.004378911410531483	0.9956210885894685
0.44287150733411584	0.5571284926658842
0.014603963397798458	0.9853960366022015
0.371437156473728	0.628562843526272
0.6486593448330086	0.3513406551669914
0.15518732111769773	0.8448126788823023
0.2655030721430698	0.7344969278569302
0.14790811743812604	0.852091882561874
0.40024656815244275	0.5997534318475573
0.14249731666773857	0.8575026833322614
0.34956635747631126	0.6504336425236887
0.3776578308347678	0.6223421691652322
0.06978580948162483	0.9302141905183752
0.04323744724663958	0.9567625527533604
0.082556036805845	0.917443963194155
0.3591849318166326	0.6408150681833674
0.09625424795125015	0.9037457520487499
0.5585039569874594	0.44149604301254064
0.11648891333527578	0.8835110866647242
0.31173831135590524	0.6882616886440948
0.12510121986404554	0.8748987801359545
0.03363271701234105	0.966367282987659
0.45095679354433416	0.5490432064556658
0.5764752131627441	0.4235247868372559
0.6682978940281935	0.3317021059718065
0.10086297977192127	0.8991370202280787
0.16295027660035133	0.8370497233996487
0.6672634730416985	0.33273652695830147
0.5526702399866096	0.4473297600133904
0.01708178101836688	0.9829182189816331
0.6279287117748605	0.37207128822513946
0.036305085795597436	0.9636949142044026
0.35448286175045307	0.6455171382495469
0.16665124580361756	0.8333487541963824
0.5575660677940693	0.44243393220593075
0.6735317435358664	0.3264682564641336
0.42351479170642503	0.576485208293575
0.47995874306160824	0.5200412569383918
0.5399123423018187	0.4600876576981813
0.06867633517542515	0.9313236648245748
0.02896165146894214	0.9710383485310579
0.08123934717149772	0.9187606528285023
0.4684932709203825	0.5315067290796175
0.2345495046822067	0.7654504953177933
0.5617104717469552	0.4382895282530448
0.3759570485878254	0.6240429514121746
0.12918508425522157	0.8708149157447784
0.645100171767759	0.354899828232241
0.26032423217264367	0.7396757678273563
0.01320592492796746	0.9867940750720325
0.09676557298468369	0.9032344270153163
0.1476408492490704	0.8523591507509296
0.015882799491318433	0.9841172005086816
0.703185648228983	0.296814351771017
0.1103813802263931	0.8896186197736069
0.5366975312051487	0.46330246879485126
0.6026190809307641	0.3973809190692359
0.10350697777699591	0.8964930222230041
0.02850309056615108	0.9714969094338489
0.0754913137642601	0.9245086862357399
0.03808352348141286	0.9619164765185871
0.50060665919115	0.49939334080885
0.3961433521546299	0.6038566478453701
0.011419958694797283	0.9885800413052027
0.3376060622143241	0.6623939377856759
0.3860799475007237	0.6139200524992763
0.5817981306210195	0.4182018693789805
0.013070120639891991	0.986929879360108
0.2007709053634814	0.7992290946365186
0.11454662720318887	0.8854533727968111
0.39742435946333166	0.6025756405366683
0.1722215925281797	0.8277784074718203
0.06803613270360942	0.9319638672963906
0.37535570046796807	0.6246442995320319
0.4989074465361283	0.5010925534638717
0.6677737270526977	0.33222627294730234
0.5848819814023991	0.4151180185976009
0.27644361716431975	0.7235563828356802
0.7026683789627003	0.2973316210372997
0.5998992678462838	0.4001007321537162
0.6814630678649085	0.3185369321350915
0.5374791464145001	0.4625208535854999
0.23322784383251904	0.766772156167481
0.20420287411926952	0.7957971258807305
0.03983002335674235	0.9601699766432576
0.0011750117683814176	0.9988249882316186
0.4644216235179277	0.5355783764820723
0.2289291151151619	0.7710708848848381
0.1584320266950101	0.8415679733049899
0.0667587550716946	0.9332412449283054
0.22479355652556732	0.7752064434744327
0.1196764819145224	0.8803235180854776
0.17125428108100127	0.8287457189189987
0.10337778746526682	0.8966222125347332
0.6898405432128996	0.31015945678710044
0.16488734807436245	0.8351126519256376
0.6472084494859027	0.3527915505140973
0.42176560801430385	0.5782343919856962
0.38526058296544585	0.6147394170345541
0.7264089234743313	0.2735910765256687
0.6098937555206263	0.39010624447937364
0.5939191551974536	0.4060808448025463
0.5180622886686259	0.48193771133137414
0.20717450079070032	0.7928254992092997
0.23361894504665726	0.7663810549533427
0.5942477948134821	0.40575220518651783
0.4321594212278541	0.5678405787721459
0.08414783406360293	0.9158521659363971
0.007766231570913162	0.9922337684290868
0.011133321132459129	0.9888666788675409
0.7020556341143369	0.29794436588566303
0.3982882211640857	0.6017117788359143
0.5400176498266116	0.45998235017338845
0.03223699735749752	0.9677630026425025
0.4035748311682502	0.5964251688317498
0.2654815482302759	0.7345184517697241
0.3280066240293322	0.6719933759706678
0.6152637981216382	0.3847362018783617
0.6288320853461591	0.37116791465384097
0.586723348059836	0.4132766519401641
0.034243446296986946	0.965756553703013
0.3784657238898339	0.6215342761101661
0.49023257202900006	0.5097674279709999
0.017860720306980493	0.9821392796930195
0.5631598519152041	0.4368401480847958
0.5233538673115554	0.4766461326884445
0.34466920137317036	0.6553307986268296
0.03204548875454505	0.967954511245455
0.04927122922785798	0.950728770772142
0.1509142132232585	0.8490857867767415
0.15632894666010877	0.8436710533398912
0.1368557034115686	0.8631442965884314
0.04850075264994125	0.9514992473500588
0.6574329213062917	0.3425670786937082
0.34731350952467366	0.6526864904753263
0.011331089599092348	0.9886689104009077
0.729602950560384	0.27039704943961596
0.12473982499582281	0.8752601750041772
0.035600761155957006	0.964399238844043
0.001791506838393797	0.9982084931616062
0.29805336979062813	0.7019466302093719
3.015465684411689E-4	0.9996984534315588
0.11326856898029547	0.8867314310197045
0.01846131431247855	0.9815386856875215
0.11722611463814736	0.8827738853618526
0.22537010848447914	0.7746298915155209
0.06756559629043635	0.9324344037095637
0.5715548104276656	0.42844518957233435
0.6150794895505907	0.38492051044940934
0.3230267827146025	0.6769732172853975
0.684803865928459	0.315196134071541
0.002761225491010655	0.9972387745089893
0.6679058268173764	0.3320941731826236
0.23504449837084296	0.764955501629157
0.09836396582007845	0.9016360341799216
0.02440274898172312	0.9755972510182769
0.2764683263743488	0.7235316736256512
0.2575906542157802	0.7424093457842198
0.22142346318425188	0.7785765368157481
0.14085045551884	0.85914954448116
0.6134634579383615	0.38653654206163846
0.030270439423083384	0.9697295605769166
0.2636720369520581	0.7363279630479419
0.23726956991427417	0.7627304300857258
0.41513760895580964	0.5848623910441904
0.14127524778197353	0.8587247522180265
0.645623335624136	0.354376664375864
0.701303024770698	0.2986969752293021
0.5429896209170337	0.45701037908296627
0.3769387791833033	0.6230612208166967
0.1083281338974883	0.8916718661025117
0.5734063930984147	0.4265936069015853
0.6564952217721872	0.3435047782278128
0.07529145912954338	0.9247085408704566
0.6331106173513972	0.3668893826486028
0.1577421824370201	0.8422578175629799
0.2763640468776498	0.7236359531223502
0.09680864751010698	0.903191352489893
0.4563073597149063	0.5436926402850937
0.5937662363573823	0.40623376364261765
0.6574878527141367	0.3425121472858633
0.6962406455142022	0.30375935448579783
0.18670892321091248	0.8132910767890875
0.09254504895674698	0.907454951043253
0.025594353972693162	0.9744056460273068
0.03705541095792064	0.9629445890420794
0.002806568934379916	0.9971934310656201
0.019088004754859056	0.9809119952451409
0.0971165050329339	0.9028834949670661
0.20428302809302745	0.7957169719069725
0.06716638909636286	0.9328336109036371
0.4759055476273224	0.5240944523726776
0.06884843661523232	0.9311515633847677
0.10699509769873372	0.8930049023012663
0.02617872452961556	0.9738212754703844
0.5210630876584291	0.4789369123415709
7.684163010335254E-5	0.9999231583698966
0.5810794926564132	0.41892050734358677
0.6900814417605219	0.3099185582394781
0.014633413307386989	0.985366586692613
0.6155175596178242	0.3844824403821758
0.020416106377563525	0.9795838936224365
0.35041252477013507	0.6495874752298649
0.07110054277525668	0.9288994572247433
0.05980844780575545	0.9401915521942446
0.6285046514256081	0.3714953485743919
0.14476535138873947	0.8552346486112605
0.14498086353574524	0.8550191364642548
0.7541551139756791	0.24584488602432084
0.03244367922793112	0.9675563207720689
0.2860815024026291	0.7139184975973709
0.016688050321196024	0.983311949678804
0.005540462791782663	0.9944595372082173
0.7261151683309692	0.27388483166903077
0.5206250866042035	0.4793749133957965
0.3461259332211253	0.6538740667788747
0.16421998573218244	0.8357800142678176
0.6473429175676033	0.3526570824323967
0.20307938506881362	0.7969206149311864
0.09644860126886101	0.903551398731139
0.5478759868079097	0.4521240131920903
0.6882879974342853	0.31171200256571474
0.17764265991369488	0.8223573400863051
0.02698309701262802	0.973016902987372
0.22329532942517827	0.7767046705748217
0.4084550431439966	0.5915449568560034
0.3198282562244982	0.6801717437755018
0.33126234743082295	0.668737652569177
0.7786871252178357	0.2213128747821643
0.10186451768827942	0.8981354823117206
0.05143498869086072	0.9485650113091393
0.5544010008070551	0.4455989991929449
0.004344201044868656	0.9956557989551313
0.6235880782964073	0.3764119217035927
0.02277291426814243	0.9772270857318576
0.06054563310972538	0.9394543668902746
0.3692855084380897	0.6307144915619103
0.20475549261830006	0.7952445073816999
0.1268526559295129	0.8731473440704871
0.582454794457421	0.417545205542579
0.3813332747222221	0.6186667252777779
0.4878331381573985	0.5121668618426015
0.09214213500155699	0.907857864998443
0.4503706109213551	0.5496293890786449
0.04175707120874639	0.9582429287912536
0.17921951885135345	0.8207804811486465
0.042560341243925603	0.9574396587560744
0.688703093599311	0.3112969064006889
0.5209828485926287	0.4790171514073713
0.041457752658028646	0.9585422473419714
0.02840332095507614	0.9715966790449239
0.4343537628606927	0.5656462371393073
0.2030098627304373	0.7969901372695627
0.1597191963699759	0.8402808036300241
0.07855538357769032	0.9214446164223097
0.26070538719800507	0.7392946128019949
0.3714376850717932	0.6285623149282068
0.5488923206864067	0.45110767931359336
0.7389516796035867	0.2610483203964134
0.06787020021989565	0.9321297997801044
0.42383129175629	0.57616870824371
0.6906876284339263	0.3093123715660738
0.22364680410983784	0.7763531958901622
0.022297505726418088	0.9777024942735819
0.1405384284871226	0.8594615715128774
0.2620380968949455	0.7379619031050545
0.20439724222225164	0.7956027577777484
0.7402430841695484	0.25975691583045163
0.7300540612266886	0.26994593877331136
0.0029171273299839484	0.997082872670016
0.5597943180038611	0.4402056819961389
0.5678862738454244	0.4321137261545755
0.13782277926136977	0.8621772207386302
0.16865174380264658	0.8313482561973534
0.36115503328137866	0.6388449667186213
0.08169232306188356	0.9183076769381164
0.3752933392638097	0.6247066607361903
0.6565342588048848	0.34346574119511525
0.17550173728739316	0.8244982627126068
0.01779186562509749	0.9822081343749025
0.0777606583818482	0.9222393416181518
0.08351807397535937	0.9164819260246406
0.07305133441825906	0.9269486655817409
0.5670623515765683	0.4329376484234317
0.4119888101887148	0.5880111898112852
0.7324869405938954	0.26751305940610454
0.2524742183794386	0.7475257816205614
0.03268519048314933	0.9673148095168507
0.34382948345706266	0.6561705165429373
0.20307863109821078	0.7969213689017892
0.15144182998568556	0.8485581700143144
0.04426258726608878	0.9557374127339112
0.5135549357735978	0.48644506422640227
0.4509272629359269	0.5490727370640731
0.026973791756555676	0.9730262082434443
0.26908884041649805	0.730911159583502
0.07999762259485821	0.9200023774051418
0.08288524168233813	0.9171147583176619
0.09057169983212854	0.9094283001678715
0.02272279264206134	0.9772772073579387
0.276410774663171	0.723589225336829
0.08354057771087031	0.9164594222891297
0.5167351541022364	0.48326484589776364
0.007796450553907985	0.992203549446092
0.2012617702638395	0.7987382297361605
0.2106369861011923	0.7893630138988077
0.676941468897322	0.323058531102678
0.4100550758620163	0.5899449241379837
0.44334852175189243	0.5566514782481076
0.57866122628517	0.42133877371483
0.23996776003583242	0.7600322399641676
0.6232421285824716	0.37675787141752837
0.24903254493989713	0.7509674550601029
0.2649113332387766	0.7350886667612234
0.6321282877577752	0.3678717122422248
0.029629499093203338	0.9703705009067967
0.11204354946134076	0.8879564505386592
0.0774115243780964	0.9225884756219036
0.5690540680941163	0.4309459319058837
0.6279328943593279	0.37206710564067214
0.04268138884722783	0.9573186111527722
0.3160940152871873	0.6839059847128127
0.6004565690129136	0.39954343098708645
0.11050535255763927	0.8894946474423607
0.39259549052585485	0.6074045094741451
0.026516113555990373	0.9734838864440096
0.28283553385957616	0.7171644661404238
0.442034392632087	0.557965607367913
0.33163695710456187	0.6683630428954381
0.16706548450699554	0.8329345154930045
0.5941138666301077	0.4058861333698923
0.17408569971576315	0.8259143002842368
0.20111300966972	0.79888699033028
0.322909795611773	0.677090204388227
0.4219563122801663	0.5780436877198337
0.12681045181241635	0.8731895481875837
0.07638132655565455	0.9236186734443455
0.331894567371083	0.668105432628917
0.3940518208585311	0.6059481791414689
0.4040945096045023	0.5959054903954977
0.6698565732643624	0.33014342673563757
0.13192904708225606	0.8680709529177439
0.004676643312861106	0.9953233566871389
0.012138101320619321	0.9878618986793807
0.222388759373371	0.777611240626629
0.5524857927552157	0.4475142072447843
0.6197710946025696	0.3802289053974304
0.32029601946564246	0.6797039805343575
0.6083352756758704	0.3916647243241296
0.25232898048570795	0.747671019514292
0.1864324134498102	0.8135675865501898
0.6795756639911062	0.32042433600889375
0.01596013979457911	0.9840398602054209
0.2610473265430814	0.7389526734569186
0.6408904196805657	0.3591095803194343
0.11245261100932591	0.8875473889906741
0.019226933322370576	0.9807730666776294
0.7324287908705928	0.26757120912940724
0.018404508395312158	0.9815954916046878
0.6236838503452529	0.37631614965474713
0.18035788206545245	0.8196421179345476
0.07323862985871854	0.9267613701412815
0.10468923554185983	0.8953107644581402
0.02980759920086673	0.9701924007991333
0.7059549510137125	0.29404504898628747
0.748997643989873	0.251002356010127
0.042307931663882026	0.957692068336118
0.39399604857598847	0.6060039514240115
0.0012014845570980093	0.998798515442902
0.02067021393573032	0.9793297860642697
0.004911037648172023	0.995088962351828
0.05336395031793195	0.946636049682068
0.5611854876249832	0.4388145123750168
0.4317251279425064	0.5682748720574936
0.007089616414353017	0.992910383585647
0.4930711008950751	0.5069288991049249
0.02404705627945869	0.9759529437205413
0.09709773639803276	0.9029022636019672
0.3321940845315262	0.6678059154684738
0.4938177252448426	0.5061822747551574
0.69792189063932	0.30207810936068
0.5150225172759273	0.4849774827240727
0.056870878708529804	0.9431291212914702
0.4600569303543788	0.5399430696456212
0.11533215427364307	0.8846678457263569
0.013927257476539667	0.9860727425234603
0.7837736380635599	0.21622636193644004
0.09677302273578159	0.9032269772642184
0.0629145981879139	0.9370854018120861
0.07566216831495975	0.9243378316850402
0.7461267399377955	0.25387326006220445
0.05142977801474957	0.9485702219852504
0.6444110788572757	0.35558892114272433
0.6527707532490303	0.34722924675096967
0.628330241052666	0.371669758947334
0.0036599787912062753	0.9963400212087937
0.12422889733745335	0.8757711026625467
0.03749521435925063	0.9625047856407494
0.3118004945539472	0.6881995054460528
0.056138288184606755	0.9438617118153932
0.005598804889029307	0.9944011951109707
0.31904512701145915	0.6809548729885408
0.19633315605704105	0.803666843942959
0.5694512897787467	0.43054871022125335
0.1683087755651076	0.8316912244348924
0.10709673787087604	0.892903262129124
0.2421806764890082	0.7578193235109918
0.030864407739618183	0.9691355922603818
0.6635236002321803	0.3364763997678197
0.10917898970639794	0.8908210102936021
0.17606689512951967	0.8239331048704803
0.5349464682367364	0.46505353176326364
0.2757471610753792	0.7242528389246208
0.022502550810762134	0.9774974491892379
0.6273278867864378	0.37267211321356225
0.4169533811578886	0.5830466188421114
0.2541253122413135	0.7458746877586865
0.028664627040528856	0.9713353729594711
0.5679088853817515	0.4320911146182485
0.15714120987024427	0.8428587901297557
0.18653550402410446	0.8134644959758955
0.5575391587605489	0.4424608412394511
0.5980787758677555	0.40192122413224457
0.01026923484919251	0.9897307651508075
0.059129743218609976	0.94087025678139
0.517992625410842	0.48200737458915804
0.13294711307206253	0.8670528869279375
0.041194150008721064	0.9588058499912789
0.24010300191977907	0.7598969980802209
0.24086226287310952	0.7591377371268905
0.0282955311225197	0.9717044688774803
0.38429404240481824	0.6157059575951818
0.3442585446994768	0.6557414553005232
0.7036682616146942	0.2963317383853058
0.4908573194430921	0.5091426805569079
0.4440785515723459	0.5559214484276541
0.05054634909694522	0.9494536509030548
0.013711191104426534	0.9862888088955735
0.5668993996885336	0.4331006003114664
0.6063275102319328	0.3936724897680672
0.5555795334609948	0.4444204665390052
0.074108056504673	0.925891943495327
0.4512966366756861	0.5487033633243139
0.5274231138175101	0.4725768861824899
0.6803963825315884	0.31960361746841154
0.0019406988943273529	0.9980593011056726
0.6132673669638959	0.386732633036104
0.7320735998629592	0.26792640013704083
0.1183120866807783	0.8816879133192217
0.4727850994394466	0.5272149005605534
0.03643800256729812	0.9635619974327019
0.11854845589811691	0.8814515441018831
0.7021233165631466	0.29787668343685336
0.6011794001736477	0.3988205998263523
0.2646891640753417	0.7353108359246583
0.48535912297037354	0.5146408770296265
0.15042747481486773	0.8495725251851323
0.03908632966389902	0.960913670336101
0.21148216052632685	0.7885178394736732
0.2287092062340239	0.7712907937659761
0.18707897269231766	0.8129210273076823
0.07577615530704929	0.9242238446929507
0.09549962463994	0.90450037536006
0.6035588339179973	0.39644116608200275
0.030871178249415987	0.969128821750584
0.7173383026548639	0.28266169734513613
0.034677318082380615	0.9653226819176194
0.17972660598249846	0.8202733940175015
0.4473343910915186	0.5526656089084814
0.17108778064870434	0.8289122193512957
0.7239030738120089	0.2760969261879911
0.12097472175990909	0.8790252782400909
0.020395095607465885	0.9796049043925341
0.4688638017528167	0.5311361982471833
0.43871083084602813	0.5612891691539719
0.4890093701354642	0.5109906298645358
0.12580298416409896	0.874197015835901
0.027575745245248084	0.9724242547547519
0.08737166170304822	0.9126283382969518
0.5771355710306624	0.4228644289693376
0.29479751852305514	0.7052024814769449
0.09636748153259489	0.9036325184674051
0.14280857607734454	0.8571914239226555
0.4668953595258848	0.5331046404741152
0.1714685022366611	0.8285314977633389
0.13480382348081665	0.8651961765191833
0.4028935287459612	0.5971064712540388
0.4453542298615907	0.5546457701384093
0.4763903304551661	0.5236096695448339
0.2302629455189098	0.7697370544810902
0.6101532818531779	0.38984671814682215
0.046789821175001856	0.9532101788249981
0.2877404590667907	0.7122595409332093
0.7199868767067586	0.28001312329324135
0.5075248535222748	0.49247514647772517
0.16034514461863614	0.8396548553813639
0.02151182830571896	0.978488171694281
0.10112005819613024	0.8988799418038698
0.45356474517081613	0.5464352548291839
0.6166049223085759	0.38339507769142417
0.7096114999338239	0.29038850006617617
0.04075631194177165	0.9592436880582283
0.001106784980100639	0.9988932150198994
0.01393208016322589	0.9860679198367741
0.27023334100715435	0.7297666589928457
0.01666141491263351	0.9833385850873665
0.26605413121994714	0.7339458687800529
0.17487967746927924	0.8251203225307208
0.6416475017154752	0.3583524982845247
0.33388131694146594	0.6661186830585341
0.029360547380644864	0.9706394526193551
0.45667611912266015	0.5433238808773398
0.6818958196236593	0.31810418037634075
0.02764573420134875	0.9723542657986513
0.0041257437072806935	0.9958742562927193
0.004243293199653553	0.9957567068003464
1.8098506377828283E-4	0.9998190149362217
0.41841174514520996	0.58158825485479
0.6899600037328648	0.31003999626713513
0.09154748898107312	0.9084525110189269
0.2969132427273141	0.7030867572726859
0.49649092956661867	0.5035090704333813
0.5419047751358879	0.4580952248641121
0.021361545662555992	0.978638454337444
0.2530092142262975	0.7469907857737025
0.4145468332489848	0.5854531667510152
0.007611379123345752	0.9923886208766542
0.3990833548347372	0.6009166451652628
0.6444940515042943	0.35550594849570577
0.016116410197784647	0.9838835898022154
0.04701421805812267	0.9529857819418773
0.34915953401719824	0.6508404659828018
0.14838440264805308	0.8516155973519469
0.009168033667472986	0.990831966332527
0.5663220050494087	0.4336779949505913
0.10707998202084357	0.8929200179791564
0.362756011487133	0.637243988512867
0.7379449490765502	0.2620550509234498
0.04214466024114549	0.9578553397588545
0.4001208042129958	0.5998791957870042
0.3074090261682495	0.6925909738317505
0.668204609634041	0.331795390365959
0.7445792368918702	0.25542076310812983
0.18151701131349018	0.8184829886865098
0.004732715114388664	0.9952672848856113
0.6525648379038693	0.3474351620961306
0.535264960148792	0.46473503985120795
0.13859360597272963	0.8614063940272704
0.30347549138378327	0.6965245086162167
0.017587995704974158	0.9824120042950258
0.7016107834321454	0.2983892165678545
0.6245584107723312	0.37544158922766874
0.5859741457465528	0.41402585425344723
0.04656403200984627	0.9534359679901537
0.07897880814989178	0.9210211918501082
0.1890008352380561	0.8109991647619439
0.5491021271748573	0.45089787282514276
0.39160384914625146	0.6083961508537485
0.11212877696272538	0.8878712230372746
0.017968876251537425	0.9820311237484626
0.15342951105447944	0.8465704889455206
0.7148593810857203	0.28514061891427966
0.16060347519379192	0.8393965248062081
0.06900629306276962	0.9309937069372304
0.08814450107734817	0.9118554989226518
0.7265843623037286	0.2734156376962714
0.13188848231419803	0.868111517685802
0.15629748377174335	0.8437025162282566
0.26762436197351014	0.7323756380264899
0.22915921538040374	0.7708407846195963
0.32786654044275465	0.6721334595572453
0.041792095959390485	0.9582079040406095
0.05057592998561111	0.9494240700143889
0.7269037134651822	0.27309628653481777
0.009555826731940553	0.9904441732680594
6.358709401927953E-4	0.9993641290598072
0.009735056274291054	0.990264943725709
0.23154447807100054	0.7684555219289995
0.6690791181212432	0.33092088187875685
0.6205745598467467	0.37942544015325325
0.6569385587561323	0.3430614412438678
0.6475843668945374	0.3524156331054627
0.07336604955093873	0.9266339504490613
0.4770163294395271	0.5229836705604729
0.6840261829972569	0.31597381700274313
0.022626029892576338	0.9773739701074237
0.08412345703797253	0.9158765429620275
0.6601700477395156	0.33982995226048435
0.29435402022139334	0.7056459797786067
0.04049921762919073	0.9595007823708093
0.2978178302099277	0.7021821697900723
0.17229116126063826	0.8277088387393617
0.4534010575166404	0.5465989424833596
0.19314994655345197	0.806850053446548
0.7048511390577944	0.2951488609422056
0.3805514828845733	0.6194485171154267
0.01422512735619208	0.9857748726438079
0.44081778449359443	0.5591822155064056
0.06049221733887944	0.9395077826611206
0.4627282582473923	0.5372717417526077
0.04478757860331528	0.9552124213966847
0.5379774744528631	0.4620225255471369
0.13651617936990645	0.8634838206300935
0.5719412542617801	0.42805874573821995
0.4724788743440792	0.5275211256559208
0.03441638885411347	0.9655836111458865
0.12625915856797432	0.8737408414320257
0.5688711705801015	0.43112882941989855
0.02736014434868206	0.9726398556513179
0.6430946888933697	0.3569053111066302
0.0015211655694994386	0.9984788344305006
0.6745704618671986	0.32542953813280134
0.0999808923074944	0.9000191076925056
0.3961237092908366	0.6038762907091634
0.3359265996116171	0.6640734003883829
0.43327943902404453	0.5667205609759555
0.28506959015196165	0.7149304098480384
0.1232297661574876	0.8767702338425124
0.1852222684258199	0.8147777315741801
0.4727287573069171	0.5272712426930829
0.5897422393854836	0.4102577606145164
0.018129927171721683	0.9818700728282783
0.026722026800996	0.973277973199004
0.3128800148494154	0.6871199851505846
0.4449096558460407	0.5550903441539593
0.3574484212778183	0.6425515787221817
0.11022065398580516	0.8897793460141948
0.5839137994020882	0.41608620059791185
0.27470679633111217	0.7252932036688878
0.23666404964413934	0.7633359503558607
0.2880324753045328	0.7119675246954672
0.12403426637161463	0.8759657336283854
0.4627905720215174	0.5372094279784826
0.7627873120919164	0.2372126879080836
0.07316815044903124	0.9268318495509688
0.0577775031870541	0.9422224968129459
0.020407328559456483	0.9795926714405435
0.19402545724455644	0.8059745427554436
0.03507711734147734	0.9649228826585227
0.4427023242733584	0.5572976757266416
0.44593574876417985	0.5540642512358201
0.19238045496369371	0.8076195450363063
0.2096328985810979	0.7903671014189021
0.018978953691458522	0.9810210463085415
0.5058840758416212	0.49411592415837885
0.5357046700228933	0.4642953299771067
0.5399492845269835	0.4600507154730164
0.043117190004882455	0.9568828099951175
0.5353224210615894	0.4646775789384106
0.2599962860924162	0.7400037139075838
0.3791316260948817	0.6208683739051183
0.13019151882748903	0.869808481172511
0.1287504780451968	0.8712495219548032
0.40617410907783513	0.5938258909221649
0.6013378004908252	0.39866219950917475
0.38265951661621134	0.6173404833837887
0.4536403950436093	0.5463596049563907
0.179305414785493	0.820694585214507
0.14235591430187866	0.8576440856981213
0.16045810012453676	0.8395418998754632
0.14046114169661383	0.8595388583033862
0.10971069539384826	0.8902893046061517
0.4324587455771388	0.5675412544228612
0.5654633952750474	0.43453660472495265
0.6771988849306407	0.3228011150693592
0.08143986177676432	0.9185601382232357
0.6626099891321107	0.3373900108678894
0.21406096880355718	0.7859390311964428
0.5979430506942136	0.40205694930578645
0.5420432579263452	0.45795674207365483
0.30629649052608576	0.6937035094739142
0.03732221331027741	0.9626777866897226
0.03794716411560517	0.9620528358843948
0.023826687775059807	0.9761733122249402
0.15932973380004567	0.8406702661999543
0.008718833089300548	0.9912811669106995
0.22096422825818307	0.7790357717418169
0.1375169053142914	0.8624830946857086
0.32493942560351596	0.675060574396484
0.31922195337489867	0.6807780466251013
0.04785386873581665	0.9521461312641833
0.28945929780435675	0.7105407021956432
0.05873415199268961	0.9412658480073104
0.004306341570881389	0.9956936584291186
0.1081253942123852	0.8918746057876148
0.6198702582333908	0.38012974176660913
0.5278187207925427	0.4721812792074574
0.3571397370905355	0.6428602629094645
0.4767792942105461	0.5232207057894539
0.5818739178411882	0.4181260821588118
0.25213380675354735	0.7478661932464526
0.35839567602229916	0.6416043239777008
0.3088478930016151	0.6911521069983849
0.33658553426305626	0.6634144657369437
0.250418752053147	0.749581247946853
0.48496416220324867	0.5150358377967513
0.5347787962783663	0.4652212037216336
0.6476346434808553	0.3523653565191447
0.0726402900270059	0.9273597099729941
0.5595083087445939	0.4404916912554061
0.4626926299699361	0.5373073700300639
0.5193878902312128	0.4806121097687872
0.6162323046850492	0.3837676953149508
0.13626148798549165	0.8637385120145084
0.5718407078718325	0.4281592921281675
0.4026324367903539	0.5973675632096461
0.19118401879335123	0.8088159812066488
0.4264505692505177	0.5735494307494823
0.38608345554838	0.61391654445162
0.03571625000278855	0.9642837499972114
0.03400355312472436	0.9659964468752756
0.16993150020060177	0.8300684997993982
0.1554701673566189	0.8445298326433811
0.011197811459201623	0.9888021885407984
0.07729422311293555	0.9227057768870645
0.14165008782663746	0.8583499121733625
0.5292447346584301	0.47075526534156986
0.17920452597623227	0.8207954740237677
0.2652217111877938	0.7347782888122062
0.18393518386147656	0.8160648161385234
0.42996339908287917	0.5700366009171208
0.3109948010327025	0.6890051989672975
0.5501893979058056	0.44981060209419443
0.040983868825899106	0.9590161311741009
0.04448521497637581	0.9555147850236242
0.40095595780116444	0.5990440421988356
0.3568908015385074	0.6431091984614926
0.26552714743211026	0.7344728525678897
0.521249579515546	0.47875042048445404
0.17087901094083613	0.8291209890591639
0.44870079728553525	0.5512992027144648
0.016027468551343516	0.9839725314486565
0.07278443049502548	0.9272155695049745
0.6298490114373154	0.3701509885626846
0.018063328728976757	0.9819366712710232
0.5967614273875579	0.4032385726124421
0.3518674997185022	0.6481325002814978
0.0029039541029168836	0.9970960458970831
0.050721217565771415	0.9492787824342286
0.5283320523458592	0.4716679476541408
0.553968881772199	0.44603111822780095
0.5269447856497206	0.4730552143502794
0.10359638236522029	0.8964036176347797
0.664405649168645	0.335594350831355
0.06232844261539949	0.9376715573846005
0.025469287617009062	0.9745307123829909
0.4797377119951626	0.5202622880048374
0.020741625211977865	0.9792583747880221
0.6269988702955975	0.37300112970440247
0.06279414435913966	0.9372058556408603
0.05475656829326592	0.9452434317067341
0.4628968243249596	0.5371031756750404
0.5147123018411471	0.48528769815885286
0.5074986405313502	0.4925013594686498
0.5174332363411589	0.4825667636588411
0.11232493945702915	0.8876750605429709
0.04158972898491686	0.9584102710150831
0.6685628960966224	0.33143710390337755
0.6278873855058839	0.37211261449411615
0.03256731153639081	0.9674326884636092
0.0411752146178751	0.9588247853821249
0.3007660482722513	0.6992339517277487
0.29015092165746525	0.7098490783425347
0.4859778540745102	0.5140221459254898
0.3727429727283611	0.6272570272716389
0.046249212041066357	0.9537507879589336
0.3166558462372314	0.6833441537627686
0.5029775954346377	0.4970224045653623
0.013281824068997472	0.9867181759310025
0.3242684157591783	0.6757315842408217
0.27659660917811457	0.7234033908218854
0.11845720966028683	0.8815427903397132
0.10541463640955695	0.894585363590443
0.11727621745360517	0.8827237825463948
0.06392587475853473	0.9360741252414653
0.45887776646065626	0.5411222335393437
0.03759915416208148	0.9624008458379185
0.4925973562465027	0.5074026437534973
0.12761131700780093	0.8723886829921991
0.6091900855025322	0.3908099144974678
0.47431750573283293	0.5256824942671671
0.5995049746861598	0.4004950253138402
0.13582017989619044	0.8641798201038096
0.2921276334210322	0.7078723665789678
0.42032903291934054	0.5796709670806595
0.6522567673291888	0.3477432326708112
0.1965338151756093	0.8034661848243907
0.658107386121518	0.341892613878482
0.07217830269641345	0.9278216973035865
0.4017155026212137	0.5982844973787863
0.012530094167042316	0.9874699058329577
0.02812827062789336	0.9718717293721066
0.017442898712382915	0.9825571012876171
0.5936095235972559	0.40639047640274406
0.3770978514600902	0.6229021485399098
0.645300757732218	0.35469924226778204
0.07044289859291286	0.9295571014070871
0.678145153643327	0.32185484635667305
0.31824726074643495	0.681752739253565
0.4089701385094837	0.5910298614905163
0.044949592348203726	0.9550504076517963
0.503863628319287	0.496136371680713
0.01949687425839075	0.9805031257416092
0.579755476541429	0.420244523458571
0.4841074862230731	0.5158925137769269
0.02249872494821148	0.9775012750517885
0.4675313865256985	0.5324686134743015
0.1888630534011011	0.8111369465988989
0.11052649079999666	0.8894735092000033
0.3526187463220086	0.6473812536779914
0.17538395177278088	0.8246160482272191
0.3985791557670276	0.6014208442329724
0.4580878209012452	0.5419121790987548
0.10411927286784328	0.8958807271321567
0.7481570105756066	0.2518429894243934
0.13637665128210552	0.8636233487178945
0.6625792119666706	0.3374207880333294
0.08003040583764343	0.9199695941623566
0.3715732393894302	0.6284267606105698
0.395487743822718	0.604512256177282
0.22641247291484146	0.7735875270851585
0.6958573393885068	0.30414266061149325
0.1959417302239379	0.8040582697760621
0.0011689780933678007	0.9988310219066322
0.7495594693077535	0.2504405306922465
0.5670833003031729	0.4329166996968271
0.1248496991764203	0.8751503008235797
0.005555586401435608	0.9944444135985644
0.006648857013054732	0.9933511429869453
0.4617816068185394	0.5382183931814606
0.08897916970690933	0.9110208302930907
0.0073210117012632026	0.9926789882987368
0.029062914834729336	0.9709370851652707
0.09380450546042729	0.9061954945395727
0.14062311354485957	0.8593768864551404
0.20234075686422592	0.7976592431357741
0.029248101608587262	0.9707518983914127
0.7554293333729823	0.24457066662701765
0.03503815573107827	0.9649618442689217
0.006868864830861021	0.993131135169139
0.09431535981138894	0.9056846401886111
0.5443192722731531	0.45568072772684687
0.08282619305026329	0.9171738069497367
0.6586453963922325	0.3413546036077675
0.7202451098242972	0.2797548901757027
0.25133062835576314	0.7486693716442369
0.5147945962262194	0.48520540377378063
0.19652641895256162	0.8034735810474384
0.5056601249070463	0.49433987509295374
4.983605911433875E-4	0.9995016394088566
0.6963806501093203	0.30361934989067974
0.5051013561619894	0.49489864383801063
0.2843518896487993	0.7156481103512007
0.1873782100918533	0.8126217899081467
0.1838278296151068	0.8161721703848932
0.6266303368106448	0.37336966318935516
0.40359821781746963	0.5964017821825304
0.49709219079164757	0.5029078092083524
0.6661798734668689	0.3338201265331311
0.11575326902667404	0.884246730973326
0.5178884108499748	0.48211158915002517
0.34012672068869554	0.6598732793113045
0.3290477405010739	0.6709522594989261
0.08976028680187964	0.9102397131981204
0.22470460121811697	0.775295398781883
0.5692469522989761	0.43075304770102385
0.6673021052915428	0.33269789470845723
0.3686625117082223	0.6313374882917777
0.0391056867113998	0.9608943132886002
0.057915428049820306	0.9420845719501797
0.030645985250680075	0.9693540147493199
0.11243444917005108	0.8875655508299489
0.5837488217561269	0.41625117824387314
0.1845252949049191	0.8154747050950809
0.0477023407008873	0.9522976592991127
0.4570334909431987	0.5429665090568013
0.006931618341084023	0.993068381658916
0.07298067008182674	0.9270193299181733
0.45175665329575354	0.5482433467042465
0.1711160121999935	0.8288839878000065
0.014461083553126697	0.9855389164468733
0.07450249759497851	0.9254975024050215
0.5322021641319182	0.46779783586808177
0.3297140541179088	0.6702859458820912
0.03746924098885551	0.9625307590111445
0.3829838695881247	0.6170161304118753
0.006621855798051635	0.9933781442019484
0.5954616265288585	0.4045383734711415
0.06992539825399136	0.9300746017460086
0.13369753874509072	0.8663024612549093
0.24684947035389293	0.7531505296461071
0.6098042151822685	0.39019578481773154
0.015642020366387288	0.9843579796336127
0.6801030910229509	0.31989690897704914
0.41699561442813404	0.583004385571866
0.14470684482528418	0.8552931551747158
0.5172449057648414	0.4827550942351586
0.022181456797514154	0.9778185432024858
0.16503706073282032	0.8349629392671797
0.06505949923341692	0.9349405007665831
0.14623147421815863	0.8537685257818414
0.37317142548309146	0.6268285745169085
0.4429677330802354	0.5570322669197646
0.5760513579569178	0.4239486420430822
0.39174327501430073	0.6082567249856993
0.6240533155127774	0.3759466844872225
0.48093781275538494	0.5190621872446151
0.2924807896363627	0.7075192103636373
0.15116001744592	0.84883998255408
0.0936094803131663	0.9063905196868337
0.5740457301052635	0.42595426989473656
0.17393922779547244	0.8260607722045276
0.4702420961992646	0.5297579038007354
0.07279731476972007	0.9272026852302799
0.5558103616918044	0.4441896383081955
0.42227751426721805	0.577722485732782
0.045692178075082746	0.9543078219249173
0.11673770637219516	0.8832622936278048
0.22795583947461684	0.7720441605253832
0.03563810776866472	0.9643618922313353
0.11936966989576259	0.8806303301042374
0.12680828966367608	0.8731917103363239
0.1223705024292322	0.8776294975707678
0.1254030157447351	0.8745969842552649
0.39816745434343714	0.6018325456565629
0.30418562833016993	0.6958143716698301
0.19189598089171656	0.8081040191082834
0.23705778013359524	0.7629422198664048
0.1691367848944877	0.8308632151055123
5.386538016922682E-4	0.9994613461983077
0.12432735596495992	0.8756726440350401
0.1338700221372705	0.8661299778627295
0.3734257251783225	0.6265742748216775
0.524363931760276	0.4756360682397241
0.5523611462103759	0.44763885378962415
0.4459642885814378	0.5540357114185622
0.4534469155377957	0.5465530844622043
0.07696171777558736	0.9230382822244126
0.26022844377883214	0.7397715562211679
0.4438180320570241	0.5561819679429759
0.11503671721457309	0.8849632827854269
0.4764076881616661	0.5235923118383339
0.5036064763780557	0.4963935236219443
0.4470606474508655	0.5529393525491345
0.6264785677518754	0.37352143224812456
0.5957610942375005	0.4042389057624996
0.5321266949956946	0.4678733050043053
0.7319081639939171	0.26809183600608294
0.18881722412469026	0.8111827758753097
0.03843821563072114	0.9615617843692789
0.01660048475066478	0.9833995152493352
0.5976487823873873	0.4023512176126127
0.21512830817674833	0.7848716918232517
0.40470214542410177	0.5952978545758982
0.4741061290037172	0.5258938709962828
0.1268273977654083	0.8731726022345917
0.01290843401943187	0.9870915659805681
0.7787213147878203	0.2212786852121797
0.05444156019948021	0.9455584398005198
0.4127527670464921	0.5872472329535079
0.1666862961560186	0.8333137038439814
0.05836108981278598	0.941638910187214
0.1602054735386842	0.8397945264613158
0.7677913593179322	0.23220864068206787
0.184766593229315	0.815233406770685
0.32213078253397465	0.6778692174660254
0.6940159196572394	0.3059840803427606
0.24117636043083324	0.7588236395691668
0.2724068028879326	0.7275931971120674
0.4908117374992895	0.5091882625007105
0.14816393589806587	0.8518360641019341
0.6522650846149761	0.3477349153850239
0.7754339125226593	0.2245660874773407
0.04544688919160056	0.9545531108083994
0.13186325396133625	0.8681367460386638
0.6397027579960834	0.36029724200391655
0.014240897308005374	0.9857591026919946
0.10425774836534818	0.8957422516346518
0.004546643054320509	0.9954533569456795
0.041664837612722994	0.958335162387277
0.7115016988622719	0.2884983011377281
0.2682432806364192	0.7317567193635808
0.6391092867502762	0.36089071324972377
0.20053301843658178	0.7994669815634182
0.41909188839822276	0.5809081116017772
0.004603976502467466	0.9953960234975325
0.5663672825355287	0.4336327174644713
0.053419011259254634	0.9465809887407454
0.2706003805977155	0.7293996194022845
0.23921633045554913	0.7607836695444509
0.042132927518072405	0.9578670724819276
0.05746498268074984	0.9425350173192502
0.025466139357377404	0.9745338606426226
0.1262723368243448	0.8737276631756552
0.4488099519209653	0.5511900480790347
0.22905585247955051	0.7709441475204495
0.7291723518849431	0.27082764811505683
0.42911573340465503	0.570884266595345
0.06982568380026943	0.9301743161997306
0.2194627216911368	0.7805372783088632
0.44745565524425446	0.5525443447557455
0.04158905610325325	0.9584109438967467
0.06596640898580552	0.9340335910141945
0.07377154668488695	0.926228453315113
0.4694246861041166	0.5305753138958834
0.02505415628998786	0.9749458437100121
0.05210722521775035	0.9478927747822496
0.7395558182444355	0.26044418175556444
0.716223289483477	0.2837767105165229
0.010604246368384973	0.989395753631615
0.6958943311454027	0.3041056688545973
0.47664362089213697	0.523356379107863
0.7401252878800824	0.2598747121199177
0.009447840802340068	0.9905521591976599
0.005109472853799479	0.9948905271462005
0.4549252425446991	0.5450747574553009
0.009750263452820929	0.9902497365471791
0.7283189970628665	0.27168100293713354
0.4474599013204724	0.5525400986795276
0.6353405575424105	0.3646594424575896
0.6757321760690549	0.32426782393094516
0.005509735331823307	0.9944902646681767
0.07380031397717157	0.9261996860228284
0.06845017849428048	0.9315498215057195
0.30202750768922104	0.697972492310779
0.754145710489355	0.24585428951064509
0.7243610626751442	0.27563893732485584
0.06563772811037805	0.934362271889622
0.4706566512735556	0.5293433487264444
0.43641239319164205	0.563587606808358
0.09881642447738592	0.9011835755226141
0.22879400187519117	0.7712059981248088
0.2861057470856164	0.7138942529143836
0.10382698973463389	0.8961730102653661
0.2959734322917337	0.7040265677082663
0.4058851578395787	0.5941148421604213
0.08411158366919824	0.9158884163308018
0.0852486998632388	0.9147513001367612
0.029150745413202617	0.9708492545867974
0.38677761048429493	0.6132223895157051
0.038163352154188646	0.9618366478458114
0.0730583262725476	0.9269416737274524
0.25185512699349444	0.7481448730065056
0.02428525396959047	0.9757147460304095
0.2774866990835575	0.7225133009164425
0.6284731955046086	0.3715268044953915
0.5620824528668595	0.4379175471331404
0.06741961775340677	0.9325803822465932
0.03641494845084936	0.9635850515491506
0.04607507388293097	0.953924926117069
0.5826776374516398	0.41732236254836014
0.10010734448551073	0.8998926555144893
0.5325690907461063	0.4674309092538937
0.3790527957453278	0.6209472042546722
0.19635035790052813	0.8036496420994719
0.267999917735104	0.732000082264896
0.1538774602113604	0.8461225397886396
0.24580085169496502	0.754199148305035
0.6678429637383054	0.3321570362616946
0.35272554011302204	0.647274459886978
0.4011191411711632	0.5988808588288368
0.4819818619740768	0.5180181380259232
0.350321324703178	0.649678675296822
0.14367014061970695	0.856329859380293
0.050488816252316715	0.9495111837476833
0.16881724836474832	0.8311827516352517
0.5317917519266688	0.4682082480733311
0.5463543694270485	0.45364563057295143
0.4890735080425883	0.5109264919574117
0.5285455428419084	0.4714544571580917
0.6243495931543566	0.3756504068456435
0.6976116755618402	0.30238832443815983
0.18120454384541307	0.8187954561545869
0.04194699513475686	0.9580530048652431
0.33283218529080116	0.6671678147091988
0.1982220147299223	0.8017779852700777
0.23089780896217826	0.7691021910378217
0.5283782310098726	0.47162176899012737
0.3629928029306253	0.6370071970693747
0.7090162611394115	0.29098373886058854
0.25009090878319995	0.7499090912168
0.16949198940042565	0.8305080105995744
0.6849866824867956	0.3150133175132043
0.45387855503140284	0.5461214449685972
0.23483883308896858	0.7651611669110314
0.02410678725670201	0.975893212743298
0.23568383364174195	0.764316166358258
0.19553320463453017	0.8044667953654698
0.06902298264271112	0.9309770173572889
0.10442405381399422	0.8955759461860058
0.02979595145312164	0.9702040485468784
0.24121540556844168	0.7587845944315583
0.2050808650785234	0.7949191349214766
0.6379804372612601	0.36201956273873986
0.0054295272104809555	0.994570472789519
0.03915035896077179	0.9608496410392282
0.19076020669529492	0.8092397933047051
0.23999076038293166	0.7600092396170683
0.636486127353387	0.363513872646613
0.7907229315152053	0.2092770684847946
0.6553484782778702	0.3446515217221298
0.4103334901960024	0.5896665098039976
0.014332448163374867	0.9856675518366251
0.3769685661837743	0.6230314338162257
0.5052707093875535	0.49472929061244647
0.09834943820128583	0.9016505617987142
0.10857093038693155	0.8914290696130684
0.2977153324846894	0.7022846675153106
0.18387845417814142	0.8161215458218586
0.10465189857325752	0.8953481014267425
0.6379686513214615	0.3620313486785384
0.335894511554498	0.664105488445502
0.05488435010930981	0.9451156498906902
0.015841322886767095	0.9841586771132329
0.533532609384346	0.46646739061565407
0.22425018638226724	0.7757498136177328
0.032221572081838734	0.9677784279181613
0.21917907208394094	0.7808209279160591
0.13495922384062664	0.8650407761593734
0.3173883903908088	0.6826116096091912
0.11927405273417879	0.8807259472658212
0.04905543219060238	0.9509445678093976
0.10720249662874404	0.892797503371256
0.3115164308732937	0.6884835691267063
0.3268967880059931	0.6731032119940069
0.42349863366049356	0.5765013663395064
0.1897962288226086	0.8102037711773914
0.0583832279750347	0.9416167720249653
0.2375302604762578	0.7624697395237422
0.036245277910197604	0.9637547220898024
0.13098353832571252	0.8690164616742875
0.7872515819808783	0.21274841801912164
0.3618240654048631	0.6381759345951369
0.31950321018989514	0.6804967898101049
0.26680178825898815	0.7331982117410119
0.08396817581548932	0.9160318241845107
0.5167816186800653	0.4832183813199346
0.19517414358537077	0.8048258564146292
0.05786331162455083	0.9421366883754492
0.16066254872265262	0.8393374512773474
0.6303735542649866	0.3696264457350133
0.6818567935037292	0.31814320649627076
0.4221151558910039	0.5778848441089961
0.8045634826330528	0.19543651736694717
0.04851682082763109	0.9514831791723689
0.6237134495740004	0.3762865504259995
0.1199084761194632	0.8800915238805368
0.1173264063527778	0.8826735936472222
0.35636169399134576	0.6436383060086542
0.3215164049028548	0.6784835950971452
0.10157354725242007	0.8984264527475799
0.6259139722888151	0.37408602771118493
0.01585500802337947	0.9841449919766205
0.05087367394168629	0.9491263260583137
0.17989062231844943	0.8201093776815506
0.03136689843499396	0.968633101565006
0.5920885125748608	0.40791148742513916
0.6245377472445873	0.3754622527554127
0.03736251520120837	0.9626374847987916
0.6761940916938239	0.32380590830617606
0.3498645409710156	0.6501354590289844
0.28849594426347835	0.7115040557365216
0.6191864742457215	0.3808135257542785
0.1884500688909455	0.8115499311090545
0.04642043829321163	0.9535795617067884
0.34671554498901347	0.6532844550109865
0.43315583992639606	0.5668441600736039
0.0558045925188686	0.9441954074811314
0.011458993762615166	0.9885410062373848
0.4161410518664789	0.5838589481335211
0.09596490436717808	0.9040350956328219
0.12171785218552156	0.8782821478144784
0.02508663106653508	0.9749133689334649
0.17632699357311765	0.8236730064268823
0.22669320206752908	0.7733067979324709
0.13649994209660588	0.8635000579033941
0.1408747620298082	0.8591252379701918
0.27627345660929425	0.7237265433907057
0.7140713098346337	0.28592869016536626
0.25416768589445626	0.7458323141055437
0.25274503023641126	0.7472549697635887
0.3959923789090146	0.6040076210909854
0.6032318265168402	0.39676817348315985
0.6095186367404887	0.3904813632595113
0.1104817422953649	0.8895182577046351
0.025955150168913588	0.9740448498310864
0.14200518792826877	0.8579948120717312
0.7209859787124532	0.2790140212875468
0.3516165938823278	0.6483834061176722
0.7047413266261904	0.2952586733738096
0.1118119105723977	0.8881880894276023
0.3632984136528338	0.6367015863471662
0.5204569846661526	0.47954301533384736
0.02993950715164828	0.9700604928483517
0.6778987992718011	0.3221012007281989
0.17601923657277807	0.8239807634272219
0.5490699724224842	0.45093002757751577
0.21624721122170065	0.7837527887782993
0.03281118326286936	0.9671888167371306
0.40228012347641307	0.5977198765235869
0.2375302863070593	0.7624697136929407
0.004075312658730956	0.995924687341269
0.09860052571719591	0.9013994742828041
0.0866631493116683	0.9133368506883317
0.14934828577321546	0.8506517142267845
0.5904288032473549	0.4095711967526451
0.5528068163843269	0.44719318361567306
0.06087282155760565	0.9391271784423944
0.2681409270487084	0.7318590729512916
0.001046597527718518	0.9989534024722815
0.18439293791785827	0.8156070620821417
0.38128513421535437	0.6187148657846456
0.2751033563553489	0.7248966436446511
0.04558386115806823	0.9544161388419318
0.43722103187520966	0.5627789681247903
0.47673864998883053	0.5232613500111695
0.007439657609131789	0.9925603423908682
0.030880631757873145	0.9691193682421269
0.10509537498207455	0.8949046250179254
0.17219380023158337	0.8278061997684166
0.667572953539908	0.332427046460092
0.2290505916268586	0.7709494083731414
0.017225762561544622	0.9827742374384554
0.025983334751775722	0.9740166652482243
0.5847493729549974	0.4152506270450026
0.20761544097984297	0.792384559020157
0.12489512358462085	0.8751048764153792
0.07561387769154193	0.9243861223084581
0.314272510822037	0.685727489177963
0.18915305364325774	0.8108469463567423
0.12990578039381928	0.8700942196061807
0.7153073888953209	0.28469261110467914
0.019657927219212	0.980342072780788
0.7853483007669989	0.2146516992330011
0.48911673604387385	0.5108832639561262
0.34482015925910925	0.6551798407408908
0.097264756929764	0.902735243070236
0.7175965591800808	0.2824034408199192
0.4240777405324684	0.5759222594675316
0.7343328689100953	0.2656671310899047
0.6417423843451509	0.35825761565484915
0.8106697461208048	0.18933025387919522
0.6960029583599369	0.30399704164006314
0.16641638567076666	0.8335836143292333
0.3765707849528719	0.6234292150471281
0.08713195533545248	0.9128680446645475
0.5111190653419919	0.4888809346580081
0.5620306649247897	0.43796933507521024
0.04495953999641533	0.9550404600035847
0.6772093635202567	0.3227906364797433
0.5913322403779144	0.4086677596220855
0.14857428613912504	0.851425713860875
0.4591716679084119	0.5408283320915881
0.010321590339315678	0.9896784096606843
0.011282390871803272	0.9887176091281967
0.015425012763779278	0.9845749872362207
0.25455640590733564	0.7454435940926644
0.29539054975511636	0.7046094502448836
0.08307512830605779	0.9169248716939422
0.016184797419933394	0.9838152025800666
0.06833918207638112	0.9316608179236189
0.0886177042224463	0.9113822957775537
0.5866727694632297	0.4133272305367703
0.35997165737692305	0.640028342623077
0.4982010876556805	0.5017989123443195
0.058279035042381744	0.9417209649576183
0.20033303611249753	0.7996669638875025
0.1451071652932917	0.8548928347067083
0.6905456340570328	0.3094543659429672
0.06930988596229548	0.9306901140377045
0.7068740064654715	0.29312599353452845
0.3670538657768675	0.6329461342231325
0.6412685529121636	0.3587314470878365
0.6559022327012378	0.34409776729876224
0.35479909102206053	0.6452009089779395
0.6295759157059111	0.37042408429408885
0.08378944823329504	0.916210551766705
0.4518193651766459	0.5481806348233541
0.45896911019351405	0.541030889806486
0.24805726773248638	0.7519427322675136
0.47802318406837696	0.521976815931623
0.006632861295309933	0.9933671387046901
0.10578080468959161	0.8942191953104084
0.02911311593513044	0.9708868840648696
0.7903526376505428	0.20964736234945727
0.24175373252377375	0.7582462674762263
0.023293692359204088	0.9767063076407959
0.07616748413605379	0.9238325158639462
0.6561384258823164	0.34386157411768353
0.014310260905570193	0.9856897390944298
0.3228503576279651	0.6771496423720349
0.0010118907713850822	0.9989881092286149
0.634939889838517	0.36506011016148293
0.14435156781663727	0.8556484321833627
0.7561052717203393	0.24389472827966077
0.08016388395308338	0.9198361160469166
0.10601128741413124	0.8939887125858688
0.3639069920224356	0.6360930079775644
0.5900277510174974	0.4099722489825026
0.5885646780632323	0.4114353219367677
0.07688991695286695	0.923110083047133
0.2636613332697545	0.7363386667302455
0.4863890070080742	0.5136109929919258
0.2459573938244658	0.7540426061755342
0.360313765777759	0.639686234222241
0.664970134738046	0.335029865261954
0.019279879066680383	0.9807201209333196
0.5724730015772377	0.4275269984227623
0.023918697832709723	0.9760813021672903
0.6560655966452988	0.34393440335470116
0.08436229812939655	0.9156377018706034
0.044728358216112096	0.9552716417838879
0.28621256369227555	0.7137874363077245
0.3572270585771494	0.6427729414228506
0.002680646274894616	0.9973193537251054
0.4150724230182883	0.5849275769817117
0.051730695105048574	0.9482693048949514
0.4673033968110091	0.5326966031889909
0.37675631703515644	0.6232436829648436
0.7208617713227241	0.2791382286772759
0.10395488882666937	0.8960451111733306
0.0932337457440342	0.9067662542559658
0.613869957870024	0.38613004212997604
0.11932117139239995	0.8806788286076
0.5001851720285285	0.4998148279714715
0.09257957251238347	0.9074204274876165
0.11489002128051629	0.8851099787194837
0.6134523859464387	0.3865476140535613
0.71821647500209	0.28178352499791004
0.3590227696608759	0.6409772303391241
0.011996517377511617	0.9880034826224884
0.009634691005880547	0.9903653089941195
0.1871839437739531	0.8128160562260469
0.038910252029086156	0.9610897479709138
0.005537839538496403	0.9944621604615036
0.6381409336173302	0.36185906638266985
0.6851677394313631	0.3148322605686369
0.3596488909729385	0.6403511090270615
0.43575380287604637	0.5642461971239536
9.306697647659679E-5	0.9999069330235234
0.5979111544172893	0.40208884558271074
0.24638041333942984	0.7536195866605702
0.5531789398519854	0.4468210601480146
0.019089959728766814	0.9809100402712332
0.047655089855200616	0.9523449101447994
0.0142847080756765	0.9857152919243235
0.10135222089050522	0.8986477791094948
0.01930919163792666	0.9806908083620733
0.19937605995427365	0.8006239400457263
0.447093424655126	0.552906575344874
0.03376283341988884	0.9662371665801112
0.3466923785680637	0.6533076214319363
0.593371837847229	0.406628162152771
0.22156236259652629	0.7784376374034737
0.06719985436025688	0.9328001456397431
0.22232879599054467	0.7776712040094553
0.35079763942243136	0.6492023605775686
0.2861807022949405	0.7138192977050595
0.02667808060078658	0.9733219193992134
0.670409435934317	0.329590564065683
0.3692771230919212	0.6307228769080788
0.1345508240809089	0.8654491759190911
0.14582280855357477	0.8541771914464252
0.5444476438299	0.45555235617010004
0.10151826285147703	0.898481737148523
0.00957072095006728	0.9904292790499327
0.023633355317763782	0.9763666446822362
0.6548561725636404	0.34514382743635963
0.5532544627588657	0.4467455372411343
0.32625518468927905	0.673744815310721
0.2598069484100931	0.7401930515899069
0.30014334294429235	0.6998566570557077
0.7333180913234564	0.2666819086765436
0.23607333078863224	0.7639266692113678
0.03623289968601329	0.9637671003139867
0.3734178868018655	0.6265821131981345
0.3016652165036816	0.6983347834963184
0.11936315296299549	0.8806368470370045
0.6829281992333479	0.3170718007666521
0.010968987804706232	0.9890310121952938
0.8476942114767619	0.15230578852323803
0.019982879925390495	0.9800171200746095
0.06715635112520668	0.9328436488747933
0.013514379297334567	0.9864856207026654
0.1364741924382903	0.8635258075617097
0.07595889492573338	0.9240411050742666
0.83671977642253	0.16328022357746994
0.3778705109456174	0.6221294890543826
0.7845226874657618	0.21547731253423816
0.7794068435128971	0.22059315648710284
0.0026514919049426267	0.9973485080950574
0.35437169095029897	0.645628309049701
0.16954526662018354	0.8304547333798165
0.7453399875837332	0.2546600124162668
0.22288241368999206	0.7771175863100079
0.1544769201155487	0.8455230798844513
0.009564289170988172	0.9904357108290118
0.7441624959397615	0.2558375040602386
0.27028195449161985	0.7297180455083802
0.015288244988452715	0.9847117550115473
0.023264769547580944	0.9767352304524191
0.15009680054943575	0.8499031994505643
0.32538876064552336	0.6746112393544766
0.6106202377962782	0.3893797622037219
0.09894383782121252	0.9010561621787875
0.5749127778226457	0.42508722217735423
0.01437078443009776	0.9856292155699022
0.4742749495952949	0.5257250504047051
0.6080099612835856	0.3919900387164143
0.7236818958761109	0.2763181041238892
0.6886478732288377	0.31135212677116236
0.20261693563483052	0.7973830643651695
0.21784295453743463	0.7821570454625654
0.21028407645259073	0.7897159235474093
8.859730154204826E-4	0.9991140269845795
0.11908554416647232	0.8809144558335277
0.5678273916947494	0.43217260830525067
0.25856625837758174	0.7414337416224183
0.10899849144703044	0.8910015085529696
0.030925074528907026	0.969074925471093
0.24120794693138892	0.7587920530686111
0.07327500313191904	0.926724996868081
0.6771650287448592	0.3228349712551409
0.015646378681834827	0.9843536213181652
7.92924968541775E-4	0.9992070750314582
0.5587540440544434	0.44124595594555654
0.23842358781888684	0.7615764121811132
0.6150559678131551	0.384944032186845
0.17320177600166964	0.8267982239983304
7.272005794846104E-4	0.9992727994205154
0.2552318947318065	0.7447681052681935
0.3677734263932605	0.6322265736067395
0.6516558575502092	0.3483441424497908
0.3629593587371883	0.6370406412628117
0.23484668750399063	0.7651533124960094
0.2474360327893005	0.7525639672106995
0.49268779401784024	0.5073122059821598
0.16022349715276996	0.83977650284723
0.4698436621350439	0.5301563378649561
0.379760613947529	0.620239386052471
0.21385261121872035	0.7861473887812797
0.06761069017443977	0.9323893098255602
0.6620882495521192	0.33791175044788085
0.012366615579469276	0.9876333844205307
0.06703794746825542	0.9329620525317446
0.4414459648303427	0.5585540351696573
0.2799511936200777	0.7200488063799223
0.3159786007285923	0.6840213992714077
0.4362521780883418	0.5637478219116582
0.8312745382447104	0.16872546175528963
0.00961739120610916	0.9903826087938908
0.28263798024135434	0.7173620197586457
0.4332728612955622	0.5667271387044378
0.40949604994395317	0.5905039500560468
0.5084251902130829	0.49157480978691714
0.4119531915436626	0.5880468084563374
0.23535843015949431	0.7646415698405057
0.6869728510519136	0.31302714894808636
0.14079184568530367	0.8592081543146963
0.05288616925268719	0.9471138307473128
0.030964107745025005	0.969035892254975
0.045782353229753325	0.9542176467702467
0.15240805924609724	0.8475919407539028
0.0788241749066424	0.9211758250933576
0.20557660830007074	0.7944233916999293
0.014998047611034404	0.9850019523889656
0.6478310378251325	0.3521689621748675
0.6008371134338575	0.3991628865661425
0.0014687076411412647	0.9985312923588587
0.1208536061837926	0.8791463938162074
0.005581428642035036	0.994418571357965
0.5135982998529405	0.4864017001470595
0.1262050564178051	0.8737949435821949
7.783635070736095E-4	0.9992216364929264
0.07684912822225365	0.9231508717777464
0.4432742564239005	0.5567257435760995
0.8573464245851958	0.14265357541480422
0.07103036566295162	0.9289696343370484
0.048314341009963346	0.9516856589900367
0.012591408171329754	0.9874085918286702
0.4479817429539199	0.5520182570460801
0.7449403215649049	0.25505967843509514
0.7360555512151405	0.26394444878485945
0.07009089086530729	0.9299091091346927
0.20466679432845902	0.795333205671541
0.2524914050780147	0.7475085949219853
0.3818386013223808	0.6181613986776192
0.06253274361506067	0.9374672563849393
0.30403151840191933	0.6959684815980807
0.4004584112276659	0.5995415887723341
0.2647089110051245	0.7352910889948755
0.623518855773421	0.37648114422657897
0.7217610348723238	0.2782389651276762
0.1379744664554211	0.8620255335445789
0.1826316486425219	0.8173683513574781
0.07787059633219418	0.9221294036678058
0.5764163400734517	0.42358365992654834
0.010692557850897844	0.9893074421491022
0.3680996511650234	0.6319003488349766
0.14471204987269748	0.8552879501273025
0.48474524069380387	0.5152547593061961
0.6044461641315263	0.3955538358684737
0.025253515629030776	0.9747464843709692
0.4299877276297013	0.5700122723702987
0.3189679798588354	0.6810320201411646
0.03159578150127218	0.9684042184987278
0.14693907376036486	0.8530609262396351
0.6394088081612735	0.36059119183872645
0.12307764406693522	0.8769223559330648
0.11684875962570884	0.8831512403742912
0.5818455673664134	0.41815443263358665
0.2614626636463513	0.7385373363536487
0.06437434066141423	0.9356256593385858
0.31711051428589077	0.6828894857141092
0.032415013370818535	0.9675849866291815
0.6238343121485354	0.37616568785146465
0.566603280355762	0.433396719644238
0.3836461124993793	0.6163538875006207
0.4919643587310145	0.5080356412689855
0.13624091084544365	0.8637590891545563
0.6109663445544313	0.38903365544556867
8.686579623868873E-4	0.9991313420376131
0.38633544026144384	0.6136645597385562
0.0999997329926463	0.9000002670073537
0.7126044909660021	0.2873955090339979
0.3599918733117453	0.6400081266882547
0.02973778511088543	0.9702622148891146
0.002503734559674453	0.9974962654403255
0.11986437756972457	0.8801356224302754
0.5946132817329552	0.40538671826704475
0.6903611481166934	0.30963885188330664
0.11723535489675374	0.8827646451032463
0.08467058873271349	0.9153294112672865
0.015433368606744269	0.9845666313932557
0.1162586911279554	0.8837413088720446
0.5984792410196542	0.4015207589803458
0.1816049697005826	0.8183950302994174
0.14724573564092625	0.8527542643590738
0.40541785965839106	0.594582140341609
0.17189893026813652	0.8281010697318635
0.5972461773460092	0.40275382265399085
0.08858235157607564	0.9114176484239244
0.011061469507160027	0.98893853049284
0.536559438048342	0.46344056195165795
0.5750406361316711	0.4249593638683289
0.23861452390542648	0.7613854760945735
0.6025317688367685	0.3974682311632315
