1 1.0
2 1.0
3 1.0
4 1.0
5 1.0
6 1.0
7 1.0
8 1.0
9 1.0
10 1.0
11 1.0
12 1.0
13 1.0
14 1.0
15 1.0
16 0.9375
17 0.9411764705882353
18 0.9444444444444444
19 0.9473684210526315
20 0.95
21 0.9047619047619048
22 0.9090909090909091
23 0.9130434782608695
24 0.9166666666666666
25 0.92
26 0.9230769230769231
27 0.9259259259259259
28 0.9285714285714286
29 0.9310344827586207
30 0.9333333333333333
31 0.9032258064516129
32 0.875
33 0.8787878787878788
34 0.8823529411764706
35 0.8571428571428571
36 0.8611111111111112
37 0.8378378378378378
38 0.8421052631578947
39 0.8205128205128205
40 0.8
41 0.8048780487804879
42 0.7857142857142857
43 0.7674418604651163
44 0.75
45 0.7555555555555555
46 0.7608695652173914
47 0.7446808510638298
48 0.75
49 0.7551020408163265
50 0.76
51 0.7647058823529411
52 0.7692307692307693
53 0.7735849056603774
54 0.7592592592592593
55 0.7454545454545455
56 0.75
57 0.7368421052631579
58 0.7413793103448276
59 0.7457627118644068
60 0.75
61 0.7377049180327869
62 0.7258064516129032
63 0.7142857142857143
64 0.703125
65 0.6923076923076923
66 0.6818181818181818
67 0.6716417910447762
68 0.6764705882352942
69 0.6666666666666666
70 0.6571428571428571
71 0.6619718309859155
72 0.6527777777777778
73 0.6575342465753424
74 0.6486486486486487
75 0.64
76 0.631578947368421
77 0.6233766233766234
78 0.6153846153846154
79 0.620253164556962
80 0.6125
81 0.6049382716049383
82 0.5975609756097561
83 0.6024096385542169
84 0.5952380952380952
85 0.6
86 0.5930232558139535
87 0.5862068965517241
88 0.5795454545454546
89 0.5730337078651685
90 0.5777777777777777
91 0.5714285714285714
92 0.5652173913043478
93 0.5698924731182796
94 0.5638297872340425
95 0.5578947368421052
96 0.5520833333333334
97 0.5463917525773195
98 0.5408163265306123
99 0.5353535353535354
100 0.53
101 0.5247524752475248
102 0.5196078431372549
103 0.5145631067961165
104 0.5096153846153846
105 0.5047619047619047
106 0.5
107 0.4953271028037383
108 0.49074074074074076
109 0.48623853211009177
110 0.4909090909090909
111 0.4864864864864865
112 0.48214285714285715
113 0.4778761061946903
114 0.47368421052631576
115 0.4782608695652174
