1 1.0
2 1.0
3 1.0
4 1.0
5 1.0
6 1.0
7 1.0
8 1.0
9 1.0
10 1.0
11 1.0
12 1.0
13 1.0
14 1.0
15 1.0
16 1.0
17 1.0
18 1.0
19 1.0
20 1.0
21 1.0
22 1.0
23 1.0
24 0.9583333333333334
25 0.96
26 0.9615384615384616
27 0.9629629629629629
28 0.9285714285714286
29 0.9310344827586207
30 0.9333333333333333
31 0.9354838709677419
32 0.9375
33 0.9393939393939394
34 0.9411764705882353
35 0.9428571428571428
36 0.9166666666666666
37 0.8918918918918919
38 0.8947368421052632
39 0.8974358974358975
40 0.9
41 0.8780487804878049
42 0.8809523809523809
43 0.8837209302325582
44 0.8863636363636364
45 0.8888888888888888
46 0.8913043478260869
47 0.8936170212765957
48 0.8958333333333334
49 0.8979591836734694
50 0.9
51 0.9019607843137255
52 0.9038461538461539
53 0.8867924528301887
54 0.8888888888888888
55 0.8909090909090909
56 0.875
57 0.8771929824561403
58 0.8620689655172413
59 0.864406779661017
60 0.8666666666666667
61 0.8524590163934426
62 0.8387096774193549
63 0.8253968253968254
64 0.828125
65 0.8307692307692308
66 0.8181818181818182
67 0.8059701492537313
68 0.8088235294117647
69 0.8115942028985508
70 0.8142857142857143
71 0.8169014084507042
72 0.8055555555555556
73 0.7945205479452054
74 0.7837837837837838
75 0.7733333333333333
76 0.7631578947368421
77 0.7532467532467533
78 0.7564102564102564
79 0.7468354430379747
80 0.7375
81 0.7283950617283951
82 0.7195121951219512
83 0.7228915662650602
84 0.7261904761904762
85 0.7176470588235294
86 0.7209302325581395
87 0.7241379310344828
88 0.7272727272727273
89 0.7191011235955056
90 0.7111111111111111
91 0.7142857142857143
92 0.7065217391304348
93 0.6989247311827957
94 0.6914893617021277
95 0.6947368421052632
96 0.6979166666666666
97 0.6907216494845361
98 0.6938775510204082
99 0.6868686868686869
100 0.69
101 0.6831683168316832
102 0.6764705882352942
103 0.6699029126213593
104 0.6634615384615384
105 0.6571428571428571
106 0.6509433962264151
107 0.6542056074766355
108 0.6574074074074074
109 0.6513761467889908
110 0.6454545454545455
111 0.6396396396396397
112 0.6339285714285714
113 0.6371681415929203
114 0.631578947368421
115 0.6260869565217392
116 0.6206896551724138
117 0.6239316239316239
118 0.6186440677966102
119 0.6218487394957983
120 0.625
121 0.6198347107438017
122 0.6229508196721312
123 0.6178861788617886
124 0.6129032258064516
125 0.608
126 0.6031746031746031
127 0.6062992125984252
128 0.6015625
129 0.5968992248062015
130 0.5923076923076923
131 0.5877862595419847
132 0.5833333333333334
133 0.5789473684210527
134 0.582089552238806
135 0.5777777777777777
136 0.5735294117647058
137 0.5693430656934306
138 0.572463768115942
139 0.5683453237410072
140 0.5642857142857143
141 0.5602836879432624
142 0.5563380281690141
143 0.5524475524475524
144 0.5486111111111112
145 0.5448275862068965
146 0.547945205479452
147 0.54421768707483
148 0.5405405405405406
149 0.5369127516778524
150 0.5333333333333333
151 0.5298013245033113
152 0.5263157894736842
153 0.5228758169934641
154 0.5194805194805194
155 0.5161290322580645
156 0.5128205128205128
157 0.5159235668789809
