1 1.0
2 1.0
3 0.6666666666666666
4 0.75
5 0.8
6 0.8333333333333334
7 0.8571428571428571
8 0.875
9 0.8888888888888888
10 0.9
11 0.8181818181818182
12 0.8333333333333334
13 0.8461538461538461
14 0.8571428571428571
15 0.8666666666666667
16 0.8125
17 0.8235294117647058
18 0.8333333333333334
19 0.8421052631578947
20 0.85
21 0.8571428571428571
22 0.8636363636363636
23 0.8695652173913043
24 0.8333333333333334
25 0.84
26 0.8461538461538461
27 0.8148148148148148
28 0.8214285714285714
29 0.8275862068965517
30 0.8333333333333334
31 0.8387096774193549
32 0.84375
33 0.8181818181818182
34 0.7941176470588235
35 0.8
36 0.8055555555555556
37 0.8108108108108109
38 0.7894736842105263
39 0.7948717948717948
40 0.8
41 0.7804878048780488
42 0.7857142857142857
43 0.7906976744186046
44 0.7727272727272727
45 0.7777777777777778
46 0.782608695652174
47 0.7872340425531915
48 0.7708333333333334
49 0.7551020408163265
50 0.74
51 0.7450980392156863
52 0.7307692307692307
53 0.7169811320754716
54 0.7037037037037037
55 0.6909090909090909
56 0.6964285714285714
57 0.7017543859649122
58 0.7068965517241379
59 0.711864406779661
60 0.7166666666666667
61 0.7213114754098361
62 0.7096774193548387
63 0.6984126984126984
64 0.6875
65 0.676923076923077
66 0.6818181818181818
67 0.6716417910447762
68 0.6617647058823529
69 0.6666666666666666
70 0.6571428571428571
71 0.6619718309859155
72 0.6527777777777778
73 0.6575342465753424
74 0.6621621621621622
75 0.6533333333333333
76 0.6447368421052632
77 0.6363636363636364
78 0.6410256410256411
79 0.6455696202531646
80 0.6375
81 0.6419753086419753
82 0.6341463414634146
83 0.6265060240963856
84 0.6309523809523809
