2.505461408425455E-4
0.006980254977311194
0.002106316327171502
2.208842925495627
0.380307763575371
5.874680701222174E-4
0.0028742013382359564
0.011701471042530604
0.011495881268077933
0.08403566094501831
0.5327370193601894
0.014982414573263374
1.9662875055537168
1.7975332160605706
0.0030125053221891703
0.005927648260175652
1.0198737904186448
1.0983492774641865
0.007281531854584738
9.378108510641873E-4
0.00655361287300269
1.857220916599342
1.615569983556984
1.7400127158832732
1.0001533970537089
0.01423483896582926
0.001758239308887077
0.14036836281663087
1.6902361974755773
0.6321932926105168
0.001716880062421717
0.0016126130561740799
0.010287119579002482
0.01057896289747739
1.2367491657150365
6.562102972736355E-4
0.0015700993803103864
0.09981951303865721
0.7526390048904469
0.005940612202327184
1.9332464967252898
0.4348305802989381
1.103328931945484
0.0010124010568224064
0.8198103163662407
6.783697010154018E-4
0.0290523866525942
0.007537099286287737
0.0019222510019487363
5.234228467237205E-4
0.0019901788512971365
5.557663447269964E-4
2.5911185803376418
0.008112284506045753
0.0021307912700499914
0.0035504493160081313
1.7274133731061379
0.0037298936195098867
0.0014039076896146644
2.2984895934364538
0.004696965211438813
0.014542458894615917
1.9451090630990344
1.3729624560752394
0.002128110160546074
0.002905527190054449
0.004804186961197515
0.0038822942672980428
2.04118868648379
0.029706334557269152
0.0011484024200145524
0.012954551858691458
2.7769709054007636
2.0018553975383448E-4
0.7470579473607242
0.004980051163951795
0.00501071876018756
0.008516795617705651
0.018180358646046495
0.004391239600988302
1.7937141539261048
1.6615855111696556
1.162267779314574
0.016272531113757503
0.5162007211061536
0.10064056510204211
0.004340902274453624
0.004107111524485267
9.064228964140147E-4
7.157712853734371E-4
0.6483878625689287
0.0017476408076831267
1.2975185301583367
0.00396492531081811
2.070427102810906
0.05429856187856503
0.005200354020787506
0.006747023567829768
0.006974593181532658
0.002189107997405304
0.004022059086232686
1.436989027988325
0.007795341229768571
0.00212646348479103
1.530212071422476
0.9072794473526851
0.0016835348368312616
0.009608342865652807
1.5199502079770506
5.696706240088752E-4
0.7751975168503908
0.9010748842079604
2.912229930305418E-4
0.0031921572394628802
1.4566197928605233
0.001567663709049818
0.0017378893461585051
0.002127290899564943
0.004761767413326116
0.002800943634361199
0.03674218535921387
1.8149656551328552
1.1727385481690535
5.615525841745746E-4
1.6858687887227026
0.002802956033204785
0.003608638817066185
0.0023775593547461435
0.0027218919026237636
0.0013340956597789047
0.7941329511380334
1.5665403240590892
0.013942128369256509
0.0017391948207395866
1.063861494562654
0.0826824449665375
1.1712677472964965
1.4720115788918198
1.4426473751991844
0.007564513951983891
0.0031278438502738313
1.1272092646807086
1.5561065603767577
0.0028653728506264887
0.0014933692361316833
1.377341731628903
0.014995663051018602
0.0019374922171831541
0.0037634444343124162
0.001145874175528133
0.02353416211544375
0.04116860079601583
0.002402393422876448
0.003175428770501377
0.06001137587321328
1.980640278925518
0.002782025030224088
1.2007064026556027
0.0022984303555519535
1.4819752210786208
0.1470900920505351
0.00256315264861056
0.03283541085359258
5.268437839083797E-4
1.6935055023229508
0.08834465884077629
2.606787066171796E-4
0.011412633166759025
0.007293712768360675
0.003234082503379669
1.6835233393235134
0.022517127706630207
0.05269749375188355
2.1576453509478988
0.0011846388682915077
0.5293323568115262
0.35311250486934187
7.365741139671351E-4
0.7626577253758526
0.0018926633454754785
1.798695700919053
0.36097779076610303
0.01215634189424201
0.005982530431633455
0.02216147946374174
0.3251077736946666
1.8681898539141748
0.008143272700307338
1.2886919131840653
5.602625872861426E-4
1.6308650400462128
2.7932299899316644E-4
1.6390969415219836
9.251159969213163E-4
0.24371608862841881
1.6609485452902961
1.6622850225923023
0.001165730125300351
3.989798147048051E-4
0.11053227541543745
2.0715591508873565
0.0015303897400592856
0.002792601060421222
0.12534717795357214
0.013145814891199162
0.015907842576313693
0.013775079998796918
2.2042400125589845
0.47595183333677954
0.003211349472930843
0.002559233625629511
0.0013722437350473047
0.00921077175381219
0.3133721701630465
0.023969137837594384
1.4541697342592599
1.4491288021723217
0.4914017117437659
0.15258556324637457
0.00827888646245971
0.0015343555921662009
0.0068330199563967796
2.6036087925001463
0.0989264219295579
0.023759177694632087
0.1305862185206185
0.0065063330109359115
0.012155790988589833
5.479228102919612E-4
0.180177582404444
0.1484942954309836
2.912632779511802
2.1017800378303226
0.0037154167523733997
0.9934438355295527
2.0649352311432234
5.916523105590484E-4
0.0011548567578070193
1.035272536853149
0.002780374661736913
0.005548823957989974
2.040857053038787
0.8751432093952998
0.4329586046108949
0.0025674773835535855
0.001288147727376009
0.010158736802980673
0.011618192843806262
0.0037749741514641797
0.008828077758863578
0.006116111841156001
1.2648129746542396
0.00156328049071317
0.0445477447466446
1.4638315942642948
0.354674564469858
0.007613747305589936
0.07933268761881425
5.10631866666006E-4
0.0034944496514475697
0.03315974328655441
0.004716336433181126
0.06577045067091593
1.4917769039267332
1.0248842755639453
0.004825999152783264
0.001076322011098914
0.15097342794945962
0.01680532946183986
0.5876334238281588
0.006746109634055074
2.479269606057875
2.309812499701695
7.747378003117283E-4
0.16955920887455073
1.4904875913271802
0.9363001152429377
0.03516798190737229
6.970505845385888E-4
0.002858184909869566
1.8948711096647062
0.7354161724015952
0.029932918056026218
1.7420974303077477
0.04538587461219686
1.2906056543491875
0.0027436778782762824
0.0013053872688490674
0.04603852318153405
9.005121386449894E-4
1.5863572261428622
0.010578341483302478
0.01476662750356367
2.1185969764003763
4.837856728885041E-4
0.006800525409694974
1.3534754642261024
0.010903761535268716
0.058928779139086146
8.25391036597875E-4
0.00959804780628525
1.8455033459462222
1.5509146876607813
2.089568789145362
0.007967374825503186
0.279804141702138
0.645520065921856
0.0011731724079519254
1.5830313013045114
0.0031961763203139835
0.011516331150533864
1.4502078229859168
9.150222071382932E-4
0.04594042027300983
0.001153491362360462
1.725930726528074
0.0015603082525493099
0.0059594574453676556
0.0010761403643003665
6.809111444758036E-4
0.00590835285763754
0.4677465105615589
0.0049510435786037105
0.00500527897448247
2.5296185701844642
0.002700249362940689
1.6942183494384757
0.028820865371478953
0.0011368527270093068
5.623969185731359E-4
0.003522830892515271
0.3317084655237678
0.20215524088914266
4.687683251943496E-4
0.01817622679360582
0.002545599980296347
0.0077030514714861685
0.005108345625139403
2.9358117043113308
2.8389999435831373E-4
0.8830445622770157
7.709768003946962E-4
0.5037711279411999
0.6442360484111097
0.0017951545650901986
1.6268774008861004
1.8235047229309131
5.255704952478596E-4
0.0014724263312566794
0.004294910249910342
9.550271946641207E-4
0.03715704976123485
0.7420299597376163
2.637708035414463
0.0037969688321242453
0.0016765206445072639
2.1359298149166026
0.008105461516370621
1.8757170014292306
0.8230631262097223
1.3882296599271808
2.3134596975872146
0.007616475844159748
7.159667680688199E-4
5.865054859963684E-4
0.04670022080917358
0.0040980199908202735
0.00652872476914668
0.3129427432452124
0.04233943474403529
0.0020267467965003733
0.4311314346809835
0.0025131889243223383
0.12223491241438761
0.006121851770998479
0.21810563203163214
2.3547766182011034
0.001942789720449276
0.011807652800147598
0.0010222837690571738
0.004701318677498355
1.3900037769356193
0.2020164498458002
0.013590913403131892
0.0025529973695456515
2.299944330296861
0.0017237042026108013
0.0015989889159866739
0.1271119569980553
0.0013523779872515566
0.0021816963763009642
0.0031469837063520627
9.722307079639733E-4
2.1372451928265446
1.4500294688456457
1.3155250031640817
0.018703760295399816
0.0047342543832500205
0.2320243219450681
0.0027711095398325358
0.007946459521107209
0.003777446231854353
0.015365125356712766
1.097622025151944
0.06637429128738796
0.015127611603096556
1.0618876054411568
0.7698358801225179
0.3394051794417662
9.998682524844252E-4
0.0468067745349995
0.011527653514859217
0.0011547870041481543
1.139839715308004
0.0032014961959076008
0.005619085324239253
1.0195283317057098
0.00354781701526337
1.0271504268611327
1.1683223452101938
9.237856736840885E-4
0.309618030563217
0.9479144737687776
0.007221387671994894
1.296667895568321
1.3269855597968319
0.7338594261419407
1.0661005296500146
0.7781033349885376
0.00833218875623362
1.2911643124833507
4.0611363294107086E-4
0.006003346076940331
6.090094016168308E-4
2.1549701833687966E-4
1.5311399668096566
1.0470965716367575
1.0832443524790458
1.0179811883280887
1.315237198911702
1.251033043699603
0.00980448601308624
1.3913985138668024
0.012588116995317871
0.002590181870731926
2.7858447437858493E-4
0.7008297050299
2.91334598632955E-4
0.023410246215886943
0.027139522521849858
1.0859750537494528
0.011978661822833199
5.137834922740588E-4
0.0015850105615587522
0.0013242877358367483
0.009163273776843268
0.0031983887198332632
0.3296387535947336
0.013899150726676175
1.7241133912041615
0.09736964018047385
1.9932131080620266
0.0015254817445042542
0.15621119733440592
1.2136346050526265
4.7630816905632893E-4
0.021989636846533565
0.004325457077474634
2.3118395590741394
0.005941902354622482
1.817405311416726
0.001704557274449597
0.9933991561517543
9.149629574052541E-4
1.442900757256631
0.9049347031256186
7.144711500326898E-4
1.2363757781638869
0.019560050399093486
0.002734870631077726
1.2636210480717964
2.29989357862998
3.114358559380904E-4
0.0025200833787564383
9.173129562399985E-4
2.432399977455391
2.6476988594063724E-4
0.014972319419474663
0.8265011576738799
0.015822434548779987
0.001545310928513023
0.009164650379019633
0.21467191507451577
0.011083657460595366
1.3921604260093317
7.172867723833901E-4
0.008128324409210505
0.046870816947501365
4.605015506124785E-4
0.9794411370115994
0.7032235164268564
0.009767216284244132
9.121561580292082E-4
1.2108321345467252
0.009164967867493698
0.1895308599714041
0.012566673225886168
0.0033717364465611706
0.003561778914347414
0.035043297146357046
1.0884081773024785
0.0030669289807096463
0.014475507044438292
0.0013379558431634007
1.3905097548130154
0.08512278926948487
0.0027685357627623853
3.4386914569253444E-4
8.879396011129189E-4
1.8797444158031946
1.276777771285136
0.013592144092098657
0.7025922953265993
0.0011996249619667327
0.005976694315042107
1.767153284981036
1.4829368633397328
4.245651086364763E-4
0.8965434780738292
0.01612615343695156
1.6383492973179656
0.0027169271986132895
0.010789035520409062
1.2694762339190049
0.0019077195790829743
0.020819247965217853
1.2196305876746332
0.0685257874640256
0.9324369790953696
0.1273040598240833
0.00993195219366858
0.00811908229458808
0.001378198301573803
1.1670635522851354
0.949860870194499
1.3596732061277814
0.804136133158714
1.3054595730756253
0.9449500507220574
0.002798540113913062
1.9430512165849294
1.4920832840245497
1.1956380730425427
0.3123345389913353
0.0019578145145380645
0.8784938600301373
0.7244543035172436
0.0045056381297531685
0.13489234689861346
2.156423386437124
0.00813114797902575
0.03153360099303929
0.0023482418674976996
6.815571284812821E-4
1.6529940843393494
0.009541845850524446
0.013747856504893394
0.004159109017694198
0.15680104602791767
5.224601449544166E-4
2.1229122332211166
6.867939813536834E-4
1.623783970699139
1.9746094030972743
0.002319426674810815
0.004752414700519781
1.778719466963932
0.18751846248596568
1.7217175776029794
0.5557688554613801
0.002846204216086136
5.452225879635811E-4
3.266423310342945E-4
0.005757436849839794
0.816795983565687
0.0039535768096734146
0.0023291635511783746
0.7012716014376137
0.0023064241087446436
0.0046639113923823815
6.75896303820517E-4
0.2919811687651008
0.0011010802404296252
0.027084730705212588
0.0027445066171227863
0.019942653957508272
0.0028327126826351683
2.6845088526664454E-4
1.8545057662040698
0.5470746349015889
0.006916896734357528
0.006697016673170165
0.001972444230773233
1.8034880638904132
1.9820584125595875
0.7566099840588608
0.04267324860823285
2.2925413928006434E-4
7.065305024091383E-4
1.1783633223160837
0.014192342306406008
7.522326620632519E-4
1.5678639514138195
1.1622482297027652
7.942070213816062E-4
1.5292605068248106
0.01590312630297816
0.0017538893083185116
1.0618596868014603
0.009830401787090578
0.03439117274646676
0.4399657919332188
0.23496706063909145
1.332433716956861
1.7312314218446043
0.004957019188972696
0.6188447442755988
8.998022102591019E-4
0.17952516758244283
0.005805885731961968
0.2795231164774449
0.002822001386818595
1.7174865528042171
0.13761296517112814
0.018177222939081333
1.8143853971178747
0.002810078322309285
9.433094214551968E-4
5.785666240369204E-4
0.0013198314279771345
0.14874093519531298
0.30475005932715793
1.7493412028843582
4.0690399417547617E-4
0.002349607280108101
7.529315840387337E-4
1.2202810697556412
1.4138295942760382
9.014664860438976E-4
0.4419683978805791
0.23644647254353052
0.0017615936041875328
0.001958990230327652
2.4568692261875175E-4
0.0013406900605525231
0.04231744840594426
0.025312349243453238
1.4862026363479848
0.8077491805219951
0.0024016767294858343
0.03231394300097428
0.044081943256468074
0.011315193583266275
0.24650102906854301
0.9330209471246863
0.07548977966656768
3.2791251506690056E-4
0.5101177131896146
0.5600109519270235
1.14270405257144
1.4454751637305385
0.03620341049480411
1.1014911846173567
0.007089228565761287
0.003074691800144719
7.52329225999082E-4
0.010421063205661859
1.53245881266525
0.006215305187010918
0.0014793382390970776
2.07905182957121
0.011256449235720258
0.12328638957867682
0.06419429750014218
0.011201712135837476
1.9446546914525213
0.2089306873111345
0.04697102503923328
1.510093735982064
1.6041359360887564
0.009518642673697052
1.1277052492061845
0.0017762974862853076
0.1129366867351778
0.0010131275117705066
1.4922915082667951
1.67934247126219
1.5224137848758548
1.1289363177787126
0.002597067529474173
0.971453829255823
0.1451422912998695
0.0018183710802818478
1.842049925576592
0.04905804170287776
6.861674059650764E-4
0.00390345675342492
1.0651661102462857
1.351614123775271
0.03660152074775442
1.5282469633097016
0.8194933303041816
0.012675663978815902
0.6436812616448684
0.046903460776670104
0.0015775424940754105
0.8769881329033036
0.10808834163555422
0.001760772824876575
0.0029899299878309747
0.46075860553089365
0.002588001169537065
0.0341746930554816
1.5284690470332933
0.25542778111614456
1.55714617148887
0.0015621869750811841
0.10269874179571573
1.0923840337982909
7.618814270348153E-4
2.341813798139113
0.0022935472933017743
0.0027392042635229316
1.4379418373986013
1.2773336477729869
0.4352570938168306
0.004371582396098175
7.719444077377698E-4
0.002213341725563349
1.254158357918134
1.1777227160682906
0.007994353925851948
0.04228664840830883
0.9096367986056967
0.005785121211532364
1.26262727370437
0.12694428736301447
7.879764289207804E-4
0.08223967385069486
0.0024247422979217165
7.103226251721767E-4
0.8038183785047385
0.0011878152377052147
7.650011758569636E-4
1.25698894235537
0.002085113019777627
0.003961438032746458
1.4358949150869762
0.0014297521619591168
0.07782981569681788
1.4278859361541474
0.8860826163593073
1.2165150868611716
1.572913461349208
0.019799567723632266
0.5671506157285704
0.2190688283325432
8.170582147453945E-4
1.2441193444578464
0.0031577683336205527
0.5407195647725569
0.698748274241004
0.013165157582901032
0.00289576270073522
0.02790564089049419
1.7277742290019857
1.658937240302744
0.38723246663042293
9.691571180234588E-4
0.003723206942949905
0.02721769929426288
0.011227356834830874
0.3394715082176587
0.003763158783351147
0.07558588231627802
0.06020500201726672
0.00595834667463015
3.386823279106389E-4
0.0023027885880697514
0.008107243018277307
0.9223639154039721
1.610231051802265
0.7281794406305723
7.066852339806933E-4
1.4831942521160784
1.4591340950761085
1.161789829106988
1.0891244425233833
0.0021236449670656615
0.20214342688574052
0.004838446850233371
1.4985916010150981
1.3890227509119357
0.013504127237388728
0.04080109993259208
1.1178134288338804
0.002190835802256875
0.014362269942802732
1.3934741832739745
0.0020779328763237885
0.016746467531884166
0.32340498750091595
0.006347238662491701
9.145794740438167E-4
1.7695206977369131
0.10163958675964742
0.031930718840962324
0.0011365485973958403
0.0021342323178156846
9.307801058212698E-4
0.010393164973498828
0.8787793056177751
1.4019920814522937
0.4891862320120962
0.7688153918733035
1.3689301067922535
0.014357959743055223
0.058960695304504124
0.007564207217234591
1.2856390837411884
1.3901970148860319
0.0019033119672411196
0.4711160033656292
0.1413276445777149
0.005536365685905825
0.00674941315969716
0.04790926043185481
0.0015217171035560113
0.9756194130555305
0.0018085257690188927
1.7527501421375793
0.007508996750718814
7.501931599233475E-4
0.6062882700888402
0.00234143723670775
1.5296154969596996
1.861066346514287
6.242959231352525E-4
0.38312582805624046
1.7955667182403945
0.006676608492606541
2.7161319977608606E-4
1.1122469918731293
0.0027900543183572426
0.01064757660523372
0.001788109998192325
0.007713962302887022
0.005586914588276217
1.528229232170606
1.645445634109414
1.0559830710071174
7.472105925162933E-4
0.08164023666675548
1.0404732210873535
1.0508458350648953
0.3714681380429634
0.001183768614380614
0.0021900686094194835
5.385428119266039E-4
0.008170863580203226
0.001092235754324308
1.3479375225418997
1.0926404130465472
0.0027831842455006885
0.001283543556135202
1.0598837379458201
0.4922151221292982
1.4707951879606318
9.241459403123722E-4
1.1724144753655912
1.1939111095966666
0.0015838231090010316
0.0037731341151187848
0.0015651280471547229
6.83491678760638E-4
0.9914802349036662
1.1460866678083936
1.574811154704957
1.0948642497562084
1.0246670062520558
1.2997579256875709
7.593823401173754E-4
0.003702939374055566
7.982152474011426E-4
0.0025499728021582345
0.00739794702501173
0.0011766001130188144
0.8600489410381735
0.8432104088321158
0.36580497182852545
1.4829031039437468
0.0020227673253244197
1.4985534390730055
0.003192781644250385
0.03814011251933746
0.026171678818180957
0.06175721847881022
0.005086718740194586
0.003793233557391924
1.4681688807762754
0.012022809502630509
0.0011318087269893062
1.2335670860308696
0.002898696674913968
0.026094428700383164
0.0020379784363668625
1.4530313382613773
0.0021666925173485824
1.1344733187022373
1.7544848506617943
1.2455952247650948
1.877359790410281
0.23643737059793174
1.7542622874140026
1.2883003042591175
0.001284185293382777
0.3778254345242004
0.0015194831583733273
0.002669638414504367
0.001114197652614941
0.005774684793069409
1.9226423442756977
1.196915715333658
3.0324473543218383E-4
0.0027031203685449535
0.0026651953620117257
0.019965037372222022
2.0866182275728358
0.004983210363368223
0.05135110674017754
0.002074260305986865
0.05202235068964046
0.011523377035810222
8.670495713378098E-4
0.01703676219624279
2.5623005626853574
0.003305614458284423
0.002331659501787587
0.013768091553289199
0.033819479831131594
0.007114883722266711
0.010470855370838816
0.016894857722296798
0.9818442247007163
0.0055739560043103304
1.6844216460872914
0.002121727622268992
0.0014801579398127178
0.0034602366084546684
0.10615969436153727
0.001365754470475551
7.484731552540214E-4
0.14140172473654067
0.0028574146455230915
0.7757438544368271
0.01686039299389354
0.0017226734870463274
0.15448749826502267
1.0687320772086744
0.9065177362514751
0.0013647664269230283
1.3831949424753756
0.020504699279844538
9.439623352537201E-4
0.0045449108212523275
1.1069719547574564
0.6299371054767706
0.016768814213679605
1.1432972966437973
1.8688774060516278
2.53631801999568E-4
0.001097246157497035
1.4450020340777063
1.4469084027767787
9.642986963731312E-4
1.517174632557029
0.5647947296176502
1.6259992223245192
1.1268108308246956
0.0013299344913461945
2.888309616662205E-4
0.01718375409044495
0.7105420338611874
0.007009789213146181
0.7919531234658158
1.0268253586478504
0.003571566257653175
1.2017001936715124
1.4413198128100106
0.0022732514449820447
0.009962800197834293
1.4324877170621957
5.446779410320411E-4
0.32486550547316656
0.7905154497964805
0.00221729297332032
0.2537991698203283
0.00692100910628637
0.00615418103310458
1.4769687371770226
0.00602758931502367
0.0027552929212424472
0.006327925909929012
0.4739523042302211
0.00139185051990563
1.248666316295672
1.2004229688586958
2.256028788342365E-4
5.628585019609002E-4
0.038799943516144596
1.5616540468105893
2.0228491309092504
1.4354350894104022
1.186368206703281
0.0019495218172991358
0.003203342536779861
1.5829508743554417
1.4394120288554428
0.07109319280987803
0.005528715535680086
0.0041465554277215514
9.463058784823621E-4
0.002003768685335704
0.001929432805903087
1.5199803123153746
1.3413564162880751
1.3862901683957454
0.0035286054294146056
0.004756581746487653
9.989675408482218E-4
0.09750672143759204
0.0013366682742284313
1.0347014813950308
0.016994690196083354
1.4303396867066038
0.0023394583090035367
0.0028097351342732634
1.5474108508648567
0.0021458813555027653
0.0015232329435711542
1.8060596485069278
0.0011060585643110114
0.0017573123769614612
7.271558699077736E-4
0.0023372998253009124
1.747862104092634
0.020849467248928055
2.6166428013867753
2.655161760103252E-4
1.6200715000436534
0.08147244602980684
0.031241960894643147
0.003195887287324189
0.08621190021868298
0.07304638169069093
1.5355083540295797
7.641512958422444E-4
0.002772356084854357
1.5424006676878825
0.002989007820350078
0.052834430770883
0.08773323232824135
0.0017291130988323364
0.006346727336084525
0.0033772845390722737
1.1003041412541195
0.007594551949500613
1.2885236256208537
1.2968007159471577
1.828409179231213
1.1470940344125695
0.0023154318566800036
0.024384019601790752
0.0018706208090026367
0.0014210453188474963
0.009404391237734157
0.2434706034250125
0.09842858906570702
1.918735128120215
0.005511278251033456
2.2379247720197607E-4
0.0011572562048006258
1.6459623134742072
0.002008360989761814
1.6703410140280923
0.0035317300224170676
0.009905825683186313
1.3522682193492266
0.004528326935159004
9.171031626142453E-4
5.049069742036232E-4
0.0786506284873449
0.7522066692373113
0.4244268908372044
5.174674611210792E-4
1.56177796376923
0.0015269284878887885
0.0031290768345472444
0.7911466476349256
0.0014316636056507744
1.3455412316864968
3.9302247932305367E-4
1.036413688658907
2.8073226951029484E-4
0.0018276208183908018
0.010927828126388857
0.0013067818012416005
0.0013952199192361517
0.994893598150584
0.023339008570914206
0.0025792735095603488
1.5720478424161715
1.23417868812346
0.003188534335773082
0.0028184952717227097
1.2546101018072988
0.9385073525799501
0.001537757204803812
1.4506213763656932
0.0018897786883013022
1.6476085564381182
0.002040432909594031
0.7467027880422451
0.0015924079127051937
0.3476964783460788
1.225555663252668
1.361730859662847
0.24788721144076517
0.0051095991039344065
0.002523942715144991
0.0014145456569087287
0.005995791810016562
0.005201771327913174
8.377642621755638E-4
1.0044445296919493
1.4417955551247779
1.6595526912975664
0.5890022953495756
6.102150693782552E-4
1.203941872057632
2.737953045222057E-4
9.833769144439515E-4
1.3961853409038028
0.0019264296348835048
0.8702872894717085
5.746368754368777E-4
0.011205164062816951
1.1894602353222172
0.001512388732509489
0.011751242969676058
0.004098822701387961
1.0749731651062224
7.116231257479E-4
0.0015886071166161194
9.597371383177971E-4
0.0037101747700856824
1.246932013898482E-4
0.1303141393247942
0.002782803891375052
0.410705885783607
3.2040127333202774E-4
1.8932961871014002
7.615984933453886E-4
0.8538148370983258
1.729178216627617
1.0224669442765772
1.3807688214265506
0.0030105317853285417
0.6828477435183422
1.170077693072336
7.341922858391455E-4
0.040348147197561635
0.7403945952364019
0.0027088523592634596
1.1271304206826944
0.0010873758492513685
1.284908705676889
1.1372485484973016
9.270720297921796E-4
1.3311471094344711
0.6139522447779904
1.0896126063693456
1.3306711450231443
0.0076942894298887045
0.01303802742719473
1.0144467551937444
0.34259858882058075
1.0579222962452866
0.006159652723107619
0.002604472004688525
0.1508095489532383
0.5799993197854102
1.955197166022532
2.317753965200893
0.023559489079353957
0.014595735016800917
1.9086324337927085
0.032112490337373095
0.004936858916864288
0.03525428432891896
0.0023541441604054583
2.6863828546770516E-4
1.2381376664051473
2.0764671590181196
1.2401394177761313
1.6356286284895616
0.006897685987402767
7.126917202397344E-4
1.5551123985240725
0.008368247653244872
2.5600334323975398
0.21613586154988917
0.005418299511700751
0.0019488851800723048
0.006486829591943179
7.494373188578599E-4
0.4975829605779429
2.1732109066263555E-4
0.007134145269099423
1.1639489080346814
0.5808489736274118
0.005964151140900695
0.003527793494913254
0.0025556654176896623
0.01464020160916369
0.4814331412328816
0.0068009536458902954
9.219839883142614E-4
0.0017013190793834809
0.008092192123327114
0.053493470268372936
0.2628831153782434
0.0031183287720051886
0.012756123173186338
1.4442716525731885
0.0248038059079636
0.006741775809989802
1.559411612619393
1.209471099198649
0.0015505256862071383
1.0103544758971585
0.004393382171114901
2.8466962504002644E-4
0.1901077110518858
0.6644125883778264
0.06735720308206244
1.3813593619111844
0.0024034515438457207
0.004778042063784743
0.007379241488437876
0.0022896972441374453
5.3292907000372E-4
0.955180127874821
0.010037663203299439
0.781733655115025
0.008311246758016541
0.0011787197670755922
0.023178869264367092
1.708833194301274
0.005543251964833139
1.1669035997444839
0.0012880329251804656
0.006699500009207041
0.0015176509648024616
0.5997360309230371
0.9841860699460164
1.0123827059121697
1.2298964523547518
0.005513592301486424
1.2098384098556696
0.9333992377878615
0.010507408113243216
1.5435236838328332
1.0719311488549246
0.0035415381335469204
1.0736968854915694
1.180313902719857
1.3294009833669933
2.3658051859947783E-4
0.005723307453603062
0.3158632623499895
1.9833280067809167
0.007548277399415964
0.004809784897652375
0.0012887129892037914
6.183927003396427E-4
1.8432588986374998E-4
0.410099329104587
1.7253546939178908
0.260229290781389
1.5167562252598317
1.4390948301418958
0.01013797138517934
0.009231048387576286
0.021572671918466797
0.0057631138185387535
0.004172035616976608
0.001161769778557163
0.0035587354534695813
0.12574977032754536
0.002578622307083993
0.05547087123713175
1.4918400732972419
0.0013429373492498894
1.7131811674368715
2.1259880360070906
0.9535379119492662
0.013197904211449724
0.23815341785147764
0.01512748261850882
0.5001560774209285
2.0074825127954194
0.8788622384091325
1.1438690073138602
0.0264403457799533
0.8602118293494362
2.4417446841840687E-4
1.1116735404288391
0.47071780413033604
0.2271330679129778
9.491781450277916E-4
0.048970744757976026
0.006751596792360553
0.0034714476320098255
0.003814355923191186
0.014978541607667921
0.8058438104295543
0.04795467083712787
0.08499250010112121
6.758452476072115E-4
1.3852279614307939
9.471745779483248E-4
0.07255952906939463
1.4661349035485263
4.900677003095506E-4
0.002552709686179124
9.553033665542855E-4
2.0264530400632923
0.0023210275957012906
2.005602784718021
1.2520204044833543
0.6148241671874736
0.002373047469576463
0.005749985421165778
0.005761331875745209
0.16513134609607982
0.029762358285034016
1.114620648943604
1.7994691418288637
0.004943520307533147
0.006343048397049238
0.0073644175190361715
0.07249659753178232
0.009104948755851392
0.0025921062391482843
1.990259146035721
5.842797787089516E-4
0.007735884002582751
0.0039221201001548925
0.40938874450388774
2.434825817041346
0.09515757703940662
1.0352568780470914
0.004986378543865219
0.35295178441724984
0.01071382488443538
0.6470607822208079
4.1634756429663206E-4
2.0758410077491125
0.01194548171612838
1.7380246369682517
0.6323570091611657
0.21519070791360465
1.3487095162217353
9.308489377983039E-4
0.11363787591112867
0.027388697682110816
1.632095347127176
0.013608237214501882
1.5169653271066288
0.008327901130721776
0.024833513157372693
0.0015061591915569628
0.0027103367550363375
1.5837394161614082
0.008546937340675803
1.3564736299466582
0.004968976158869555
0.002350151958498498
0.5800327315352941
0.0031073355303288907
0.0018810833961051862
7.742383940374202E-4
0.0021010241521553113
1.3813814332769954
0.039913629326595326
1.338755960944518
1.8088853280940862
0.002837000892321572
1.032964040251401
0.004786085576506799
1.0802368116560344
0.002738258724059756
0.006179173023157136
0.22151132734876058
1.677538920093549
1.4079100485347638
1.8136806696779668
0.00435329802369603
0.04554007265358664
1.0489825431669246
1.7879090490671532
0.002342402554825775
0.0010242904866852515
0.24109511844955786
0.9598823713697138
0.8991597811686798
1.0434055459572749
0.0011705808789976464
0.5509475417477293
1.2968949325378887
5.831652609692261E-4
0.00238088504016633
0.9541408714091574
0.04804473637274771
0.001360061841399297
5.166882247895599E-4
0.011758223961911047
0.8673342777894513
0.45517363896435914
0.01257927975431518
0.004121458789969769
0.0014608878253083435
0.0032546960058876012
5.984563877594024E-4
1.6055657866994628
1.308901518698591
4.825326049764101E-4
0.007952959864103831
0.0037111785673669484
0.7061457709874095
0.008523027133602446
0.0033556875216615954
1.564992304582462
1.258650245983622
1.293333129479471
9.024447391205078E-4
0.002195781848388017
0.006570897967984162
1.4571470030409537
0.7560489525243909
0.8312963730150904
4.0183524822153487E-4
1.1913222658649592
0.015694524150026135
0.2311699649625842
0.008149826209055128
0.007147387452405375
7.458548171752797E-4
0.008517192636736637
0.0027690147367728044
1.6958635007205354
0.979837370083473
1.0787790292261756
0.0020187117498764334
0.004098565519616023
0.1370978393179356
0.0024055516281174787
1.5590193271847552
0.8762837016445002
0.00431306783920823
0.9019289333325916
0.0034802001559585826
0.4864298698650508
1.260418434244863
0.01817245267254277
0.030339500456603167
0.001160801678422905
0.3473799727426128
0.0013082186793895202
0.0013134351203990455
0.016852530927668016
5.844384066552344E-4
1.2440647929332012
1.0664099697474343
0.002371214886005079
0.790692750790227
1.3927873314275399
0.025485628373412787
1.7086517543940636
0.13207727472331257
1.3292199999679113
0.001386166812505516
0.0933648612472667
7.092052001103559E-4
8.778595206484634E-4
1.6749526619687003
0.005562258557555911
0.0030327538387523788
0.005837828094941475
0.001574431363766488
0.06755558656749498
1.2408825722365926
1.8891247840327026
0.18634810447513392
5.375702708425543E-4
0.0019752753921580333
1.9478816153889675
0.31428357666453666
1.6605568286128942
0.04311143032358533
1.2556997115561113
1.281586636439106
0.09619657182950508
1.3161728028759043
1.2129161109267734
0.4970960850256534
5.232103139796587E-4
0.034136997693674564
0.001355829369272027
0.10379983696100172
0.10473381045825342
1.6197801083494165
0.41996061509864147
2.0862625485045903
0.5974164742363766
1.0273430862036457
0.0015385730956181066
6.004116787424553E-4
0.0042037295585449965
1.8616853840857208
8.76505310257436E-4
0.0017296908786286127
0.0033370457875552604
0.012196699664297216
0.23004890050487728
0.001192028890699298
0.013723461981467585
0.6022180355770669
0.009960424428868509
0.002686129832347412
2.47773908043386E-4
0.01769307920508205
0.001102593322372603
0.0049572609034842985
0.765162406284699
0.003167364280770066
1.318564787605579
1.1559552367871273
0.006312628549615252
0.09067881990009247
1.0863290942529928
0.0033399462830273666
0.008069744527886146
1.3468002128893866
1.8098421719950304
0.3672688948539592
2.8434866512173254
0.5698909944939192
0.7181878070417573
0.00194333532401792
0.0010956381876051737
0.0043862287204861575
1.4774311872934869
0.8964608061167034
0.9393397083881097
0.08353295965914231
1.3659195465635159
0.01332348375650111
0.03957993065225249
0.007739473045020693
0.006301587666005243
0.00432235881915556
0.8494317991660562
0.1356625856329902
0.00719340553299954
0.00820754144239912
0.031413800629196235
0.46615919539112266
7.029731262067108E-4
0.0017851157758633782
0.0037192921910117506
1.2992109164414913
0.8322221010587618
7.809437339650725E-4
0.607603297340947
0.008369476632733557
1.9300096851585569
1.7587179009801135
3.914057697452267E-4
0.9574050550994329
2.3550307768452694E-4
0.8478800190246231
1.8944567621950799
0.0443363303657302
1.013881232776972
0.4445876291262534
0.2823124798708207
0.006741424524054649
0.8973716202772516
6.961712111296567E-4
1.0385415549670505
2.9208803497861427E-4
0.0013267993745750958
0.07710093894545836
1.0384425561289023
0.005365797695064117
2.403822135768778E-4
0.2307643572522073
0.9906641241055419
0.002276913230807269
0.0038543910938991484
0.0029882901802773774
0.4724009209894647
1.3164651369497797
0.0018641341600151083
1.4180460988531958
1.7391454259558892
0.00459981317198746
1.6316321910079647
0.0013253202196781425
1.4224704768295418
0.0023264657893392973
0.8033868474491144
0.002758494894494275
0.22847712673932474
0.0012050751268750009
0.0021152981795739554
5.85198249861022E-4
1.2230905778347632
0.012201586570685508
0.7507897074223296
1.0078346547221135
0.010515731227978331
0.03295518576338506
0.005582215771413716
1.4280953654525077
1.2599966796165507
0.4304931126849477
0.006749092787033714
1.2504964320763363
0.002730337512612722
1.1301629124537487
0.0033444659615413158
0.9415223444465574
9.607111166438696E-4
0.003194446958077568
0.005472487588131737
0.9052832716731706
0.00398456194434325
1.368689637105158
0.0015930453074560515
9.207889362949378E-4
0.9935542498976998
0.006213980050556062
0.001594901595433812
1.0099550659561565
0.045729327805411696
1.2421172131618057
0.754631856351999
0.0013879306166748714
0.0041479238817017155
0.004349187965106911
1.6196799464372766
1.2916615889850747
1.5706127099924536
1.0790862498533513
0.08814601555773194
1.0596142518037814
9.474918848192689E-4
5.654820471613978E-4
0.0029079095063846137
9.610535205848233E-4
0.011722921649577278
4.0449205493165217E-4
0.0021716312578872253
0.001524394728197096
7.160768902237031E-4
0.41818469482024584
1.2470142669734208
1.270518320263646
0.9673304649550488
1.1672728635631346
0.022072074620807288
0.29019808625222554
0.03378808944222934
0.48692848356141105
0.6312215665347188
0.739481516561705
1.1693646181681165
0.014920192238487584
7.613399507659904E-4
0.6166990343799617
0.0035703809545871486
1.2987059120357554
0.9392968909830383
0.3806659516307472
2.4063525285333647
0.01227683762717036
0.35275076397457866
0.018889369628133743
9.613776340387125E-4
0.0015018711820843505
0.002991131606253995
2.0862031521973425
0.025328422460098105
0.0011803117048286215
0.002774085592500936
0.0011218751219256528
0.004975625149496462
0.5500017152544467
2.47280745788609
0.0017290572427104654
0.0019239940394463573
0.0019607122610106466
5.766759845490032E-4
0.11612172317546411
2.3296557707170797
0.131572662456831
2.188285039012054
0.0359010681536379
0.002806287494748113
0.0053007215797538166
5.831334489015678E-4
0.0013156323526800917
0.2113601689832045
3.070423990672149E-4
1.7703708093506425
0.001733263442556764
1.276503404419291E-4
1.8351083648831499
9.074831337849393E-4
0.7321388193525945
0.0023902188040196347
0.005774046837187568
1.615091319534346
0.2945252822470982
0.11393929929921691
0.09539584114284524
2.2739500590515727
0.9031085181775076
0.3864520475600726
0.001537530140749417
0.12464589332758888
1.285918537430316
1.6146846821798915
0.7480046800299659
0.0011528482468078816
0.0020060169239366306
0.006607138089531104
0.001119975096222045
1.2796772767367106
0.0017050219558840442
1.237600095760975
0.8954193924125502
0.9594312064242267
1.0666738297230929
0.003212628256958034
0.003148147347278053
0.9947399467034689
1.7714952951818148
0.1949067343422985
0.003552178748633499
0.0019494621822133938
0.0394056229813197
1.0917745192957777
0.16640741642386359
9.317006528766715E-4
0.012771456241367711
5.272753318239937E-4
7.473986116778768E-4
1.651662418602777
1.1762138618696982
0.0031088209408992084
0.00606059196557223
0.0019022074918121827
1.3720036495267345
7.801618977232549E-4
0.0033633860176751095
0.0028167304399922275
0.009594979599111366
1.4418941118460769
0.05405436632337235
0.0035592919729243023
1.204194430055156
0.2006437417713044
0.009185983968489119
1.3093373359072191
2.520920005029183E-4
1.7408798571428277
0.008498040023506622
7.432613904076253E-4
0.044518660637462605
0.5687159157666204
1.5986564014894056
0.28299646653376626
0.001945273616029579
0.0028310219147126324
0.014570157357071045
0.0027797730809416684
0.8366871251544273
1.8119413100805004
2.918130249380415E-4
4.0082391745502636E-4
7.484381726729182E-4
1.3041249964158943
0.0010011120490605958
1.8077019153829879
0.013124794192830615
0.0025348713933718322
0.0011757632783896094
0.001943909378436804
1.3160862788146128
1.4708142176374317
1.7632919524004154
1.256975476477183
0.004486321373979722
0.0031998534416514037
2.0986611091195164
0.00267989688555206
9.738281711838905E-4
1.2376227242863445
1.3866668386159506
0.0016048196176981877
0.012502011784122516
1.8433458924513013
1.35592363075281
1.1701609788570686
0.0013461191956899705
0.002917821489321063
0.009456330300914027
0.894739596070058
0.005191159975827478
0.007785481958326049
0.8081830099937957
0.001532889224358831
0.002556192884505823
0.0013417021186647887
0.029490460666957284
8.6593377425658E-4
0.0020086726455924636
0.45279376448148884
1.2597354338082363
0.005167798805538757
0.0064905061557848035
1.7996958193342851
0.1575164493592252
0.31541229893793105
8.862860983014813E-4
9.210902483536543E-4
0.0014997181935566604
5.890808465895942E-4
1.5503677977469106
1.7730127820013364
0.0031481932679298143
0.05805605564800327
0.04453879986132032
1.8039814127805827
0.658045766281765
1.2765409604771325
1.7322462913153618
1.3001389250734323
0.13068742682978635
0.007577834065715103
0.0029170513497527198
0.003115914386342935
0.0016445744084838286
0.00780683578088704
0.02855916792949908
1.2145927487389654
0.018151549759426004
0.004567408374577265
4.732261114642087E-4
3.8061767818604403E-4
0.0014925750124650755
0.010123986351614671
1.5055351842746851
1.3548926442010962
0.1557625665451045
1.6820383303766737
0.004409179885951539
1.1484065059269606
0.0026738232865827255
1.7985919328436997
0.9208992668203143
0.019024548887934884
4.140830011614647E-4
0.008949172859094363
0.7121025537668255
7.560488898841828E-4
0.16331589325956558
1.303187826623348
0.0026760007052702454
1.7587124590925232
0.011492232475860169
0.013498985976912034
0.0011475001334897651
0.025203050553857763
0.9907384928278676
1.4806604295234842
1.734473584849293
0.8612396665923305
0.7497707805268481
5.434669914185546E-4
1.5388165801223266
7.866087723475082E-4
0.0069972115564077165
0.5094579298080137
0.002416514442502811
0.8820137322876871
5.837449662445515E-4
0.03095278656459827
0.005975488710033927
1.0018725249075842
4.202349996354139E-4
0.025768039036444847
0.004345357891263106
0.0956075119084091
7.65319307704295E-4
0.0023796712549021357
0.21465040691874798
1.2329108408765677
0.003941975636045634
1.9256526620931145
0.1843906203462504
0.2839033006280746
2.1945354111249781E-4
0.8232791295646371
0.00172053090306186
0.0028378576030257253
0.8824761438520934
1.153389208494063
0.0010124417248965362
1.8550507563919212
9.441150626495841E-4
1.2781889091257106
0.001076786628423933
0.41695064734660464
0.05968826412233686
1.3767089919680144
0.003007189302700908
0.10329821440858117
0.030509522346036343
0.40509954075478644
0.023097517143281766
0.006624821523221512
0.0018098384235223366
9.290247283169501E-4
0.0027646960978806325
1.1491076511427272
0.0015790000629936998
0.9822674556100449
0.05694978402856279
0.002763881185440955
0.19144761388436132
3.2057728019754296E-4
1.4763544650576579
1.7991914593391056
1.2186042912424206
0.0031644900785370994
7.195488438185782E-4
0.5914329126537531
0.18810311041006322
1.1630164146886217
8.190209994078945E-4
6.027438964672599E-4
2.4296773310047515
1.6627040506552504
1.5240266584160747
0.24181622404730618
0.05896666101797052
0.004751864002221631
1.119592190789587
1.0223200929908518
0.021923466887516826
0.0018048955515651895
9.052823313619358E-4
0.0023819728150949212
1.5051353563550072
2.9332530935691215E-4
1.902421545734571
0.004345069780374735
6.769712160892561E-4
0.019971843479822057
0.014725194151172545
1.9032924935753788
0.8172291168567087
1.2904099026820925
0.0018037323914018844
0.03263083995942509
0.002831682324498163
0.013569331696981353
0.0031828801025196936
7.551341931841638E-4
1.3422353344135272
0.6928794985874344
0.0456334926047466
0.0034944515381974887
1.9015939152002768
0.5354398839452357
0.13345519375970563
0.0053595442813251315
0.004543334960058078
0.006018694230807425
0.011193978397939501
0.3226186864174448
1.5970092749157996
0.001966690644920176
0.4119411480102783
1.4002006788828938
0.6017693459185905
0.00707660930943943
0.0012538708276935706
0.0011180838976170909
0.0010837347815357895
0.03953483656178615
1.672875963762289
1.2460084499758086
0.02449002486527291
0.001058791918683786
0.008197522718322484
0.38624660216007006
9.37104679695583E-4
0.008691805564239737
1.5540717831037638
0.007781553281497668
0.19102247153020133
1.2438983570917355
1.7772066526560377
0.0013663271151309394
0.5065985521277425
1.200409502373059
1.265618443626009
1.5750681033180962
0.005259160021761636
0.21269452044282638
0.002843546813015335
1.7653446605152148
0.0028512269461396854
1.24267372625701
1.3232638846648708
6.348633040194127E-4
1.4718416042306355
0.0010778846568968055
0.37845955332708553
0.15590940828511404
8.05098540495454E-4
0.005351074525557811
1.2322902851065152
0.024857745569475842
0.5864500440199842
1.3455207151390565
2.182838743888317E-4
0.01795006792639524
0.5591489336284168
9.197751476461074E-4
1.4028691629337904
5.86725167250263E-4
1.3460697613059305
2.7513501175145547E-4
1.0161055985549012
1.2868974455814512
0.21250922872891229
7.221635975410512E-4
1.0662149545848512
0.00917580902040178
2.0020412020238605
0.009288893303602672
1.5956630126166598
0.6663538550793169
0.4998234389541626
0.6403156348698272
1.3723551129103164
0.08435718114756954
0.008132085209862793
0.9586599569677253
0.0010183558862167379
7.533906028973209E-4
0.0011547188632627652
7.500967352101298E-4
0.7529013583189939
0.010331086810114255
1.695859607134773
0.02939429109769051
0.051475817301013894
0.17589159594656398
0.9392194204147637
0.023592393850389255
0.028553285529799122
6.244372240238201E-4
1.1319199099420343
0.005071660156538747
0.0021205601504508606
0.3789139872708961
7.510388406365096E-4
0.7948169533717409
0.0025192045717894363
0.7740819448756768
0.002884341943200795
1.2309400600303821
0.8622546054746505
0.006559093871429552
7.247532936349605E-4
7.206812908615271E-4
1.254685767219999
1.3182770361482645
0.3590698198558526
8.147145637654298E-4
0.8407134558144844
0.011009745301476073
0.0033176222436443383
0.7188074466633609
0.9012758427387036
0.0028542271814428707
0.4760795889780486
1.2335993999413308
0.004642890575809268
0.06397091809658804
1.0255202426294285
0.04757640007403409
0.001463052474031878
1.8432774777424842E-4
0.00360378835199257
0.0015548207835847775
0.7650720289448939
1.0687664611880172
1.3980740716382336
0.42674100253165836
0.17652482474777315
0.0023324074732236928
1.2907381359460381
1.54087842590908
1.215607116361838
1.0073062655041685
0.005587709775389537
1.198216901167197
0.08786539858490103
0.003566722312378113
0.10594010662742402
1.231461615529518
7.745855286499715E-4
0.24768443767208426
1.7633781388838137
0.02217205671023722
0.003995099660021996
0.0017060905483484569
0.006701171840317539
1.8641209122146332
4.301115649159106E-4
0.001195619834537995
1.4239470377641446
1.867496527171096
1.8109855288896528
2.5578797681906243E-4
0.010543072645488415
0.0028136337193607843
0.002843887634871902
0.008357056980978364
2.253698263166828E-4
0.27890897729657654
1.2795383914730152
0.806216168044515
0.003986090538661955
0.025660412333247666
0.567614836707739
1.3609763938908086
0.9374358234658392
9.337489692984803E-4
0.012574250520071686
0.006375194948953457
0.7297768555295362
0.0015845406901529907
1.0751023700222488
1.5774810387965292
0.032984193426149555
7.139053624038393E-4
1.7146815252753305
0.0017109601260635336
0.004214631549735795
0.01939555228996306
1.2018342936375115
0.46645303465325966
1.522039906961001
0.006556522071398002
1.3895224195413618
0.8841325125030501
0.0028256215933135653
7.218155599097107E-4
0.0037478389236356466
0.0033335644761005164
0.8365444165785075
0.0010030541613833786
6.757723779163871E-4
1.1387115433875514
1.181136986915101
0.09876054928866294
1.373160379540018
1.6264040906276125
0.8235752482426527
1.4304349985407507
1.4635559062177521
6.379932074525153E-4
0.01974215029547217
0.0013597921453398227
0.002836870364836953
0.006541865457918291
1.3499214770363333
0.001153155615539977
5.162082147225526E-4
0.4820782891135766
1.16275520804049
7.265848634279442E-4
0.006709670802901113
1.3337720961266906
1.6140402186795573
0.0010917594050275183
0.018226149718668677
1.9193009972963875
1.5410645313279865
1.8482707411083348
7.338567746314439E-4
1.3207749458980125
0.0052062016281113
2.0996580596270142
0.00529258090337727
0.07637546526928714
0.0024844212282338156
0.0033372692062100875
0.007184352681749876
0.0017879673377479703
0.0662797565927829
0.008122498712146797
0.019690402084574284
0.022482865935458025
0.006922050263245604
0.006242721357485523
0.0034702465351679718
0.0015889401902852874
0.012962007214855346
0.0032977544370873827
1.167197990083545
1.4298029765904918
1.1740732403944765
0.7001691349470293
0.010167270973081987
0.02470355398262419
9.252422630679306E-4
0.030584202985736105
1.8898561335420192E-4
0.3233400659904313
1.0808179590868585
0.0023706868071227075
0.0011528710077867907
0.016431132658519806
0.001744378705625131
6.918341532513227E-4
1.1759768527399665
1.8325581802606832
0.0020898923039080583
0.2794226456594777
0.0022934883204095958
1.1376883754783564
0.6866937202979785
2.3455524733893225
1.449618470687235
0.004986373853205528
0.018807162782509396
1.1479633352327365
2.0324783106627438
1.4965223346656398
1.7185865239216425
0.002703393498145955
0.005592302487151035
0.0062949512804045685
0.023176516586004708
1.2418279779021626
0.6319168774348506
0.9072307562790305
0.007754454619532628
0.001744212513019946
0.5031311879732915
0.003337405186874451
7.649303412087965E-4
6.030733713276186E-4
0.3198072843185567
0.0027865892384561324
0.003553407299825906
0.004597836368540808
0.0060995036112617374
0.004131594363668185
0.004962113065878426
0.0616084151070098
0.011158753081614365
1.2909631374370152
0.00284758506761253
0.001109322524873516
0.0017969124228807182
0.46253085943231953
7.810389386478783E-4
1.86453535334023
1.554353432897681
0.06326275262752638
0.1497108481227537
0.006822760835363663
1.7932057050210097
0.01540168387365945
0.0018308349270542454
0.1135152054862729
0.025412769893584153
1.6059349667074467
1.2640656515438038
0.0010877267673561084
0.014802127399628148
0.0013443251659531765
1.360277936926571
0.012832400068826163
0.001496876633221309
1.6348776517808026
0.0024928645873964627
0.012488299337858642
0.0021442141117656087
1.7894999566364647
0.0032866915552784903
0.4892953276680907
1.8295344621580432
0.0021548821280149948
0.0035357499794090638
8.802649569325408E-4
0.023948046648453698
1.502563925084015
0.14493178599555914
7.20681487075327E-4
0.7653900831316404
1.5017761137729095
0.4291062998735002
0.0043712032845980835
2.985341307604474E-4
6.870327501425957E-4
1.4528420877045858
1.7145600276232837
0.007941249816036304
9.464853620065798E-4
2.4529570360739723
0.04147912586571613
0.01671157578981147
0.11292542416530243
0.7178155271782474
4.0448172052182926E-4
1.0520081944251323
0.0025045323274396334
0.7114660398036103
2.2492563388940376
0.018375072370125076
1.3995413688703704
0.17286070626532363
0.23619139968706496
0.0012791498794491227
0.0027508650312068777
0.024774837387002684
0.4883186865943956
0.7228557022020949
0.011925280532941458
0.07175138266428654
0.24739216666200742
1.3347487374320763
0.18670128768458555
2.401774702061358
2.0937605785929643
0.049781116492831345
0.0011644868371973912
2.366022798029845
2.6876287042442196E-4
0.005937604960493221
2.082611200234889
0.001037445495709845
7.381882323527942E-4
0.001149110952216154
1.6479581047039533
0.4673690660044239
0.007916447049289526
0.5827569198677662
0.025980149006008563
5.638681468924567E-4
0.002759204131763815
0.00594227583426691
0.0010180793657302482
0.003188391121324259
0.007207274407397962
0.45588665493384023
0.2605228744859881
6.889181451865679E-4
1.3643873316786481
1.550511779662533
0.01493680879942126
0.002345320519892898
0.18018590621696148
0.1224884693798551
0.01357451737075026
0.9352937239412403
1.2229163238993828
0.006581996401314585
5.104031412286196E-4
0.001234769940476787
0.022559370516384035
2.139293829907527E-4
2.1881348617619183E-4
0.0027081288496760172
0.03413932249828626
1.2284837735404368
2.458136583202613E-4
0.4880585662297319
1.1718603769417324
0.0037962349633824857
1.070788236946665
0.0015289995024245907
0.1064723926994382
0.04452370922162491
0.7340578409134354
2.4477137174649233E-4
5.211375240683195E-4
0.041553858084628796
0.054971332155366516
0.001188372295015594
2.612820430008754E-4
8.626550406012451E-4
1.1279926273840146
0.001966767155967119
1.3630900854506116
1.3850027272396925
1.0721951587906873
1.6309740118277736
1.4614442421312515
1.2563999242766168
0.018505454672000175
1.6819323766305052
0.17493604530725007
1.9379431176535397E-4
1.047423739063556
1.0804592450323554
1.2713372720194591
0.010342383663342256
0.0017070714372238388
1.198048479478859
0.9800303416520767
6.968881082325764E-4
0.2892661946548182
0.06240614077943251
1.6762739571302485
1.2090274296693513
1.4315400761841102
1.042977813992376
0.014669857335229622
0.00687123910981435
0.00129058020822616
0.011630799290016518
5.853853133881431E-4
0.9126018502276224
0.008602888504026459
0.2834391896616919
0.008571837898248542
0.005035094485237773
0.7763928415852337
3.1543228239029467E-4
1.634686499777734
0.6264422985013192
0.7663435565420872
1.2536507463947772
0.7584186520356687
0.7260527585703763
1.6637547559831716
0.6616298307990034
0.8903797165651788
9.471888232165093E-4
7.48768503805125E-4
0.9667214554760112
0.0059628287836015785
0.0010149164630426713
0.001979987084169989
0.6834701007916301
0.008719040461049455
0.03799941756112237
1.0653349960264065
5.039269114607908E-4
0.07853335309731373
0.02621417377532808
0.01279091495017934
0.06659520789733152
0.03796502403281089
1.5406970614129734
1.4984525207987136
