1 4.463076751124441
2 0.9114341548851853
3 1.165612080475344
4 0.27818379814524374
5 1.6394760652913332
6 0.41853375034727686
7 0.4212159250619577
8 0.1040586520786658
9 1.8137543503346234
10 1.195837001984347
11 0.5393259996086611
12 1.1939337491410598
13 1.6156160788619476
14 0.32260314599193646
15 0.5740838922974895
16 0.471702072078277
17 0.9963730920912868
18 3.138506421221477
19 1.4535500726593509
20 1.5621330270122462
21 0.5783692100447766
22 0.607544643376525
23 2.6046737011425876
24 3.717461767002307
25 1.3143972078055175
26 0.9275416047915349
27 0.6926655203149097
28 0.5319294506597213
29 1.1529521174217023
30 0.6594795130003583
31 0.23520656924956387
32 0.6243028692326772
33 2.2895456712635744
34 1.5755576121465478
35 0.6858874322481591
36 0.9709878263142177
37 0.6207199930455536
38 0.1632117196969063
39 0.6093843649236692
40 1.1250000141300291
41 0.9704687063351776
42 0.6228291349427019
43 2.465614912632926
44 1.7464493092471232
45 0.72282112376084
46 1.020089617220924
47 0.40508223991989256
48 0.797446506850279
49 2.9078811206601207
50 0.4224829494963237
51 0.8495326114273891
52 0.7390928828868766
53 1.4118358211023587
54 1.3002961949902405
55 0.5341490137964284
56 1.0377567940992543
57 1.0794614422378372
58 0.8879228673960186
59 0.2705649659459817
60 0.9035912394091214
61 0.48017596880096663
62 1.075587538925092
63 1.0319804985545402
64 1.9641803009287142
65 0.8762016198978894
66 0.7824428946884269
67 0.4147003352315854
68 2.34907558613073
69 0.4451968838939022
70 0.8073552234089127
71 0.788725839624612
72 0.6889072318123192
73 0.9551921551374211
74 1.0129145755084146
75 0.6004183984033714
76 2.3008991278747577
77 1.1020971107028994
78 0.6615088911891545
79 0.6190574929786905
80 0.46368885727712406
81 0.6898783621336313
82 1.5379924913004082
83 1.2457474969221152
84 1.6254941147566369
85 0.9305410662485787
86 0.8735588287358722
87 0.7527660113067686
88 1.0264972881417609
89 1.0521781284624667
90 0.9398776856555722
91 0.8710249067588263
92 0.7468342557326426
93 0.6167803528585618
94 1.246356453080519
95 0.7075854434391087
96 0.9354900345794623
97 0.7879507334573922
98 2.7319021733006
99 1.036635083867615
100 1.0089650552318976
101 0.8409852415883647
102 0.4625662071016539
103 0.8018193153558623
104 0.9955836055028338
105 1.6208139007418638
106 0.46521786244947166
107 0.8286172579315773
108 0.77619164652876
109 1.0593296073004368
110 0.8735909913280043
111 0.6700125988716947
112 0.9531922661404604
113 1.1103279593064492
114 0.5657358180300543
115 1.0668750566160607
116 0.8876665228813463
117 1.9119489381462094
118 0.9830081302851847
119 1.2836586447535139
120 1.051744948829798
121 1.298280869538879
122 0.8221758036229091
123 1.0125868981973656
124 1.6346870283659543
125 0.7175596199719525
126 0.8929471113746192
127 1.0663993463660018
128 0.7814050831118052
129 1.0379147240171875
130 1.1187343433942978
131 0.7967158111800414
132 0.7698236690044151
133 0.630859074474816
134 1.0159851220084555
135 0.641016853333909
136 1.0373684237937102
137 0.9146852423618971
138 1.1247476376635186
139 0.761249052799535
140 1.048274859895025
141 0.8584028792983525
142 1.0883831435209632
143 0.9970015070336666
144 0.7218380113521565
145 0.8870137093436504
146 1.216327555187785
147 0.9123477858916286
148 1.2580797536591417
149 1.3050998254467037
150 0.8493823720661159
151 1.7575695300410357
152 0.8367482359006332
153 0.9078425463896889
154 0.9316804792477626
155 1.4403093667699665
156 0.8540578370978248
157 1.4463862220946815
158 1.042809514442015
159 0.5585764455104851
160 0.9892198472165105
161 1.1846584535640292
162 0.9924369858727617
163 0.9995469357372992
164 0.6394992947755582
165 0.9988149001298006
166 0.9711449730707826
167 1.1634138462635792
168 1.010109330829955
169 0.8817138052185188
170 0.9785191664128831
171 0.9323476640149512
172 0.8689799228817491
173 0.9987564283895698
174 0.9653213945767866
175 1.2526224184471453
176 0.9810373001464876
177 0.998069769865403
178 1.0141332160603047
179 0.9476300394305015
180 0.9718571483083237
181 0.9954098692044634
182 0.9781780819859252
183 0.9548542532992881
184 0.920521136515469
185 1.1792404497418127
186 0.9465960488583144
187 0.9960300709072003
188 1.001854720132688
189 0.981871753697142
190 0.9342064615379748
191 1.000962478112906
192 0.9732813597213488
193 1.0783490751493905
194 0.9617470476741068
195 1.1494541421698041
196 1.1383377368761358
197 0.9924654642171022
198 0.992598449770343
199 0.9960280018720924
200 1.0978823836633496
201 0.9958576636539391
202 1.008244678164108
203 0.9869730464774866
204 1.087585215745695
205 0.9964139796779269
206 1.0080630241067883
207 1.0792109209652603
208 0.9448955322279404
209 0.9816578669389799
210 0.9941285150391679
211 0.9962253730173156
212 0.9552313274991171
213 1.0384793529724865
214 0.9940314327888875
215 0.9999815974206535
216 1.070802585206552
217 1.0788109407592537
218 0.9421517671936501
219 0.9999895332150259
220 1.0047675338342283
221 1.0214469553585057
222 0.9793019595478791
223 0.9977574992849298
224 1.0082420502977725
225 0.9964355505894761
226 0.9994384772294858
227 1.0044844011163505
228 1.0016618678887825
229 1.0002994907074976
230 1.000686272987538
231 1.0001704045065645
232 1.0010598759850544
233 0.9983280886486229
234 0.9989949906249291
235 1.000271360429263
236 1.000015253052399
