1 2.1802032160109532
2 0.944700027009896
3 0.8058601870178058
4 0.4877527107335387
5 0.5865651314688687
6 0.4112815368285326
7 0.27122044657440825
8 1.9903861649659138
9 0.9670737028742346
10 1.423156317343881
11 0.7253934340508318
12 0.44308001481480813
13 1.5787978841788048
14 1.3004811155149478
15 0.17435731345443486
16 0.8086897648215524
17 1.0905160867705135
18 0.8046811081978099
19 1.2206443806297993
20 2.535543267878515
21 0.16835962176842484
22 0.7859710295262138
23 1.545970855891056
24 0.07099490169262951
25 0.677004814479398
26 1.544618662139484
27 0.7705653464398177
28 0.6310911001502765
29 0.7659946798255783
30 0.2862735575734185
31 0.640319679095559
32 0.7843825291338499
33 0.9858313094298956
34 1.398653980041769
35 0.6835049140056998
36 0.19182868194197422
37 0.49524339003709594
38 0.7475616942943906
39 0.04947389341797679
40 1.5441381335547488
41 0.8742593742633527
42 0.2404587946491399
43 1.1808695209696112
44 1.010810385503624
45 1.5145088259835333
46 2.2373600016132587
47 1.0651268657698383
48 0.41345390895424255
49 0.8079692537227343
50 0.8769188332104445
51 0.9662298427581588
52 1.1682204125679791
53 0.8785849606418674
54 1.6202067789379868
55 0.33012226953498675
56 1.4057169881342726
57 0.1593323778293661
58 1.1517836991955117
59 0.6129232660218544
60 1.3363234934035817
61 1.0491510178091241
62 1.0950742111266927
63 0.2995159821069709
64 0.9831582364221638
65 0.9529997316423057
66 1.1347868773636076
67 1.0286715418764363
68 0.9314062244669504
69 0.894224016798726
70 0.8332010000637995
71 1.2098300120410816
72 1.464554383900362
73 1.2055200771493504
74 0.5224380738013094
75 1.382210610619064
76 1.3841683298816954
77 0.183101976912222
78 1.4080003396425613
79 0.4683866931383716
80 0.9108447188078601
81 0.9609297887288499
82 1.0511152099558396
83 1.0721863901307442
84 0.944704977674101
85 0.6598508837239868
86 1.0390392472189505
87 0.7062957822916851
88 1.2910539163435355
89 1.1607256740511123
90 0.8871983867746861
91 0.8531829007609509
92 0.8846103616381376
93 1.0686204223108924
94 1.0284989065036594
95 0.9888626142337795
96 1.2075638579621033
97 1.0586323440393077
98 1.517225071143385
99 1.0525944281479886
100 0.9871406534722633
101 0.8132490984549935
102 1.28233242594476
103 0.9800055626467195
104 0.9532611667227702
105 1.0135075184881697
106 0.7546220366922094
107 1.0043771458564095
108 0.8695657597162643
109 1.0073771276004315
110 1.0517643628698716
111 1.058329886250223
112 1.0967318308878933
113 0.9992692137232294
114 0.9278683211308945
115 1.1120022172485544
116 0.9553227833886431
117 1.1239581427390994
118 0.9709206296956148
119 1.067633042645283
120 0.9683985107792014
121 1.0239594593591124
122 0.931096999618568
123 1.0265356080529409
124 0.7333608753862155
125 0.996364360214706
126 1.0070562356991302
127 1.0002721392832081
128 0.893332509929258
129 1.0366981179075543
130 0.8612999426782798
131 1.0285580147687314
132 1.0606278157321574
133 0.9279152577320698
134 1.065310931284433
135 0.9993540974387087
136 1.0068558487572732
137 1.0050752633335713
138 1.0335717584932438
139 1.0582240431162804
140 0.9926255409073295
141 1.032002920347046
142 0.9915239864189622
143 0.9838529421428814
144 1.0103115192899876
145 1.0016242528198422
146 1.007869071856556
147 1.0102874748991113
148 0.9850075803535818
149 0.9538524891095302
150 1.0064597718374038
151 0.9499220358321482
152 0.9856653989021091
153 1.0001983965871604
154 0.9904746094049705
155 1.006459726475468
156 1.0209883225073053
157 0.9999805047947813
158 0.9716125642685907
159 0.999609700572476
160 1.006429748516955
161 1.0143256994550958
162 1.0046812959404376
163 0.9950211889021204
164 0.9921019576475437
165 1.0013221092366642
166 0.9999911937692334
167 0.9956103322986677
168 1.0099185243684194
169 0.9619686370352214
170 0.9998847285914627
171 1.0016678507391834
172 0.9938326964828008
173 1.000615772937952
174 1.0016716017870642
175 0.9962345754553688
176 0.9989802431142667
177 0.9969366078861283
178 1.0163599725056636
179 0.9841489172568012
180 1.0072318452348161
181 1.0000371904491765
182 1.0034133014244335
183 1.0050729906082168
184 1.0004732645291055
185 1.0103743219813257
186 1.0016205228293689
187 1.0129555981681115
188 1.0038042469816804
189 0.9895603398788656
190 1.0120055640707994
191 0.9988854596766736
192 0.995828880324469
193 1.0066632536762607
194 1.0010701146468384
195 0.9810181599279565
196 1.0007782435671038
197 0.9976372914555287
198 0.9960506529775035
199 1.0034624813133424
200 1.0009510150928564
201 0.9717313706243564
202 1.016773208573859
203 1.0017962326590333
204 1.0010280614962572
205 1.0003450907091542
206 0.9964061143552126
207 0.9981212699382549
208 0.9946192270885563
209 0.9999171832694496
210 0.9986879841194849
211 0.9897574306075301
212 1.001113664284997
213 0.9980750685547405
214 0.9973628520571682
215 1.003677715372178
216 0.9936100639465547
217 1.0009348082869889
218 0.997806472154869
219 0.9994817218669837
220 1.0010444285009321
221 1.0004098933378507
222 0.9992967206804845
223 1.000359536229613
224 0.9915195585311055
225 0.9962387680909746
226 1.002297877101826
227 1.0006116174810227
228 0.9994782605421884
229 0.9940161347051583
230 1.000928552353659
