1 0.8318434257163523
2 0.20393599866133807
3 0.12579349742889342
4 2.546863307273041
5 0.23270916872893116
6 0.37002133552947497
7 0.2645084524807412
8 0.486394205273132
9 4.460469431995645
10 0.41347652257455364
11 0.7043355321878145
12 1.2043966526766778
13 0.24007410549197963
14 0.6188137891679285
15 0.7685718590176439
16 0.9529500428464852
17 1.3311648380388674
18 1.9133909673727947
19 0.6096743995216518
20 1.7202709482377634
21 0.5288940239596963
22 0.11032441464327403
23 0.7743796551286962
24 1.136915847205213
25 0.9601983972601972
26 0.18275971390744514
27 0.5074483758518828
28 1.8468663488324648
29 0.8785098388502556
30 0.15671392263853645
31 1.0089421062729242
32 1.8966228725360872
33 0.8392593435111116
34 1.033547729241435
35 0.8095220856561121
36 0.6194392996207362
37 0.5757365143480835
38 0.2562637756571307
39 0.9607142752743878
40 0.25037038133481293
41 0.9027569790854196
42 3.810200832379801
43 1.4860600565469768
44 0.4393105154280783
45 0.6881213317762207
46 0.659234245217791
47 0.9605289632184926
48 1.413626879335828
49 0.36210310352019387
50 1.0153302238183186
51 0.7101900397596564
52 0.9761881014163828
53 3.4140565471910103
54 0.3909459081230178
55 0.7327805755222334
56 0.48073726340984263
57 0.5982940322991496
58 1.4246714906116884
59 1.1549328100174572
60 1.2844064297170346
61 3.1517982749984754
62 0.6997371934588017
63 1.4068047838710498
64 0.6354336357719769
65 0.8400381621372154
66 1.6088026962320399
67 0.7844026996493477
68 1.221014276455691
69 1.013055888763664
70 1.5935296556760996
71 1.3667089225961166
72 0.9726788122467737
73 0.5497490430674369
74 0.8432541969502191
75 2.439789765275742
76 0.7999073755502609
77 1.1060712954926581
78 0.8607983232756442
79 0.4424635272231639
80 0.7482174401882948
81 0.8868772036899674
82 0.6671904558437223
83 1.1101295369060318
84 0.7871431962085811
85 0.38182478127640723
86 1.4927890499055332
87 1.027904959579249
88 0.9532266383068347
89 0.8662426391525281
90 0.7039204822904029
91 1.2681152944944782
92 0.5491114571878639
93 0.7344924197659775
94 1.026707827970192
95 1.1656393739669366
96 0.6278975093064474
97 0.9780177259230576
98 0.9872555130702245
99 1.0033924179719482
100 1.0700099477157963
101 0.43606455026278707
102 1.2033322309321575
103 1.0957400285790408
104 1.0005548994168125
105 0.9399670151349493
106 1.0266266258780166
107 0.9773731031238908
108 0.5465826282244473
109 0.41320880751560496
110 0.9297970478673424
111 0.9695867658386711
112 0.7757586964037058
113 1.2121412940995353
114 0.9835088375236828
115 1.0010024322902744
116 0.4720810187963772
117 0.9998954974461082
118 0.9647663653984343
119 1.9567679677774494
120 1.2030406501005793
121 0.8320556956770184
122 1.004728290693463
123 0.9687069732395299
124 1.2258660867330917
125 0.577853443449799
126 1.027635085566387
127 1.468884816346331
128 0.6792107887110342
129 0.6924153372284206
130 1.0332417115449708
131 1.0089252331010032
132 0.9184593772021457
133 1.018538464793109
134 0.7318562547869646
135 1.0256435901360934
136 0.6877893366365946
137 1.0002804697010583
138 1.0197413349412685
139 0.9985841999719999
140 0.9630234888719205
141 1.0782986869207785
142 1.3344085625237498
143 0.8445730400016017
144 1.0290956385340728
145 1.5184889803176955
146 0.9453119802177254
147 1.3135892606268402
148 0.8220983129836213
149 1.0022459656093006
150 0.9868531797856376
151 0.9103407177783274
152 1.4488020163085147
153 0.5186426638031736
154 0.9993935820326575
155 0.8853715482702249
156 1.0921998563049458
157 0.5500409979736626
158 0.8863067737796337
159 1.0050757745126038
160 1.185047108833761
161 1.0490855000772643
162 1.1484540783181059
163 1.003413129084218
164 1.0276752209571576
165 1.008541388308828
166 1.0713248237834105
167 0.9989843608858299
168 1.1466505950541468
169 1.010422007080808
170 0.5800126294124728
171 0.9207187683719749
172 0.9929479883929154
173 0.7051332968554426
174 0.9997726828027945
175 0.9444991212873382
176 1.1580209142015443
177 0.9872934246131967
178 0.9374369413188043
179 0.5426579791072641
180 1.4004047212600612
181 0.8767741486204321
182 1.0441881191884141
183 0.979756147339569
184 1.009683581743038
185 0.9976298484058096
186 0.8290837412640947
187 0.9687892743336305
188 1.010225575940859
189 0.9961675263539495
190 1.065334780151494
191 1.005074981730591
192 0.9633005526959884
193 1.223801536068637
194 0.9381045579885245
195 0.998992236957771
196 1.0265985599519698
197 0.8543206798195054
198 1.0085710192354402
199 1.0002686322349312
200 0.9929159593779178
201 0.9675738460339631
202 1.119861391440179
203 1.0173522310169543
204 0.9905143518846834
205 0.958993657834876
206 1.0035376429250051
207 0.9935992637600661
208 0.934159093418334
209 1.1212987413798488
210 1.05904621279255
211 1.0002191133698515
212 0.9622840801863572
213 0.9766737724149887
214 1.0120291920732425
215 0.996155364994553
216 0.9236433836588475
217 0.9981661998298039
218 0.9886711384346691
219 1.046081601614797
220 0.9994686056616358
221 1.0272128363369872
222 0.9669180465495679
223 1.00649940445949
224 0.9981839988350572
225 1.0000727624009902
226 0.9976788843446401
227 1.011011419165773
228 1.0144410383103148
229 1.015789859677691
230 1.0060740957514125
231 1.0031305623622568
232 0.9981827936652233
233 0.9983278209193357
234 1.000866257376514
235 1.000805447452008
236 1.0016794865771441
237 1.000061145209974
238 0.9998361720718411
239 1.002262717438479
240 1.0017369620193308
241 1.0012901346777503
