1 1.0484195970298915
2 2.330843281074895
3 0.949457755273794
4 3.8548222612454635
5 2.8200922913455257
6 1.5984800401006471
7 0.8796380484427747
8 1.0001065060396752
9 1.1592901916380849
10 1.9288290526599479
11 0.8065706569120193
12 2.215623213855437
13 0.21906553191874398
14 0.2584904322117368
15 1.761318869661124
16 0.6022984488123004
17 0.8741289439896721
18 0.9403510173851863
19 1.137919958694323
20 0.5363275420711877
21 1.3267049100640025
22 2.106281630612006
23 1.3789940149010704
24 0.19749501081747586
25 0.13658321864535888
26 1.1455648146040072
27 3.288754778813021
28 1.378217662338889
29 1.6961920586586738
30 0.07496164846910591
31 0.8997108054099743
32 0.5955754780945598
33 1.2381575072191386
34 1.3833540261815263
35 0.8000735041923926
36 0.7725386894307826
37 0.7387684699119447
38 0.7620053903146916
39 2.4545050924610314
40 0.4547469318144514
41 0.7819549427719802
42 2.1021206666399124
43 0.6712843064501124
44 2.0023575612976208
45 1.2472239903222127
46 0.7717063451864212
47 0.271157267468857
48 0.5051584120010633
49 0.9832465801149767
50 1.024949092667107
51 0.5384041668729511
52 0.9203809265236433
53 2.8321303202382753
54 1.0749851512841568
55 0.9293754178736038
56 0.7865661464597075
57 0.8437184299228924
58 0.9969387973321358
59 1.0863556341412088
60 0.9052122650615473
61 1.1095960769519633
62 0.6074537831737353
63 1.0312831758859182
64 2.8533837326875755
65 1.0323160229704724
66 1.092948552972873
67 0.5921066857055443
68 0.671198429341871
69 0.13488425329346626
70 1.2090036242639275
71 2.3170302000579697
72 1.0950514439525734
73 0.3917514189111305
74 1.0148384863044513
75 0.7155915737076403
76 0.5337906319427971
77 1.6918190186557216
78 1.1367539329549095
79 0.7575809952303993
80 0.991598162026557
81 2.274183790174385
82 0.8532971661950929
83 0.9035506882954363
84 0.9298618049933891
85 1.540606143327322
86 1.0971868596852823
87 0.6116280945866956
88 0.46599494901828664
89 0.36755162730957863
90 0.9656152150842321
91 1.2495564501221206
92 0.9416977648077887
93 0.9733751537155125
94 0.827818671941538
95 0.6857353283316316
96 0.7681877498517566
97 0.5046577222539378
98 0.9878120015293673
99 1.0393960140781657
100 2.1991325982740704
101 1.0707219370397318
102 0.6311926400565906
103 0.6296779088834827
104 2.746966787790981
105 0.6692429437782342
106 1.0574083077872463
107 0.9860377436162745
108 1.0198933627497122
109 0.9452912217613194
110 1.9258080969713078
111 1.9371176966439227
112 0.855027629254429
113 0.6612172176770744
114 0.7455235609854738
115 1.0306251130545774
116 0.933551542934394
117 0.7994536844045138
118 0.8006903388891887
119 0.4892932233883286
120 1.0557766204186063
121 1.4683756183598757
122 0.9986832185046421
123 0.9483994019003027
124 0.7365815969335768
125 0.558795129795295
126 0.9412401311501625
127 1.4172915606412635
128 0.8773024401505484
129 1.0050579400831052
130 1.0395548776958219
131 0.6944177906405151
132 0.9996513753651015
133 1.0393589370077139
134 1.191820460450093
135 0.9921651605202
136 0.5913898984638575
137 0.8652456547769558
138 0.814541587991023
139 0.5863689590437775
140 0.9284473696431539
141 1.1473461633965756
142 0.9136349062586585
143 0.9834284062083263
144 1.293675065809888
145 0.6091571979296367
146 0.8167208864893886
147 0.5948744533708433
148 0.93063737192967
149 0.9840394364270918
150 0.7579580783303707
151 1.188020293969501
152 1.028701326528558
153 1.127413367818771
154 1.0357243837483077
155 1.0180931588539401
156 0.9986360084821002
157 0.93645184659052
158 0.7112986267048835
159 1.459096685489387
160 0.8706395544287397
161 0.9502897217338705
162 0.9992980920776064
163 1.0604899875155993
164 0.946533894219749
165 1.0240116782387259
166 1.000958894049025
167 0.6090553735522766
168 0.8552748228172645
169 1.0594125762065483
170 0.8078829193052233
171 1.0606954173163097
172 0.9753325950113148
173 0.7053284871265455
174 1.2345691325913808
175 1.1049086223989404
176 1.0306330346749255
177 1.0203571130272484
178 0.940120563881225
179 0.9998437746971133
180 0.9454323791228475
181 1.0269366897154624
182 0.9664931921239854
183 1.0454605316808756
184 0.9721492562142036
185 1.0496782030731255
186 0.9574049206839624
187 1.0679890768371334
188 0.9840399521868388
189 0.9711254075184569
190 0.8922259354915892
191 0.9148405347256312
192 0.9482998335764887
193 0.9185055458310356
194 1.032157846065527
195 0.9662826107074453
196 1.014597994865521
197 1.060187348039412
198 1.0395526487616553
199 1.0000110221170286
200 0.9325917985972694
201 0.9998071850146714
202 1.0022233952614448
203 1.0442165716672576
204 0.9712617563123824
205 1.0076975368874637
206 0.989108438543113
207 1.0024136064696734
208 0.9980261085277805
209 0.9996924548813778
210 0.951559650066191
211 1.0037760468041383
212 1.000222479316439
213 0.9999606469834419
214 1.000533023763859
215 0.9476175296870941
216 0.9678430262848703
217 0.9998192318785307
218 1.0151101315012396
219 1.0042562602560074
220 0.999450387224118
221 0.9999034138820168
222 1.0002539983161283
223 1.0066055090098238
224 0.9727663222673377
225 0.9724435589448434
226 1.0068476014667473
227 1.0008410403084347
228 0.9641983582389497
229 1.0019799693646738
230 0.9823733649348344
231 0.9641046854335573
232 0.9932139171881368
233 0.9672211474034008
234 0.9901449293304322
235 0.9918565085364144
236 1.0000397161310322
237 0.9804150663346799
238 1.015072845282385
239 0.993690841632302
240 0.999944289933873
241 1.0177849458990949
242 0.9783041834491438
243 1.020006540665869
244 0.9806585930237176
245 1.004961862328134
246 0.9931440499499568
247 0.9845638417644477
248 1.0049521458477906
249 0.9881202682727329
250 0.9987591503717569
251 0.9978405739086016
252 0.9930719359529002
253 0.9973737930657441
254 1.0023710644625103
