1 1.0
2 1.0
3 1.0
4 1.0
5 1.0
6 1.0
7 1.0
8 1.0
9 1.0
10 1.0
11 1.0
12 1.0
13 1.0
14 1.0
15 1.0
16 1.0
17 1.0
18 1.0
19 1.0
20 1.0
21 1.0
22 1.0
23 1.0
24 1.0
25 1.0
26 1.0
27 1.0
28 1.0
29 1.0
30 1.0
31 1.0
32 1.0
33 1.0
34 1.0
35 1.0
36 1.0
37 1.0
38 1.0
39 1.0
40 1.0
41 1.0
42 1.0
43 1.0
44 1.0
45 0.9777777777777777
46 0.9782608695652174
47 0.9787234042553191
48 0.9791666666666666
49 0.9795918367346939
50 0.98
51 0.9803921568627451
52 0.9807692307692307
53 0.9622641509433962
54 0.9444444444444444
55 0.9454545454545454
56 0.9464285714285714
57 0.9473684210526315
58 0.9482758620689655
59 0.9491525423728814
60 0.9333333333333333
61 0.9344262295081968
62 0.9193548387096774
63 0.9047619047619048
64 0.890625
65 0.8769230769230769
66 0.8787878787878788
67 0.8805970149253731
68 0.8823529411764706
69 0.8840579710144928
70 0.8857142857142857
71 0.8873239436619719
72 0.875
73 0.863013698630137
74 0.8513513513513513
75 0.8533333333333334
76 0.8552631578947368
77 0.8441558441558441
78 0.8333333333333334
79 0.8354430379746836
80 0.8375
81 0.8395061728395061
82 0.8414634146341463
83 0.8313253012048193
84 0.8333333333333334
85 0.8235294117647058
86 0.8255813953488372
87 0.8160919540229885
88 0.8068181818181818
89 0.797752808988764
90 0.7888888888888889
91 0.7802197802197802
92 0.7717391304347826
93 0.7741935483870968
94 0.7659574468085106
95 0.7578947368421053
96 0.7604166666666666
97 0.7525773195876289
98 0.7448979591836735
99 0.7373737373737373
100 0.73
101 0.7326732673267327
102 0.7254901960784313
103 0.7184466019417476
104 0.7115384615384616
105 0.7047619047619048
106 0.7075471698113207
107 0.7009345794392523
108 0.6944444444444444
109 0.6880733944954128
110 0.6818181818181818
111 0.6846846846846847
112 0.6785714285714286
113 0.6814159292035398
114 0.6754385964912281
115 0.6695652173913044
116 0.6637931034482759
117 0.6666666666666666
118 0.6610169491525424
119 0.6554621848739496
120 0.65
121 0.6446280991735537
122 0.639344262295082
123 0.6341463414634146
124 0.6290322580645161
125 0.624
126 0.6190476190476191
127 0.6141732283464567
128 0.609375
129 0.6046511627906976
130 0.6
131 0.5954198473282443
132 0.5909090909090909
133 0.5864661654135338
134 0.582089552238806
135 0.5777777777777777
136 0.5735294117647058
137 0.5693430656934306
138 0.572463768115942
139 0.5683453237410072
140 0.5642857142857143
141 0.5602836879432624
142 0.5563380281690141
143 0.5524475524475524
144 0.5486111111111112
145 0.5448275862068965
146 0.541095890410959
147 0.5374149659863946
148 0.5337837837837838
149 0.5369127516778524
150 0.5333333333333333
151 0.5298013245033113
152 0.5328947368421053
153 0.5294117647058824
154 0.525974025974026
155 0.5225806451612903
156 0.5192307692307693
157 0.5159235668789809
158 0.5126582278481012
159 0.5094339622641509
160 0.50625
161 0.5093167701863354
162 0.5061728395061729
163 0.5030674846625767
164 0.5
165 0.49696969696969695
166 0.4939759036144578
167 0.49101796407185627
168 0.4880952380952381
169 0.48520710059171596
170 0.4823529411764706
171 0.47953216374269003
172 0.47674418604651164
173 0.47398843930635837
174 0.47126436781609193
175 0.4685714285714286
176 0.4659090909090909
177 0.4632768361581921
178 0.4606741573033708
179 0.4581005586592179
180 0.45555555555555555
181 0.4530386740331492
182 0.45604395604395603
183 0.453551912568306
184 0.45108695652173914
185 0.4486486486486487
186 0.44623655913978494
187 0.44385026737967914
188 0.44148936170212766
189 0.43915343915343913
190 0.4368421052631579
191 0.43455497382198954
192 0.4322916666666667
193 0.43005181347150256
194 0.42783505154639173
195 0.4256410256410256
196 0.42346938775510207
197 0.4213197969543147
198 0.41919191919191917
199 0.41708542713567837
200 0.415
201 0.4129353233830846
202 0.41089108910891087
203 0.4088669950738916
204 0.4068627450980392
205 0.40487804878048783
206 0.4029126213592233
207 0.40096618357487923
208 0.39903846153846156
209 0.39712918660287083
210 0.3952380952380952
211 0.3933649289099526
212 0.3915094339622642
213 0.38967136150234744
214 0.3878504672897196
215 0.386046511627907
216 0.38425925925925924
217 0.3824884792626728
218 0.38073394495412843
219 0.3789954337899543
220 0.37727272727272726
221 0.3755656108597285
222 0.3738738738738739
223 0.37668161434977576
224 0.375
225 0.37333333333333335
226 0.37168141592920356
227 0.3700440528634361
228 0.3684210526315789
229 0.36681222707423583
230 0.3652173913043478
231 0.36363636363636365
232 0.3620689655172414
233 0.3605150214592275
234 0.358974358974359
235 0.3574468085106383
236 0.3559322033898305
237 0.35443037974683544
238 0.35294117647058826
239 0.3514644351464435
240 0.35
241 0.34854771784232363
242 0.34710743801652894
243 0.345679012345679
244 0.3442622950819672
245 0.34285714285714286
246 0.34146341463414637
247 0.340080971659919
248 0.3387096774193548
249 0.3373493975903614
250 0.336
251 0.3346613545816733
252 0.3333333333333333
253 0.33201581027667987
254 0.33070866141732286
255 0.32941176470588235
256 0.328125
257 0.32684824902723736
258 0.32558139534883723
259 0.32432432432432434
260 0.3230769230769231
261 0.3218390804597701
262 0.32061068702290074
263 0.3193916349809886
264 0.3181818181818182
265 0.3169811320754717
266 0.3157894736842105
267 0.3146067415730337
268 0.31343283582089554
269 0.31226765799256506
270 0.3111111111111111
271 0.30996309963099633
272 0.3088235294117647
273 0.3076923076923077
274 0.30656934306569344
275 0.3054545454545455
276 0.30434782608695654
277 0.30324909747292417
278 0.302158273381295
279 0.3010752688172043
280 0.3
281 0.298932384341637
282 0.2978723404255319
283 0.2968197879858657
284 0.29577464788732394
285 0.29473684210526313
286 0.2937062937062937
287 0.2926829268292683
288 0.2916666666666667
289 0.2906574394463668
290 0.2896551724137931
291 0.28865979381443296
292 0.2876712328767123
293 0.28668941979522183
294 0.2857142857142857
295 0.288135593220339
296 0.28716216216216217
297 0.28619528619528617
298 0.28523489932885904
299 0.2842809364548495
300 0.2833333333333333
301 0.2823920265780731
302 0.2814569536423841
303 0.28052805280528054
304 0.27960526315789475
305 0.2786885245901639
306 0.2777777777777778
307 0.2768729641693811
308 0.275974025974026
309 0.2750809061488673
310 0.27419354838709675
311 0.2733118971061093
312 0.2724358974358974
313 0.2715654952076677
314 0.27070063694267515
315 0.2698412698412698
316 0.2689873417721519
317 0.26813880126182965
318 0.2672955974842767
319 0.2664576802507837
320 0.265625
321 0.26479750778816197
322 0.2639751552795031
323 0.2631578947368421
324 0.2623456790123457
325 0.26153846153846155
326 0.2607361963190184
327 0.2599388379204893
328 0.25914634146341464
329 0.25835866261398177
330 0.25757575757575757
331 0.256797583081571
332 0.2560240963855422
333 0.2552552552552553
334 0.25449101796407186
335 0.2537313432835821
336 0.25297619047619047
337 0.2522255192878338
338 0.2514792899408284
339 0.25073746312684364
340 0.25
341 0.24926686217008798
342 0.24853801169590642
343 0.2478134110787172
344 0.24709302325581395
345 0.2463768115942029
346 0.24566473988439305
347 0.24495677233429394
348 0.2442528735632184
349 0.24355300859598855
350 0.24285714285714285
351 0.24216524216524216
352 0.24147727272727273
353 0.24079320113314448
354 0.2401129943502825
355 0.23943661971830985
356 0.23876404494382023
357 0.23809523809523808
358 0.23743016759776536
359 0.23676880222841226
360 0.2361111111111111
361 0.23545706371191136
362 0.23480662983425415
363 0.23415977961432508
364 0.23351648351648352
365 0.2328767123287671
366 0.23224043715846995
367 0.23160762942779292
368 0.23097826086956522
369 0.23035230352303523
370 0.22972972972972974
371 0.22911051212938005
372 0.22849462365591397
373 0.22788203753351208
374 0.22727272727272727
375 0.22666666666666666
376 0.22606382978723405
377 0.22546419098143236
378 0.22486772486772486
379 0.22427440633245382
380 0.2236842105263158
381 0.2230971128608924
382 0.22251308900523561
383 0.22193211488250653
384 0.22135416666666666
385 0.22077922077922077
386 0.22020725388601037
387 0.21963824289405684
388 0.2190721649484536
389 0.2185089974293059
390 0.21794871794871795
391 0.21739130434782608
392 0.21683673469387754
393 0.21628498727735368
394 0.21573604060913706
395 0.21518987341772153
396 0.21464646464646464
397 0.2141057934508816
398 0.2135678391959799
399 0.21303258145363407
400 0.2125
401 0.2119700748129676
402 0.21144278606965175
403 0.2109181141439206
404 0.2103960396039604
405 0.20987654320987653
406 0.20935960591133004
407 0.20884520884520885
408 0.20833333333333334
409 0.2078239608801956
410 0.2073170731707317
411 0.20681265206812652
412 0.20631067961165048
413 0.20581113801452786
414 0.20531400966183574
415 0.20481927710843373
416 0.20432692307692307
417 0.2038369304556355
418 0.20334928229665072
419 0.20286396181384247
420 0.20238095238095238
421 0.20190023752969122
422 0.2014218009478673
423 0.20094562647754138
424 0.20047169811320756
425 0.2
426 0.19953051643192488
427 0.1990632318501171
428 0.1985981308411215
429 0.19813519813519814
430 0.19767441860465115
431 0.19721577726218098
432 0.19675925925925927
433 0.19630484988452657
434 0.195852534562212
435 0.19540229885057472
436 0.19495412844036697
437 0.1945080091533181
438 0.19406392694063926
439 0.19362186788154898
440 0.19318181818181818
441 0.1927437641723356
442 0.19230769230769232
443 0.19187358916478556
444 0.19144144144144143
445 0.19101123595505617
446 0.1905829596412556
447 0.19015659955257272
448 0.18973214285714285
449 0.18930957683741648
450 0.18888888888888888
451 0.188470066518847
452 0.18805309734513273
453 0.18763796909492272
454 0.18722466960352424
455 0.18681318681318682
456 0.18640350877192982
457 0.18599562363238512
458 0.185589519650655
459 0.18518518518518517
460 0.18478260869565216
461 0.1843817787418655
462 0.18398268398268397
463 0.183585313174946
464 0.18318965517241378
465 0.1827956989247312
466 0.18240343347639484
467 0.18201284796573874
468 0.18162393162393162
469 0.1812366737739872
470 0.18085106382978725
471 0.18046709129511676
472 0.18008474576271186
473 0.17970401691331925
474 0.17932489451476794
475 0.17894736842105263
476 0.17857142857142858
477 0.17819706498951782
478 0.17782426778242677
479 0.17745302713987474
480 0.17708333333333334
481 0.17671517671517672
482 0.17634854771784234
483 0.17598343685300208
484 0.1756198347107438
485 0.17525773195876287
486 0.1748971193415638
487 0.17453798767967146
488 0.17418032786885246
489 0.1738241308793456
490 0.17346938775510204
491 0.17311608961303462
492 0.17276422764227642
493 0.1724137931034483
494 0.1720647773279352
495 0.1717171717171717
496 0.17137096774193547
497 0.1710261569416499
498 0.1706827309236948
499 0.17034068136272545
500 0.17
501 0.16966067864271456
502 0.1693227091633466
503 0.16898608349900596
504 0.16865079365079366
505 0.16831683168316833
506 0.16798418972332016
507 0.16765285996055226
508 0.1673228346456693
509 0.16699410609037327
510 0.16666666666666666
511 0.16634050880626222
512 0.166015625
513 0.16569200779727095
514 0.16536964980544747
515 0.1650485436893204
516 0.16472868217054262
517 0.1644100580270793
518 0.1640926640926641
519 0.16377649325626203
520 0.16346153846153846
521 0.16314779270633398
522 0.16283524904214558
523 0.16252390057361377
524 0.16221374045801526
525 0.1619047619047619
526 0.16159695817490494
527 0.16129032258064516
528 0.16098484848484848
529 0.16068052930056712
530 0.16037735849056603
531 0.160075329566855
532 0.15977443609022557
533 0.15947467166979362
534 0.15917602996254682
535 0.1588785046728972
536 0.15858208955223882
537 0.15828677839851024
538 0.1579925650557621
539 0.15769944341372913
540 0.1574074074074074
541 0.15711645101663585
542 0.15682656826568267
543 0.15653775322283608
544 0.15625
545 0.1559633027522936
546 0.15567765567765568
547 0.15539305301645337
548 0.1551094890510949
549 0.15482695810564662
550 0.15454545454545454
551 0.1542649727767695
552 0.1539855072463768
553 0.15370705244122965
554 0.15342960288808663
555 0.15315315315315314
556 0.1528776978417266
557 0.1526032315978456
558 0.15232974910394265
559 0.1520572450805009
560 0.15178571428571427
561 0.15151515151515152
562 0.1512455516014235
563 0.15097690941385436
564 0.15070921985815602
565 0.1504424778761062
566 0.1501766784452297
567 0.14991181657848324
568 0.14964788732394366
569 0.14938488576449913
570 0.14912280701754385
571 0.14886164623467601
572 0.1486013986013986
573 0.14834205933682373
574 0.1480836236933798
575 0.14782608695652175
576 0.14756944444444445
577 0.14731369150779897
578 0.14705882352941177
579 0.14680483592400692
580 0.14655172413793102
581 0.14629948364888123
582 0.14604810996563575
583 0.1457975986277873
584 0.14554794520547945
585 0.1452991452991453
586 0.14505119453924914
587 0.14480408858603067
588 0.1445578231292517
589 0.14431239388794567
590 0.1440677966101695
591 0.14382402707275804
592 0.14358108108108109
593 0.1433389544688027
594 0.14309764309764308
595 0.14285714285714285
596 0.14261744966442952
597 0.1423785594639866
598 0.14214046822742474
599 0.1419031719532554
600 0.14166666666666666
601 0.14143094841930118
602 0.14119601328903655
603 0.14096185737976782
604 0.14072847682119205
605 0.14049586776859505
606 0.14026402640264027
607 0.1400329489291598
608 0.13980263157894737
609 0.13957307060755336
610 0.13934426229508196
611 0.13911620294599017
612 0.1388888888888889
613 0.13866231647634583
614 0.13843648208469056
615 0.13821138211382114
616 0.137987012987013
617 0.13776337115072934
618 0.13754045307443366
619 0.13731825525040386
620 0.13709677419354838
621 0.13687600644122383
622 0.13665594855305466
623 0.13643659711075443
624 0.1362179487179487
625 0.136
626 0.13578274760383385
627 0.13556618819776714
628 0.13535031847133758
629 0.13513513513513514
630 0.1349206349206349
631 0.1347068145800317
632 0.13449367088607594
633 0.13428120063191154
634 0.13406940063091483
635 0.13385826771653545
636 0.13364779874213836
637 0.13343799058084774
638 0.13322884012539185
639 0.13302034428794993
640 0.1328125
641 0.13260530421216848
642 0.13239875389408098
643 0.1321928460342146
644 0.13198757763975155
645 0.13178294573643412
646 0.13157894736842105
647 0.13137557959814528
648 0.13117283950617284
649 0.13097072419106318
650 0.13076923076923078
651 0.130568356374808
652 0.1303680981595092
653 0.13016845329249618
654 0.12996941896024464
655 0.1297709923664122
656 0.12957317073170732
657 0.1293759512937595
658 0.12917933130699089
659 0.12898330804248861
660 0.12878787878787878
661 0.12859304084720122
662 0.1283987915407855
663 0.1282051282051282
664 0.1280120481927711
665 0.12781954887218044
666 0.12762762762762764
667 0.12743628185907047
668 0.12724550898203593
669 0.12705530642750373
670 0.12686567164179105
671 0.12667660208643816
672 0.12648809523809523
673 0.1263001485884101
674 0.1261127596439169
675 0.1259259259259259
676 0.1257396449704142
677 0.1255539143279173
678 0.12536873156342182
679 0.1251840942562592
680 0.125
681 0.12481644640234948
682 0.12463343108504399
683 0.12445095168374817
684 0.12426900584795321
685 0.12408759124087591
686 0.1239067055393586
687 0.12372634643377002
688 0.12354651162790697
689 0.12336719883889695
690 0.12318840579710146
691 0.12301013024602026
692 0.12283236994219653
693 0.12265512265512266
694 0.12247838616714697
695 0.1223021582733813
696 0.1221264367816092
697 0.12195121951219512
698 0.12177650429799428
699 0.12160228898426323
700 0.12142857142857143
701 0.12125534950071326
702 0.12108262108262108
703 0.12091038406827881
704 0.12073863636363637
705 0.12056737588652482
706 0.12039660056657224
707 0.12022630834512023
708 0.12005649717514125
709 0.11988716502115655
710 0.11971830985915492
711 0.11954992967651196
712 0.11938202247191011
713 0.11921458625525946
714 0.11904761904761904
715 0.11888111888111888
716 0.11871508379888268
717 0.11854951185495119
718 0.11838440111420613
719 0.11821974965229486
720 0.11805555555555555
721 0.11789181692094314
