1 1.0
2 1.0
3 1.0
4 1.0
5 1.0
6 1.0
7 1.0
8 1.0
9 1.0
10 1.0
11 1.0
12 1.0
13 1.0
14 1.0
15 0.9333333333333333
16 0.9375
17 0.9411764705882353
18 0.9444444444444444
19 0.9473684210526315
20 0.95
21 0.9523809523809523
22 0.9545454545454546
23 0.9565217391304348
24 0.9583333333333334
25 0.96
26 0.9615384615384616
27 0.9629629629629629
28 0.9642857142857143
29 0.9655172413793104
30 0.9666666666666667
31 0.967741935483871
32 0.96875
33 0.9696969696969697
34 0.9705882352941176
35 0.9714285714285714
36 0.9722222222222222
37 0.972972972972973
38 0.9736842105263158
39 0.9487179487179487
40 0.95
41 0.926829268292683
42 0.9285714285714286
43 0.9302325581395349
44 0.9318181818181818
45 0.9333333333333333
46 0.9347826086956522
47 0.9148936170212766
48 0.8958333333333334
49 0.8979591836734694
50 0.88
51 0.8823529411764706
52 0.8846153846153846
53 0.8867924528301887
54 0.8888888888888888
55 0.8909090909090909
56 0.8928571428571429
57 0.8771929824561403
58 0.8793103448275862
59 0.8813559322033898
60 0.8833333333333333
61 0.8852459016393442
62 0.8870967741935484
63 0.873015873015873
64 0.859375
65 0.8615384615384616
66 0.8484848484848485
67 0.835820895522388
68 0.8235294117647058
69 0.8260869565217391
70 0.8285714285714286
71 0.8309859154929577
72 0.8333333333333334
73 0.8356164383561644
74 0.8243243243243243
75 0.8266666666666667
76 0.8157894736842105
77 0.8051948051948052
78 0.7948717948717948
79 0.7848101265822784
80 0.7875
81 0.7901234567901234
82 0.7804878048780488
83 0.7710843373493976
84 0.7738095238095238
85 0.7764705882352941
86 0.7790697674418605
87 0.7816091954022989
88 0.7840909090909091
89 0.7865168539325843
90 0.7888888888888889
91 0.7802197802197802
92 0.782608695652174
93 0.7741935483870968
94 0.7659574468085106
95 0.7578947368421053
96 0.75
97 0.7422680412371134
98 0.7346938775510204
99 0.7272727272727273
100 0.73
101 0.7326732673267327
102 0.7254901960784313
103 0.7184466019417476
104 0.7211538461538461
105 0.7142857142857143
106 0.7075471698113207
107 0.7009345794392523
108 0.7037037037037037
109 0.7064220183486238
110 0.7
111 0.6936936936936937
112 0.6875
113 0.6814159292035398
114 0.6754385964912281
115 0.6782608695652174
116 0.6724137931034483
117 0.6666666666666666
118 0.6610169491525424
119 0.6554621848739496
120 0.6583333333333333
121 0.6611570247933884
122 0.6639344262295082
123 0.6585365853658537
124 0.6532258064516129
125 0.656
126 0.6507936507936508
127 0.6456692913385826
128 0.6484375
129 0.6434108527131783
130 0.6461538461538462
131 0.6412213740458015
132 0.6439393939393939
133 0.6390977443609023
134 0.6343283582089553
135 0.6296296296296297
136 0.625
137 0.6204379562043796
138 0.6159420289855072
139 0.6115107913669064
140 0.6071428571428571
141 0.6028368794326241
142 0.5985915492957746
143 0.5944055944055944
144 0.5902777777777778
145 0.5862068965517241
146 0.5821917808219178
147 0.5782312925170068
148 0.5743243243243243
149 0.5704697986577181
150 0.5666666666666667
151 0.5629139072847682
152 0.5592105263157895
153 0.5555555555555556
154 0.551948051948052
155 0.5483870967741935
156 0.5448717948717948
157 0.5414012738853503
158 0.5379746835443038
159 0.5345911949685535
160 0.5375
161 0.5341614906832298
162 0.5308641975308642
163 0.5276073619631901
164 0.524390243902439
165 0.5212121212121212
166 0.5180722891566265
167 0.5149700598802395
168 0.5119047619047619
169 0.5088757396449705
170 0.5058823529411764
171 0.5029239766081871
172 0.5
173 0.49710982658959535
174 0.4942528735632184
175 0.49142857142857144
176 0.48863636363636365
177 0.4858757062146893
178 0.48314606741573035
179 0.48044692737430167
180 0.4777777777777778
181 0.47513812154696133
182 0.4725274725274725
183 0.46994535519125685
184 0.4673913043478261
185 0.4648648648648649
186 0.46236559139784944
187 0.45989304812834225
188 0.4574468085106383
189 0.4603174603174603
190 0.45789473684210524
191 0.45549738219895286
192 0.453125
193 0.45077720207253885
194 0.4484536082474227
195 0.4461538461538462
196 0.44387755102040816
197 0.4416243654822335
198 0.4393939393939394
199 0.4371859296482412
200 0.435
201 0.43283582089552236
202 0.4306930693069307
203 0.42857142857142855
204 0.4264705882352941
205 0.424390243902439
206 0.4223300970873786
207 0.42028985507246375
208 0.4182692307692308
209 0.41626794258373206
210 0.4142857142857143
211 0.41232227488151657
212 0.41037735849056606
213 0.4084507042253521
214 0.40654205607476634
215 0.4046511627906977
216 0.4027777777777778
217 0.4009216589861751
218 0.39908256880733944
219 0.3972602739726027
220 0.39545454545454545
221 0.3936651583710407
222 0.3963963963963964
