1 1.0
2 0.5
3 0.6666666666666666
4 0.75
5 0.8
6 0.8333333333333334
7 0.8571428571428571
8 0.875
9 0.8888888888888888
10 0.9
11 0.9090909090909091
12 0.9166666666666666
13 0.9230769230769231
14 0.9285714285714286
15 0.9333333333333333
16 0.9375
17 0.9411764705882353
18 0.9444444444444444
19 0.9473684210526315
20 0.95
21 0.9523809523809523
22 0.9545454545454546
23 0.9565217391304348
24 0.9583333333333334
25 0.96
26 0.9615384615384616
27 0.9629629629629629
28 0.9642857142857143
29 0.9655172413793104
30 0.9666666666666667
31 0.967741935483871
32 0.9375
33 0.9393939393939394
34 0.9411764705882353
35 0.9142857142857143
36 0.9166666666666666
37 0.918918918918919
38 0.9210526315789473
39 0.9230769230769231
40 0.925
41 0.926829268292683
42 0.9285714285714286
43 0.9302325581395349
44 0.9318181818181818
45 0.9333333333333333
46 0.9347826086956522
47 0.9361702127659575
48 0.9375
49 0.9387755102040817
50 0.94
51 0.9411764705882353
52 0.9423076923076923
53 0.9433962264150944
54 0.9444444444444444
55 0.9454545454545454
56 0.9464285714285714
57 0.9473684210526315
58 0.9482758620689655
59 0.9322033898305084
60 0.9166666666666666
61 0.9180327868852459
62 0.9193548387096774
63 0.9047619047619048
64 0.90625
65 0.9076923076923077
66 0.9090909090909091
67 0.9104477611940298
68 0.8970588235294118
69 0.8985507246376812
70 0.9
71 0.8873239436619719
72 0.875
73 0.8767123287671232
74 0.8648648648648649
75 0.8666666666666667
76 0.8552631578947368
77 0.8571428571428571
78 0.8461538461538461
79 0.8354430379746836
80 0.8375
81 0.8395061728395061
82 0.8414634146341463
83 0.8313253012048193
84 0.8333333333333334
85 0.8235294117647058
86 0.8255813953488372
87 0.8275862068965517
88 0.8295454545454546
89 0.8314606741573034
90 0.8333333333333334
91 0.8351648351648352
92 0.8260869565217391
93 0.8279569892473119
94 0.8297872340425532
95 0.8315789473684211
96 0.8333333333333334
97 0.8350515463917526
98 0.8367346938775511
99 0.8282828282828283
100 0.82
101 0.8217821782178217
102 0.8235294117647058
103 0.8252427184466019
104 0.8269230769230769
105 0.8285714285714286
106 0.8301886792452831
107 0.8317757009345794
108 0.8333333333333334
109 0.8256880733944955
110 0.8181818181818182
111 0.8198198198198198
112 0.8125
113 0.8053097345132744
114 0.7982456140350878
115 0.7913043478260869
116 0.7931034482758621
117 0.7948717948717948
118 0.7966101694915254
119 0.7899159663865546
120 0.7833333333333333
121 0.7851239669421488
122 0.7786885245901639
123 0.7723577235772358
124 0.7661290322580645
125 0.76
126 0.753968253968254
127 0.7480314960629921
128 0.7421875
129 0.7364341085271318
130 0.7384615384615385
131 0.732824427480916
132 0.7348484848484849
133 0.7293233082706767
134 0.7238805970149254
135 0.725925925925926
136 0.7205882352941176
137 0.7153284671532847
138 0.7101449275362319
139 0.7122302158273381
140 0.7071428571428572
141 0.7021276595744681
142 0.6971830985915493
143 0.6993006993006993
144 0.6944444444444444
145 0.696551724137931
146 0.6986301369863014
147 0.7006802721088435
148 0.6959459459459459
149 0.6912751677852349
150 0.6866666666666666
151 0.6821192052980133
152 0.6776315789473685
153 0.6797385620915033
154 0.6753246753246753
155 0.6709677419354839
156 0.6666666666666666
157 0.6687898089171974
158 0.6645569620253164
159 0.660377358490566
160 0.65625
161 0.6521739130434783
162 0.6481481481481481
163 0.6441717791411042
164 0.6402439024390244
165 0.6424242424242425
166 0.6385542168674698
167 0.6347305389221557
168 0.6369047619047619
169 0.6331360946745562
170 0.6294117647058823
171 0.6257309941520468
172 0.622093023255814
173 0.6184971098265896
174 0.6149425287356322
175 0.6114285714285714
176 0.6136363636363636
177 0.6101694915254238
178 0.6067415730337079
179 0.6033519553072626
180 0.6
181 0.5966850828729282
182 0.5934065934065934
183 0.5901639344262295
184 0.5869565217391305
185 0.5837837837837838
186 0.5806451612903226
187 0.5775401069518716
188 0.574468085106383
189 0.5714285714285714
190 0.5684210526315789
191 0.5654450261780105
192 0.5625
193 0.5595854922279793
194 0.5618556701030928
195 0.558974358974359
196 0.5561224489795918
197 0.5532994923857868
198 0.5505050505050505
199 0.5477386934673367
200 0.545
201 0.5422885572139303
202 0.5396039603960396
203 0.5369458128078818
204 0.5343137254901961
205 0.5317073170731708
206 0.529126213592233
207 0.5265700483091788
208 0.5240384615384616
209 0.5215311004784688
210 0.5190476190476191
211 0.5165876777251185
212 0.5141509433962265
213 0.5117370892018779
214 0.5093457943925234
215 0.5069767441860465
216 0.5046296296296297
217 0.5023041474654378
218 0.5
219 0.4977168949771689
220 0.4954545454545455
221 0.49321266968325794
222 0.49099099099099097
223 0.48878923766816146
224 0.48660714285714285
225 0.48444444444444446
226 0.4823008849557522
227 0.4801762114537445
228 0.4780701754385965
229 0.4759825327510917
230 0.47391304347826085
231 0.47186147186147187
232 0.4698275862068966
233 0.4678111587982833
234 0.4658119658119658
235 0.46382978723404256
236 0.461864406779661
237 0.459915611814346
238 0.4579831932773109
239 0.4560669456066946
240 0.45416666666666666
241 0.45228215767634855
242 0.45041322314049587
243 0.448559670781893
244 0.44672131147540983
245 0.4448979591836735
246 0.44715447154471544
247 0.44534412955465585
248 0.4435483870967742
249 0.44176706827309237
250 0.44
251 0.43824701195219123
252 0.4365079365079365
253 0.43478260869565216
254 0.4330708661417323
255 0.43137254901960786
256 0.4296875
257 0.4280155642023346
258 0.4263565891472868
259 0.4247104247104247
260 0.4230769230769231
261 0.421455938697318
262 0.4198473282442748
263 0.41825095057034223
264 0.4166666666666667
265 0.41509433962264153
266 0.41353383458646614
267 0.41198501872659177
268 0.41044776119402987
269 0.40892193308550184
270 0.4074074074074074
271 0.4059040590405904
272 0.40441176470588236
273 0.40293040293040294
274 0.40145985401459855
275 0.4
276 0.39855072463768115
277 0.3971119133574007
278 0.39568345323741005
279 0.3942652329749104
280 0.39285714285714285
281 0.3914590747330961
282 0.3900709219858156
283 0.38869257950530034
284 0.3873239436619718
285 0.38596491228070173
286 0.38461538461538464
287 0.3832752613240418
288 0.3819444444444444
289 0.3806228373702422
290 0.3793103448275862
291 0.37800687285223367
292 0.3767123287671233
293 0.37542662116040953
294 0.3741496598639456
295 0.3728813559322034
296 0.3716216216216216
297 0.37037037037037035
298 0.3691275167785235
299 0.36789297658862874
300 0.36666666666666664
301 0.3654485049833887
302 0.36423841059602646
303 0.36303630363036304
304 0.3618421052631579
305 0.36065573770491804
306 0.35947712418300654
307 0.3583061889250814
308 0.35714285714285715
309 0.3559870550161812
310 0.3548387096774194
311 0.3536977491961415
312 0.3525641025641026
313 0.3514376996805112
314 0.3503184713375796
315 0.3492063492063492
316 0.34810126582278483
317 0.3470031545741325
318 0.34591194968553457
319 0.3448275862068966
320 0.34375
321 0.3426791277258567
322 0.3416149068322981
323 0.34055727554179566
324 0.3395061728395062
325 0.3384615384615385
326 0.3374233128834356
327 0.3363914373088685
328 0.3353658536585366
329 0.3343465045592705
330 0.3333333333333333
331 0.3323262839879154
332 0.3313253012048193
333 0.3303303303303303
334 0.32934131736526945
335 0.3283582089552239
336 0.3273809523809524
337 0.3264094955489614
338 0.3254437869822485
339 0.32448377581120946
340 0.3235294117647059
341 0.3225806451612903
342 0.3216374269005848
343 0.3206997084548105
344 0.31976744186046513
345 0.3188405797101449
346 0.3179190751445087
347 0.3170028818443804
348 0.3160919540229885
349 0.3151862464183381
350 0.3142857142857143
351 0.31339031339031337
352 0.3125
353 0.311614730878187
354 0.3107344632768362
355 0.30985915492957744
356 0.3089887640449438
357 0.3081232492997199
358 0.30726256983240224
359 0.3064066852367688
360 0.3055555555555556
361 0.3047091412742382
362 0.30386740331491713
363 0.30303030303030304
364 0.3021978021978022
365 0.3013698630136986
366 0.3005464480874317
367 0.2997275204359673
368 0.29891304347826086
369 0.2981029810298103
370 0.2972972972972973
371 0.29649595687331537
372 0.2956989247311828
373 0.2949061662198391
374 0.29411764705882354
375 0.29333333333333333
376 0.2925531914893617
377 0.2917771883289125
378 0.291005291005291
379 0.29023746701846964
380 0.2894736842105263
381 0.2887139107611549
382 0.2879581151832461
383 0.28720626631853785
384 0.2864583333333333
385 0.2857142857142857
386 0.2849740932642487
387 0.2842377260981912
388 0.28350515463917525
389 0.2827763496143959
390 0.28205128205128205
391 0.2813299232736573
392 0.28061224489795916
393 0.27989821882951654
394 0.27918781725888325
395 0.27848101265822783
396 0.2777777777777778
397 0.2770780856423174
398 0.27638190954773867
399 0.2756892230576441
400 0.275
401 0.2743142144638404
402 0.2736318407960199
403 0.2729528535980149
404 0.2722772277227723
405 0.2716049382716049
406 0.270935960591133
407 0.2702702702702703
408 0.2696078431372549
409 0.26894865525672373
410 0.2682926829268293
411 0.26763990267639903
412 0.2669902912621359
413 0.26634382566585957
414 0.26570048309178745
415 0.26506024096385544
416 0.2644230769230769
417 0.2637889688249401
418 0.2631578947368421
419 0.26252983293556087
420 0.2619047619047619
421 0.26128266033254155
422 0.26066350710900477
423 0.26004728132387706
424 0.25943396226415094
425 0.25882352941176473
426 0.25821596244131456
427 0.2576112412177986
428 0.2570093457943925
429 0.2564102564102564
430 0.2558139534883721
431 0.2552204176334107
432 0.25462962962962965
433 0.2540415704387991
434 0.2534562211981567
435 0.25287356321839083
436 0.25229357798165136
437 0.2517162471395881
438 0.2511415525114155
439 0.2505694760820046
440 0.25
441 0.2494331065759637
442 0.248868778280543
443 0.24830699774266365
444 0.24774774774774774
445 0.24719101123595505
446 0.24663677130044842
447 0.24608501118568232
448 0.24553571428571427
449 0.24498886414253898
450 0.24444444444444444
451 0.24390243902439024
452 0.24336283185840707
453 0.24282560706401765
454 0.2422907488986784
455 0.24175824175824176
456 0.2412280701754386
457 0.24070021881838075
458 0.24017467248908297
459 0.23965141612200436
460 0.2391304347826087
461 0.2386117136659436
462 0.23809523809523808
463 0.23758099352051837
464 0.23706896551724138
465 0.23655913978494625
466 0.23605150214592274
467 0.23554603854389722
468 0.23504273504273504
469 0.2345415778251599
470 0.23404255319148937
471 0.23354564755838642
472 0.2330508474576271
473 0.23255813953488372
474 0.2320675105485232
475 0.23157894736842105
476 0.23109243697478993
477 0.23060796645702306
478 0.2301255230125523
479 0.22964509394572025
480 0.22916666666666666
481 0.2286902286902287
482 0.22821576763485477
483 0.2277432712215321
484 0.22727272727272727
485 0.2268041237113402
486 0.22633744855967078
487 0.22587268993839835
488 0.22540983606557377
489 0.2249488752556237
490 0.22448979591836735
491 0.2240325865580448
492 0.22357723577235772
493 0.2231237322515213
494 0.22267206477732793
495 0.2222222222222222
496 0.2217741935483871
497 0.22132796780684105
498 0.22088353413654618
499 0.22044088176352705
500 0.22
501 0.21956087824351297
502 0.21912350597609562
503 0.21868787276341947
504 0.21825396825396826
505 0.21782178217821782
506 0.21739130434782608
507 0.21696252465483234
508 0.21653543307086615
509 0.21611001964636542
510 0.21568627450980393
511 0.21526418786692758
512 0.21484375
513 0.21442495126705652
514 0.2140077821011673
515 0.21359223300970873
516 0.2131782945736434
517 0.2127659574468085
518 0.21235521235521235
519 0.2119460500963391
520 0.21153846153846154
521 0.21113243761996162
522 0.210727969348659
523 0.21032504780114722
524 0.2099236641221374
525 0.20952380952380953
526 0.20912547528517111
527 0.20872865275142316
528 0.20833333333333334
529 0.20793950850661624
530 0.20754716981132076
531 0.2071563088512241
532 0.20676691729323307
533 0.20637898686679174
534 0.20599250936329588
535 0.205607476635514
536 0.20522388059701493
537 0.2048417132216015
538 0.20446096654275092
539 0.20408163265306123
540 0.2037037037037037
541 0.2033271719038817
542 0.2029520295202952
543 0.20257826887661143
544 0.20220588235294118
545 0.2018348623853211
546 0.20146520146520147
547 0.20109689213893966
548 0.20072992700729927
549 0.20036429872495445
550 0.2
551 0.1996370235934664
552 0.19927536231884058
553 0.19891500904159132
554 0.19855595667870035
555 0.1981981981981982
556 0.19784172661870503
557 0.19748653500897667
558 0.1971326164874552
559 0.1967799642218247
560 0.19642857142857142
561 0.19607843137254902
562 0.19572953736654805
563 0.19538188277087035
564 0.1950354609929078
565 0.19469026548672566
566 0.19434628975265017
567 0.19400352733686066
568 0.1936619718309859
569 0.19332161687170474
570 0.19298245614035087
571 0.19264448336252188
572 0.19230769230769232
573 0.19197207678883071
574 0.1916376306620209
575 0.19130434782608696
576 0.1909722222222222
577 0.19064124783362218
578 0.1903114186851211
579 0.18998272884283246
580 0.1896551724137931
581 0.18932874354561102
582 0.18900343642611683
583 0.18867924528301888
584 0.18835616438356165
585 0.18803418803418803
586 0.18771331058020477
587 0.18739352640545145
588 0.1870748299319728
589 0.1867572156196944
590 0.1864406779661017
591 0.18612521150592218
592 0.1858108108108108
593 0.18549747048903878
594 0.18518518518518517
595 0.18487394957983194
596 0.18456375838926176
597 0.18425460636515914
598 0.18394648829431437
599 0.18363939899833054
600 0.18333333333333332
601 0.18302828618968386
602 0.18272425249169436
603 0.1824212271973466
604 0.18211920529801323
605 0.18181818181818182
606 0.18151815181518152
607 0.1812191103789127
608 0.18092105263157895
609 0.180623973727422
610 0.18032786885245902
611 0.18003273322422259
612 0.17973856209150327
613 0.17944535073409462
614 0.1791530944625407
615 0.17886178861788618
616 0.17857142857142858
617 0.17828200972447325
618 0.1779935275080906
619 0.1777059773828756
620 0.1774193548387097
621 0.17713365539452497
622 0.17684887459807075
623 0.17656500802568217
624 0.1762820512820513
625 0.176
626 0.1757188498402556
627 0.17543859649122806
628 0.1751592356687898
629 0.17488076311605724
630 0.1746031746031746
631 0.17432646592709986
632 0.17405063291139242
633 0.17377567140600317
634 0.17350157728706625
635 0.1732283464566929
636 0.17295597484276728
637 0.1726844583987441
638 0.1724137931034483
639 0.17214397496087636
640 0.171875
641 0.17160686427457097
642 0.17133956386292834
643 0.17107309486780714
644 0.17080745341614906
645 0.17054263565891473
646 0.17027863777089783
647 0.17001545595054096
648 0.1697530864197531
649 0.1694915254237288
650 0.16923076923076924
651 0.16897081413210446
652 0.1687116564417178
653 0.16845329249617153
654 0.16819571865443425
655 0.16793893129770993
656 0.1676829268292683
657 0.167427701674277
658 0.16717325227963525
659 0.1669195751138088
660 0.16666666666666666
661 0.1664145234493192
662 0.1661631419939577
663 0.16591251885369532
664 0.16566265060240964
665 0.16541353383458646
666 0.16516516516516516
667 0.16491754122938532
668 0.16467065868263472
669 0.16442451420029897
670 0.16417910447761194
671 0.16393442622950818
672 0.1636904761904762
673 0.16344725111441308
674 0.1632047477744807
675 0.16296296296296298
676 0.16272189349112426
677 0.16248153618906944
678 0.16224188790560473
679 0.16200294550810015
680 0.16176470588235295
681 0.16152716593245228
682 0.16129032258064516
683 0.16105417276720352
684 0.1608187134502924
685 0.16058394160583941
686 0.16034985422740525
687 0.16011644832605532
688 0.15988372093023256
689 0.15965166908563136
690 0.15942028985507245
691 0.15918958031837915
692 0.15895953757225434
693 0.15873015873015872
694 0.1585014409221902
695 0.15827338129496402
696 0.15804597701149425
697 0.15781922525107603
698 0.15759312320916904
699 0.15736766809728184
