1 0.11762089170234692
2 0.11178714460867012
3 0.6122699386247811
4 0.9893712514508886
5 0.6650640629709637
6 0.5589481930508794
7 0.21728715755042138
8 0.2501831151134281
9 0.6997066071148625
10 0.8484366645420021
11 1.0547678448715327
12 0.20344953557845324
13 0.5343151955790542
14 0.6687122844502108
15 0.42177795987101024
16 0.6812119973884846
17 0.18683366406371468
18 0.03974579538332424
19 0.9122390808007101
20 0.11761658124678122
21 0.37355356776861504
22 1.1915181092977234
23 0.03102955480624591
24 0.8746540325256145
25 0.9804681394878674
26 0.8906414364784864
27 0.41470702930865627
28 0.33195682488376566
29 1.0922170504747373
30 1.1084467673288585
31 0.9660469746625363
32 0.08217545063515193
33 0.23753938927006155
