1 0.15379422389862515
2 0.24350522446403175
3 0.357867861146908
4 0.112505888760233
5 1.137731643856372
6 1.139669976345974
7 0.5678424591254937
8 1.2713885561717488
9 0.6784258016980633
10 0.20887665193474775
11 0.6496500802220906
12 0.3324763125626372
13 1.3766194004408547
14 0.3990974692866435
15 0.7536498465454874
16 0.2721544409173514
17 0.8198549562073091
18 0.9659752091428407
19 1.4525522778273219
20 1.107714769125074
21 0.978290587593421
22 0.8277930912275439
23 0.38344830907659383
24 0.6073263828795448
25 0.14897777769689372
26 0.09008555330372169
27 0.6665541630354781
28 0.772025943146472
29 0.5672206326729451
30 0.9256007564020443
31 0.5057107507563202
32 0.9802445642466326
33 0.4626224388029209
34 0.3544046640188183
35 0.022465720488331183
