1 1.478529661063405
2 0.5261441329477208
3 0.35646680484578114
4 1.476800250297998
5 0.949882377271607
6 0.38666100336613796
7 0.0757134358619888
8 1.0819284616143352
9 0.2509317901494499
10 0.5116414360912266
11 1.0378669129154516
12 0.40828565520390286
13 0.5739535781974752
14 0.10277856648929154
15 0.24589566787142444
16 0.1736549079324024
17 1.0812651408660165
18 0.041031896725183946
19 0.9702257395527994
20 0.03520421985837848
21 0.9786444493213599
22 0.2991692788166926
23 0.8652992872184007
24 0.8690158779783721
25 0.38821668989902514
26 0.013416895566655491
27 0.1375083498973458
28 0.4471471553464884
29 0.4464357908485493
30 0.9965882499029507
31 0.6027775963183134
32 0.3672290877523886
33 0.7246657582685632
34 0.17842610359998046
35 0.6292539280695746
36 0.8383485208698631
37 0.054248516657476
