1 0.329978471013847
2 0.45508071758367963
3 0.24495197841186098
4 1.8081895846549798
5 0.14983275034295257
6 1.399874316235836
7 0.3126196921422702
8 0.047007007434020455
9 1.1359483571935587
10 0.3548840939640962
11 1.078021152286973
12 0.029686070168260498
13 0.13009408632460281
14 0.5553696348250011
15 0.3993921347065027
16 0.26029899245202504
17 0.5122676404998658
18 0.06264043798980017
19 0.36243286016563125
20 0.24576557740074578
21 0.20052026099066403
22 1.4308823320869313
23 0.6899929399907048
24 0.4059710044088081
25 0.9881445200705556
26 0.08007782809513109
27 1.0118805984833434
28 0.27201280173292713
29 0.4983514441018099
30 0.1511636814478619
31 0.12443836367949573
32 0.06610292565693561
33 0.20615791191766755
34 0.7540334549305823
35 0.7565441896082443
36 0.18447918075691924
