1 1.0
2 1.0
3 1.0
4 1.0
5 1.0
6 1.0
7 1.0
8 1.0
9 1.0
10 1.0
11 1.0
12 1.0
13 1.0
14 1.0
15 1.0
16 1.0
17 1.0
18 1.0
19 1.0
20 1.0
21 1.0
22 1.0
23 1.0
24 1.0
25 1.0
26 1.0
27 1.0
28 0.9642857142857143
29 0.9655172413793104
30 0.9666666666666667
31 0.967741935483871
32 0.96875
33 0.9393939393939394
34 0.9411764705882353
35 0.9428571428571428
36 0.9444444444444444
37 0.9459459459459459
38 0.9210526315789473
39 0.9230769230769231
40 0.925
41 0.926829268292683
42 0.9285714285714286
43 0.9302325581395349
44 0.9318181818181818
45 0.9333333333333333
46 0.9130434782608695
47 0.9148936170212766
48 0.8958333333333334
49 0.8979591836734694
50 0.9
51 0.8823529411764706
52 0.8846153846153846
53 0.8867924528301887
54 0.8888888888888888
55 0.8909090909090909
56 0.8928571428571429
57 0.8771929824561403
58 0.8793103448275862
59 0.8813559322033898
60 0.8666666666666667
61 0.8688524590163934
62 0.8548387096774194
63 0.8412698412698413
64 0.828125
65 0.8153846153846154
66 0.803030303030303
67 0.8059701492537313
68 0.8088235294117647
69 0.7971014492753623
70 0.8
71 0.8028169014084507
72 0.8055555555555556
73 0.8082191780821918
74 0.8108108108108109
75 0.8133333333333334
76 0.8026315789473685
77 0.8051948051948052
78 0.7948717948717948
79 0.7974683544303798
80 0.8
81 0.7901234567901234
82 0.7926829268292683
83 0.7951807228915663
84 0.7976190476190477
85 0.788235294117647
86 0.7790697674418605
87 0.7816091954022989
88 0.7727272727272727
89 0.7640449438202247
90 0.7555555555555555
91 0.7472527472527473
92 0.7391304347826086
93 0.7311827956989247
94 0.723404255319149
95 0.7263157894736842
96 0.71875
97 0.7216494845360825
98 0.7244897959183674
99 0.7171717171717171
100 0.72
101 0.7227722772277227
102 0.7254901960784313
103 0.7184466019417476
104 0.7211538461538461
105 0.7142857142857143
106 0.7169811320754716
107 0.719626168224299
108 0.7129629629629629
109 0.7064220183486238
110 0.7
111 0.7027027027027027
112 0.6964285714285714
113 0.6991150442477876
114 0.7017543859649122
115 0.6956521739130435
116 0.6896551724137931
117 0.6837606837606838
118 0.6779661016949152
119 0.6722689075630253
120 0.675
121 0.6776859504132231
122 0.680327868852459
123 0.6747967479674797
124 0.6693548387096774
125 0.664
126 0.6587301587301587
127 0.6614173228346457
128 0.65625
129 0.6511627906976745
130 0.6538461538461539
131 0.648854961832061
132 0.6515151515151515
133 0.6466165413533834
134 0.6417910447761194
135 0.6370370370370371
136 0.6323529411764706
137 0.6277372262773723
138 0.6304347826086957
139 0.6258992805755396
140 0.6285714285714286
141 0.624113475177305
142 0.6197183098591549
143 0.6153846153846154
144 0.6111111111111112
145 0.6137931034482759
146 0.6095890410958904
147 0.6054421768707483
148 0.6013513513513513
149 0.5973154362416108
150 0.5933333333333334
151 0.5960264900662252
152 0.5921052631578947
153 0.5882352941176471
154 0.5909090909090909
155 0.5870967741935483
156 0.5897435897435898
157 0.5859872611464968
158 0.5822784810126582
159 0.5786163522012578
160 0.575
161 0.5714285714285714
162 0.5679012345679012
163 0.5644171779141104
164 0.5609756097560976
165 0.5575757575757576
166 0.5542168674698795
167 0.5508982035928144
168 0.5476190476190477
169 0.5502958579881657
170 0.5470588235294118
171 0.543859649122807
172 0.5406976744186046
173 0.5375722543352601
174 0.5344827586206896
175 0.5314285714285715
176 0.5284090909090909
177 0.5254237288135594
178 0.5224719101123596
179 0.5195530726256983
180 0.5166666666666667
181 0.5138121546961326
182 0.510989010989011
183 0.5081967213114754
184 0.5054347826086957
185 0.5027027027027027
186 0.5
187 0.49732620320855614
188 0.4946808510638298
189 0.49206349206349204
190 0.48947368421052634
191 0.4869109947643979
192 0.484375
193 0.48186528497409326
194 0.4845360824742268
