1 1.0
2 1.0
3 1.0
4 1.0
5 1.0
6 1.0
7 1.0
8 1.0
9 1.0
10 1.0
11 1.0
12 1.0
13 1.0
14 1.0
15 1.0
16 1.0
17 1.0
18 1.0
19 1.0
20 1.0
21 1.0
22 1.0
23 1.0
24 1.0
25 1.0
26 0.9615384615384616
27 0.9629629629629629
28 0.9285714285714286
29 0.9310344827586207
30 0.9333333333333333
31 0.9032258064516129
32 0.90625
33 0.9090909090909091
34 0.8823529411764706
35 0.8857142857142857
36 0.8888888888888888
37 0.8918918918918919
38 0.8947368421052632
39 0.8974358974358975
40 0.875
41 0.8780487804878049
42 0.8809523809523809
43 0.8837209302325582
44 0.8863636363636364
45 0.8666666666666667
46 0.8695652173913043
47 0.8723404255319149
48 0.875
49 0.8775510204081632
50 0.88
51 0.8823529411764706
52 0.8846153846153846
53 0.8867924528301887
54 0.8703703703703703
55 0.8545454545454545
56 0.8392857142857143
57 0.8421052631578947
58 0.8448275862068966
59 0.847457627118644
60 0.85
61 0.8524590163934426
62 0.8548387096774194
63 0.8412698412698413
64 0.84375
65 0.8461538461538461
66 0.8484848484848485
67 0.835820895522388
68 0.8235294117647058
69 0.8115942028985508
70 0.8
71 0.8028169014084507
72 0.8055555555555556
73 0.8082191780821918
74 0.7972972972972973
75 0.8
76 0.7894736842105263
77 0.7792207792207793
78 0.7692307692307693
79 0.759493670886076
80 0.7625
81 0.7530864197530864
82 0.7560975609756098
83 0.7590361445783133
84 0.7619047619047619
85 0.7647058823529411
86 0.7674418604651163
87 0.7586206896551724
88 0.75
89 0.7528089887640449
90 0.7555555555555555
91 0.7472527472527473
92 0.75
93 0.7526881720430108
94 0.7553191489361702
95 0.7473684210526316
96 0.75
97 0.7422680412371134
98 0.7448979591836735
99 0.7474747474747475
100 0.74
101 0.7326732673267327
102 0.7254901960784313
103 0.7184466019417476
104 0.7211538461538461
105 0.7142857142857143
106 0.7169811320754716
107 0.719626168224299
108 0.7129629629629629
109 0.7064220183486238
110 0.7090909090909091
111 0.7027027027027027
112 0.7053571428571429
113 0.6991150442477876
114 0.6929824561403509
115 0.6956521739130435
116 0.6982758620689655
117 0.6923076923076923
118 0.6864406779661016
119 0.680672268907563
120 0.675
121 0.6694214876033058
122 0.6721311475409836
123 0.6747967479674797
124 0.6693548387096774
125 0.672
126 0.6666666666666666
127 0.6614173228346457
128 0.65625
129 0.6511627906976745
130 0.6461538461538462
131 0.648854961832061
132 0.6515151515151515
133 0.6466165413533834
134 0.6492537313432836
135 0.6444444444444445
136 0.6470588235294118
137 0.6423357664233577
138 0.644927536231884
139 0.6402877697841727
140 0.6357142857142857
141 0.6312056737588653
142 0.6338028169014085
143 0.6293706293706294
144 0.6319444444444444
145 0.6275862068965518
146 0.6232876712328768
147 0.6190476190476191
148 0.6148648648648649
149 0.610738255033557
150 0.6066666666666667
151 0.6026490066225165
152 0.5986842105263158
153 0.6013071895424836
154 0.5974025974025974
155 0.5935483870967742
156 0.5961538461538461
157 0.5923566878980892
158 0.5949367088607594
159 0.5974842767295597
160 0.59375
161 0.5900621118012422
162 0.5925925925925926
163 0.588957055214724
164 0.5853658536585366
165 0.5818181818181818
166 0.5783132530120482
167 0.5748502994011976
168 0.5773809523809523
169 0.5739644970414202
170 0.5705882352941176
171 0.5672514619883041
172 0.563953488372093
173 0.5606936416184971
174 0.5574712643678161
175 0.56
176 0.5625
177 0.559322033898305
178 0.5561797752808989
179 0.553072625698324
180 0.55
181 0.5469613259668509
182 0.5439560439560439
183 0.5409836065573771
184 0.5434782608695652
185 0.5405405405405406
186 0.5376344086021505
187 0.5347593582887701
188 0.5319148936170213
189 0.5291005291005291
190 0.531578947368421
191 0.5287958115183246
192 0.5260416666666666
193 0.5233160621761658
194 0.520618556701031
195 0.517948717948718
196 0.5204081632653061
197 0.5177664974619289
198 0.5202020202020202
199 0.5175879396984925
200 0.515
201 0.5124378109452736
202 0.5099009900990099
203 0.5073891625615764
204 0.5049019607843137
205 0.5024390243902439
206 0.5
207 0.4975845410628019
208 0.4951923076923077
209 0.49282296650717705
210 0.49523809523809526
211 0.4928909952606635
212 0.49056603773584906
213 0.48826291079812206
214 0.48598130841121495
215 0.48372093023255813
216 0.48148148148148145
217 0.4792626728110599
218 0.47706422018348627
219 0.4748858447488584
220 0.4727272727272727
221 0.47058823529411764
222 0.46846846846846846
223 0.4663677130044843
224 0.4642857142857143
225 0.4622222222222222
226 0.46017699115044247
227 0.4581497797356828
228 0.45614035087719296
229 0.45414847161572053
230 0.45217391304347826
231 0.45021645021645024
232 0.4482758620689655
233 0.44635193133047213
234 0.4444444444444444
235 0.4425531914893617
236 0.4406779661016949
237 0.4388185654008439
238 0.4369747899159664
239 0.4351464435146444
240 0.43333333333333335
241 0.4315352697095436
242 0.43388429752066116
243 0.43209876543209874
244 0.430327868852459
245 0.42857142857142855
246 0.4268292682926829
247 0.4251012145748988
248 0.42338709677419356
249 0.42168674698795183
250 0.424
251 0.42231075697211157
252 0.42063492063492064
253 0.4189723320158103
254 0.41732283464566927
255 0.41568627450980394
256 0.4140625
257 0.41245136186770426
258 0.4108527131782946
259 0.4092664092664093
260 0.4115384615384615
261 0.4099616858237548
262 0.4083969465648855
263 0.4068441064638783
264 0.4053030303030303
265 0.4037735849056604
266 0.40225563909774437
267 0.40074906367041196
268 0.40298507462686567
269 0.40148698884758366
270 0.4
271 0.3985239852398524
272 0.39705882352941174
273 0.3956043956043956
274 0.39416058394160586
275 0.3927272727272727
276 0.391304347826087
277 0.3935018050541516
278 0.3920863309352518
279 0.3906810035842294
280 0.3892857142857143
281 0.3879003558718861
282 0.38652482269503546
283 0.38515901060070673
284 0.38380281690140844
285 0.3824561403508772
286 0.3811188811188811
287 0.3797909407665505
288 0.3784722222222222
289 0.3771626297577855
290 0.3758620689655172
291 0.3745704467353952
292 0.3732876712328767
293 0.3720136518771331
294 0.3707482993197279
295 0.3694915254237288
296 0.36824324324324326
297 0.367003367003367
298 0.36577181208053694
299 0.36454849498327757
300 0.36333333333333334
301 0.36212624584717606
302 0.3609271523178808
303 0.35973597359735976
304 0.35855263157894735
305 0.35737704918032787
306 0.3562091503267974
307 0.3550488599348534
308 0.3538961038961039
309 0.35275080906148865
310 0.35161290322580646
311 0.3504823151125402
312 0.34935897435897434
313 0.34824281150159747
314 0.3471337579617834
315 0.346031746031746
316 0.3449367088607595
317 0.3438485804416404
318 0.34276729559748426
319 0.34169278996865204
320 0.340625
321 0.3395638629283489
322 0.3385093167701863
323 0.33746130030959753
324 0.33641975308641975
325 0.3353846153846154
326 0.3343558282208589
327 0.3333333333333333
328 0.3323170731707317
329 0.331306990881459
330 0.3303030303030303
331 0.3323262839879154
332 0.3313253012048193
333 0.3303303303303303
334 0.32934131736526945
335 0.3283582089552239
336 0.3273809523809524
337 0.3264094955489614
338 0.3254437869822485
339 0.32448377581120946
340 0.3235294117647059
341 0.3225806451612903
342 0.3216374269005848
343 0.3206997084548105
344 0.31976744186046513
345 0.3188405797101449
346 0.3179190751445087
347 0.3170028818443804
348 0.3160919540229885
349 0.3151862464183381
350 0.3142857142857143
351 0.31339031339031337
352 0.3125
353 0.311614730878187
354 0.3107344632768362
355 0.30985915492957744
356 0.31179775280898875
357 0.31092436974789917
358 0.3100558659217877
359 0.30919220055710306
360 0.30833333333333335
361 0.3074792243767313
362 0.30662983425414364
363 0.30578512396694213
364 0.30494505494505497
365 0.3041095890410959
366 0.30327868852459017
367 0.3024523160762943
368 0.3016304347826087
369 0.3008130081300813
370 0.3
371 0.2991913746630728
372 0.29838709677419356
373 0.2975871313672922
374 0.2967914438502674
375 0.296
376 0.29521276595744683
377 0.29442970822281167
378 0.29365079365079366
379 0.2928759894459103
380 0.29210526315789476
381 0.29133858267716534
382 0.2905759162303665
383 0.2898172323759791
384 0.2890625
385 0.2883116883116883
386 0.28756476683937826
387 0.2868217054263566
388 0.2860824742268041
389 0.2853470437017995
390 0.2846153846153846
391 0.28388746803069054
392 0.28316326530612246
393 0.2824427480916031
394 0.2817258883248731
395 0.2810126582278481
396 0.2803030303030303
397 0.2795969773299748
398 0.27889447236180903
399 0.2781954887218045
400 0.2775
401 0.27680798004987534
402 0.27611940298507465
403 0.27543424317617865
404 0.2747524752475248
405 0.2740740740740741
406 0.2733990147783251
407 0.2727272727272727
408 0.27205882352941174
409 0.2713936430317848
410 0.2707317073170732
411 0.27007299270072993
412 0.26941747572815533
413 0.2687651331719128
414 0.26811594202898553
415 0.2674698795180723
416 0.2668269230769231
417 0.26618705035971224
418 0.26555023923444976
419 0.2649164677804296
420 0.2642857142857143
421 0.26365795724465557
422 0.26303317535545023
423 0.2624113475177305
424 0.2617924528301887
425 0.2611764705882353
426 0.2605633802816901
427 0.25995316159250587
428 0.25934579439252337
429 0.25874125874125875
430 0.25813953488372093
431 0.25754060324825984
432 0.2569444444444444
433 0.25635103926096997
434 0.2557603686635945
435 0.25517241379310346
436 0.2545871559633027
437 0.2540045766590389
438 0.2534246575342466
439 0.2528473804100228
440 0.25227272727272726
441 0.25170068027210885
442 0.251131221719457
443 0.2505643340857788
444 0.25
445 0.24943820224719102
446 0.24887892376681614
447 0.2483221476510067
448 0.24776785714285715
449 0.24721603563474387
450 0.24666666666666667
451 0.24611973392461198
452 0.24557522123893805
453 0.24503311258278146
454 0.2444933920704846
455 0.24395604395604395
456 0.24342105263157895
457 0.24288840262582057
458 0.2423580786026201
459 0.24183006535947713
460 0.24130434782608695
461 0.24078091106290672
462 0.24025974025974026
463 0.23974082073434125
464 0.23922413793103448
465 0.23870967741935484
466 0.23819742489270387
467 0.23768736616702354
468 0.23717948717948717
469 0.23667377398720682
470 0.23617021276595745
471 0.2356687898089172
472 0.23516949152542374
473 0.2346723044397463
474 0.23417721518987342
475 0.2336842105263158
476 0.23319327731092437
477 0.23270440251572327
478 0.23221757322175732
479 0.23173277661795408
480 0.23125
481 0.23076923076923078
482 0.23029045643153526
483 0.22981366459627328
484 0.22933884297520662
485 0.2288659793814433
486 0.22839506172839505
487 0.22792607802874743
488 0.22745901639344263
489 0.22699386503067484
490 0.22653061224489796
491 0.22606924643584522
492 0.22560975609756098
493 0.22515212981744423
494 0.22469635627530365
495 0.22424242424242424
496 0.22379032258064516
497 0.22334004024144868
498 0.22289156626506024
499 0.22244488977955912
500 0.222
501 0.2215568862275449
502 0.22111553784860558
503 0.220675944333996
504 0.22023809523809523
505 0.2198019801980198
506 0.21936758893280633
507 0.21893491124260356
508 0.21850393700787402
509 0.2180746561886051
510 0.21764705882352942
511 0.2172211350293542
512 0.216796875
513 0.21637426900584794
514 0.21595330739299612
515 0.21553398058252426
516 0.21511627906976744
517 0.21470019342359767
518 0.21428571428571427
519 0.2138728323699422
520 0.21346153846153845
521 0.21305182341650672
522 0.21264367816091953
523 0.21223709369024857
524 0.21183206106870228
525 0.21142857142857144
526 0.21102661596958175
527 0.21062618595825428
528 0.21022727272727273
529 0.20982986767485823
530 0.20943396226415095
531 0.20903954802259886
532 0.20864661654135339
533 0.20825515947467166
534 0.20786516853932585
535 0.20747663551401868
536 0.20708955223880596
537 0.20670391061452514
538 0.20631970260223048
539 0.20593692022263452
540 0.20555555555555555
541 0.20517560073937152
542 0.2047970479704797
543 0.20441988950276244
544 0.20404411764705882
545 0.2036697247706422
546 0.2032967032967033
547 0.20292504570383912
548 0.20255474452554745
549 0.20218579234972678
550 0.2018181818181818
551 0.2014519056261343
552 0.20108695652173914
553 0.2007233273056058
554 0.2003610108303249
555 0.2
556 0.19964028776978418
557 0.1992818671454219
558 0.1989247311827957
559 0.19856887298747763
560 0.1982142857142857
561 0.19786096256684493
562 0.19750889679715303
563 0.19715808170515098
564 0.19680851063829788
565 0.19646017699115045
566 0.196113074204947
567 0.19576719576719576
568 0.1954225352112676
569 0.19507908611599298
570 0.19473684210526315
571 0.19439579684763572
572 0.19405594405594406
573 0.193717277486911
574 0.19337979094076654
575 0.19304347826086957
576 0.19270833333333334
577 0.1923743500866551
578 0.19204152249134948
579 0.19170984455958548
580 0.19137931034482758
581 0.19104991394148021
582 0.19072164948453607
583 0.19039451114922812
584 0.19006849315068494
585 0.18974358974358974
586 0.189419795221843
587 0.1890971039182283
588 0.18877551020408162
589 0.18845500848896435
590 0.188135593220339
591 0.18781725888324874
592 0.1875
593 0.18718381112984822
594 0.18686868686868688
595 0.1865546218487395
596 0.18624161073825504
597 0.18592964824120603
598 0.18561872909698995
599 0.18530884808013356
600 0.185
601 0.18469217970049917
602 0.18438538205980065
603 0.18407960199004975
604 0.1837748344370861
605 0.1834710743801653
606 0.18316831683168316
607 0.1828665568369028
608 0.1825657894736842
609 0.18226600985221675
610 0.1819672131147541
611 0.18166939443535188
612 0.18137254901960784
613 0.18107667210440456
614 0.18078175895765472
615 0.18048780487804877
616 0.18019480519480519
617 0.17990275526742303
618 0.1796116504854369
619 0.17932148626817448
620 0.17903225806451614
621 0.178743961352657
622 0.17845659163987138
623 0.1781701444622793
624 0.1778846153846154
625 0.1776
626 0.17731629392971246
627 0.17703349282296652
628 0.1767515923566879
629 0.17647058823529413
630 0.1761904761904762
631 0.17591125198098256
632 0.17563291139240506
633 0.17535545023696683
634 0.1750788643533123
635 0.17480314960629922
636 0.17452830188679244
637 0.17425431711145997
638 0.17398119122257052
639 0.17370892018779344
640 0.1734375
641 0.1731669266770671
642 0.17289719626168223
643 0.17262830482115085
644 0.17236024844720496
645 0.17209302325581396
646 0.17182662538699692
647 0.17156105100463678
648 0.1712962962962963
649 0.17103235747303544
650 0.17076923076923076
651 0.17050691244239632
652 0.17024539877300612
653 0.16998468606431852
654 0.16972477064220184
655 0.16946564885496182
656 0.16920731707317074
657 0.1689497716894977
658 0.16869300911854104
659 0.16843702579666162
660 0.16818181818181818
661 0.16792738275340394
662 0.16767371601208458
663 0.167420814479638
664 0.16716867469879518
665 0.16691729323308271
666 0.16666666666666666
667 0.1664167916041979
668 0.1661676646706587
669 0.16591928251121077
670 0.16567164179104477
671 0.16542473919523099
672 0.16517857142857142
673 0.1649331352154532
674 0.16468842729970326
675 0.16444444444444445
676 0.16420118343195267
677 0.16395864106351551
678 0.16371681415929204
679 0.1634756995581738
680 0.16323529411764706
681 0.16299559471365638
682 0.1627565982404692
683 0.16251830161054173
684 0.16228070175438597
685 0.16204379562043797
686 0.1618075801749271
687 0.1615720524017467
688 0.1613372093023256
689 0.16110304789550073
690 0.1608695652173913
691 0.16063675832127353
692 0.16040462427745664
693 0.16017316017316016
694 0.15994236311239193
695 0.15971223021582734
696 0.15948275862068967
697 0.15925394548063126
698 0.15902578796561603
699 0.15879828326180256
700 0.15857142857142856
701 0.15834522111269614
702 0.1581196581196581
703 0.15789473684210525
704 0.15767045454545456
705 0.1574468085106383
706 0.15722379603399433
707 0.157001414427157
708 0.15677966101694915
709 0.15655853314527504
710 0.1563380281690141
711 0.15611814345991562
712 0.15589887640449437
713 0.15568022440392706
714 0.15546218487394958
715 0.15524475524475526
716 0.15502793296089384
717 0.15481171548117154
718 0.15459610027855153
719 0.15438108484005564
720 0.15416666666666667
721 0.1539528432732316
722 0.15373961218836565
723 0.15352697095435686
724 0.15331491712707182
725 0.15310344827586206
726 0.15289256198347106
727 0.15268225584594222
728 0.15247252747252749
729 0.1522633744855967
730 0.15205479452054796
731 0.1518467852257182
732 0.15163934426229508
733 0.15143246930422918
734 0.15122615803814715
735 0.1510204081632653
736 0.15081521739130435
737 0.15061058344640435
