1 1.0
2 1.0
3 1.0
4 1.0
5 1.0
6 1.0
7 1.0
8 1.0
9 1.0
10 1.0
11 1.0
12 1.0
13 1.0
14 1.0
15 1.0
16 1.0
17 1.0
18 1.0
19 1.0
20 1.0
21 1.0
22 1.0
23 1.0
24 1.0
25 1.0
26 1.0
27 1.0
28 1.0
29 1.0
30 1.0
31 1.0
32 1.0
33 0.9696969696969697
34 0.9705882352941176
35 0.9714285714285714
36 0.9722222222222222
37 0.972972972972973
38 0.9736842105263158
39 0.9743589743589743
40 0.975
41 0.975609756097561
42 0.9761904761904762
43 0.9767441860465116
44 0.9545454545454546
45 0.9333333333333333
46 0.9347826086956522
47 0.9361702127659575
48 0.9375
49 0.9387755102040817
50 0.94
51 0.9215686274509803
52 0.9230769230769231
53 0.9056603773584906
54 0.9074074074074074
55 0.9090909090909091
56 0.9107142857142857
57 0.9122807017543859
58 0.9137931034482759
59 0.9152542372881356
60 0.9
61 0.8852459016393442
62 0.8709677419354839
63 0.873015873015873
64 0.875
65 0.8769230769230769
66 0.8787878787878788
67 0.8656716417910447
68 0.8676470588235294
69 0.8695652173913043
70 0.8714285714285714
71 0.8591549295774648
72 0.8611111111111112
73 0.863013698630137
74 0.8648648648648649
75 0.8533333333333334
76 0.8552631578947368
77 0.8441558441558441
78 0.8461538461538461
79 0.8354430379746836
80 0.8375
81 0.8271604938271605
82 0.8292682926829268
83 0.8313253012048193
84 0.8333333333333334
85 0.8235294117647058
86 0.813953488372093
87 0.8045977011494253
88 0.7954545454545454
89 0.797752808988764
90 0.7888888888888889
91 0.7802197802197802
92 0.7717391304347826
93 0.7634408602150538
94 0.7553191489361702
95 0.7578947368421053
96 0.75
97 0.7422680412371134
98 0.7448979591836735
99 0.7373737373737373
100 0.74
101 0.7326732673267327
102 0.7254901960784313
103 0.7281553398058253
104 0.7307692307692307
105 0.7333333333333333
106 0.7264150943396226
107 0.719626168224299
108 0.7129629629629629
109 0.7064220183486238
110 0.7090909090909091
111 0.7027027027027027
112 0.6964285714285714
113 0.6902654867256637
114 0.6842105263157895
115 0.6869565217391305
116 0.6810344827586207
117 0.6752136752136753
118 0.6694915254237288
119 0.6638655462184874
120 0.6666666666666666
121 0.6611570247933884
122 0.6557377049180327
123 0.6504065040650406
124 0.6451612903225806
125 0.648
126 0.6428571428571429
127 0.6377952755905512
128 0.6328125
129 0.6356589147286822
130 0.6307692307692307
131 0.6259541984732825
132 0.6212121212121212
133 0.6240601503759399
134 0.6194029850746269
135 0.6148148148148148
136 0.6102941176470589
137 0.6058394160583942
138 0.6014492753623188
139 0.5971223021582733
140 0.5928571428571429
141 0.5886524822695035
142 0.5845070422535211
143 0.5804195804195804
144 0.5763888888888888
145 0.5724137931034483
146 0.5684931506849316
147 0.564625850340136
148 0.5608108108108109
149 0.5570469798657718
150 0.5533333333333333
151 0.5496688741721855
152 0.5460526315789473
153 0.5424836601307189
154 0.538961038961039
155 0.535483870967742
156 0.532051282051282
157 0.5286624203821656
158 0.5253164556962026
159 0.5220125786163522
160 0.51875
161 0.515527950310559
162 0.5123456790123457
163 0.50920245398773
164 0.5060975609756098
165 0.503030303030303
166 0.5
167 0.49700598802395207
168 0.49404761904761907
169 0.4911242603550296
170 0.48823529411764705
171 0.4853801169590643
172 0.48255813953488375
173 0.4797687861271676
174 0.47701149425287354
175 0.4742857142857143
176 0.4715909090909091
177 0.4689265536723164
178 0.46629213483146065
179 0.46368715083798884
180 0.46111111111111114
181 0.4585635359116022
182 0.45604395604395603
183 0.453551912568306
184 0.45108695652173914
185 0.4486486486486487
186 0.44623655913978494
187 0.44385026737967914
188 0.44148936170212766
189 0.43915343915343913
190 0.4368421052631579
191 0.43455497382198954
192 0.4322916666666667
193 0.43005181347150256
194 0.42783505154639173
195 0.4256410256410256
196 0.42346938775510207
197 0.4213197969543147
198 0.41919191919191917
199 0.41708542713567837
200 0.415
201 0.4129353233830846
202 0.41089108910891087
203 0.4088669950738916
204 0.4068627450980392
205 0.40487804878048783
206 0.4029126213592233
207 0.40096618357487923
208 0.39903846153846156
209 0.39712918660287083
210 0.3952380952380952
211 0.3933649289099526
212 0.3915094339622642
213 0.38967136150234744
214 0.3878504672897196
215 0.386046511627907
216 0.38425925925925924
217 0.3824884792626728
218 0.38073394495412843
219 0.3789954337899543
220 0.37727272727272726
221 0.3755656108597285
222 0.3738738738738739
223 0.3721973094170404
224 0.3705357142857143
225 0.3688888888888889
226 0.3672566371681416
227 0.3656387665198238
228 0.36403508771929827
229 0.3624454148471616
230 0.36086956521739133
231 0.3593073593073593
232 0.3577586206896552
233 0.3562231759656652
234 0.3547008547008547
235 0.35319148936170214
236 0.3516949152542373
237 0.350210970464135
238 0.3487394957983193
239 0.3472803347280335
240 0.3458333333333333
241 0.34439834024896265
242 0.34297520661157027
243 0.34156378600823045
244 0.3401639344262295
245 0.33877551020408164
246 0.33739837398373984
247 0.3360323886639676
248 0.3346774193548387
249 0.3333333333333333
250 0.332
251 0.33067729083665337
252 0.32936507936507936
253 0.32806324110671936
254 0.32677165354330706
255 0.3254901960784314
256 0.32421875
257 0.3229571984435798
258 0.32170542635658916
259 0.3204633204633205
260 0.3192307692307692
261 0.31800766283524906
262 0.31679389312977096
263 0.3155893536121673
264 0.3143939393939394
265 0.3132075471698113
266 0.31203007518796994
267 0.31086142322097376
268 0.30970149253731344
269 0.30855018587360594
270 0.3074074074074074
271 0.3062730627306273
272 0.30514705882352944
273 0.304029304029304
274 0.3029197080291971
275 0.3018181818181818
276 0.3007246376811594
277 0.2996389891696751
278 0.29856115107913667
279 0.2974910394265233
280 0.29642857142857143
281 0.29537366548042704
282 0.29432624113475175
283 0.29328621908127206
284 0.29225352112676056
285 0.2912280701754386
286 0.2902097902097902
287 0.289198606271777
288 0.2881944444444444
289 0.28719723183391005
290 0.28620689655172415
291 0.2852233676975945
292 0.2842465753424658
293 0.2832764505119454
294 0.282312925170068
295 0.28135593220338984
296 0.28040540540540543
297 0.27946127946127947
298 0.2785234899328859
299 0.27759197324414714
300 0.27666666666666667
301 0.2757475083056478
302 0.27483443708609273
303 0.2739273927392739
304 0.2730263157894737
305 0.2721311475409836
306 0.27124183006535946
307 0.2703583061889251
308 0.2694805194805195
309 0.2686084142394822
310 0.267741935483871
311 0.26688102893890675
312 0.266025641025641
313 0.26517571884984026
314 0.2643312101910828
315 0.2634920634920635
316 0.2626582278481013
317 0.2618296529968454
318 0.2610062893081761
319 0.2601880877742947
320 0.259375
321 0.2585669781931464
322 0.2577639751552795
323 0.25696594427244585
324 0.25617283950617287
325 0.2553846153846154
326 0.254601226993865
327 0.25382262996941896
328 0.2530487804878049
329 0.25227963525835867
330 0.2515151515151515
331 0.25075528700906347
332 0.25
333 0.24924924924924924
334 0.24850299401197604
335 0.24776119402985075
336 0.24702380952380953
337 0.24629080118694363
338 0.2455621301775148
339 0.2448377581120944
340 0.24411764705882352
341 0.2434017595307918
342 0.24269005847953215
343 0.24198250728862974
344 0.24127906976744187
345 0.24057971014492754
346 0.2398843930635838
347 0.23919308357348704
348 0.23850574712643677
349 0.24068767908309455
350 0.24
351 0.23931623931623933
352 0.23863636363636365
353 0.23796033994334279
354 0.23728813559322035
355 0.23661971830985915
356 0.23595505617977527
357 0.23529411764705882
358 0.2346368715083799
359 0.233983286908078
360 0.23333333333333334
361 0.23268698060941828
362 0.23204419889502761
363 0.23140495867768596
364 0.23076923076923078
365 0.23013698630136986
366 0.22950819672131148
367 0.22888283378746593
368 0.22826086956521738
369 0.22764227642276422
370 0.22702702702702704
371 0.22641509433962265
372 0.22580645161290322
373 0.225201072386059
374 0.22459893048128343
375 0.224
376 0.22340425531914893
377 0.22281167108753316
378 0.2222222222222222
379 0.22163588390501318
380 0.22105263157894736
381 0.2204724409448819
382 0.2198952879581152
383 0.2193211488250653
384 0.21875
385 0.21818181818181817
386 0.21761658031088082
387 0.21705426356589147
388 0.21649484536082475
389 0.2159383033419023
390 0.2153846153846154
391 0.21483375959079284
392 0.21428571428571427
393 0.21374045801526717
394 0.2131979695431472
395 0.21265822784810126
396 0.21212121212121213
397 0.21158690176322417
398 0.21105527638190955
399 0.21052631578947367
400 0.21
401 0.20947630922693267
402 0.208955223880597
403 0.20843672456575682
404 0.2079207920792079
405 0.2074074074074074
406 0.20689655172413793
407 0.20638820638820637
408 0.20588235294117646
409 0.20537897310513448
410 0.2048780487804878
411 0.20437956204379562
412 0.20388349514563106
413 0.2033898305084746
414 0.2028985507246377
415 0.20240963855421687
416 0.20192307692307693
417 0.2014388489208633
418 0.20095693779904306
419 0.20047732696897375
420 0.2
421 0.1995249406175772
422 0.1990521327014218
423 0.19858156028368795
424 0.19811320754716982
425 0.1976470588235294
426 0.19718309859154928
427 0.19672131147540983
428 0.19626168224299065
429 0.1958041958041958
430 0.19534883720930232
431 0.19489559164733178
432 0.19444444444444445
433 0.19399538106235567
434 0.1935483870967742
435 0.19310344827586207
436 0.1926605504587156
437 0.19221967963386727
438 0.1917808219178082
439 0.19134396355353075
440 0.19090909090909092
441 0.19047619047619047
442 0.19004524886877827
443 0.18961625282167044
444 0.1891891891891892
445 0.18876404494382024
446 0.18834080717488788
447 0.18791946308724833
448 0.1875
449 0.1870824053452116
450 0.18666666666666668
451 0.18625277161862527
452 0.18584070796460178
453 0.18543046357615894
454 0.18502202643171806
455 0.18461538461538463
456 0.18421052631578946
457 0.1838074398249453
458 0.18340611353711792
459 0.1830065359477124
460 0.1826086956521739
461 0.1822125813449024
462 0.18181818181818182
463 0.18142548596112312
464 0.1810344827586207
465 0.18064516129032257
466 0.18025751072961374
467 0.17987152034261242
468 0.1794871794871795
469 0.1791044776119403
470 0.17872340425531916
471 0.17834394904458598
472 0.17796610169491525
473 0.17758985200845667
474 0.17721518987341772
475 0.17684210526315788
476 0.17647058823529413
477 0.1761006289308176
478 0.17573221757322174
479 0.17536534446764093
480 0.175
481 0.17463617463617465
482 0.17427385892116182
483 0.17391304347826086
484 0.17355371900826447
485 0.1731958762886598
486 0.1728395061728395
487 0.17248459958932238
488 0.1721311475409836
489 0.17177914110429449
490 0.17142857142857143
491 0.1710794297352342
492 0.17073170731707318
493 0.17038539553752535
494 0.1700404858299595
495 0.1696969696969697
496 0.1693548387096774
497 0.16901408450704225
498 0.1686746987951807
499 0.1683366733466934
500 0.168
501 0.16766467065868262
502 0.16733067729083664
503 0.16699801192842942
504 0.16666666666666666
505 0.16633663366336635
506 0.16600790513833993
507 0.16568047337278108
508 0.16535433070866143
509 0.1650294695481336
510 0.16470588235294117
511 0.1643835616438356
512 0.1640625
513 0.16374269005847952
514 0.16342412451361868
515 0.16310679611650486
516 0.16279069767441862
517 0.16247582205029013
518 0.16216216216216217
519 0.16184971098265896
520 0.16153846153846155
521 0.16122840690978887
522 0.16091954022988506
523 0.16061185468451242
524 0.16030534351145037
525 0.16
526 0.1596958174904943
527 0.15939278937381404
528 0.1590909090909091
529 0.15879017013232513
530 0.15849056603773584
531 0.15819209039548024
532 0.15789473684210525
533 0.1575984990619137
534 0.15730337078651685
535 0.15700934579439252
536 0.15671641791044777
537 0.1564245810055866
538 0.15613382899628253
539 0.15584415584415584
540 0.15555555555555556
541 0.15526802218114602
542 0.15498154981549817
543 0.15469613259668508
544 0.15441176470588236
545 0.15412844036697249
546 0.15384615384615385
547 0.15356489945155394
548 0.15328467153284672
549 0.15300546448087432
550 0.15272727272727274
551 0.15245009074410162
552 0.15217391304347827
553 0.1518987341772152
554 0.15162454873646208
555 0.15135135135135136
556 0.1510791366906475
557 0.15080789946140036
558 0.15053763440860216
559 0.15026833631484796
560 0.15
561 0.1497326203208556
562 0.1494661921708185
563 0.1492007104795737
564 0.14893617021276595
565 0.1486725663716814
566 0.14840989399293286
567 0.14814814814814814
568 0.14788732394366197
569 0.14762741652021089
570 0.14736842105263157
571 0.14711033274956217
572 0.14685314685314685
573 0.14659685863874344
574 0.14634146341463414
575 0.14608695652173914
576 0.14583333333333334
577 0.14558058925476602
578 0.1453287197231834
579 0.14507772020725387
580 0.14482758620689656
581 0.14457831325301204
582 0.14432989690721648
583 0.14408233276157806
584 0.14383561643835616
585 0.14358974358974358
586 0.14334470989761092
587 0.14310051107325383
588 0.14285714285714285
589 0.14261460101867574
590 0.1423728813559322
591 0.14213197969543148
592 0.14189189189189189
593 0.14165261382799327
594 0.1414141414141414
595 0.1411764705882353
596 0.14093959731543623
597 0.1407035175879397
598 0.14046822742474915
599 0.14023372287145242
600 0.14
601 0.13976705490848584
602 0.13953488372093023
603 0.13930348258706468
604 0.1390728476821192
605 0.13884297520661157
606 0.13861386138613863
607 0.13838550247116968
608 0.13815789473684212
609 0.13793103448275862
610 0.1377049180327869
611 0.13747954173486088
612 0.13725490196078433
613 0.1370309951060359
614 0.13680781758957655
615 0.13658536585365855
616 0.13636363636363635
