1 1.0
2 1.0
3 1.0
4 1.0
5 1.0
6 1.0
7 1.0
8 1.0
9 1.0
10 1.0
11 1.0
12 1.0
13 1.0
14 1.0
15 1.0
16 1.0
17 1.0
18 1.0
19 1.0
20 1.0
21 1.0
22 1.0
23 1.0
24 1.0
25 1.0
26 1.0
27 1.0
28 1.0
29 1.0
30 1.0
31 0.967741935483871
32 0.96875
33 0.9696969696969697
34 0.9411764705882353
35 0.9428571428571428
36 0.9166666666666666
37 0.918918918918919
38 0.9210526315789473
39 0.9230769230769231
40 0.925
41 0.926829268292683
42 0.9285714285714286
43 0.9069767441860465
44 0.9090909090909091
45 0.9111111111111111
46 0.9130434782608695
47 0.9148936170212766
48 0.9166666666666666
49 0.9183673469387755
50 0.92
51 0.9019607843137255
52 0.9038461538461539
53 0.9056603773584906
54 0.9074074074074074
55 0.9090909090909091
56 0.9107142857142857
57 0.9122807017543859
58 0.9137931034482759
59 0.9152542372881356
60 0.9166666666666666
61 0.9180327868852459
62 0.9032258064516129
63 0.9047619047619048
64 0.90625
65 0.9076923076923077
66 0.9090909090909091
67 0.8955223880597015
68 0.8823529411764706
69 0.8840579710144928
70 0.8714285714285714
71 0.8732394366197183
72 0.875
73 0.8767123287671232
74 0.8783783783783784
75 0.88
76 0.881578947368421
77 0.8831168831168831
78 0.8846153846153846
79 0.8734177215189873
80 0.875
81 0.8765432098765432
82 0.8780487804878049
83 0.8795180722891566
84 0.8809523809523809
85 0.8705882352941177
86 0.872093023255814
87 0.8735632183908046
88 0.875
89 0.8764044943820225
90 0.8777777777777778
91 0.8681318681318682
92 0.8586956521739131
93 0.8602150537634409
94 0.8617021276595744
95 0.8526315789473684
96 0.8541666666666666
97 0.8556701030927835
98 0.8469387755102041
99 0.8484848484848485
100 0.84
101 0.8415841584158416
102 0.8333333333333334
103 0.8349514563106796
104 0.8365384615384616
105 0.8380952380952381
106 0.839622641509434
107 0.8317757009345794
108 0.8333333333333334
109 0.8256880733944955
110 0.8181818181818182
111 0.8108108108108109
112 0.8125
113 0.8141592920353983
114 0.8070175438596491
115 0.8
116 0.8017241379310345
117 0.7948717948717948
118 0.7966101694915254
119 0.7983193277310925
120 0.8
121 0.8016528925619835
122 0.7950819672131147
123 0.7967479674796748
124 0.7903225806451613
125 0.784
126 0.7777777777777778
127 0.7795275590551181
128 0.7734375
129 0.7751937984496124
130 0.7692307692307693
131 0.7633587786259542
132 0.7651515151515151
133 0.7593984962406015
134 0.753731343283582
135 0.7555555555555555
136 0.75
137 0.7518248175182481
138 0.7536231884057971
139 0.7482014388489209
140 0.7428571428571429
141 0.7375886524822695
142 0.7323943661971831
143 0.7272727272727273
144 0.7222222222222222
145 0.7172413793103448
146 0.7123287671232876
147 0.7142857142857143
148 0.7094594594594594
149 0.7114093959731543
150 0.7066666666666667
151 0.7086092715231788
152 0.7039473684210527
153 0.7058823529411765
154 0.7012987012987013
155 0.7032258064516129
156 0.6987179487179487
157 0.7006369426751592
158 0.6962025316455697
159 0.6918238993710691
160 0.6875
161 0.6894409937888198
162 0.691358024691358
163 0.6932515337423313
164 0.6890243902439024
165 0.6909090909090909
166 0.6867469879518072
167 0.6826347305389222
168 0.6845238095238095
169 0.6804733727810651
170 0.6823529411764706
171 0.6783625730994152
172 0.6744186046511628
173 0.6763005780346821
174 0.6781609195402298
175 0.6742857142857143
176 0.6704545454545454
177 0.6666666666666666
178 0.6629213483146067
179 0.659217877094972
180 0.6555555555555556
181 0.6519337016574586
182 0.6538461538461539
183 0.6502732240437158
184 0.6467391304347826
185 0.6432432432432432
186 0.6397849462365591
187 0.6363636363636364
188 0.6329787234042553
189 0.6296296296296297
190 0.6263157894736842
191 0.6230366492146597
192 0.6197916666666666
193 0.616580310880829
194 0.6134020618556701
195 0.6102564102564103
196 0.6071428571428571
197 0.6040609137055838
198 0.601010101010101
199 0.5979899497487438
200 0.595
201 0.5920398009950248
202 0.5891089108910891
203 0.5862068965517241
204 0.5833333333333334
205 0.5853658536585366
206 0.5825242718446602
207 0.5845410628019324
208 0.5865384615384616
209 0.583732057416268
210 0.580952380952381
211 0.5781990521327014
212 0.5754716981132075
213 0.5727699530516432
214 0.5700934579439252
215 0.5674418604651162
216 0.5648148148148148
217 0.5622119815668203
218 0.5596330275229358
219 0.5616438356164384
220 0.5590909090909091
221 0.5565610859728507
222 0.5540540540540541
223 0.5560538116591929
224 0.5535714285714286
225 0.5511111111111111
226 0.5486725663716814
227 0.5462555066079295
228 0.543859649122807
229 0.5414847161572053
230 0.5391304347826087
231 0.5367965367965368
232 0.5344827586206896
233 0.5321888412017167
234 0.5299145299145299
235 0.5276595744680851
236 0.5254237288135594
237 0.5232067510548524
238 0.5210084033613446
239 0.5188284518828452
240 0.5166666666666667
241 0.5145228215767634
242 0.512396694214876
243 0.5102880658436214
244 0.5081967213114754
245 0.5061224489795918
246 0.5040650406504065
247 0.5020242914979757
248 0.5
249 0.4979919678714859
250 0.496
251 0.4940239043824701
252 0.49206349206349204
253 0.4901185770750988
254 0.4881889763779528
255 0.48627450980392156
256 0.484375
257 0.48249027237354086
258 0.4806201550387597
259 0.47876447876447875
260 0.47692307692307695
261 0.47509578544061304
262 0.4732824427480916
263 0.4714828897338403
264 0.4696969696969697
265 0.4679245283018868
266 0.46616541353383456
267 0.46441947565543074
268 0.4626865671641791
269 0.46096654275092935
270 0.45925925925925926
271 0.4575645756457565
272 0.45588235294117646
273 0.4542124542124542
274 0.45255474452554745
275 0.4509090909090909
276 0.4492753623188406
277 0.44765342960288806
278 0.4460431654676259
279 0.4444444444444444
280 0.44285714285714284
281 0.4412811387900356
282 0.4397163120567376
283 0.4381625441696113
284 0.43661971830985913
285 0.43508771929824563
286 0.43356643356643354
287 0.43205574912891986
288 0.4305555555555556
289 0.4290657439446367
290 0.42758620689655175
291 0.4261168384879725
292 0.4246575342465753
293 0.4232081911262799
294 0.4217687074829932
295 0.42033898305084744
296 0.4189189189189189
297 0.4175084175084175
298 0.4161073825503356
299 0.41471571906354515
300 0.41333333333333333
301 0.4119601328903654
302 0.4105960264900662
303 0.40924092409240925
304 0.40789473684210525
305 0.4065573770491803
306 0.40522875816993464
307 0.40390879478827363
308 0.4025974025974026
309 0.40129449838187703
310 0.4
311 0.3987138263665595
312 0.3974358974358974
313 0.3961661341853035
314 0.39490445859872614
315 0.39365079365079364
316 0.3924050632911392
317 0.3911671924290221
318 0.389937106918239
319 0.3887147335423197
320 0.3875
321 0.3862928348909657
322 0.38509316770186336
323 0.38390092879256965
324 0.38271604938271603
325 0.38153846153846155
326 0.3803680981595092
327 0.37920489296636084
328 0.3780487804878049
329 0.3768996960486322
330 0.37575757575757573
331 0.37462235649546827
332 0.37349397590361444
333 0.37237237237237236
334 0.3712574850299401
335 0.3701492537313433
336 0.36904761904761907
337 0.36795252225519287
338 0.3668639053254438
339 0.36578171091445427
340 0.36470588235294116
341 0.36363636363636365
342 0.36257309941520466
343 0.36151603498542273
344 0.36046511627906974
345 0.35942028985507246
346 0.3583815028901734
347 0.3573487031700288
348 0.3563218390804598
349 0.3553008595988539
350 0.35428571428571426
351 0.35327635327635326
352 0.3522727272727273
353 0.35127478753541075
354 0.3502824858757062
355 0.3492957746478873
356 0.34831460674157305
357 0.3473389355742297
358 0.3463687150837989
359 0.34540389972144847
360 0.34444444444444444
361 0.34349030470914127
362 0.3425414364640884
363 0.3415977961432507
364 0.34065934065934067
365 0.33972602739726027
366 0.33879781420765026
367 0.33787465940054495
368 0.33695652173913043
369 0.33604336043360433
370 0.33513513513513515
371 0.33423180592991913
372 0.3333333333333333
373 0.3324396782841823
374 0.3315508021390374
375 0.33066666666666666
376 0.32978723404255317
377 0.32891246684350134
378 0.328042328042328
379 0.32717678100263853
380 0.3263157894736842
381 0.32545931758530183
382 0.32460732984293195
383 0.3237597911227154
384 0.3229166666666667
385 0.3220779220779221
386 0.32124352331606215
387 0.32041343669250644
388 0.31958762886597936
389 0.31876606683804626
390 0.31794871794871793
391 0.3171355498721228
392 0.3163265306122449
393 0.3155216284987277
394 0.3147208121827411
395 0.3139240506329114
396 0.31313131313131315
397 0.3123425692695214
398 0.31155778894472363
399 0.3107769423558897
400 0.31
401 0.3092269326683292
402 0.30845771144278605
403 0.3076923076923077
404 0.3069306930693069
405 0.30617283950617286
406 0.3054187192118227
407 0.3046683046683047
408 0.30392156862745096
409 0.30317848410757947
410 0.3024390243902439
411 0.30170316301703165
412 0.30097087378640774
413 0.30024213075060535
414 0.2995169082125604
415 0.2987951807228916
416 0.2980769230769231
417 0.2973621103117506
418 0.2966507177033493
419 0.29594272076372313
420 0.29523809523809524
421 0.29453681710213775
422 0.2938388625592417
423 0.29314420803782504
424 0.29245283018867924
425 0.2917647058823529
426 0.29107981220657275
427 0.2903981264637002
428 0.2897196261682243
429 0.289044289044289
430 0.28837209302325584
431 0.2877030162412993
432 0.28703703703703703
433 0.2863741339491917
434 0.2857142857142857
435 0.2850574712643678
436 0.28440366972477066
437 0.2837528604118993
438 0.2831050228310502
439 0.2824601366742597
440 0.2818181818181818
441 0.2811791383219955
442 0.28054298642533937
443 0.2799097065462754
444 0.27927927927927926
445 0.2786516853932584
446 0.27802690582959644
447 0.27740492170022374
448 0.2767857142857143
449 0.27616926503340755
450 0.27555555555555555
451 0.2749445676274945
452 0.2743362831858407
453 0.2737306843267108
454 0.27312775330396477
455 0.2725274725274725
456 0.2719298245614035
457 0.2713347921225383
458 0.27074235807860264
459 0.2701525054466231
460 0.26956521739130435
461 0.26898047722342733
462 0.2683982683982684
463 0.2678185745140389
464 0.2672413793103448
465 0.26666666666666666
466 0.26609442060085836
467 0.26552462526766596
468 0.26495726495726496
469 0.26439232409381663
470 0.26382978723404255
471 0.2632696390658174
472 0.2627118644067797
473 0.26215644820295986
474 0.2616033755274262
475 0.26105263157894737
476 0.2605042016806723
477 0.259958071278826
478 0.2594142259414226
479 0.2588726513569937
480 0.25833333333333336
481 0.2577962577962578
482 0.2572614107883817
483 0.2567287784679089
484 0.256198347107438
485 0.2556701030927835
486 0.2551440329218107
487 0.2546201232032854
488 0.2540983606557377
489 0.25357873210633947
490 0.2530612244897959
491 0.2525458248472505
492 0.25203252032520324
493 0.2515212981744422
494 0.25101214574898784
495 0.2505050505050505
496 0.25
497 0.24949698189134809
498 0.24899598393574296
499 0.24849699398797595
500 0.248
501 0.24750499001996007
502 0.24701195219123506
503 0.24652087475149106
504 0.24603174603174602
505 0.24554455445544554
506 0.2450592885375494
507 0.2445759368836292
508 0.2440944881889764
509 0.24361493123772102
510 0.24313725490196078
511 0.24266144814090018
512 0.2421875
513 0.24171539961013644
514 0.24124513618677043
515 0.2407766990291262
516 0.24031007751937986
517 0.23984526112185686
518 0.23938223938223938
519 0.23892100192678228
520 0.23846153846153847
521 0.2380038387715931
522 0.23754789272030652
523 0.23709369024856597
524 0.2366412213740458
525 0.2361904761904762
526 0.23574144486692014
527 0.23529411764705882
528 0.23484848484848486
529 0.23440453686200377
530 0.2339622641509434
531 0.2335216572504708
532 0.23308270676691728
533 0.2326454033771107
534 0.23220973782771537
535 0.23177570093457944
536 0.23134328358208955
537 0.2309124767225326
538 0.23048327137546468
539 0.2300556586270872
540 0.22962962962962963
541 0.22920517560073936
542 0.22878228782287824
543 0.2283609576427256
544 0.22794117647058823
545 0.22752293577981653
546 0.2271062271062271
547 0.226691042047532
548 0.22627737226277372
549 0.22586520947176686
550 0.22545454545454546
551 0.2250453720508167
552 0.2246376811594203
553 0.22423146473779385
554 0.22382671480144403
555 0.22342342342342342
556 0.22302158273381295
557 0.22262118491921004
558 0.2222222222222222
559 0.22182468694096602
560 0.22142857142857142
561 0.22103386809269163
562 0.2206405693950178
563 0.2202486678507993
564 0.2198581560283688
565 0.21946902654867256
566 0.21908127208480566
567 0.21869488536155202
568 0.21830985915492956
569 0.2179261862917399
570 0.21754385964912282
571 0.2171628721541156
572 0.21678321678321677
573 0.2164048865619546
574 0.21602787456445993
575 0.21565217391304348
576 0.2152777777777778
577 0.21490467937608318
578 0.21453287197231835
579 0.2141623488773748
580 0.21379310344827587
581 0.2134251290877797
582 0.21305841924398625
583 0.21269296740994853
584 0.21232876712328766
585 0.21196581196581196
586 0.21160409556313994
587 0.21124361158432708
588 0.2108843537414966
589 0.21052631578947367
590 0.21016949152542372
591 0.2098138747884941
592 0.20945945945945946
593 0.209106239460371
594 0.20875420875420875
595 0.20840336134453782
596 0.2080536912751678
597 0.20770519262981574
598 0.20735785953177258
599 0.20701168614357263
600 0.20666666666666667
601 0.20632279534109818
602 0.2059800664451827
603 0.20563847429519072
604 0.2052980132450331
605 0.2049586776859504
606 0.20462046204620463
607 0.2042833607907743
608 0.20394736842105263
609 0.20361247947454844
610 0.20327868852459016
611 0.20294599018003273
612 0.20261437908496732
613 0.20228384991843393
614 0.20195439739413681
615 0.2016260162601626
616 0.2012987012987013
617 0.20097244732576985
618 0.20064724919093851
619 0.20032310177705978
620 0.2
621 0.1996779388083736
622 0.19935691318327975
623 0.19903691813804172
624 0.1987179487179487
625 0.1984
626 0.19808306709265175
627 0.19776714513556617
628 0.19745222929936307
629 0.1971383147853736
630 0.19682539682539682
631 0.196513470681458
632 0.1962025316455696
633 0.19589257503949448
634 0.19558359621451105
635 0.1952755905511811
636 0.1949685534591195
637 0.1946624803767661
638 0.19435736677115986
639 0.19405320813771518
640 0.19375
641 0.1934477379095164
642 0.19314641744548286
643 0.19284603421461896
644 0.19254658385093168
645 0.19224806201550387
646 0.19195046439628483
647 0.19165378670788252
648 0.19135802469135801
649 0.19106317411402157
650 0.19076923076923077
651 0.19047619047619047
652 0.1901840490797546
653 0.18989280245022971
654 0.18960244648318042
655 0.18931297709923664
656 0.18902439024390244
657 0.1887366818873668
658 0.1884498480243161
659 0.18816388467374812
660 0.18787878787878787
661 0.1875945537065053
662 0.18731117824773413
663 0.1870286576168929
664 0.18674698795180722
665 0.18646616541353384
666 0.18618618618618618
667 0.18590704647676162
668 0.18562874251497005
669 0.18535127055306427
670 0.18507462686567164
671 0.18479880774962743
672 0.18452380952380953
673 0.18424962852897475
674 0.18397626112759644
675 0.1837037037037037
676 0.1834319526627219
677 0.1831610044313146
678 0.18289085545722714
679 0.18262150220913106
680 0.18235294117647058
681 0.18208516886930984
682 0.18181818181818182
683 0.1815519765739385
684 0.18128654970760233
685 0.181021897810219
686 0.18075801749271136
687 0.1804949053857351
688 0.18023255813953487
689 0.1799709724238026
690 0.17971014492753623
691 0.17945007235890015
692 0.1791907514450867
