1 1.5460948630997322
2 0.7068264343024296
3 0.8387611221877412
4 0.7215785646934654
5 2.472565340694956
6 2.473649756094059
7 1.5049448648593262
8 1.1026213175211612
9 0.3945053570806191
10 0.9200162506328082
11 0.2104278762369237
12 1.6261667142399014
13 1.1122238539329055
14 1.0193094365171318
15 0.6890367955584955
16 3.403435622790458
17 1.1236865084732035
18 1.8531491297986424
19 1.8393775542714847
20 2.4282930618484535
21 0.9003051201735806
22 1.319932145296526
23 0.9015104193019302
24 0.5299144158873725
25 1.877409733687538
26 0.40833943976147896
27 0.9498535963729235
28 2.8324004982533615
29 1.5661019388300221
30 1.246908873189254
31 0.33205187883931536
32 0.7645636567115361
33 1.9278537926483272
34 0.744935616646055
35 0.37472024629987016
36 1.5991036025500702
37 0.7520328554215981
38 0.5413516499531746
39 2.111462444915387
40 1.2350945308452363
41 0.14470613515470282
42 0.9276844108000694
43 0.8179602202351797
44 0.6521805947352136
45 0.5166059614663392
46 0.7889646323540412
47 0.7194922507859205
48 0.7991709258995467
49 1.5724322557333776
50 0.7712727379917629
51 0.9954013598954706
52 1.4531700084382242
53 1.1372828156637196
54 0.8963319627221724
55 0.8261330376773888
56 0.5304661406352216
57 0.6193332685171169
58 0.7484670057455044
59 0.7102986674709023
60 0.6136400821367659
61 0.7311783344109009
62 1.0238395405448195
63 0.8903275555852478
64 1.438127334007441
65 0.5881339916083191
66 0.577646698001448
67 0.5561986693426708
68 1.2663392059406984
69 0.7313202605822594
70 0.811802176346198
71 0.9249237269491593
72 0.7945483938377562
73 0.9765902618225922
74 0.8094578304243286
75 0.7548806780088322
76 0.9488330477488577
77 0.8744888551182174
78 0.9320515429663969
79 0.8872956078392054
80 0.9110941931414286
81 0.9211358251562523
82 1.0060683372201678
