1 0.23119994429660345
2 0.845091772261538
3 2.13121397115602
4 1.0269761189764692
5 0.14888208850025808
6 1.0858315014064177
7 0.6132908444324001
8 0.7333326500929686
9 0.5168763000276153
10 0.613040894341566
11 0.5046067735319203
12 0.8514344716877192
13 0.3562834506897144
14 0.5695849084699641
15 0.6149899757687209
16 0.26239816521167714
17 0.6506850282566725
18 1.4910872380851266
19 0.5267791342456428
20 0.5935108288778451
21 1.1969388913260997
22 0.3738535722591037
23 0.7592414134472558
24 0.8651897281504118
25 1.4110366751347212
26 0.7114938541061309
27 0.9665893221297471
28 0.39296731023515385
29 0.8070767476341183
30 0.621226516717372
31 0.46881106169871806
32 0.6940590170926759
33 0.7430044683964426
34 0.7688243092425834
35 0.6163951905637086
36 1.5970742005444618
37 1.6681447735613275
38 0.4110182997633871
39 0.8815712867087381
40 0.7616852445955831
41 0.6677475473911865
42 0.7043217080635478
43 0.6437509855937864
44 0.6021044440113424
45 0.7126785676924969
46 1.318666627637274
47 0.38152913715354436
48 1.0669637022606586
49 0.9721203828105431
50 0.6247637501963992
51 1.0240315736391985
52 1.1470664331207192
53 0.8642582637539473
54 0.9142704039705081
55 1.3730034747788862
56 0.7023263626597049
57 0.6530977723517452
58 0.8828346252825283
59 0.4978536231255203
60 1.0984714536787137
61 1.2601759389097096
62 1.1725472939845742
63 0.8313217191092368
64 0.7051703321167727
65 0.961102741316109
66 0.9497270369305971
67 0.8266708358219584
68 0.9382816801642716
69 1.2116171938828209
70 0.7801114409963562
71 0.8256221291225878
72 0.8610839029521471
73 1.2836338288695461
74 0.912180048621973
75 0.9677263407682176
76 1.0481467924330143
77 0.9174585118444624
78 0.9477756575422261
79 0.8398155643488338
80 0.9419687257419243
81 0.9616083516438374
82 0.9293172407253096
83 0.947416110483427
84 0.9401285504427037
