1 0.3033153973154916
2 1.2706098579095724
3 1.3981480131776782
4 2.0145700202110226
5 1.2271499266226316
6 2.396375546226174
7 0.7694821327984762
8 0.3857689945807786
9 0.1548356911327022
10 2.167815017513747
11 1.839498958296185
12 2.2165646152442453
13 0.15996830834897677
14 2.0913127674188465
15 0.5040318066671107
16 0.42881588346069305
17 0.41113089822192145
18 0.85423356401855
19 0.22839778398842733
20 1.3786970163736965
21 0.20025855750262064
22 0.6742372362197415
23 0.9262804918616684
24 1.6708412172264575
25 1.4784240113282434
26 0.7668150157214397
27 1.4954240610238754
28 1.5310332559189923
29 1.8860408117522203
30 1.4642435044205298
31 0.9701264485585038
32 0.8100330918043337
33 1.4773994112297426
34 0.23180068060730435
35 0.6179601002156865
36 1.864749431641983
37 1.3228738424285191
38 0.6000652083501308
39 1.2514495941319144
40 0.6908987530477246
41 0.47419076505798685
42 0.8049735008474723
43 1.2995903484630007
44 0.2384780233432513
45 1.240206787453768
46 1.509444372497717
47 0.5955785080527629
48 1.5767514469553696
49 0.530124738054198
50 1.0445231178688636
51 0.6520458819141846
52 0.8754124131428689
53 0.8166918589218373
54 0.8171626992822806
55 1.527600951178801
56 1.0434918300907619
57 1.0381970933322457
58 0.5039654897235546
59 0.6615083435079997
60 1.7867032186888059
61 1.5107818404756925
62 1.4094691231928567
63 0.7205934192961293
64 1.3153170303244337
65 1.561745398771451
66 0.6488163976233811
67 0.7695236812656612
68 0.6520518669835349
69 1.0809708228372743
70 0.7344887884804752
71 0.9713591255690276
72 1.2304113722828576
73 0.7319603742413193
74 0.6895582296808206
75 0.7220451125452837
76 0.7825320326266764
77 0.7898836724068973
78 0.859311121482529
79 0.7923283993165574
80 0.784378888281291
81 1.038550944638561
82 0.9535760321574225
83 0.8371559988559607
84 1.0183745974608
85 0.8947747699068765
86 0.9862788795803998
87 0.8784567096458492
88 0.9535383478056731
89 0.9395847944146581
