1 0.6439090926812515
2 0.31944258560310057
3 1.376499325862698
4 2.210226374970725
5 0.36017970315228776
6 0.9014206226938617
7 0.9063714063912023
8 1.0281921904567513
9 0.569431943977238
10 1.316885127796855
11 3.8937761499960626
12 0.9129270603472971
13 1.9478621949753703
14 3.7507086808079775
15 0.6417283967364582
16 2.7263134787399386
17 2.997034639153657
18 3.4550230750089796
19 3.2637048864570017
20 1.8201225575171434
21 2.182228885356669
22 0.18231123352548287
23 1.275692870306731
24 2.3417552183595953
25 1.7701211959050267
26 1.0653064768577516
27 0.3718595047627625
28 0.8057316750465063
29 0.7218296970718026
30 0.18060605047321493
31 2.7352735746065813
32 1.5858816519059982
33 0.5074009400496468
34 0.12812322844113624
35 2.343538769434197
36 0.9932810623943843
37 0.11984418626719306
38 0.719612876540318
39 1.4507157346214792
40 0.49502651498771
41 5.564723287945711
42 1.2693893035901982
43 2.3803124232715827
44 3.894084684513285
45 2.0413770890673577
46 0.4670261487738224
47 1.2497929827849783
48 0.8069140021275599
49 2.712801248951437
50 8.408715976924926
51 1.1867850873276347
52 1.066689795690947
53 0.8773685833731693
54 0.1439806829018469
55 0.6879211851674993
56 1.2010954162298662
57 0.2841300582446234
58 0.9038431373935031
59 0.8210125594944578
60 0.8202420878786855
61 0.360605892047057
62 0.7673405602392168
63 1.2327128523115058
64 0.9481277699150963
65 1.313937506498994
66 1.2147257022824842
67 0.8412934400029318
68 1.2852675610819904
69 0.7309771464378131
70 0.7517904550813242
71 2.404178614955181
72 0.8355764289731048
73 1.0000527775509176
74 1.251829718953422
75 0.9294953702436588
76 0.7003555199350887
77 0.7737620125932342
78 1.13605565330655
79 2.0893815954667763
80 0.4523540256117782
81 0.2570650402822746
82 5.650761109408884
83 2.1975828749307094
84 1.6602582184573615
85 1.456832835899089
86 0.4043734169266117
87 3.6616778671184353
88 2.0823303413630914
89 1.702742832127768
90 0.5907356737266692
91 0.9002265576415966
92 0.7936322788477926
93 1.256621952710153
94 1.2118605372701292
95 0.6727749476088896
96 0.34863056102757023
97 4.589951352199174
98 0.762146987255018
99 1.0877822113275377
100 1.3857946834331272
101 0.9374056226511458
102 0.13845743851988224
103 1.1624004003464572
104 1.0051093196914744
105 0.7447082190052372
106 0.7549750422640813
107 0.8659855192027773
108 0.7608127345595874
109 0.8093727141050973
110 0.9770084241437433
111 1.409024901434984
112 0.5788579568722267
113 0.7590476120212555
114 1.6933520065036491
115 1.1312832826326373
116 0.35958497511649956
117 1.0615904525248756
118 1.0220291495330007
119 0.9971571827513761
120 0.8715954839087428
121 1.1508947565374992
122 1.0528375279288174
123 1.057052716596633
124 1.1411095484499736
125 1.4985126905318953
126 2.0866658729715226
127 0.36038054639605116
128 1.3049236251946885
129 1.0152652937070463
130 1.1176644447392319
131 1.0217957498001384
132 0.3944851724316999
133 1.0477468295310748
134 0.9635281881309434
135 1.0124691212471177
136 0.9972418006556798
137 0.9342397503973958
138 0.7060040532345152
139 0.963241756618498
140 0.7014166870636208
141 0.8137122797997606
142 1.1772475645880494
143 0.9711645328201615
144 1.0541780453711618
145 0.92608159000793
146 1.0525207916703847
147 1.2015166403614996
148 1.1106778248172733
149 0.8431749351403423
150 1.0346565145533517
151 1.1352799524887232
152 0.9771747423783402
153 1.2294236380494696
154 0.8338784420607062
155 1.0092231250094261
156 1.00190263767024
157 1.120932325682197
158 1.1738332941007765
159 0.9690142073872563
160 0.9746873831394596
161 0.9290791985847865
162 0.7826095339247439
163 0.6791300542776438
164 1.0383475009573297
165 0.9904349288705031
166 0.40724418064792145
167 1.1804301875751837
168 1.243173307085971
169 0.9818112350072024
170 0.9818049037937389
171 1.2301872116758743
172 0.39480187236631104
173 1.1207755963247872
174 1.3176489511793876
175 0.8444541617460829
176 0.8644727688896806
177 1.1546593147185955
178 0.41026366371812417
179 0.9849694229698883
180 1.1589454505078332
181 1.4175675134146895
182 0.8819585798288745
183 0.997724240789058
184 1.1022636959709857
185 0.5588433647073192
186 0.9427033324488902
187 0.9977929806873905
188 1.0026282389123318
189 1.0739136631257749
190 0.8418763905574015
191 0.6513226953485739
192 1.1581356483699587
193 1.1221654445165323
194 0.9973922014012201
195 0.9433995186666603
196 1.006759923568002
197 0.8920550138549166
198 0.730445269158779
199 1.0132540377040076
200 0.8235789515810319
201 1.0503893339324908
202 0.9908349354444227
203 0.7251918310472439
204 0.9517997444133134
205 0.9996244696382983
206 0.9801216125791031
207 1.0150869954806656
208 0.7877418909082586
209 0.8485644699472854
210 1.026423731132685
211 0.9558545441043386
212 0.7031221371547329
213 0.9651782562819721
214 0.9670757379945243
215 0.8023715452432683
216 0.9725173303370169
217 0.8869884035212595
218 1.0033195036313436
219 0.9362288831964255
220 0.8943274625098012
221 0.7893721247261195
222 1.0000037968239894
223 0.9980720137700503
224 0.9996586350077246
225 0.8071508994244274
226 1.0001529284555462
227 0.7149511776334477
228 0.9649302065217368
229 1.0001088761700079
230 0.9869579759063991
231 0.7833486818339014
232 0.9794809268661162
233 0.881782992149545
234 0.9994290954271895
235 0.9994055615533252
236 0.8612909218090553
237 0.722111542770528
238 0.9943167600677785
239 0.9841928747910793
240 0.999249102842281
