1 3.691958848764237
2 1.8098874893619763
3 0.7956829498527013
4 0.3449761811032532
5 0.4526060175183671
6 1.6620675825349676
7 1.1359808974608077
8 0.6324656488888906
9 1.493228449226115
10 1.0866129045208133
11 0.544930002527356
12 2.5339487557361218
13 1.174095164676729
14 0.5362906333890768
15 2.505299123533474
16 1.532193820762622
17 0.4661260524756488
18 1.6753800152558864
19 4.310049166487648
20 2.5172652361208665
21 0.9839018755174507
22 0.3097095028835872
23 0.43645068131504694
24 1.2312897939750649
25 0.29734059548722214
26 7.913544509113802
27 1.3363364281573147
28 0.6524888215188884
29 1.4151215272322069
30 2.1638254503901853
31 0.11748018018204266
32 0.48978292376915716
33 2.5170125566767605
34 0.956713865142127
35 0.3643323728777175
36 0.6766215208071482
37 2.515524688418355
38 1.6088676027035913
39 1.0742494432602518
40 1.6610052198769556
41 1.1866432537671545
42 0.6296764980931008
43 2.7682673115392165
44 0.7858028239699676
45 0.6936100300245424
46 1.5974583834163902
47 0.5551543456535585
48 1.0245919346277241
49 2.072840469422043
50 7.382214414169452
51 1.1800672213176548
52 0.5707191777250099
53 3.8712685263326696
54 0.30249020672998456
55 0.9102252319658616
56 0.4749161413763168
57 1.1666223652972414
58 1.0012290313368493
59 0.5166134557987332
60 1.717395286017503
61 0.8553732032986793
62 1.6220544181647294
63 0.8143304661516736
64 0.24987568837096374
65 2.6334120454120566
66 0.9712921580909153
67 0.8562251170623946
68 1.8120773869967868
69 0.16394630079561678
70 1.2821544184313187
71 1.1996964398688867
72 0.9775440476031106
73 1.9688645036783423
74 1.805992783981725
75 0.20469146095035853
76 4.380216918747389
77 1.7786792527543933
78 2.0780789402820354
79 1.0181910869406987
80 0.8157332128949589
81 0.9945315459614236
82 0.6102138267158824
83 0.9527602480543469
84 1.878100726734372
85 0.8111473582542355
86 0.8889755238920926
87 1.605763922124837
88 2.460889938100583
89 1.1065901758952383
90 0.5282169542066887
91 1.2719107986928675
92 1.364220985035799
93 1.3638833035635123
94 1.3299455944809198
95 1.0431122360146676
96 0.8681666596160209
97 1.3405292117887773
98 1.8196136089850479
99 0.9687378029868204
100 1.2119957451903114
101 0.9323370451542733
102 0.3104198284844531
103 0.8786964272013088
104 1.1786636333341172
105 1.3963050803250714
106 1.1086906297354775
107 3.6630997533531207
108 0.4546820039211633
109 0.4305239868347544
110 1.2695050748591112
111 1.7892229145535257
112 1.053613774965059
113 1.365919172124925
114 0.7296197086918199
115 0.38649881239981604
116 1.160092165424002
117 1.7046547805656904
118 1.1550567130852099
119 2.5818267294426196
120 0.8700644285763557
121 0.8633748302009704
122 2.685301108287581
123 0.9051657974130923
124 1.0193772458609192
125 0.5294031870285435
126 1.6575237550372617
127 1.0385428509689907
128 1.005517407880355
129 0.9538012156603944
130 1.1914767313120262
131 2.616424492586946
132 1.4992004958713752
133 1.2210427910162855
134 0.6249997990319626
135 1.2606318813975166
136 0.7454611439414046
137 0.3384002255658782
138 2.117480567595512
139 1.155704677824071
140 0.5659189986113112
141 1.573913552209149
142 0.9761737237518276
143 1.127582866916839
144 0.7179044988127841
145 1.3492221118995744
146 2.6395840400717843
147 0.943064516754317
148 1.3131604748844674
149 0.999651330701606
150 1.4389431599593168
151 1.0124932958815855
152 0.9722809503699148
153 1.439229961156354
154 1.2395039302499324
155 0.752951382481257
156 1.0726629053842802
157 1.0187782070806766
158 1.0216880993633377
159 1.1176524194922202
160 1.0578081972012627
161 0.7163705062320566
162 2.075451502230049
163 1.256943228086504
164 0.676316605885267
165 0.6237291102385807
166 1.23636693564062
167 1.1185782218407503
168 1.0122938532858015
169 1.0997203240416171
170 1.3363670718796834
171 0.8836376811781503
172 1.0964898614018554
173 1.6110171763156624
174 0.8555896867609786
175 1.0044107773646989
176 1.3129197058264181
177 0.8904859442918446
178 0.9991503384857099
179 1.0222084727114291
180 1.2643928665449147
181 1.0658976273608871
182 1.5983134161192212
183 1.278693760341779
184 1.0082695308509066
185 1.15018135558659
186 1.4280885058250186
187 1.498488694649998
188 0.9459735775456731
189 0.9936326887606161
190 1.1263532164893557
191 0.8051810816462859
192 1.4422803307589893
193 1.4013504160853312
194 0.8194238990364507
195 1.0357803628887603
196 1.179205268817015
197 1.2556018196361076
198 1.0013823706175171
199 0.852098506938335
200 1.286668555332545
201 1.0075848804447807
202 1.0509310491790445
203 1.0046399319243338
204 0.9595509518768093
205 1.3199790747241058
206 1.4648799507471526
207 1.0144822015533252
208 1.4279544134095676
209 1.0000987682108196
210 1.1776925802846392
211 1.0131905775861296
212 1.0014571735848057
213 1.0178453326518082
214 1.014439226376519
215 1.000057534298287
216 1.3943446493614169
217 1.0004245321293905
218 1.0031151412559611
219 1.0192320141422249
220 1.233704239791492
