1 7.366275986868244
2 0.14111454369617718
3 0.7224470617529174
4 0.6636886725690163
5 1.1113932915621323
6 1.5955249698555527
7 0.5030007952213127
8 1.6098918641764448
9 1.4147477735314262
10 0.6001893824261588
11 0.6843365076920273
12 0.656706410550126
13 0.16719813430455008
14 1.248915654140828
15 2.387149675774464
16 0.21635548008532043
17 1.0227733676945332
18 0.08157395090423686
19 2.7591649300411194
20 0.5169147241242259
21 0.4473898419088979
22 1.814439720917957
23 1.0405584182773024
24 0.6923284710160374
25 1.9195831493979034
26 0.9821296210533903
27 2.0419901794984745
28 1.6994446471541391
29 0.5237311357429831
30 0.9154231698521653
31 1.8850666669555562
32 0.7890482268555657
33 1.248507118116572
34 1.691702121580496
35 4.74035900538717
36 0.5279713160804904
37 1.300428259689333
38 1.5263095957901447
39 2.228441509687257
40 0.8883078762925423
41 2.0038730676668144
42 0.9078710300401461
43 1.2475836081544525
44 0.924227978340279
45 0.15136286617028744
46 0.431737879656193
47 0.6327450740329903
48 0.6712706806497906
49 0.36159796302148767
50 0.9975296364558452
51 1.3001823004241178
52 1.6094421015276037
53 1.8791621214163847
54 0.918193361708701
55 0.8908694383579893
56 1.097964370246031
57 0.8180863914074961
58 1.642442443927511
59 0.7332319415480649
60 0.4920887036782402
61 1.6480184713825419
62 0.89521869535644
63 0.9019863904177041
64 0.9951711231585941
65 1.1813276152456103
66 1.900745383128729
67 2.1288685894153976
68 0.8824381080502355
69 0.9453886399374855
70 0.8221060794058213
71 0.7981118875415935
72 3.273908933762211
73 0.9380054223181875
74 1.1724674319237565
75 1.3001936192052252
76 3.93714575668354
77 1.4964547270591173
78 1.08312114738303
79 0.8727055772563405
80 0.9227270030343685
81 0.2724109212801571
82 0.4968066689745929
83 1.3996941817674358
84 1.031138957375978
85 0.7816500747442446
86 1.0215811265239554
87 2.6423778149578534
88 1.0573697188846305
89 0.7949325240662407
90 0.3972418573728767
91 1.005175633841231
92 0.8013157400770345
93 2.409526175573315
94 0.7072174007127262
95 1.2062636623781564
96 1.7895849197725073
97 1.189877382956144
98 2.668649433790545
99 1.6208976254021652
100 0.5292365021544259
101 2.17683013386222
102 0.7999915807736753
103 1.0602340168643853
104 0.7989442614132539
105 1.657645078553891
106 0.9327619349161566
107 0.4896573496591891
108 1.0303434045779483
109 2.611871836513411
110 1.1017396969830293
111 1.178610627590064
112 0.7524866201296699
113 0.5955545616922662
114 1.0679609301681103
115 0.9922410316274728
116 1.0996096656026983
117 0.7823838334056423
118 1.736466788200523
119 0.584664720572015
120 1.286994484645332
121 1.0489809199821232
122 1.718840699898779
123 1.0844115574907571
124 0.8738443027716083
125 1.4268680044859106
126 1.7448055203895416
127 0.8043841598065473
128 1.0886926262373198
129 1.0512734077769421
130 0.9693409059339948
131 0.9120284507722546
132 1.0239985145094315
133 1.2530146450591388
134 0.7638666243950578
135 0.9807771850539002
136 1.2962167352891987
137 1.5583770543263402
138 1.7121524750034811
139 1.670933019326563
140 1.0969095053837652
141 0.8939378057845745
142 1.6706497221667993
143 0.703740892626693
144 0.975385112441893
145 1.0203064214269943
146 1.1644863912035393
147 0.8787432148057348
148 1.2420694823108351
149 2.2776032748407244
150 1.0100083851094495
151 0.9997716961320644
152 1.7338248974006414
153 0.9591624468612826
154 1.589934792944509
155 1.3886205788528585
156 2.617310535212051
157 0.9941593872424282
158 0.981824211261906
159 1.003063389141393
160 1.3298524816425015
161 1.072879286172275
162 0.9590955442330273
163 0.9637519360894944
164 0.99624048573843
165 1.7941961195497174
166 1.005845886609818
167 1.0007256069238522
168 1.2411194557993446
169 1.078734776254468
170 1.007566766992434
171 1.4697094317950101
172 1.0576478224405537
173 1.023633110500125
174 0.9232981450711165
175 1.0985128393862278
176 1.6016111204219157
177 1.0007022125518072
178 1.186059247339203
179 1.076375786029752
180 0.9651008383128674
181 1.0785920852570863
182 1.0007218293199287
183 1.0106894311690648
184 1.6713765702622139
185 1.224088928220272
186 1.1242731253368397
187 1.3758846723879368
188 1.894790878654747
189 1.002654690274114
190 1.023406527423425
191 1.3900298996354494
192 1.001265203532505
193 0.9998949555152123
194 1.0728679583160756
195 1.0728502362954206
196 1.0478056715029405
197 1.3969702215162667
198 1.0015586516762736
