1 0.7931302152571434
2 0.5021407531456945
3 0.9728273239004476
4 0.7390240774581248
5 2.848666515084228
6 0.088406942540049
7 1.9583181831413403
8 1.0983283145693667
9 3.3187306070861866
10 0.11034240487312251
11 0.5473290408012007
12 1.1093484310483186
13 1.5785898710667472
14 1.3200295738787728
15 0.39433612457616585
16 0.4503782952598778
17 0.05931500066341317
18 0.10160996360950088
19 7.327622840077891
20 3.0653571178616335
21 0.8371055564401662
22 0.1944049061673524
23 5.200915344707373
24 1.3542298632880725
25 4.757796702959668
26 1.24833477459532
27 0.4217467561752407
28 1.4199587588518914
29 0.893568326378618
30 3.2113196744042383
31 0.802688133537335
32 1.536083284048708
33 0.9547067771080339
34 0.9941110825662992
35 0.38183217173076917
36 1.0694936412133336
37 0.9412658533973821
38 4.5317162049382445
39 0.10524833739270867
40 1.1030971555832707
41 0.4867408634787034
42 1.3839281595663095
43 0.18111576702004623
44 0.8273229894475677
45 1.0065521132621078
46 1.265338312427657
47 0.8519986726617895
48 0.9754230745369217
49 0.3020862474988471
50 0.3841913241643918
51 1.6074222341180147
52 0.9695469308315053
53 1.1519321825282185
54 0.24320761294468568
55 4.5847354065166614
56 0.997337195394178
57 0.591658764426259
58 0.6979397143666212
59 1.0382546110027
60 2.810401360645121
61 1.983660015860656
62 1.0968408206679492
63 0.9530013560724577
64 1.2723014159650432
65 1.420510858333025
66 1.4197908695626005
67 1.1071496750076055
68 2.3902827337826134
69 1.50517344455952
70 1.0411396611902493
71 1.0756414185931065
72 0.8271307912386721
73 1.4321350112951603
74 1.070213908889192
75 1.0960969400031546
76 0.9992063255200232
77 2.1403811234919696
78 0.958141808352993
79 1.073336628482973
80 2.3816401200007693
81 1.0024062612121563
82 0.9631434758863466
83 0.45353544347460045
84 0.5201447126169804
85 0.4352597728249292
86 1.3593739601148431
87 0.8938676954505921
88 1.8103971123739282
89 0.9461905409282986
90 1.3289248610802336
91 1.028112595802932
92 0.22427051122261787
93 1.354708194567776
94 1.3381085063644889
95 0.7124504203166259
96 3.07014880888843
97 1.1397057762092548
98 0.6695439508444765
99 3.03291632807231
100 0.9500680695107838
101 0.7979222970392942
102 1.379971772934665
103 0.460704174665368
104 1.7509428008646315
105 0.6209937430065394
106 2.6579456648686346
107 2.43307679330074
108 1.0282499536147038
109 1.0738310177928183
110 2.2166358271735582
111 1.0588934987763188
112 1.1729416668014827
113 0.9797454188802209
114 0.9545166579292861
115 1.3792373387274222
116 0.921880602699296
117 0.7413222264256469
118 1.1617247198868312
119 1.025597753185367
120 0.8757568106862631
121 1.2397478692766584
122 2.092249944315715
123 1.056657306909038
124 1.0319592228541943
125 0.3645251565251056
126 0.6313258249270897
127 1.0652218786017822
128 1.210924598958376
129 1.1955707122590808
130 0.9117042378066804
131 1.1131538272035137
132 1.2375684723838176
133 0.879771028745674
134 1.015534403924116
135 0.8170570221933402
136 1.002499626900288
137 0.9453279338308849
138 1.1616122551887524
139 1.7654573794963293
140 0.7488293420130365
141 0.9118813608897802
142 1.0030637454053302
143 0.7796037194731956
144 1.3133338395623384
145 0.9087823768570364
146 1.1011895020252582
147 1.1194373064045349
148 0.7546760371830551
149 1.047145106507586
150 0.8674610778140281
151 0.9994852472836804
152 0.9031168003063287
153 1.0538278847720346
154 0.9248587889705768
155 0.9198700813045106
156 1.1612845095821585
157 1.3021113970766547
158 1.0967345490831335
159 1.1716872754772794
160 1.912820131407253
161 1.1803218035618122
162 1.1124821408920424
163 0.9990246261021606
164 1.127423826485674
165 0.9811895042140004
166 1.0071025054402607
167 1.2588496266115405
168 1.1021950589432525
169 0.9502303878252368
170 1.0052630503165738
171 0.97105042837464
172 1.1704428953623929
173 0.9758394692767443
174 1.7550071393298714
175 1.160725510678136
176 2.132022905879455
177 1.0055370748777075
178 1.0076862425025357
179 1.0221460472406385
180 1.0023940640759499
181 1.0034207029791309
182 1.1171113384241191
183 1.0168324345610313
184 1.0921860466803113
185 1.0008737571173374
186 0.9928032098135792
187 1.5109600307011906
188 1.0054912020086908
189 1.0596238674057172
190 2.317945936020918
191 0.9996864661019241
192 1.0144447520461233
193 1.0227733409860649
194 1.2327512118500674
195 1.0003840121421927
196 2.255508074166091
197 0.9997432328528643
198 2.227675195538166
199 1.000107363299929
200 1.0185657488482034
201 1.1451033301541664
202 1.2067299109123317
203 2.232361912609662
204 1.0050710128650329
