0.49835584602776745
0.5516286886362539
0.3608794589208303
0.3738998606243544
0.5391801918440459
0.5591722465915884
0.5624520184894468
0.46705752521135624
0.2856001312455245
0.567597721552637
0.44673493221484495
0.2409339644713247
0.5609077878115455
0.5688677708874128
0.05293039749958975
0.09448439422354475
0.20721779537523308
0.31027782242999963
0.5467229835537067
0.5458892529932665
0.4510952959533643
0.21256640119913037
0.023407432008162418
0.16180022003611605
0.5677710090603291
0.563525850395483
0.17404229960837814
0.5174671857802297
0.37553782974996974
0.5326121492692422
0.31608011931114727
0.32881758699176844
0.2481267440167919
0.46713902080855013
0.3393138320495032
0.432255776193774
0.3459642711091766
0.12656387258525076
0.29590217456473394
0.5368251470206075
0.4956467764835582
0.4370327291588947
0.1513453365212935
0.4091193890425138
0.5672969073538877
0.23887964025509356
0.42827467170753225
0.2751733583487878
0.5698743076799515
0.18148112029073082
0.550807239064132
0.10465893980219361
0.5272052261583884
0.5695486146687208
0.2644844637552784
0.20400950188980146
0.5691197330168527
0.5696433986277422
0.36151799524853023
0.35328014256376217
0.5568569606513815
0.569810171583475
0.3689383995435571
0.3370615063390647
0.5419746518174023
0.40471670178930436
0.3190936951223347
0.41431972209932094
0.1421436365274849
0.567813179850665
0.44141765785326836
0.4787390715628583
0.2990776064547134
0.2427126831220799
0.08959585928151576
0.07382843976145315
0.1343774271334584
0.5685487786918623
0.5466462098661322
0.17012445862943992
0.11079492475884758
0.5447229805895701
0.5583925465383285
0.4235342815166985
0.5514467976007069
0.5609722702813991
0.5278030689627476
0.46341726057224963
0.2957281111910858
0.5491293165641316
0.2413917616799459
0.18010446418962342
0.4994443394251653
0.563724020350157
0.5517129929794409
0.5649824091079084
0.48187857026227576
0.516304862628128
0.16677068941847406
0.43665192488225446
0.5693536224340833
0.06660810369442599
0.5698325514080284
0.23205727216603872
0.11091822392407721
0.5687829405190431
0.35890220870985107
0.568988780274118
0.5697579026297648
0.2926929439852478
0.5497132973432536
0.4771603022273948
0.5678485643605061
0.5221949816099275
0.4062864389282709
0.5694262420531186
0.26618446725705874
0.49280810244964307
0.08691328076559542
0.30242420002970766
0.5698105050313893
0.5023232300093848
0.5510854718343803
0.5392176538250572
0.5553911683560337
0.5434935580835899
0.33428013364037074
0.48382350112076555
0.5687877725313499
0.5698699835626051
0.20744495109123223
0.29147792314942744
0.5400626756598281
0.40109829368390204
0.25632076143570776
0.4077360936910631
0.46648887059444877
0.5124461719170126
0.4489469762917725
0.5616666624296757
0.18726980614145106
0.13221127513415426
0.2005192465813578
0.4958318942381139
0.4454799310159625
0.48752782796723904
0.22959879115095605
0.3458614034664397
0.5520946684828429
0.23912370784559595
0.5649693116974196
0.5696007572882198
0.15913152478352402
0.5534680994707525
0.31499578095300923
0.5249414603404902
0.3588303534261473
0.3764158986167221
0.5690154985924022
0.4439548597816879
0.5698767618191412
0.5599324218098065
0.5698372179015624
0.29397259921003727
0.5686311589222244
0.037933829181359624
0.3070396225972087
0.23924869810579452
0.5650925056867889
0.48567924417939284
0.20695044387568168
0.412291204937534
0.5690883933462308
0.5503413939608113
0.49994726707410725
0.5328911333010977
0.5367972811932855
0.5229241107873333
0.2220655667803067
0.2470440628178618
0.5449813655993027
0.5568959848741061
0.5055485958093536
0.5473623570663676
0.5274436972324741
0.5696152979378847
0.24941514340533322
0.5695486872620754
0.5644096721522944
0.5698725828124783
0.32560350228043355
0.4134923460247173
0.3085460968443447
0.42111567662337085
0.5515808798542409
0.5343811055119165
0.4326185891063119
0.2610139054751598
0.547683092519181
0.5681157631274162
0.34759542383919223
0.4652582248612347
0.19335136127562813
0.3593919374025902
0.27312136902479794
0.5622365692583953
0.352428815719905
0.5663323266994434
0.17905804784092116
0.2818659786573755
0.5457179619903042
0.5093206217375341
0.5646605730474384
0.49395132646293344
0.31499920220075206
0.5503048167036213
0.5057943236559173
0.44782820208413876
0.3532140232998666
0.18118377173432176
0.5280712710541513
0.11584696781238749
0.47451499133926134
0.5577258123381728
0.5594418819488779
0.41882646299338655
0.5695712931165698
0.47078888529933643
0.5694434200942077
0.18619603190730463
0.5379166027746382
0.551367265969133
0.4813004796245177
0.1457573518000285
0.3777790921716019
0.548071145060658
0.027099818917437627
0.3821220252166229
0.35263056897117534
0.3021306943420881
0.5191829190193346
0.5698610509700794
0.5225450675856269
0.09813836202839314
0.5129852038078216
0.41979983195978376
0.5534001873898846
0.03933476372061125
0.5499695583215701
0.5046111417596186
0.46678447127735606
0.39358579404225713
0.5361409227184671
0.4207501311127211
0.5190300273789149
0.4950789592418873
0.563579361254502
0.3653161036923123
0.14765598555532047
0.4853289810950207
0.48352380619671886
0.37115618291742575
0.4769750874656303
0.15423408172435718
0.5517817359754102
0.5650302587083699
0.38517436114194276
0.14961163133224395
0.5508085226252096
0.5688684843535269
0.49241439136833753
0.2534393215724526
0.2642679631579056
0.4196313138355981
0.3089940949300731
0.34051461750265255
0.21460969977099972
0.4632104179307917
0.4078625898237885
0.5523036655625522
0.45685259956788365
0.4211325675333898
0.5343748367978259
0.5017609825508651
0.5578577609728528
0.3665237752210983
0.5217250397522644
0.44097440671052673
0.4241401465951827
0.4428428918173897
0.1361549220636217
0.5389034931892498
0.15798688729927013
0.5644463476256227
0.4774925186561581
0.5467490668781602
0.4826825009904565
0.512058534079401
0.38650858978518293
0.1444706409296397
0.42552760099206355
0.5310426782524008
0.5425058183965644
0.18016577272525544
0.48806013853898966
0.49827500397549584
0.5691604379956144
0.3855476172703219
0.5651930654400078
0.5214601865517687
0.38237725794916866
0.3449687287944231
0.28879599316018184
0.3905809164044873
0.03150434876772467
0.555072231420946
0.34717881320112115
0.4423370362446276
0.506429344228552
0.482884850385979
0.5632642328761867
0.3579246493896343
0.030903880393796667
0.5629576418692182
0.5582746090482188
0.204715089895599
0.4558622951953511
0.3016438879503973
0.46565615255872467
0.41103345916292044
0.4107842261685805
0.22838518270545047
0.49007681314703494
0.5077298954684156
0.5689013104512152
0.29897947934833846
0.5673030151752931
0.43958972092180737
0.4738537256781794
0.5205725359388772
0.2418328591443921
0.34018245288152765
0.4925463014244912
0.5543041694500246
0.19751854538720245
0.5614480590987048
0.5377468108105202
0.5143426821156862
0.3742595136565678
0.2896079068597377
0.10124159388133995
0.5022901489345636
0.47677059305014724
0.3452211502423331
0.38171296083447903
0.5159968669778167
0.0347385861865638
0.14845795106574636
0.3556641064787609
0.5451867701978965
0.5440132094594816
0.40541486515539366
0.3257790991561791
0.31107506950591873
0.4516190459828513
0.4460402042606667
0.45131760797890935
0.4737853240029345
0.44085104526839125
0.5572286840130015
0.40666718773439053
0.49500979907393367
0.3568025057471837
0.3829548920885212
0.31399797740892776
0.39107292607825467
0.4295248325498857
0.524377768993613
0.44391116851660145
0.567395905576329
0.385795694271919
0.45507832371050616
0.3632554114020479
0.4881992152286538
0.516174188294899
0.5562333247201123
0.23710701274252863
0.4190549413187305
0.11673015183599035
0.5241534889016262
0.2086906361821785
0.5535153331053524
0.5625187004919244
0.45337247126070274
0.15738632685376358
0.17360713367885372
0.5477443310505526
0.5537340747085482
0.22071569851976616
0.5441066626790144
0.19854690047548434
0.5586793693308411
0.298527836270021
0.5378167134541653
0.3379410913910584
0.4682415534963818
0.42559494192520675
0.13090393109310391
0.49523030583588296
0.22717744185583547
0.42241462346295977
0.13021469343748987
0.20783043391020653
0.3046972650730276
0.28512929109200247
0.5698332349688641
0.06805985441139398
0.5210041106870863
0.5440811965122767
0.29024319448587443
0.4466444751157596
0.5647068233943592
0.43781076481002185
0.5633544484256935
0.4882369483845083
0.25064263986120755
0.2404273160291181
0.49463405218509066
0.33247281365040665
0.39774278321386397
0.5487161156542606
0.12540763787612016
0.4851399761844806
0.2509621369816647
0.008048270011102332
0.059686916950741464
0.12332832729838152
0.5297831114981061
0.5462369256849341
0.3623780483788588
0.5607632067499368
0.5185853713473899
0.4762137457336542
0.1404086043751418
0.014542379279335977
0.5138957603960005
0.5386924956199384
0.2941852178544433
0.5653896738578974
0.5672180087407911
0.565529712687118
0.5205406910414536
0.5698186244584375
0.5583836842547405
0.46292047506394834
0.5537620148647824
0.5651298623955805
0.5669302403216202
0.5698718223898374
0.5676530362177304
0.3302660976520709
0.5084330466639393
0.3756384547970505
0.5134360987308727
0.22659227178537028
0.403465056776658
0.5510274019572667
0.38853286093744016
0.22035444313819158
0.40115282470941155
0.45164336038693537
0.2641973725115139
0.5389245382839392
0.4875929768991428
0.47694540478161884
0.4832926346914392
0.17837031575839168
0.3923910040695343
0.5036160458593908
0.37781147104989166
0.5693108243125385
0.5694612361752015
0.5162012078871763
0.5274702647447963
0.5661985664230771
0.5627842350387466
0.16308087343162808
0.5641884894882193
0.5225883167157777
0.5140073242523762
0.5685886332537062
0.5515603589029359
0.49721172250431933
0.5594059361572479
0.36771798156255386
0.3607528283349296
0.554070039562975
0.4154230454578768
0.2641451168704134
0.5467709054956841
0.36707794380374864
0.5691833407130851
0.4579778823335686
0.3530874555234771
0.27730747103033115
0.4911087554766987
0.5669357999638955
0.5690445423839935
0.4743166462943676
0.3432171716033408
0.37387067865516627
0.41600635194318136
0.3101487627133076
0.427928546115189
0.2621314382030145
0.4667572726716994
0.24636416438336897
0.49219947110209705
0.1940102768393657
0.5581529343900173
0.23183238334665213
0.1100228983228923
0.4558129003602375
0.5696831749915633
0.2818659102208404
0.5457242714376209
0.43168602330007544
0.06085326383768624
0.24417723465142202
0.5110239711323613
0.5681196993073421
0.017981399164694878
0.1726544010062077
0.15112946984638012
0.25219578318225977
0.5687555844947177
0.5111508505911395
0.35279456865528636
0.5695026756562456
0.536144964064253
0.5685835453968203
0.5393566636747044
0.21597045976280693
0.5151253694737985
0.4076616143185188
0.5256115249614642
0.3699359990339473
0.19584661859955194
0.06362086241872994
0.4660161851538438
0.44605237833693756
0.4275837815312078
0.5289751693262791
0.5618827847590744
0.2380567737778496
0.5640107137062755
0.5681872094403934
0.5665867057215765
0.5577257404193963
0.5494897217200273
0.13612258455888068
0.5565097832968933
0.15062880733484002
0.4256153062907931
0.5697442905304271
0.17817932373239584
0.42562907078392
0.4133424503905239
0.37348645610539766
0.5697477376004424
0.566405834056024
0.44139135669939805
0.4758401519209159
0.5570201835776057
0.40285856207470006
0.5679911536745254
0.5232095093691194
0.37728732571175716
0.5488555815050811
0.5663886648691898
0.42582263963221906
0.14013728497116587
0.37437789059429605
0.551916089639746
0.3866550931529491
0.21170343515463996
0.5592613144591719
0.04320753949289561
0.4533096643624979
0.44493463145066575
0.5624343467786648
0.5453873854749137
0.45241352839208226
0.08335257942668858
0.5697693693875228
0.5680364756797838
0.5368263434215068
0.3306624132665243
0.09074066948006995
0.2336586140209124
0.3186135716161686
0.4924876673602437
0.44153652613639216
0.23745437956342963
0.16830273207457144
0.5394771150887795
0.5447946234712157
0.5605652145501575
0.5656975575936117
0.5336282532562322
0.10729167181366316
0.5020102014456522
0.5347766585801171
0.45425769133721905
0.0673580376029255
0.020650684489536397
0.3724788457539372
0.5183128468395654
0.22455968268663057
0.5687814174801374
0.3902686475878279
0.5626388184635721
0.37262056491956536
0.20797816074866082
0.5697372077303045
0.38263831109322083
0.5296939364735074
0.1074916649102387
0.36701036311776647
0.5331255607543934
0.5545883093402088
0.4931662917492149
0.5116257147252428
0.49066710718397755
0.22975349219893218
0.5612179753455664
0.32150703854663804
0.28488755262439397
0.5690277855181886
0.5233645759406506
0.47856049285497776
0.14205752136408295
0.5169689010894887
0.24895060020966633
0.5660831690656006
0.30090090734714736
0.14933386043921315
0.5006016096615821
0.5054035584813037
0.5697998643398253
0.46623743824354147
0.5625028472661144
0.27427876863077766
0.47958340904746316
0.5583902337047683
0.10779193035908784
0.14767315322724045
0.4729937845713042
0.5117663964223093
0.419047254192793
0.48122926370252517
0.25217981181136684
0.1458785836243482
0.23227395780343718
0.44938901838190026
0.5533511252341681
0.12865136714384878
0.09882486530698391
0.5558992450884588
0.5692890396826267
0.5360577461145566
0.4005075732001196
0.41897115751934577
0.551372097657623
0.24800646534193801
0.3817910476871483
0.4658313825511845
0.16537420685250437
0.40662473325386117
0.11868247500694129
0.5063570050454665
0.45280775011445096
0.42393951345308406
0.5203155069396022
0.16149293247020177
0.3536057113182779
0.507588710992826
0.5305040468492287
0.4762907984773846
0.5698735971632204
0.37806289790249287
0.527204266948275
0.2481602051303449
0.41430196662962376
0.36825128710993577
0.42157928059168076
0.5665992107874142
0.5479342676977051
0.5258967085721127
0.05575562214000985
0.4943176176500025
0.5006004653724611
0.09159918489497214
0.503928158003473
0.5227959332013409
0.424926179879823
0.5680280804376259
0.4520181027611874
0.5576364983613327
0.47060212961354314
0.2925578639479541
0.566878559761243
0.48738611735198284
0.5473856267890315
0.09096751852758189
0.45793376279231723
0.4660880854645983
0.49284699876331306
0.5637311173834153
0.5589388626355282
0.3754857151904005
0.2476228875803355
0.4603665310290593
0.014582237228298696
0.5698767574271044
0.5125692224639219
0.028132558005907755
0.12919353587612728
0.4979359547912558
0.48969882211809435
0.5453229559495697
0.549046985583824
0.2795126276961203
0.5539533049227219
0.07481457087080687
0.45092679294826604
0.43655839409297564
0.3961808504961211
0.3698426055805135
0.5619678688227421
0.569860645606402
0.529932259725804
0.40202255210575355
0.5224240961458367
0.23827001895127156
0.06502438112557048
0.49853883415306943
0.39051774797144506
0.5480402947742753
0.27704374222992234
0.2922651056616536
0.4266096273227671
0.3941083483389865
0.5391926521549931
0.35597221014566466
0.38013721444125603
0.5657796296259758
0.23110581795644217
0.273875820028357
0.4366611203451229
0.3688330211660431
0.5050800415120122
0.42356001180468134
0.24850278010854057
0.526780873970385
0.5686276017154303
0.3123424302849911
0.34365505010033137
0.42429023802439625
0.07383143630366906
0.4365285041953388
0.31676217254392375
0.5628675221815849
0.3091836317277921
0.5630682255323897
0.25415279063246765
0.42189145087165786
0.3800696818286651
0.3058304561366769
0.5163250729414293
0.5257109582599319
0.41885052115249705
0.4147098761009592
0.42156063652011555
0.002766975949598351
0.23391363116643135
0.34784351797266533
0.20170095682971823
0.48131029761367694
0.5604787794718118
0.521857174229365
0.33506267379705695
0.45042404170336103
0.5380904474378354
0.5643928242257644
0.5480774636088445
0.5659152424823879
0.5599372212676387
0.5666354757615445
0.25607345344251964
0.5609771573481751
0.5092585607825181
0.44589683879392017
0.045371815875707364
0.547145283640607
0.5698754685682006
0.47335350177510066
0.44728638031116935
0.469498881293504
0.5440330705493579
0.545559998703525
0.5690834227749748
0.2076113959646978
0.20413189164127568
0.15349639990197447
0.5692730126329383
0.3525002393696515
0.559070428479417
0.17752318529534172
0.4568403333879556
0.2380422134734753
0.4114667813929544
0.5552373655234158
0.4780760353357114
0.5689511235881772
0.377517926041409
0.4715521231468865
0.537664939415937
0.31179544657490027
0.5212844882132632
0.33351155112434305
0.49129745115640044
0.2828971588092701
0.4623967080885023
0.24249143131282272
0.5271004767782638
0.2793206526776057
0.24667873714543795
0.35297705485727376
0.140505723831634
0.4025029641444867
0.5654712761197888
0.5695395582586833
0.5698188274319915
0.5006792441455145
0.10481678048732024
0.2358943323796827
0.39991596158712234
0.5605265652402158
0.44690710063110667
0.5328935750240625
0.5394824444162203
0.5410893884260786
0.5089027253525007
0.5676933622466129
0.5535583368280311
0.5402085073967214
0.3778550651358802
0.4163477807513434
0.44506901081438305
0.2953581086017534
0.0413887263318721
0.5576862186829158
0.5016406222429691
0.25834827449790837
0.49030449199048
0.5465546454292814
0.022151666900436903
0.3797799786513642
0.5242252691739314
0.5693429650282222
0.5644775641796209
0.25480768724809055
0.5692925953995907
0.5646090567323868
0.5183955108073649
0.34280003843507356
0.20339037342747068
0.5231853929513669
0.5672475376622251
0.3837704210442674
0.3212020791317187
0.534332721007593
0.1601297866211871
0.23399162690186193
0.39936485040238556
0.5592492122066375
0.46094778036985207
0.5135849071467036
0.5078366962370218
0.5688231909954231
0.14069998219672813
0.34533623096783167
0.5687238563602132
0.35461502168172915
0.5698514472553947
0.5584959815148386
0.4806665195448484
0.40906489165064935
0.4198693712721702
0.27649904720935775
0.5336935788588802
0.5596739320843281
0.5656336742084866
0.5529907795279427
0.538854503596891
0.4627016458939049
0.3545267198540603
0.22738536433944204
0.2005033090235011
0.12340238094189815
0.49742708231208654
0.1993364098725575
0.2585647854262269
0.5461890628450307
0.3185813109732484
0.47279138973152923
0.5638649864150939
0.5698358585025456
0.4289914472710856
0.47242393195843657
0.5507785983698975
0.562291967049641
0.3443677868384817
0.26646095655794183
0.28396481766553255
0.39260640408848896
0.42331385570612495
0.5340508981085725
0.360527553099175
0.5027574885868371
0.4091091391443068
0.539283291043813
0.2735548116428861
0.49842709494276133
0.5400821787423589
0.3388984421516455
0.36399365975673637
0.48080986615158405
0.4828916318397328
0.41018906961931695
0.5050631935885198
0.4682994316116986
0.3810686292437749
0.5455069018564144
0.3062901152576001
0.5429932657520614
0.5490873874359541
0.3627474852797706
0.2260054404910069
0.2974296379232472
0.500809699460928
0.26190118119810596
0.5656124549074705
0.28506794800842356
0.5489305558056672
0.5677048563262184
0.40719175918497047
0.5692047635004722
0.224504787448325
0.34012585104138726
0.5239335189872733
0.28245201015464777
0.35899318115583484
0.541647137261339
0.48049741571738297
0.32144248984057844
0.5479461676627911
0.5630597389513
0.561066022996813
0.41841048279258086
0.23164345486964658
0.30207058399962133
0.568122189669232
0.3984924839177465
0.5244858730760293
0.5570424547629803
0.49552039198378567
0.5224355398086953
0.08587358876881303
0.546268348378548
0.13616075946120054
0.4538787292659211
0.41390426272402286
0.36381679561888536
0.34569738082914386
0.4804600054086352
0.5688516547224498
0.5697714905431586
0.2212210610954202
0.4789043516467737
0.45872898447904875
0.565109333107473
0.45813701000534646
0.4352817311574955
0.5655519853441663
0.13591900905808524
0.5697337711861858
0.10983773154619557
0.5688754494654422
0.46307004413012753
0.4893777294831696
0.31485637143123196
0.5345111757740537
0.11570605513210452
0.5371851090024053
0.565790537538158
0.4087449801520683
0.523634635911158
0.5100676754315383
0.5432627097902214
0.49697478619114654
0.5659455791435722
0.5638895183633649
0.27781633116536136
0.27828397476798666
0.31342714159831553
0.5274781369877568
0.3700486184026614
0.21595028516546022
0.24569729793974557
0.568758928628364
0.5637971961528195
0.5661384796490128
0.159161934356358
0.4851597677498935
0.07222084615197553
0.5648985669063539
0.5514430199996795
0.40431805831705653
0.5680195142277183
0.5320170176011881
0.5498832747020045
0.5629951349931109
0.31257189782458966
0.2217227237754714
0.2518185884148734
0.569830176807931
0.4744755705084541
0.1433939094953932
0.5680252803821803
0.3381061953053484
0.531159767414613
0.5512089487146602
0.5656384147174468
0.5650599261947121
0.4660289064024945
0.5676409485126231
0.23880163773118218
0.19227447565519554
0.011951033195332014
0.06975547867809313
0.5223700467053392
0.34797800761364744
0.2938489921036838
0.5029472538896185
0.44396424329648326
0.5676548489939809
0.5697031066410927
0.5671545784316597
0.1765099410624667
0.17443977043233144
0.4697926367364997
0.5006302614826611
0.17259225538764628
0.519552853022966
0.483366449676356
0.533610711346871
0.5078492267467757
0.29678330912902473
0.5431847957294856
0.5469170570372092
0.5031023943867942
0.021680292825304023
0.3769729199819922
0.4068498396548533
0.3005592302946313
0.32629280339627253
0.533476864769232
0.5643491476360715
0.24713022064351192
0.5183240136206012
0.20012861934296594
0.24443482685504725
0.28420480304337226
0.2388101487090207
0.4969663032599753
0.46601608961037905
0.17190258595189703
0.4166176913543013
0.4413524992051271
0.3520657679975673
0.5599230758384411
0.5325247596917452
0.5278994205990994
0.49361472608037216
0.386646722567365
0.5027799208415246
0.3091338620640634
0.5537808712079181
0.48202547210910596
0.5663211303589774
0.5481383722596392
0.264097376932608
0.2930798243253295
0.254018797395308
0.4450164883943965
0.5134219689666814
0.5598968189944132
0.485172374367488
0.5298797157704126
0.15052958218555354
0.3686225428904535
0.5177159221432331
0.3620831720387668
0.4383855354867505
0.2564631341645745
0.5376256414718721
0.43891860561480023
0.41513438605092856
0.1984072370992181
0.4733383226914698
0.5027867647350202
0.3593288736582485
0.5584808171992159
0.5516128966178416
0.4057822483231786
0.5698722317277114
0.5326168902185331
0.26871555527731944
0.4590586824593724
0.43826610109220543
0.4971304242953417
0.18655003519488353
0.5454487232057251
0.5692471541897995
0.2886776841497233
0.3031386846609349
0.5200246666592946
0.5698672391050343
0.2906453735251778
0.5363402471520466
0.5695202130082404
0.5649800295830778
0.4717594750394372
0.47796695176286935
0.0899836070408323
0.060829328339470475
0.5681907855227938
0.06019406446438939
0.5692680101551043
0.45802545022561336
0.5482555681870489
0.43050105508984476
0.17918265445597756
0.5697341589457934
0.5341019111881334
0.386584926690428
0.14800990628309216
0.5694097328670661
0.46626397410580794
0.10317008065521846
0.16513501686588583
0.350169659933798
0.5692829828862459
0.10459883695465816
0.10397579421456335
0.5429704587170208
0.3756744102120415
0.4994302882859941
0.5479518023478882
0.4749276879414731
0.49331460053813103
0.5697928320688953
0.2721759060311224
0.2919923597454572
0.432230856169357
0.4445423736506726
0.4160770308372092
0.1422316293576091
0.503254600158658
0.4732924972892308
0.41895647243079703
0.32878636880299766
0.4746189591903062
0.5686238732396164
0.5174380798397562
0.5376506105197181
0.5692968982078439
0.56984309753359
0.5697528594643233
0.42927606833693777
0.5698723696624928
0.3389531375103239
0.36773003324386266
0.4839017174708173
0.5686636250263334
0.06927495171358812
0.46035218228471353
0.2696853413124929
0.20390737887029176
0.5661287445452863
0.5357029703258313
0.3861498700248744
0.5548070310427269
0.5605369485296858
0.4292337854994845
0.3622884423622199
0.5576251246623914
0.41961326023696605
0.5600133255534212
0.5620335643656701
0.5677388035034802
0.3346662339777956
0.5698341220296782
0.4860042846484217
0.074217381182543
0.5682070929710356
0.5501340357149855
0.5066477951927315
0.3950630535329236
0.5660380959179976
0.13203147963523543
0.5533004842589705
0.5234735708865838
0.562883884568964
0.3972365002581132
0.5212645889769729
0.45020573488861
0.3750663340665022
0.5698019787642697
0.5426388790296915
0.37027614311274387
0.5695594220816474
0.5674756388196379
0.4045450936313094
0.4142089586250925
0.5464367385478542
0.5544734648731676
0.5626637054689239
0.46531894695327825
0.3127578077364386
0.5672835013784784
0.569494068965429
0.4679615898716018
0.31543207233678017
0.10677014310979357
0.15356714240963618
0.23040119808623888
0.4608340128554582
0.030831759122991596
0.5475351332912961
0.022954728401104924
0.4892580903257488
0.44321298637739687
0.5698742857190162
0.42494374919953803
0.12455825563466331
0.40828674165499595
0.5689834357569452
0.44652201817691317
0.35986295661679574
0.5098479674939799
0.5443724652769677
0.5559972684331709
0.5666659223214952
0.22782532939439287
0.23743400713577448
0.3511071672451869
0.5458912860141323
0.30668614035320163
0.5123160921379697
0.5180691692112366
0.1270726815991389
0.5479026317258479
0.26976176328762175
0.14587958538653814
0.5698693264693027
0.5395363316369942
0.40760929578864996
0.3002592632918876
0.38098379662734977
0.5661529683196211
0.5259760130747925
0.1994590167783763
0.23350617925575898
0.5150703448970737
0.2486164131807452
0.4908783423777723
0.43642700484301317
0.54814330452278
0.5235164396037677
0.2297113662274998
0.3976503651522128
0.5506671663234426
0.09563414060299165
0.5614834263145546
0.14974369823996928
0.5673574191736066
0.41199071111976193
0.5258592119926166
0.532381578265935
0.4430695577692768
0.4798088984062583
0.0163519021996626
0.39372194343423106
0.5515798426775121
0.5585188926413905
0.3489488293855538
0.5684949116244112
0.5691794434232074
0.07692876151445213
0.5684199337313172
0.24181247525279387
0.027648412022158727
0.355997481924127
0.5698700758352518
0.09222070549459523
0.5234417895625809
0.4840748450578655
0.42421355166805536
0.42849876610169935
0.4882854548760077
0.526629627288469
0.5294176782870892
0.30490606166744466
0.3727613301012318
0.4901784779454921
0.5027155063685768
0.5064415219315563
0.5693009380239324
0.17669843414510064
0.5322830172767751
0.44258966521661897
0.12739820834744933
0.5555569340787736
0.28527813930910517
0.3672482384957981
0.4723566108823457
0.47945054441623597
0.5691558997558115
0.4434023189656967
0.2874519905503662
0.5495516673666361
0.35898385973165536
0.2876211924500022
0.5556582783231088
0.5255912966745827
0.4547685946630447
0.5202626991845881
0.188532356931121
0.5689440291895661
0.49584700891467504
0.5440028119999056
0.16478854662326328
0.5230348901368029
0.1549123577998541
0.32715828461400764
0.32486268470102453
0.4496652394992254
0.5633416203825569
0.4029731547799029
0.5669844495539772
0.20190308017161374
0.4856994782480621
0.4059847421210202
0.4036022174593461
0.5539540035787486
0.38968337421897997
0.5661593785432776
0.5578745689961776
0.47282767249546453
0.5568016348945012
0.5469564216870989
0.16419780600859313
0.3454657529602929
0.5599596203137734
0.04500609506476597
0.08886436172362144
0.5465441525198707
0.512805008872704
0.5622288611569073
0.5671557654447225
0.5694192666088507
0.5634085137272076
0.08917699488055954
0.515434055971601
0.5484617053371077
0.5551144137540255
0.5037164840236978
0.5328280337033326
0.05050239063051851
0.4957103078048784
0.5563912582092081
0.43786051964713935
0.12942605575473803
0.013718187554429374
0.11604754109857729
0.38294207971466554
0.4859175106143698
0.3743814242161086
0.07718675347671831
0.49852880294354573
0.5025894679009943
0.3218415942186358
0.5517737912539336
0.5232376545447363
0.44621189226942015
0.09367661041079166
0.5471347344521443
0.3648718739788816
0.5292358360916982
0.4597010964075741
0.4483020643069669
0.369642675312641
0.41791126597879047
0.5365501708885879
0.39171177923254685
0.5472875900105016
0.37430892387407894
0.5558913146424025
0.521664187835533
0.5026997881557906
0.42819614352732144
0.5392613134330733
0.49530833338713753
0.49019521964195795
0.5191744704381388
0.18153545383855887
0.19779160253037315
0.4386026477068572
0.5559124414201411
0.10251831313011767
0.5507930475828207
0.40650213955586806
0.49487139544291353
0.3332787072587962
0.2871613245358398
0.4555911817005901
0.48084669301965566
0.5252301151594764
0.518039999286591
0.5604276148835174
0.5165530956841695
0.5300988720547317
0.07813936398013621
0.5152535470978459
0.2733645702728355
0.5693861247887918
0.5447961307225108
0.5584479199868173
0.4692574081302273
0.24958086207200447
0.5244942473144052
0.375054497402105
0.16216933475217107
0.2521318608930967
0.48527858427138926
0.5117809965606726
0.41656614629395816
0.569593028269437
0.3871791435857588
0.5627273331137185
0.31223753401595483
0.4127537489033245
0.4666190978400851
0.030916684324221132
0.5083959092613908
0.5420950556945954
0.4600389242470767
0.5624142983146969
0.5508318563393788
0.44663895098104
0.37557365374534357
0.22742550301574893
0.39158459879216884
0.3952376902831575
0.21895658693700387
0.35720396840218055
0.5241981965530633
0.5327725631169168
0.5300223172136068
0.546372103053689
0.2548112930682504
0.42454650974012553
0.5445212757471302
0.48123795060964275
0.3221562849757254
0.37429108643447095
0.3402210648851379
0.5478842989755082
0.5390756448731258
0.4644251815462943
0.18067594458842046
0.351201595610044
0.5183572296971657
0.09361892462058254
0.5025093081559907
0.2299623820910489
0.4211100204767736
0.5693102229441506
0.5690417183669277
0.5655067145830811
0.5697618920190229
0.5404155052218331
0.05991132695843223
0.4418689614516416
0.5696155960248701
0.34304065756167734
0.5133962418188706
0.4806506897080391
0.12093137303346226
0.12451190639933213
0.26585077155520603
0.48430515355649884
0.5690425455008931
0.5536587548403016
0.5580225047876617
0.5418575935370219
0.5416167833132824
0.19610493589061467
0.2594527011549224
0.5541860266937082
0.29093197812218224
0.37528198354561687
0.3001244194509415
0.49751933001245824
0.5696382842020936
0.41117735418252943
0.07327485201576996
0.2744909670734837
0.3667843744891254
0.5612561962994539
0.511381041321341
0.5164343448380981
0.2887934341870971
0.46448836348979045
0.22903942041878367
0.27197390144209443
0.4204124228271615
0.5533279676020059
0.5374332511523856
0.4187101967251606
0.5436032986673939
0.16765912445327125
0.13753825595062566
0.4279958753218768
0.11556266072109421
0.04098861865206989
0.25828760679697965
0.5029660123894456
0.5531846626191737
0.4931251224134612
0.3513606247195006
0.34943927959222065
0.5640371396271626
0.1929819015921241
0.4912187082644901
0.2948228564258963
0.3209623914454697
0.4726450688879632
0.5613605135152869
0.5417975157343852
0.3646485340676976
0.4064236481327079
0.4469909009328233
0.5681736382840481
0.23732655607063727
0.2931136283225915
0.2575063413766807
0.40415795822830075
0.45892906140569534
0.5112925262651803
0.2534076927122347
0.5257603336052528
0.5460048312298325
0.458036787245089
0.5588131306690398
0.12382963430114345
0.39481667206190774
0.5597136090367878
0.3879583174842356
0.5109242313947442
0.5674239883899814
0.35026171952449453
0.5048691767126096
0.5394508687374604
0.08691192552184357
0.5384708178755321
0.5578616832251205
0.518811431115611
0.5008128133525995
0.5635039215030695
0.5004481123956593
0.5378967615831233
0.40340788789713916
0.25398621982731845
0.5395570271479848
0.15323265716560375
0.4872956375674425
0.5335374347349269
0.5402627837185044
0.31287440900380303
0.0876891404420643
0.43239144957407927
0.09032735683172825
0.3318567920055937
0.5682840755726796
0.1223706501082973
0.5558436597415214
0.4357712718315567
0.39957868465554935
0.5697222914107175
0.47853091656176805
0.4335227818263943
0.5689998093390966
0.5643710412432218
0.38206738792908534
0.5374318895808078
0.557455394675015
0.5242188803132815
0.03202434405446763
0.5228368507814585
0.569552554467864
0.37040117868419786
0.3948873801547168
0.38303874808746147
0.5666739002547116
0.451836656476359
0.4240548473178318
0.5665910450901095
0.5315929022041386
0.423371139452108
0.2330648576276005
0.268250615984443
0.4533407148789795
0.2714486951757822
0.5093061238761207
0.24689746037100074
0.2905539220213121
0.5633313542193124
0.5232769388196131
0.4821241373184202
0.5689820926134612
0.37691814823323405
0.5645137430568641
0.5687325555722532
0.2010386997529191
0.11140810074813794
0.22472223729700344
0.5664525422386234
0.5689566430179149
0.5608785615296387
0.5035393563897295
0.5015434270348745
0.559142881376345
0.4579580487712517
0.48607884414992336
0.49217235273823234
0.5582736752527727
0.28286651971665594
0.5645235324238179
0.5477353391328155
0.2904346049240723
0.5407297651955897
0.08431811409295113
0.5497052944304074
0.5568038124967575
0.20023204223862834
0.1867026564423057
0.4587020743990641
0.10253384513630978
0.3345494349435127
0.43016828616570224
0.5607641068489907
0.5500657271969279
0.4667154770226136
0.44193232102190116
0.5621576577415011
0.5602304847932528
0.5301847507702374
0.5676683533708314
0.452618501719785
0.5640726870937435
0.38165501164718635
0.2593975781320205
0.44470504676760403
0.5698625935738466
0.4830902052918873
0.4641918980237986
0.5697596688583734
0.17823466520544884
0.5532386013366299
0.49342772942432733
0.4512240452563151
0.26164662851712206
0.5582445497034213
0.50518809973478
0.21135806576627264
0.2757094326535859
0.46701901183937716
0.538014152079242
0.3718678992226939
0.5465606455804338
0.5503964928031899
0.33598681366324545
0.5311959541238643
0.30918618517894014
0.4318394566311644
0.11957850416151342
0.5646995858844632
0.5498549536407011
0.5697746594743294
0.5633025251464446
0.5203133046265719
0.47102095341738015
0.4731126344465849
0.29289067548332903
0.5679591287427329
0.1640444304114751
0.5387439299653504
0.5599378493035236
0.5384195127028604
0.4696814237521456
0.5342297306355093
0.45646182828764365
0.5691524169822467
0.5565067285763621
0.5118831447181798
0.5598151895275778
0.5236628146959765
0.19458994308468455
0.3628937303033667
0.1532546657800827
0.2847764336314696
0.1343459805850019
0.5689183487558548
0.5496636435119543
0.5002946856596767
0.39262283567110484
0.5663359026445584
0.5231572693300778
0.47317893124475435
0.4641661520613802
0.4964855589963488
0.5068494338670428
0.38338453186100263
0.25862807715149544
0.5215647676721863
0.16955076759769375
0.5107517072642829
0.5681549339700487
0.535688804518733
0.10876158746438765
0.5676928906554718
0.05252208843780109
0.5011872578164916
0.567564637301525
0.5238085859473954
0.4464325929826429
0.5674034961527789
0.266403218799913
0.24169447020562343
0.2510983587283939
0.5594405718944606
0.5496607273219553
0.5296443989541038
0.2030170801709721
0.5514612780011741
0.5271479054517576
0.3010242799979716
0.41315693367087425
0.44875430864826715
0.5697643908150357
0.3984925123499843
0.2726286099618321
0.08810392255226389
0.541388920754737
0.47597612888157353
0.37917440030339333
0.5604777184441899
0.4680101347052367
0.3401811012102288
0.478616282954898
0.5392413565117145
0.42725299959442725
0.3980444637777253
0.5645148376834553
0.3530840817925919
0.5321812703757456
0.13518163759411744
0.5695166367834531
0.5587976491412688
0.5677659970062715
0.5478973151992073
0.5616523179476657
0.3796009360044752
0.5695774212855638
0.08586089095721611
0.48495192434362877
0.13742040529709504
0.5036599097752554
0.5316527611370027
0.5445243210103193
0.4923440108438774
0.5441927541158198
0.5250571822201489
0.04553977482710041
0.5479416504031136
0.45197812772683643
0.5134827381281718
0.5698715828118344
0.04467870306588235
0.5418692086929294
0.21501710949475622
0.39869977822423264
0.3671688870558066
0.37120546939522797
0.5618268090987246
0.5191859210092554
0.5653510096060753
0.3484274087736366
0.039251449547317546
0.30086948131618646
0.47831150508092835
0.3693195820975503
0.21090198658159218
0.5584710076105763
0.3403511093084878
0.3944106733068502
0.31725928266904624
0.39044491659510056
0.5222831066032757
0.5507034727311163
0.4117545297368668
0.31084856145980105
0.5669951730697319
0.5563361839209024
0.5607903755252256
0.37026648463281414
0.4365491767141805
0.5603947636942745
0.2633294715702449
0.23274319566910306
0.546140462402049
0.257929282447061
0.5533578264583
0.5349232799213129
0.5682326974189142
0.3507897194552207
0.11771448283579758
0.49236159720382505
0.32412541018292557
0.3671692537315234
0.49099123465454403
0.5646419782147635
0.47506976946476615
0.35917080861476847
0.3954656518996622
0.565617512948084
0.5286554838247783
0.34604032870315726
0.5593367326180106
0.5610597963815577
0.13567783875384382
0.5561012739157035
0.56611631384224
0.32118186434471574
0.5454902886860721
0.056470733834335075
0.501032967670158
0.24988163900466623
0.5543882397608807
0.5383511702824015
0.5468479601836154
0.4092503807933422
0.23162240296119332
0.5483361642521145
0.14850984360084202
0.5685018791175909
0.503069958495065
0.5620124261742155
0.2424401028829681
0.41790051513833426
0.35812065615740213
0.5341668874339806
0.39534518877871194
0.48098500688490686
0.5490950657814608
0.5276893993379707
0.4510811078339293
0.5379888634264666
0.2814844472198333
0.4565206958969671
0.35127798718339703
0.3047685007439941
0.2788205980044881
0.26144750284455215
0.4668579168712298
0.45360183211480937
0.3238406213595331
0.1321459176776281
0.5523359659686139
0.35453447419768025
0.559143077706397
0.06595022749279625
0.3309551654439436
0.511019485730917
0.5403225532166648
0.4815941703118007
0.4684164354906369
0.3073388226871412
0.5564862265459334
0.4149517624985557
0.3602073895011285
0.5604909420285584
0.4681816541161761
0.5552999504839053
0.5697968864643651
0.4104580866123919
0.5695240797777097
0.2308017237717733
0.5274990154913042
0.5637775603661531
0.5678411801480395
0.4710646259736147
0.44839769967968857
0.021614144828235204
0.5686613082614621
0.537159728261205
0.4736729287449434
0.3537946304505334
0.5520347741934188
0.5077000752464084
0.5372525476025228
0.5693941511646807
0.23550309953756887
0.5171439856143684
0.5565444876241606
0.5687768913143912
0.5406128292103176
0.4675890866091875
0.5697415619473095
0.4376271436825841
0.37028221356745633
0.3666385863715921
0.3248272466173837
0.5374078320155464
0.5196462309351751
0.4108740469454827
0.5548118789284524
0.3662564623124721
0.4900844962469213
0.533114763007663
0.4702072694617174
0.4580641812398203
0.5612280420667572
0.5574602523691506
0.32073908635479165
0.35366175113788423
0.5525527101718917
0.5252237043680142
0.562107051851843
0.5267099096610335
0.5698412292274305
0.5676510991137046
0.5266711781101858
0.5404631691128917
0.09334430479319666
0.5423526502607381
0.3855921500474633
0.4775834367515313
0.4677300086594165
0.5519511194205512
0.5414668389812457
0.36745047895792776
0.5612470479709891
0.5692192033661462
0.5529327820900549
0.5317777203743106
0.3534245692498106
0.5694124795201393
0.5381152177388456
0.30839499402393006
0.3569597033556155
0.4217796697345209
0.5698081928097732
0.4164409673122179
0.31126786585544364
0.4108133819277861
0.5485624057811325
0.3618573403595423
0.5010467164331069
0.45231390974147234
0.5554720728278143
0.5698712826364496
0.2276754093828062
0.46574204077865483
0.5036612560654918
0.4883449946121293
0.11727753836713087
0.5643372102511138
0.5264080711508743
0.3929057939804188
0.5695263626024619
0.09195364976657298
0.5539241283277133
0.28631899655901133
0.5562346108892972
0.5476917882846359
0.5261990608787889
0.31291963141406054
0.556696807550516
0.5151688758615841
0.4253499602783247
0.3090225721172431
0.3814772303442255
0.5634730704433226
0.5616293116817328
0.5436079490260501
0.5363376908349884
0.5601549722588113
0.5698133178052169
0.5606602143974069
0.2356643607844795
0.5698765822487044
0.551563247069183
0.36925386383639763
0.5670195698947125
0.5684400626058628
0.1684859167161019
0.46000016992973425
0.21028268189634314
0.4314461723255471
0.3016196331881763
0.5072787418830399
0.5243657111761681
0.5691638851781827
0.5690092739464483
0.386950951264067
0.5691437827630819
0.16410776507788594
0.2915299656960575
0.45764926347533297
0.564999383813873
0.4208895380513965
0.5666649490596688
0.2838482408632674
0.207573440803445
0.2883360071080626
0.18036285388710754
0.14551959570165884
0.16213773251251762
0.3042322261823994
0.5684428508678678
0.5557735535962983
0.5214724209135481
0.45219217355364477
0.43302417003868343
0.2902336953101244
0.5026155211265741
0.5668347059283516
0.5182751843369231
0.5619935668863276
0.5362250922283375
0.302630712988382
0.5658141090839917
0.1521168323882017
0.2207701670946564
0.4835138534872004
0.2859958178021801
0.4804244077120387
0.49347710850376325
0.206807571057638
0.23476281181988537
0.5697835592921652
0.23748616780287263
0.16371332700915844
0.35805248414899155
0.5595471237858166
0.540429315772488
0.1839639024725398
0.36223570035826175
0.5492997435737799
0.23759602810086844
0.3324618015549578
0.2868482518031071
0.15249980474936548
0.4571039276939349
0.4862923148943418
0.2763039075767017
0.5568807834081927
0.5665158243514518
0.38124151876894186
0.5223309596426037
0.31810366396391626
0.5507228493825871
0.5473775259002869
0.29258569522797107
0.45597027040905225
0.5098905129547256
0.4065303271654454
0.5608062293468331
0.2611363684246298
0.5345867541492286
0.4828702788599738
0.16433815700870427
0.12559695294971163
0.19320484279544745
0.47387931148621815
0.3273674547028855
0.5664102362943891
0.1234374037744451
0.26723230076410914
0.2895733643503396
0.34603824182934906
0.23952685731665035
0.40324997251669553
0.5635491455795976
0.5612932176660101
0.17398787470855087
0.49344038110092986
0.4355866066195594
0.54478509868884
0.5394464811532595
0.48128710937810903
0.28638369668592917
0.5616962659342294
0.2441428372626894
0.46167740529675294
0.35438024282774294
0.0631617879669521
0.5165932859349679
0.14213639576883783
0.4454806809897189
0.5287597361069403
0.5688534914967486
0.5682842038156122
0.4294104314501107
0.4988136221074706
0.48659346625659833
0.21462040753310768
0.5441677129242664
0.3146770866389963
0.5617732638449765
0.4451953015632464
0.5360150162800876
0.16449780405293302
0.533743699214329
0.45993958945085905
0.5338001577021969
0.23377428170614653
0.06470049110497117
0.5572396125306138
0.5698668768306913
0.12185165210926573
0.5560691276256405
0.5659317887718702
0.5458094985861305
0.5027843577705419
0.206926364233507
0.2959152742596527
0.35592339071423235
0.4346014437374996
0.11805910363419167
0.4442557381977434
0.42976555899209423
0.19655268914672105
0.48070811705469385
0.3953123613423838
0.3878943224142044
0.5214286845169435
0.5648932378363698
0.49851831657010864
0.42812276630901647
0.20313741150039683
0.47219732800936104
0.5597978446376788
0.453327323587405
0.5688171754146605
0.5507060451769626
0.5692532809820955
0.5575850889715468
0.475605460564443
0.4703906724333139
0.0579275749741557
0.20215275675592273
0.5615661732475211
0.4433930002435362
0.02192701920026703
0.22835954945437056
0.48602664714573884
0.45571162311018404
0.5506312497280638
0.1721537329056667
0.5483623845437667
0.4336810376935416
0.5695949738802607
0.5636326341116278
0.5305826941215542
0.32016613073014083
0.5157396988336377
0.41885175100420463
0.5467436847302057
0.3535440255141142
0.5497353942191859
0.35908724440018525
0.45512724839432633
0.2877826960229769
0.5473543007336185
0.24517701456084548
0.5682628294624531
0.20130349989741853
0.5690307612547507
0.44548656884892657
0.5185438030717363
0.5463673519219708
0.2552051529866018
0.3326910859214996
0.20180024086566323
0.5197403676638053
0.32225683679595973
0.2863980259532572
0.42542248671135263
0.4117039748996877
0.3024710443097558
0.5684343315954186
0.3927283063817895
0.42828240455376737
0.5428371215159182
0.18793457240359335
0.5473552884363772
0.5697987397144879
0.5677022121220855
0.5527640516557933
0.5120295716903361
0.561093665807166
0.41158873228602777
0.5446319036498849
0.32670659334940727
0.34079500448062283
0.3842180967561427
0.5192903715424497
0.18525012956739254
0.38035714592561054
0.5316759722527887
0.41797133991996993
0.5674535921833734
0.1159102643417722
0.5529094765061214
0.35088445674778507
0.20765626969334708
0.4606122256727662
0.5161436673426879
0.13428506400351123
0.25081457905759563
0.564317236757608
0.014315037296805727
0.5645460944587959
0.5251221437022042
0.505128700399512
0.32832498761756596
0.05592525819592478
0.5562718141562296
0.45184064346649805
0.5663055493043947
0.5162919712950432
0.5690669523355487
0.5571456525949076
0.5678196016127601
0.5260877553493561
0.11392494989508398
0.514213907419923
0.4175617509267484
0.5315616864595941
0.19899871309943606
0.16979799465725268
0.40399981975531246
0.3582526234179484
0.5340489894406238
0.5525637780046887
0.11518773031305979
0.47628371694992083
0.43867870280352206
0.5513622493680916
0.5678473753987088
0.2955194405329576
0.32242971553171473
0.3105752792780656
0.29617494262518745
0.5687643508908157
0.3254459693176969
0.5330883534599826
0.4263708658177551
0.20740217225107077
0.34003248493872396
0.5567298861295866
0.1174882995375588
0.5298613483630941
0.5224270090359063
0.5326996906886152
0.40806052462454234
0.14933245656716093
0.34451675185242836
0.1927995337677359
0.5540274822603508
0.4763462026236103
0.5529879212210131
0.0727450949586209
0.5672035543189177
0.5420093173927791
0.31025732489037594
0.04528388248089416
0.5657974499310539
0.5662844236775667
0.5587594532650803
0.45890165989991666
0.39068882420880946
0.22581830555158935
0.5483238454348343
0.40017887665410423
0.49836483042131907
0.4491333129815514
0.5667225654039473
0.569838069455821
0.5549100636418416
0.5698082538393108
0.5043955321108692
0.4664333368777719
0.5518487806388881
0.4174058826385572
0.5014144434310465
0.2984201963192776
0.566490655567139
0.5698227367073713
0.40390429900798974
0.18678284437154097
0.2660856127332259
0.5388756992204964
0.45412964609538187
0.5503737412853531
0.5343834650187579
0.09095180223168889
0.548746258594913
0.5531428710123809
0.13400795038886712
0.5688113213523824
0.43159514314678865
0.4556214152890682
0.2568604700209867
0.5379118154568328
0.3686127641923449
0.5329681019981279
0.545379537419793
0.549823197824155
0.4380137174502499
0.39575645927358627
0.5314841131199354
0.42382696883274146
0.539162119365937
0.07099257514051377
0.5293713202748278
0.39943994414393386
0.5514270811008236
0.5627089042404625
0.3737725160760266
0.4243449957283426
0.569217249337598
0.45655843166959037
0.4469282131312749
0.4156738839439228
0.5618767959709042
0.4764170898147766
0.4776606139799707
0.5252239942027171
0.3219897351620544
0.4524310234965585
0.4970595139317427
0.4658976163854365
0.5444055950308507
0.5666050854390202
0.42200484622416184
0.5492437060508034
0.5698729067253733
0.47154376138550935
0.39704435104937896
0.3872212558013211
0.5093184221500975
0.34688313270844096
0.5618301629322638
0.5590266606767902
0.5612707040915431
0.5680563895120933
0.5661487785885014
0.07040016054040454
0.2722213719344923
0.5692784601328713
0.3948409371552116
0.5316631005530205
0.16692788966319103
0.38610044819488354
0.40444928335973807
0.3855166866262855
0.5389350478402206
0.47257120120695134
0.4154355999703314
0.3049940930408657
0.33450716452739787
0.5651437746937172
0.5135928680704405
0.29602510130635157
0.5514378630539256
0.3367149455326
0.3542910802780438
0.4593972280605488
0.5694314337649876
0.5407025030116555
0.03404871944680515
0.23103457275098702
0.0971435269181575
0.2218115877734115
0.5119830394362658
0.19228628021028701
0.47011022318138823
0.33950399661741354
0.12672281191535473
0.5693450847923115
0.20337107593609974
0.5279846593183051
0.5486021783756029
0.5316905384590079
0.5329616239264987
0.5686323633810607
0.4137558360179481
0.13935084119165037
0.17915133710065592
0.5363979426938753
0.07006691129260771
0.5137650575409684
0.544821470255275
0.47120018675906816
0.528455261504317
0.5687451229152423
0.3132616452797077
0.18260947935381378
0.15387612461729253
0.569412376609819
0.3539009876701247
0.39217822627799565
0.11000209282018568
0.4272716310503437
0.20895171237966415
0.2508499108600164
0.5698192963813581
0.5665495601875103
0.23760879464152426
0.36405894100439257
0.4530911757971875
0.4265740107266491
0.5079569420303287
0.5018588377688664
0.11070808017825177
0.31326197014472074
0.3587585728073905
0.4088839298749635
0.5635652243891204
0.4714213694177494
0.46463590046213127
0.4606218120946126
0.3503495708795049
0.44116542373066836
0.12033359047474611
0.5698545640769115
0.3785759174342518
0.5093295209217056
0.2259726816830803
0.1474393060071363
0.3479228451525185
0.5015498890392719
0.520724869947364
0.3864258800241888
0.31446314474926623
0.5273773211251421
0.3037832993515219
0.43561796344541054
0.5653895840609922
0.5017129356396439
0.5678643726700273
0.09971299850225299
0.30747794136525697
0.20819449534271983
0.45020862630935676
0.49991611409232517
0.1881816739754888
0.48891145811065806
0.5527854293188686
0.13637012075428742
0.3153332732108869
0.5698764540004657
0.18350785673047043
