1 0.9490520541535041
2 0.2775418907497802
3 0.012835295547343329
4 0.5874392682995091
5 0.10198497961222984
6 0.3752099907556388
7 0.170585704635871
8 1.3087633996459909
9 0.6525553329224454
10 0.7265258507687399
11 0.15850727923565727
12 0.06465148206925853
13 0.647095833903889
14 0.9210545771801845
15 0.08698093484586834
16 0.1825838079022531
17 0.27453923580204476
18 1.106282558402062
19 0.2732529976416549
20 0.3745211033712936
21 0.22092262898471912
22 0.400258374047359
23 0.009108172092103182
