1 0.8832235411522046
2 0.9798306600769977
3 1.7665228749308233
4 3.233639083351467
5 0.06606178390119177
6 0.9474637850458976
7 0.38219630384217695
8 0.2071335447055076
9 0.0942368742484633
10 0.4666230919429026
11 0.1490916986073563
12 0.06419677989276558
13 0.627829512162743
14 0.9967380603721043
15 0.22890012776201013
16 0.09359872238452463
17 0.13534460556746503
18 0.4958532641693791
19 0.24725980291362468
20 0.7725511827399519
21 1.3238645126327424
22 0.22041160483192307
23 0.4022107854582885
24 0.33140751048662925
25 0.11440500043235541
26 0.16672183772372828
27 0.5175517761663724
28 0.8839260616802057
29 0.2563084044927357
30 0.6588373478452753
31 0.09841475237768338
32 0.1694999249499072
33 0.046884764406372084
