1 0.05610756512258773
2 0.8639862671346378
3 1.211085561059578
4 0.9458342180946844
5 0.10890412467007425
6 0.6280509070151794
7 0.018865442467171804
8 0.20982477811250227
9 0.30540616774326723
10 0.32178227185274916
11 0.6479159221776091
12 0.4597650643159991
13 0.2666637347211898
14 0.39274579252938235
15 1.2308000552315166
16 0.7251751135987488
17 0.4254623598550461
18 0.32183095888199087
19 0.6180897569928251
20 1.0265799832486766
21 0.6564144117411274
22 0.29239030729622534
23 0.04348053673794986
24 0.5264168480390088
25 0.04340144152560978
26 0.10650460371639935
27 0.07982532185579065
28 0.16380159550568632
29 0.29983171936335656
30 0.31651470767614154
31 1.2815122876244052
32 0.13157394053854155
33 0.04943980754937381
34 1.1545394936252886
35 0.926865525517056
36 0.33236416560952153
37 1.2145837100302928
38 0.04898445612617683
39 0.1682776852794384
40 0.5922355504296049
41 0.05009287197620961
42 0.8483854505965767
43 0.1694988731642553
