1 0.5813259754802138
2 0.14168013053186757
3 0.28375243301699826
4 0.047440114411466325
5 0.7329217773392206
6 0.9920014536030357
7 1.2923786497267622
8 0.4508466393629865
9 0.35591523669241176
10 0.7689677538470805
11 1.1207091843667887
12 0.44331331908685645
13 0.7971967427648318
14 1.913363074416506
15 1.0214436537132028
16 0.27343222383657717
17 0.3164200877943904
18 0.3464405675912626
19 0.32677694741928554
20 0.31717716817785563
21 0.9655676281866411
22 0.010462381466333057
23 1.2249637153599124
24 0.3921975988700203
25 0.7580437471994708
26 0.06950347320680145
27 1.8369743573196458
28 0.5572828479723959
29 0.6062508492235963
30 1.5189866272302888
31 0.9572611129880662
32 0.04085084829426119
33 0.9712640725285899
34 0.04528453820476396
35 1.5975564945558207
36 0.12220281775344505
37 0.23534505677917347
38 0.1037844171304728
39 0.1567390652604695
40 0.3051472992984552
41 1.0730858044817777
42 0.4434314591805016
43 0.23467585987643974
44 0.558477173776468
45 1.3897305699228708
46 0.662567592683751
47 0.429766421991891
48 1.0730805383882311
49 1.2048498568784276
50 0.12376481323342306
51 0.6071602025153264
52 1.4293758924033668
53 0.41595995915105854
54 0.8233462169666149
55 0.7427817672343286
56 0.5167990112545503
57 0.17195080104868715
58 0.28991143483628923
59 0.4852502854564307
60 0.6143895026861665
61 0.3612334868248717
62 0.7343608719309502
63 0.16748105263862115
64 0.3343855394549486
65 0.5248918604392594
66 0.7424184988064445
67 0.22858667391656837
68 0.6593645701206418
69 0.7067963757481641
70 0.058534178372131124
71 0.6484732983556158
72 0.09473215056662858
73 0.04428999547737941
74 0.41655286053474383
