1 1.187429832695905
2 1.0489695267990218
3 1.4080407720203192
4 0.5565548878028665
5 0.6920412280084093
6 0.7972208966459242
7 0.35577455378328204
8 0.6628840152606031
9 0.2088891805381264
10 0.5728026734274712
11 0.6495015948109285
12 0.5083332014188683
13 1.2048364245078096
14 0.9084588883406053
15 0.27565238834721106
16 0.9151073716629686
17 0.4769510140320318
18 0.7431378619776767
19 0.12562780376123528
20 0.5883777019004797
21 0.7988917439307375
22 0.9276841367976029
23 0.23668596533756278
24 0.5473001652396716
25 0.6199214805763656
26 0.822117736205936
27 0.7490405706468563
28 0.49185824476490275
29 0.6114824472852063
30 0.6126692919665764
31 0.7933026669488755
32 0.3529651717022932
33 0.5767776543332549
34 0.1518329612108185
35 0.247044205459286
36 0.3045007572676719
37 0.6018520637216344
38 0.5729485572434836
39 0.9893657747362181
40 0.6306003515269052
41 0.3996686532708737
42 0.4701130528469365
43 0.6133085347586257
44 0.27329889066526036
45 0.7064429247556081
46 0.40258579026263264
47 0.4279166765196287
48 0.35049257746871165
49 0.16486787110936588
50 0.48817763716857465
51 0.7561751505081606
52 0.305111090509006
53 0.3230517256719373
