1 0.9049697853060383
2 0.3386665862090494
3 0.674635588105792
4 1.8609555419299317
5 0.9728599984894291
6 1.0102592780628958
7 3.23170752014277
8 1.8019682314014185
9 2.2970651412750156
10 0.8881681577838128
11 0.26791897745142224
12 1.6175696371884654
13 1.601064455497888
14 0.4261460298519632
15 1.2766516364153704
16 1.1888695147325163
17 0.9496997849434978
18 0.8198271050335161
19 1.0614233670636288
20 1.8789224454944906
21 0.24877213256317735
22 0.6557076897809408
23 1.8983247714009979
24 1.0143143281507991
25 1.2258410289712196
26 0.9882805914522294
27 0.5478248244365705
28 1.0891337195889037
29 1.3746406557867723
30 0.30091295675284835
31 0.7341340649064125
32 0.3168008969233245
33 0.6026001806894743
34 4.426310296572597
35 0.6525169476873646
36 1.2046064857885015
37 1.0808113085514492
38 0.5889032947421605
39 2.8847840091325248
40 0.5891830123051881
41 1.9457088671637208
42 0.9635202784709793
43 0.9854971525503559
44 0.7148105113996513
45 0.591387394781226
46 1.6586047836425881
47 1.4709890257245093
48 0.4528210599761829
49 0.9379616874201604
50 1.2157813509853228
51 0.963030646492629
52 1.1641755156234197
53 1.8859465380879912
54 3.0525137313969535
55 0.9091347149505236
56 0.7757706735913533
57 0.6121188853950585
58 1.1221226046227852
59 1.0681631300007608
60 0.8024227963928461
61 1.0608338864158546
62 0.9793626793383251
63 0.9823298696989713
64 1.4666482454291603
65 1.001763118193109
66 0.6781634608636447
67 1.9530618984714314
68 1.0662645161280562
69 0.8083120490980191
70 1.0196845061228461
71 1.3710315504369008
72 1.9604748580941094
73 0.9777398816460824
74 0.48252438329216774
75 0.6582241085041857
76 0.8323394058833161
77 1.1799818085985498
78 2.020697670329622
79 0.8103848184327883
80 1.7554843581622543
81 0.9961909091330946
82 0.6765555987332287
83 1.2160491700735927
84 1.9665604246676769
85 0.6149179259786497
86 1.6143221245165607
87 1.444100203074166
88 1.590650887341974
89 0.9808175314955238
90 0.9412288224032088
91 1.9151618609752235
92 0.9440734548698155
93 0.8087980315126496
94 0.5824147751773495
95 0.9809852214737499
96 1.4350761660503568
97 0.4678440813505548
98 1.4683604364647858
99 1.3057000996355477
100 1.4812386738708492
101 0.8353326600141382
102 1.200449621602004
103 1.1204112135944926
104 1.4747550719321807
105 1.0006650522584009
106 0.9995994761290593
107 0.6564338883149816
108 0.9831303562744631
109 0.9923935890771618
110 1.3355544681387492
111 1.4147134542170272
112 1.0010289503663683
113 1.0461034848451518
114 0.7475415574388268
115 0.7915148627560085
116 1.0049310231626551
117 0.9039081990469087
118 1.9829741814388242
119 1.204722748085696
120 0.9137241319752235
121 0.6825515057440626
122 1.3029781772264992
123 1.35384871480533
124 0.94199256449612
125 1.1363464678597528
126 1.0062396976255374
127 0.6862528271986917
128 0.9936024221472328
129 1.5364779898517433
130 1.1457704417582597
131 0.9328769469023372
132 1.268461508216583
133 1.0298557023000687
134 1.0154512953693176
135 1.1351319074744273
136 0.6777164690239577
137 0.9591134077859984
138 1.011282863634364
139 1.1009665473555548
140 0.9993441310261723
141 0.9999442250533194
142 1.0963258025457259
143 0.6606837395364688
144 1.0115851085541265
145 0.9635265886448461
146 0.9862536378086932
147 0.9974354917680598
148 1.016016079949441
149 1.158310708843191
150 0.8270035235862948
151 1.0027402737991657
152 1.0450306903825908
153 0.9971314930232792
154 1.0198660931656092
155 1.0812104602952954
156 1.1962110326443356
157 0.6979617392533091
158 0.9996782343303948
159 0.977995508643937
160 0.9974861897546562
161 0.9584790440894939
162 1.0186072023222663
163 1.0729615381156241
164 0.964025516912248
165 0.8016646155232661
166 1.075064714241725
167 1.0279624295077294
168 0.7266128723665752
169 1.0623582151758104
170 1.0959993016354552
171 1.068000306711324
172 1.0023412785013086
173 0.824955149146152
174 1.0032523579900332
175 1.0068465188217541
176 0.9722461143622804
177 1.1443314053202982
178 0.9968251796703829
179 1.0095710853899595
180 0.98380617723886
181 0.7989588656426883
182 1.0921319443812392
183 1.0670388715727395
184 1.0072117045614384
185 0.9642814239477981
186 0.9997768760007422
187 1.0217918961945316
188 0.9750660783310195
189 0.909836474412929
190 0.9977486976835012
191 1.0150210388663294
192 1.2545659291514186
193 0.9874577518231904
194 1.0298423501480831
195 0.997445428306537
196 1.000593092043519
197 0.9994191483282941
198 0.9733640135846113
199 0.9979729157209527
200 1.0514202543848337
201 1.0334148582019465
202 0.9948604390015504
203 0.9691124940643382
204 1.072862791668128
205 1.013709400691177
206 0.977113955282455
207 1.0057968406288778
208 1.0006137729636622
209 1.0068895822423216
210 0.9938976214840726
211 1.0243603306920015
212 0.9987610132277533
213 0.9997625808532568
214 0.9997137735854995
215 1.0127906087577534
216 1.000077658123382
217 1.0002368961316332
218 1.0000301048353415
219 1.0568965245322461
220 1.018853241078415
221 0.9850319325559271
222 1.031835827709565
223 1.014655857368825
224 1.0379755980474104
225 0.9998424222562584
226 1.0022460307064607
227 0.9768869914148096
228 1.002926520947119
229 0.9964842159017596
230 1.028890719729518
231 1.0004164539433447
232 0.9902553963783678
233 1.0043365200014438
234 1.0073759343787525
235 1.014726022155064
236 0.9808450609073012
237 1.0224567283005426
238 0.9991078162802787
239 0.9997945653034639
240 1.021146381234937
241 1.018496241048882
242 0.9995389643080378
243 0.9998839011191819
244 1.011906453651258
245 1.0197883303190407
246 1.0084411781105405
247 0.9896958037898014
248 1.018653430353822
249 0.9956170626762889
250 1.0029482699512842
251 1.0026957808101036
252 1.004146551925613
253 1.0033696809860875
254 1.0009543328702581
255 0.999497902129907
256 1.001609501239853
257 1.0008228291244858
