1 1.8330057780995712
2 1.118814062672046
3 1.3090911607235363
4 0.5927693089737386
5 26.52847713466001
6 0.7273880969074787
7 1.3073147424814613
8 1.801172372233812
9 1.485296862878367
10 0.57718125215731
11 2.0623019468604773
12 1.2160092986962703
13 1.2544327350011546
14 1.4330803960597862
15 1.783633254870721
16 1.3498129195528357
17 0.9349705484828894
18 0.30286562175758236
19 0.8642102107711208
20 0.12349110995455731
21 9.754039474961733
22 1.2039643487528695
23 2.4980625522063233
24 1.3445330276335328
25 0.9377094339782706
26 3.7108730835263963
27 1.0920132290858964
28 1.6427035377688153
29 1.0064027780209561
30 2.1135998156864475
31 0.38267583289552143
32 0.9152905646919262
33 0.5001141750086495
34 7.330727240861911
35 1.0658381979695812
36 0.19147356299205925
37 0.3356039329282212
38 0.8911766317586982
39 1.0564284006734683
40 3.444172588412935
41 0.7119204015778986
42 1.010825002186292
43 0.9243370841591884
44 0.3128889135753516
45 0.7606667551730177
46 1.1399904238339238
47 3.0648674201780377
48 2.7569205600844806
49 0.8743058769625015
50 0.6975757767682005
51 0.9678492751287057
52 1.556317613231625
53 4.1838632906184765
54 0.391407058173089
55 1.1157989251245417
56 1.016447376283602
57 0.47171352384894366
58 2.9846265916285164
59 4.048237209735949
60 1.0280081952596547
61 0.8479901616037286
62 0.4420666854527017
63 0.9277179565189109
64 1.5155125141439056
65 1.125517073629987
66 0.42459460559977696
67 0.7082788356767703
68 3.3859965000088748
69 0.8997583974933521
70 1.0282778828143262
71 1.0571352205901954
72 0.9224567077629837
73 0.654856315630135
74 1.239760169934716
75 0.9843332817904487
76 0.896593973818646
77 1.013484860281943
78 0.8130417888416587
79 1.0224160279843615
80 1.0755762178995267
81 0.40889818098248737
82 1.620344289727297
83 1.225232598669921
84 1.0057500971003392
85 1.7439466246373914
86 0.8038335639165768
87 0.5773166027024378
88 1.2943718831592397
89 0.940411403728456
90 0.9027336721330292
91 1.540641592325233
92 0.6589999323007512
93 1.6816588024731673
94 0.5920481846532628
95 1.8577937072524227
96 1.1807698005743512
97 1.1593022858972206
98 1.4846265928651348
99 1.1008853997499999
100 0.9984886572471715
101 0.5679349731006321
102 0.8465495490274189
103 0.6265793818794185
104 0.9440476779282718
105 0.8515236320799404
106 1.654192635699399
107 1.308018505461966
108 0.8719156132960456
109 0.9889724019458345
110 1.0237494222702819
111 1.1051947164498794
112 0.9066402924635446
113 0.9705607299687251
114 1.5014889564429654
115 1.0167719363771635
116 0.9398665531746704
117 0.8295405260765244
118 2.0533960769660613
119 1.179634042074708
120 0.8964988786025356
121 0.7233187792996242
122 1.3463059942040405
123 1.230993426227659
124 0.9541194111592258
125 1.140909934641427
126 0.8482823567836316
127 0.9971641205280772
128 1.0030652470695631
129 1.2275247466159878
130 1.0250407281697878
131 1.0376307042689847
132 0.9265429113467156
133 0.7939717535731687
134 0.911872397668992
135 0.9980326829310963
136 0.7884941071318502
137 0.999952111401908
138 1.024018562606078
139 0.9378837988819725
140 1.1128380802970241
141 0.7895332640901511
142 0.9563922860804464
143 0.9022314336523722
144 1.0476971089012448
145 0.8851829928890307
146 1.0999836918123187
147 0.7700331106510852
148 1.3071344021523847
149 0.953001613273203
150 0.975141061954837
151 0.9939612712895716
152 0.9984321855477302
153 0.9981687430293676
154 0.9901731203058208
155 0.9186785801110872
156 0.9941197770520238
157 0.8972995966106877
158 0.9911055731172539
159 0.9963698583602623
160 0.9596167228460664
161 0.9757523497271728
162 1.0058546026589994
163 0.9059811995073249
164 0.9607556957494632
165 1.3592304038365657
166 1.0971051852403244
167 1.055203113823165
168 1.173882675841483
169 0.9310620874282968
170 1.0942178548356067
171 0.9971605280847181
172 0.8215978056135848
173 0.9758528721326772
174 1.2172076771004734
175 1.0412417370944695
176 1.0000731970218255
177 1.0584517694931788
178 1.0161356168214815
179 1.0115016012597593
180 0.9743384222448451
181 1.002394713651181
182 0.9595790649735442
183 0.9413764704597546
184 0.9993616751204681
185 0.9939448541211424
186 1.11841909631349
187 0.990028878214412
188 0.9988286663242358
189 1.0934427195642331
190 0.9641481977369398
191 0.997662278758598
192 0.9820639415379174
193 0.9988452371349844
194 1.00269098774698
195 0.9972588578069634
196 0.9991001048823042
197 0.9874461192418234
198 0.9943682474005568
199 1.0009540442937002
200 0.9956708668109355
201 0.9957071014872232
202 1.0023082858084351
203 0.9975938165871825
204 1.0481124097604846
205 0.9957270051341648
206 0.9841283908080634
207 1.0245650759175926
208 1.0153313562705224
209 0.9909554590307638
210 1.015774990299002
211 1.0308336571372436
212 1.0008318940863798
213 0.997691049170847
214 0.9838960130103434
215 0.9825644175449617
216 0.999272246903403
217 0.9997798879021108
218 0.9997060788278919
219 1.000936023766747
220 1.0002572170906507
221 1.007439129530729
222 0.998457066459048
223 1.0234687283709256
224 0.9945015217142772
225 1.0109197014256934
226 0.9964573371186249
227 0.9964906955663035
228 0.9911990438562563
229 0.9887650728224662
230 0.9998810457175602
231 1.0076582566208725
232 1.0007343585546646
233 0.9982224770245349
234 0.9947253070883255
235 0.996995712026343
236 1.007432582808296
237 1.0060015416342178
238 1.0010816647458318
239 1.0007256957054942
240 0.9998160658485705
241 0.99979408294814
242 1.0004212569620334
243 0.9944874650586192
244 0.9994470912840165
245 1.011857060472313
