1 1.4227726721925835
2 0.2709943526357075
3 1.5087260894418046
4 0.14573802356590135
5 0.5948193059970048
6 1.5270107542882856
7 0.2057919657454954
8 1.5798281173222573
9 0.21363999375450074
10 4.727633994583664
11 1.1756662583092397
12 2.3577528798509624
13 2.053560880339475
14 1.846834315406265
15 1.9341457021604547
16 0.9351191502084645
17 0.4353703188902659
18 0.20447578899640587
19 0.9914252041180502
20 20.20036709251006
21 3.458581510436278
22 0.17225673719889403
23 0.7652665924995442
24 1.192633868776779
25 0.743531923071087
26 0.49298571277147607
27 3.179463700210721
28 1.6599233971289888
29 0.3027523615705719
30 1.630472467321737
31 0.6518146683983431
32 0.27497864712648074
33 0.5941969832486316
34 1.0676592661431779
35 1.1930302187620134
36 2.1677075881929806
37 0.630409691007696
38 1.248691560055587
39 0.4612341884328037
40 0.8708892232270488
41 2.1648928556822056
42 0.43943469422375275
43 6.299996489144676
44 0.9603796341024509
45 0.798850115379298
46 0.5804530374366907
47 0.7665266208039978
48 0.41994295640810586
49 0.294853910805358
50 1.0339230603038958
51 3.2865246906011367
52 1.7414660957111245
53 0.48438128720331464
54 0.7792843797527621
55 2.2529415513695485
56 0.6361859705360996
57 0.7236978765841479
58 1.0167164093416696
59 2.668409243550588
60 0.5025596740503515
61 1.852393773905852
62 1.9796001629219673
63 1.0752846422473092
64 0.6597723396865306
65 4.122008360323328
66 2.00504929467258
67 0.5567963473983129
68 1.6441055184150666
69 0.989491389280359
70 1.0538301332818614
71 0.521814466469426
72 2.142687245370054
73 0.8971672818277475
74 1.0810745592776456
75 0.6126045852039044
76 0.5633113761794195
77 1.0552289369046801
78 1.2347623084336454
79 3.3661376625951824
80 0.678516030838399
81 1.9399465436907755
82 0.7974470334079272
83 0.6632228586150213
84 1.2093443228930418
85 1.14333410607563
86 1.8043839196911688
87 2.391631636407995
88 0.7630193283640107
89 1.313209453720307
90 0.8035113299633795
91 1.0028960162000016
92 0.9970260450936523
93 0.6528977934818226
94 2.6992697202454323
95 1.510636036119862
96 1.0368558034603086
97 0.7456545585509867
98 1.839207875953656
99 0.8102553047764735
100 0.993267022452687
101 1.0171187719259283
102 1.1622292885039358
103 0.9280584274287762
104 1.0912285005794733
105 1.0586475100593928
106 1.4859260347788652
107 1.1311996236443276
108 2.4035968438725583
109 2.1067609127950133
110 0.7808644229657454
111 3.079751170195863
112 0.48396129148848155
113 1.0054844052072247
114 0.8202857882990789
115 0.8691959318001262
116 0.8990778636661766
117 1.6558913864936413
118 0.5963134497228418
119 0.9770362174023347
120 1.9187444323240457
121 1.0416875444835882
122 0.853085852838535
123 0.8279967110748676
124 0.8101973930310558
125 0.7478323996301826
126 2.789118479979587
127 1.0637186613842895
128 0.885334460723582
129 0.9810753087639249
130 0.9401043063019172
131 0.923873379889009
132 1.3573679326566326
133 1.7044806392805611
134 1.7087167707821167
135 0.8661115461059045
136 1.0046440841393347
137 0.7330126130203931
138 1.3185811050833196
139 1.1617915225415274
140 0.9502020098193389
141 1.466770997374689
142 1.0093123981266385
143 1.7424548129384825
144 1.5589228061629075
145 0.9940883428520122
146 1.302783126593143
147 0.6306837454326376
148 0.8731281627913549
149 1.5639891471224479
150 1.4722465503508475
151 1.1826085326325448
152 0.9305974936011077
153 1.0014130293329575
154 0.7398658596155262
155 0.9903360414419968
156 1.307822378167405
157 0.8330954364835359
158 1.1122019630655564
159 0.8910665634242195
160 1.3459007091540272
161 1.3147887702469019
162 0.9141232341554312
163 0.7076861176958359
164 1.569550419572013
165 0.9887800600699997
166 1.2215092214507788
167 1.5610030698220547
168 0.9283933322840197
169 1.0989260370945668
170 0.9337546950638226
171 0.9646266553013828
172 0.9743583974553226
173 1.0202686941557324
174 0.9539862039572488
175 0.7081522673339842
176 1.015327702737126
177 0.8920475297063108
178 0.8705789431570166
179 0.9969729581829029
180 0.9992499157291934
181 1.2565261895153301
182 1.0164146734226227
183 1.0383259369650355
184 0.9997921580496201
185 1.0395883665047285
186 1.032480768790843
187 1.035890266797178
188 0.9402807968412243
189 1.054843208999258
190 1.0406394071138572
191 1.2532067424555255
192 1.2823425057124538
193 1.0768731509759621
194 0.9972705958074704
195 1.0619984399949782
196 0.9997383704821867
197 1.1294286786682215
198 0.9153582770672074
199 1.031330545864273
200 0.9919116482500981
201 1.1955525796969748
202 0.8859467875927961
203 1.09628845559755
204 0.9846880424253375
205 1.045078321616431
206 1.0003194865615348
207 1.062591100587977
208 0.9648471362890226
209 0.9603788870355026
210 0.9916990944692534
211 0.9062261683034805
212 0.9867247341053739
213 1.0099867627419248
214 1.0960081055480346
215 1.0136937701180038
216 0.9996442253427643
217 0.9780421875493817
218 1.0487111417563197
219 1.0677078848417199
220 1.0306090299540296
221 0.9151128926936989
222 0.9848307766563893
223 1.0007083073207534
224 1.0491335388026044
225 0.8597023368000614
226 1.0205190711600383
227 0.9883831399456612
228 0.9965805819709486
229 0.9780845600336432
230 0.9954964425995055
231 0.9990328443159378
232 0.9011660088862811
233 1.036573290554239
234 1.033836778472128
235 0.9425013189519985
236 1.0075525873088618
237 0.9610744138540656
238 0.9635785779185502
239 1.0000911569260824
240 1.0000296745731454
241 0.9682542158181409
242 0.9961750853618296
243 0.9659109164277825
244 1.0200113624301157
245 0.9983978227877914
246 0.972044851064394
247 0.9842533447483586
248 1.0035076335903612
249 0.9847082502804393
250 0.9730010570639178
251 0.9999140884318478
252 1.0000746762856978
253 0.974992614333945
254 0.9803630558113705
255 0.9775221522978832
256 0.9875414247124573
257 0.9789923019781455
258 0.9868995899794096
259 0.995685359252084
260 1.0088029321170136
261 0.9980034087448996
262 1.001457559541176
263 0.9998207634538409
264 1.0000461048008653
