1 2.265216948386639
2 0.6671899325246227
3 0.24585760367744294
4 0.4923122579514003
5 3.3166200400559176
6 3.0330684707943094
7 1.6318038989193302
8 1.9641039819279047
9 0.7197744842905
10 1.5515877906151403
11 0.694076040342221
12 0.4452753528600384
13 0.995219545901315
14 1.1557803885364542
15 3.1481234496466026
16 1.901609186396203
17 0.7912837239799135
18 0.3065723957721525
19 2.0455882546293194
20 0.7534983558078151
21 0.9174654466422749
22 0.9351821049566246
23 0.7699822391651
24 1.7895769753323612
25 0.9766603526435826
26 0.8796302735040273
27 0.6966918950212078
28 1.1881993501878663
29 0.7127763324944189
30 2.536154605489794
31 0.9991029240026873
32 1.2915636069269687
33 1.7640679773930774
34 3.0537991315972635
35 1.5713515054266454
36 0.6013929323340337
37 1.3747324467372601
38 1.1292742505570414
39 0.7894526647442852
40 0.756638651343288
41 1.792707880380538
42 1.3879046703300633
43 0.8811105605874874
44 0.3352502761027742
45 1.3119955355314519
46 0.9152612010125583
47 0.43326526386223
48 0.7966376299585424
49 1.3825249749504094
50 0.8724103534011504
51 0.8995253400436768
52 1.0278612403143708
53 0.6735359183132364
54 0.8989972961529592
55 1.776252709614397
56 0.5782639519650048
57 1.014926526155705
58 0.8317545808618763
59 1.0258153491156312
60 0.9471188931156803
61 1.001805494259813
62 0.6758300683547191
63 0.9845609422231613
64 1.1569705311028267
65 0.8064160462942297
66 1.0303803137429406
67 0.8834017542084771
68 1.2773972654772676
69 0.9355475601997563
70 1.0132198126059102
71 0.840324602144157
72 1.0475867110767525
73 0.9018880550107108
74 1.143927405496034
75 1.1860016236730253
76 1.0107738452341826
77 0.7590123440636655
78 0.8293726837533011
79 1.104134537819173
80 1.469220660132814
81 0.547626004179634
82 1.0309487073064183
83 1.0520630308029668
84 1.102097945912309
85 0.9383879712919968
86 0.9245023507478477
87 1.3515954921458337
88 0.6107408291962279
89 0.9942655138146954
90 0.9160500433650421
91 1.3617283671031888
92 0.9810470087911812
93 1.0389422737971985
94 0.4533185922332255
95 0.5506126389718737
96 0.9500811819350222
97 1.7372135441621297
98 1.44951487103346
99 0.9164727985620246
100 1.5949096893296657
101 0.9727237825746183
102 0.9924289706114194
103 1.0951228515947693
104 0.6657933228048165
105 1.0250943270034907
106 0.931927822264498
107 1.5169040941178766
108 0.8079814612549004
109 0.7067548044384058
110 0.7599744512367118
111 0.8177300515321587
112 0.6875199432298551
113 1.1769703369380593
114 1.0408170431574013
115 1.0049753064865292
116 1.1045491785589092
117 0.9056516277772165
118 0.9833460302265512
119 1.0794135837783758
120 1.0760404576381155
121 0.9598165004421411
122 1.0896804046106012
123 0.9821826617240379
124 1.0666963076126916
125 1.0249070052103004
126 0.804084645819071
127 1.0120251260434456
128 0.9629553613194434
129 1.0252652042881056
130 1.0017493749045236
131 1.0007318833615464
132 0.9721667217893839
133 0.5339358358462094
134 0.9116843512736745
135 0.660102871022704
136 0.9973010699273326
137 1.096207073127508
138 0.9832260248835224
139 1.204291791191246
140 1.0517690289572648
141 0.6104417093138941
142 0.9511035826823238
143 0.9994476460560267
144 1.0004353306268157
145 0.9905415822412303
146 0.885572438149617
147 0.9738635934528006
148 0.6211704313729886
149 1.0456530377808775
150 0.8297329937849768
151 1.0032533567576551
152 1.310010725784479
153 0.94952984499909
154 1.0808187311454072
155 0.7825720865514837
156 0.9189773282544494
157 0.9931910534080745
158 0.9388276861286193
159 0.9606950059592452
160 0.9715272065368715
161 1.0361590099652522
162 1.132563001412145
163 0.8779765934928415
164 0.9707267572425948
165 1.0789964313547369
166 0.9159948656590519
167 1.0155093286013825
168 1.018734139204262
169 0.8442537747975135
170 0.8438194270386026
171 1.062626065239257
172 1.002072288644477
173 0.9326000651694933
174 1.0001608080206048
175 0.9856840558401845
176 1.0744890328323629
177 0.9686336376496559
178 1.0006730815168563
179 0.9847009256179694
180 0.9651326145353555
181 0.9809491205167404
182 0.972705071491879
183 1.0615036889249627
184 0.9985376529378054
185 0.9998124123693648
186 0.9538708814081376
187 0.9556367758845162
188 0.9843280093738886
189 0.974094557759479
190 0.9544977857775174
191 1.0651391383165667
192 0.9489545125311769
193 1.0650776892704756
194 0.9778958433936347
195 0.9898340913542737
196 1.000967780673732
197 1.0244446288605433
198 1.005962332338153
199 1.0043754773938351
200 1.0148922982603708
201 1.0001469591637584
202 0.9998049291976403
203 1.0016049613188938
204 0.974591167656186
205 0.977816779783059
206 0.9699464476288284
207 0.994080470104716
208 1.008587867122775
209 1.0002475003265905
210 0.9817481480616932
211 0.9964524741329941
212 0.9871241062779612
213 0.9979046628508651
214 0.99954675263326
215 0.9985824128053322
216 1.0003993138739875
217 1.0007236493261114
218 0.9961337400751317
