1 1.1249661052036546
2 0.5401534167294201
3 1.8919744912139658
4 2.534978322719834
5 0.7353714913831698
6 0.890393699054767
7 2.070333053976732
8 3.0431109979677244
9 0.1794760808508813
10 0.6041981541052281
11 1.9962855736465257
12 1.2769118790119245
13 1.10590231286346
14 1.0547156509122948
15 1.285115412730502
16 0.4100792458069682
17 1.0103758427364276
18 0.6388874181122436
19 0.2480129448966153
20 3.0253423273494895
21 1.6913670532779193
22 0.07920937333863955
23 1.9564999819341964
24 0.9321310368581277
25 1.4678669722445614
26 0.22298774117501607
27 0.6777222619168211
28 1.459414118901428
29 0.6224191299003777
30 1.0288132649916806
31 0.762975383007232
32 1.1307462032069175
33 0.5694759664768289
34 0.688913412316258
35 0.9064075738098787
36 0.2679005615304912
37 1.1520745636404524
38 1.1424682703325688
39 0.12880045096421627
40 1.1736542780525228
41 2.1230278383130154
42 3.5759732333790573
43 0.6364716551185371
44 0.850447709558195
45 0.5573384721477244
46 0.9706658615735415
47 1.0012985736316666
48 0.866190675604592
49 0.8037339738192752
50 0.0646047852604575
51 0.9778188299431878
52 0.9489114383326612
53 1.0420945706436258
54 1.2806419564854499
55 0.5410161985918979
56 1.192023993356802
57 0.9984396925388324
58 1.1770512123089492
59 2.1309125433131797
60 0.9471591415805042
61 0.9918405093496033
62 0.9777553478566384
63 1.0929163427603716
64 1.5325877604758278
65 0.7883171412068778
66 1.0472885871821522
67 0.11300282004245368
68 1.0116729694552555
69 0.9850017319957527
70 0.7011435092063075
71 0.9588991879029618
72 0.7088752083848356
73 1.2442421250240803
74 0.7067243849562883
75 0.17596756005264724
76 0.6175231347189258
77 1.2253864080967636
78 1.4948480893820648
79 1.0192475760878448
80 1.335673242344828
81 0.28882210291414695
82 1.2808620723406967
83 0.8863519550112745
84 1.1371750429306438
85 1.2385225935004458
86 1.5779963930018794
87 1.0017096910908672
88 1.870533648148871
89 0.1856183998271203
90 1.0012375087593899
91 1.006388436798143
92 0.8690955842663842
93 1.1630610697452404
94 0.999625929484365
95 0.9599085041727468
96 0.3972088006958778
97 2.20311842630162
98 0.7381060340313097
99 0.9269400858673591
100 1.2553876951122531
101 1.2606854854870844
102 0.9559502410073807
103 1.042432211650394
104 1.1092527643192536
105 1.3344114559436573
106 0.865216524864887
107 0.4080327121094879
108 1.0047510952306367
109 1.0491873072324458
110 0.9925421626199317
111 1.0516924327268937
112 1.1349668440259533
113 0.9520779722516745
114 0.5878023508680155
115 0.9532155042061533
116 0.9089204404348733
117 0.8902006426326439
118 1.0850158501885818
119 1.3438618248249679
120 1.2791426108565795
121 0.9978945090223218
122 1.0232904023245866
123 1.0578666174785438
124 1.1318879281579561
125 0.3762322960130319
126 1.148746489171979
127 0.9563923406142544
128 0.97000595559542
129 1.7973781177331083
130 1.027937127476879
131 0.9647312377209388
132 0.6216516865023105
133 1.0131700541749074
134 1.6513096308112627
135 0.937258722563591
136 0.47117046157851855
137 0.9837651232055968
138 1.3833311851546117
139 0.9831074463478657
140 0.9482740248612767
141 1.0784008076586837
142 0.9886980596445283
143 0.5059375521440684
144 0.9996122341541692
145 0.9703946897812569
146 1.0418014956844956
147 0.9689539515475412
148 1.3464770267499002
149 0.6399201988289116
150 0.985750371166475
151 0.8966666292483475
152 1.1951076891136718
153 0.6755944534942894
154 1.5355822528361744
155 0.9910110570994691
156 1.5740310607489405
157 0.9609503873493681
158 0.9996644959178059
159 0.9931985287908103
160 1.0036322399466293
161 1.0301231458451947
162 0.9643201263535653
163 1.0029806840153814
164 0.8991946184459391
165 1.0573916719176097
166 0.9575598658423567
167 1.011145012561513
168 1.2652836204858866
169 0.9996395740377306
170 1.2495739390871978
171 0.8227655869256074
172 1.4108088289448164
173 0.9478723849714478
174 0.9913626899811208
175 0.9965670837063777
176 0.8395190167007597
177 1.401294752721877
178 0.7293329177943487
179 1.1904860109222135
180 1.012820697048708
181 1.1726119763638931
182 0.9189046600993125
183 0.9984701625311403
184 1.259806299095671
185 0.7598926379277825
186 1.0156334111496865
187 0.9976710323651772
188 1.3232003536157837
189 1.2003672074114262
190 0.9980732345369356
191 1.0016493928506016
192 0.9992928024559057
193 1.2412823075698651
194 0.838250423804713
195 0.8822726657862197
196 0.8206595262707518
197 0.932425183087205
198 1.1199362790675906
199 1.0242950362588807
200 0.9636957611537398
201 0.9852803982850018
202 0.9992478869196804
203 0.920895636230378
204 0.9089016551708275
205 0.977805590103904
206 1.0006835568789876
207 1.0234441708038056
208 0.9581444799343356
209 1.0691399321773476
210 1.0241924854603532
211 1.049257437448642
212 1.0413775514410442
213 1.0057430796103308
214 1.0618458919825462
215 1.013925165467121
216 1.0381283968451491
217 0.9972820656199985
218 1.0310456866240423
219 1.0072271681711216
220 0.992979360201412
221 1.0077447272065687
222 1.0001892013342313
223 0.9938094877200773
224 1.0019642835072478
225 1.0029324789114382
226 0.9985031530597341
227 1.0020436088435185
228 0.9998781235657191
229 1.0003566787940998
230 1.0002651093690924
231 0.9988101578394444
232 1.0009354645011879
233 0.9996062229974327
234 1.0001647791314667
