1 0.8752210745218785
2 0.15467449712366907
3 1.1654899202220996
4 0.5312141380846852
5 0.8260427889893542
6 1.0048174650003816
7 0.5313233669074899
8 1.3903916917927128
9 0.17257011143770437
10 1.2503817581836099
11 2.7303529860736897
12 0.7887589430740665
13 1.5600845027433132
14 1.2490221144805487
15 0.6136087934784813
16 4.09133731814802
17 0.551536165234839
18 0.9201851378549806
19 3.2669356394546316
20 0.3426676942796697
21 0.7530674577224645
22 2.599596121259699
23 1.0528786228823963
24 0.8771418107770205
25 0.985696715287564
26 0.7612597072628622
27 0.8615934663838768
28 1.7163441217293613
29 0.7146600248937641
30 0.7707618527875988
31 0.107426224617635
32 1.1751257333199614
33 1.2003750318714304
34 0.1558324400687853
35 0.8007171282194306
36 1.6342334125198303
37 0.919708253255434
38 0.8977645490151109
39 3.9646385580957135
40 0.9395356383727513
41 1.0927714125375654
42 0.7496771437790691
43 2.5838244266845956
44 0.7512550881342065
45 0.9653735436371105
46 0.5576996318679084
47 1.1585441412125173
48 2.1662383424196774
49 0.6527956255190849
50 2.2469809710351676
51 1.0065653931658134
52 1.2425776904363983
53 0.9527155974369963
54 0.8390781087480121
55 0.9764099718953391
56 0.6475055030456975
57 0.4553489616817334
58 0.9871645155679384
59 0.5228844030437927
60 1.0511899887347145
61 0.9407522514620597
62 1.0244425098475498
63 1.0719153547577132
64 0.7629048766482861
65 0.9111155340209255
66 0.8025165657867461
67 0.760842259767176
68 0.7369372721562887
69 1.4128866120713568
70 0.9855360950739918
71 1.3332214623038707
72 1.0101527044508676
73 0.7270298339641577
74 1.1630199867520608
75 0.6094114440815562
76 0.9695109163468055
77 0.9258362323971543
78 2.4591291028795905
79 0.7254033094574676
80 1.0731915113558737
81 0.9988883700335448
82 0.8168840670015534
83 0.33907332165723636
84 1.1051681629260197
85 1.2396127838392232
86 1.223803760256883
87 0.5375880091853151
88 1.8034820693890423
89 0.9916607550402284
90 3.2815676159847316
91 1.0570052343759027
92 0.7460180811957999
93 0.7978543714401346
94 1.0562715264538465
95 1.2387463221147763
96 0.9927387161032273
97 0.8130551929759421
98 1.0010681785606053
99 0.7819827921327156
100 1.1193675853880856
101 1.897995765985105
102 0.8412726208594414
103 0.8571624445071739
104 1.0332468254372231
105 0.9041571642127932
106 0.4875748888454887
107 0.9495969990481731
108 0.6681643107332643
109 1.0060456849686632
110 0.877568566572849
111 1.1932392043826403
112 1.112776887879881
113 0.7690769013079519
114 0.8621152181831694
115 1.0020605256437243
116 0.9675460029739374
117 1.0045800735238668
118 1.643095269987924
119 0.5695627490079658
120 0.8361826671361038
121 0.6538536777158043
122 0.7326969172894916
123 0.8650662137297823
124 0.840469172567335
125 0.8764557100702751
126 0.6387690659970454
127 0.9016067676758505
128 0.9862289371846066
129 1.0380944883761365
130 0.9541859489481569
131 0.4428200008181211
132 2.681061585968022
133 0.9634247617835417
134 1.0611276356843706
135 1.3181723124283704
136 0.4271752694043336
137 0.9987201691832233
138 1.615022200613408
139 1.0114245567305187
140 1.3152828808392625
141 0.9905897275234335
142 0.8063809293192156
143 0.9619209038553734
144 0.6594732814557231
145 0.8663230073357535
146 0.9728182152833806
147 1.6916345883089494
148 0.9812998481359908
149 1.1414713526846927
150 1.5995225109361886
151 0.8167404364408214
152 0.9881174858122569
153 1.5895350870179277
154 0.8193553016494722
155 0.9373273847026886
156 0.6173275841690442
157 0.951322703517464
158 1.00064433698243
159 1.1124401682691931
160 0.6933070124423966
161 0.9932758618671759
162 1.2389963802051518
163 0.9728376931181794
164 1.0169949206374704
165 1.2426169785674452
166 1.5722502915730845
167 0.9999852048596681
168 0.7325164377333919
169 0.7563383767983894
170 1.1571201244869316
171 0.9813851859657682
172 1.119406762241103
173 1.6720457882251711
174 1.0758070882883084
175 0.9929692459927041
176 1.1874577726685749
177 0.9265409231741404
178 0.9405473462505632
179 0.9662127872082964
180 1.1111770163391348
181 1.0005665694040244
182 0.818429997383155
183 1.007881323533786
184 0.9923750248688392
185 1.0460981775638167
186 1.0003156624573388
187 1.0014482078199123
188 1.1314853961731397
189 1.024928672109743
190 1.0028156737815646
191 0.9906338541732045
192 0.9997576643105905
193 1.038530231803112
194 1.004664551296595
195 0.9971325458564159
196 0.981295845783518
197 1.0019870916876301
198 0.9853407770564402
199 1.0471806843753149
200 0.9902983209088378
201 1.000504430718374
202 0.999898520257405
203 0.9926446874515785
204 0.9805241728601706
205 1.0000039426655825
206 1.0008348867352788
207 1.0618910742000511
208 1.0067828748904937
209 0.9824556629840154
210 1.0018177728569846
211 1.0258282129217673
212 0.9973369682945898
213 0.9965658364125237
214 1.0009376849132188
215 1.0278360798292494
216 0.9967100362296296
217 1.0119260433800341
218 0.9984057715840349
219 1.0004770594971817
220 0.9899388192341142
221 1.0121990328615507
222 0.9976326674194315
223 0.99106978868414
224 0.9992701246371161
225 1.0021528957900263
226 0.9954382610908542
227 1.0002357940537592
228 0.9940953105841177
229 1.0012168055953754
230 1.0003952183934683
231 0.9990600481345108
232 1.0006290866006753
233 1.0003193348554127
234 1.0031712073642973
235 0.9995009424438437
236 1.0020960172173399
237 0.9982502362772232
238 0.9996155449797808
239 1.0013242077304978
240 0.9999689750705828
241 0.999552261172775
242 0.9969936372255113
243 0.9997010142330416
244 0.9987070713430839
