1 0.6526251797478279
2 1.189266525472444
3 0.5192673707976759
4 2.217352001260058
5 0.7050300084444313
6 0.9379691940983035
7 0.5985220768721943
8 2.4039513649002013
9 0.33383090684665856
10 1.5370283383810246
11 1.7161420358547823
12 2.018348509701704
13 0.44079402231512554
14 0.8866864693449162
15 3.42262936674801
16 0.40193995563781243
17 0.344923365108654
18 1.0032229502329804
19 0.3200032772110136
20 0.5727236976215574
21 0.5273342609592914
22 0.6066550705769811
23 2.0408931570303643
24 1.4036944766884263
25 0.7583263579047429
26 0.3645639706155051
27 0.900238211106673
28 0.3930209603289344
29 0.8453382054984543
30 0.44361187908108896
31 1.3161320612250573
32 1.3730958206462265
33 1.0211744113122725
34 0.6139118138052753
35 1.5219749728881744
36 0.8926307560906532
37 1.3789304754639837
38 0.8939536186226837
39 0.9214966706136687
40 1.8585201957323836
41 0.7249305282269105
42 1.6739882911595598
43 0.965105436386808
44 0.8611818844648554
45 1.0277384759726307
46 0.86525580862312
47 1.7253336969061033
48 0.42166339686166643
49 0.9542948000946792
50 1.0345975403948868
51 0.5885765281979564
52 1.1330759658616276
53 1.1022898440011428
54 0.5399153008808247
55 0.6714219551499381
56 0.7067271731038716
57 1.1342104389436645
58 0.7670122653522008
59 1.493468258182617
60 0.731794481996193
61 1.6091090963695236
62 1.4894450963030839
63 0.9187072888597407
64 1.0380632713941595
65 0.9621867845071579
66 0.8515282990518823
67 0.9762053630821416
68 0.5247800944263675
69 1.4720582519587737
70 1.2491469476328274
71 0.6681328608998788
72 1.3974589758853249
73 1.0783401359707394
74 0.8734797119114807
75 0.7162113983636669
76 1.302025720214031
77 0.9621106092038829
78 0.6214506380756436
79 1.4848170575992607
80 0.9905893790655547
81 1.1981729222499593
82 0.9992343418709954
83 1.041579162891392
84 0.5607561593847168
85 0.5865839794385995
86 1.003070186553305
87 1.0611466616832292
88 1.0076488003720225
89 1.0740131380862092
90 0.48957050883552594
91 0.8310209577494782
92 0.7769230094478615
93 0.8677963342659626
94 0.7140330699805301
95 0.9586887614713175
96 0.8957591787050326
97 1.0010324524088203
98 1.6168829839038283
99 1.0425771987780201
100 0.9204985740372459
101 0.9094453909138075
102 0.5328326164462411
103 1.2607664916846542
104 0.9667748218940028
105 0.896227896635249
106 1.0801321242274458
107 0.8351800076956656
108 1.001347056595915
109 0.5323744216684624
110 1.2592762446622987
111 1.0156873872163246
112 1.1862826263354023
113 1.055876170814071
114 0.9371542894907742
115 1.0722054888827104
116 0.9165737254715774
117 0.672017102319603
118 0.763984997215159
119 0.5522633640852035
120 1.2159893625441225
121 0.8395819102449644
122 0.902606595639811
123 0.8967024252403997
124 0.8152826115147167
125 0.8295665832705617
126 0.9507636891280692
127 0.8006971669442967
128 1.0075462768053791
129 0.9684566322591469
130 1.1802273524592228
131 1.0342400101802096
132 0.97047385775371
133 0.9943123274398488
134 1.007793550411331
135 1.0960420589686959
136 0.9832743954137756
137 1.0353714804345817
138 1.072513802974785
139 0.9029904791648777
140 1.0026228389320464
141 1.0005890049712989
142 1.0117039493395754
143 1.1060096074576697
144 0.8695905174316456
145 0.8806012599649914
146 0.9293992893900642
147 0.876631034179859
148 0.9926174198540724
149 1.0648842338151951
150 0.9378466262935822
151 0.9585453061776938
152 0.9524806677814441
153 1.0300720969572716
154 1.0512586675397315
155 0.9797899478425405
156 1.0577691800748723
157 0.929077573231227
158 0.9486286523154701
159 1.0002743162388685
160 1.0009417455719283
161 0.995984637517229
162 1.0062449788114682
163 1.0083875500043196
164 0.9888194883243211
165 0.9996620014211436
166 1.0022316622905936
167 0.9741806445565755
168 1.0063130871033061
169 0.91735744679042
170 1.0453142407777123
171 1.001958524236182
172 0.9995445998569782
173 0.9963677117831042
174 1.0004740762186421
175 1.0000327285331507
176 0.9509413388225949
177 1.0306216483319994
178 0.9450772031512503
179 1.007855977994078
180 0.9325696492919607
181 1.0396906667961312
182 0.999132543346847
183 0.9895303337438048
184 0.95540436964635
185 1.0469600746238403
186 1.0377648603189664
187 1.0002258694874733
188 0.988923165601094
189 1.0306635966542435
190 0.9416769567244122
191 0.9922636890465623
192 0.9577171123646516
193 0.9915115591979213
194 1.000623156432289
195 0.9349717144385543
196 1.023254697319435
197 1.0004152863904658
198 1.000628178776313
199 1.0183871362725971
200 0.9939284264656887
201 0.9545227942882177
202 1.0047067856707987
203 0.9999436328462515
204 0.9590981126608692
205 0.976552207027903
206 0.9976911655624193
207 0.9661312285716153
208 1.0436549162654358
209 1.0154908922089791
210 1.037122844123621
211 1.0143346043560983
212 0.9415792059732356
213 1.041169341355519
214 0.9520541548436525
215 1.0000596163198048
216 1.0251740446208009
217 0.998254525330473
218 1.000207970714219
219 1.0155838717689387
220 1.0091144898796116
221 1.009889829943935
222 0.9996707801957958
223 0.9989516838453794
224 0.9961928298378846
225 1.0120916311576078
226 1.000258549572556
227 0.9989512364142751
228 1.0025828297876054
229 0.9992830469161009
230 1.0076620818728412
