1 1.0
2 1.0
3 1.0
4 1.0
5 1.0
6 1.0
7 1.0
8 0.875
9 0.8888888888888888
10 0.8
11 0.8181818181818182
12 0.75
13 0.7692307692307693
14 0.7857142857142857
15 0.8
16 0.8125
17 0.8235294117647058
18 0.8333333333333334
19 0.8421052631578947
20 0.85
21 0.8571428571428571
22 0.8636363636363636
23 0.8260869565217391
24 0.8333333333333334
25 0.8
26 0.8076923076923077
27 0.7777777777777778
28 0.7857142857142857
29 0.7931034482758621
30 0.7666666666666667
31 0.7741935483870968
32 0.75
33 0.7272727272727273
34 0.7352941176470589
35 0.7428571428571429
36 0.75
