1 1.0
2 1.0
3 1.0
4 1.0
5 1.0
6 1.0
7 1.0
8 1.0
9 1.0
10 1.0
11 1.0
12 1.0
13 1.0
14 1.0
15 1.0
16 1.0
17 1.0
18 1.0
19 1.0
20 1.0
21 1.0
22 0.9545454545454546
23 0.9565217391304348
24 0.9583333333333334
25 0.96
26 0.9615384615384616
27 0.9629629629629629
28 0.9642857142857143
29 0.9655172413793104
30 0.9333333333333333
31 0.9032258064516129
32 0.90625
33 0.9090909090909091
34 0.9117647058823529
35 0.9142857142857143
36 0.9166666666666666
37 0.8918918918918919
38 0.8947368421052632
39 0.8717948717948718
40 0.85
41 0.8292682926829268
42 0.8333333333333334
43 0.813953488372093
44 0.8181818181818182
45 0.8
46 0.782608695652174
47 0.7872340425531915
48 0.7916666666666666
49 0.7959183673469388
50 0.78
51 0.7843137254901961
52 0.7692307692307693
53 0.7547169811320755
54 0.7407407407407407
55 0.7272727272727273
56 0.7142857142857143
57 0.7192982456140351
58 0.7241379310344828
