1 1.0
2 1.0
3 1.0
4 1.0
5 1.0
6 0.8333333333333334
7 0.8571428571428571
8 0.875
9 0.8888888888888888
10 0.8
11 0.8181818181818182
12 0.8333333333333334
13 0.8461538461538461
14 0.8571428571428571
15 0.8666666666666667
16 0.875
17 0.8823529411764706
18 0.8333333333333334
19 0.8421052631578947
20 0.8
21 0.7619047619047619
22 0.7727272727272727
23 0.782608695652174
24 0.7916666666666666
25 0.76
26 0.7692307692307693
27 0.7407407407407407
28 0.75
29 0.7241379310344828
30 0.7
31 0.7096774193548387
32 0.6875
33 0.6666666666666666
34 0.6764705882352942
35 0.6857142857142857
36 0.6944444444444444
