1 1.0
2 1.0
3 1.0
4 1.0
5 1.0
6 1.0
7 1.0
8 1.0
9 1.0
10 1.0
11 1.0
12 0.9166666666666666
13 0.9230769230769231
14 0.9285714285714286
15 0.8666666666666667
16 0.875
17 0.8823529411764706
18 0.8888888888888888
19 0.8947368421052632
20 0.9
21 0.9047619047619048
22 0.9090909090909091
23 0.8695652173913043
24 0.8333333333333334
25 0.84
26 0.8461538461538461
27 0.8518518518518519
28 0.8571428571428571
29 0.8620689655172413
30 0.8333333333333334
31 0.8387096774193549
32 0.8125
33 0.8181818181818182
34 0.7941176470588235
35 0.8
36 0.8055555555555556
37 0.8108108108108109
38 0.8157894736842105
39 0.7948717948717948
40 0.8
41 0.7804878048780488
42 0.7857142857142857
43 0.7674418604651163
44 0.7727272727272727
45 0.7555555555555555
46 0.7391304347826086
47 0.7446808510638298
48 0.7291666666666666
49 0.7346938775510204
50 0.74
51 0.7254901960784313
52 0.7307692307692307
53 0.7358490566037735
54 0.7407407407407407
55 0.7272727272727273
56 0.7321428571428571
