1 1.0
2 1.0
3 1.0
4 1.0
5 1.0
6 1.0
7 1.0
8 1.0
9 1.0
10 1.0
11 0.9090909090909091
12 0.9166666666666666
13 0.9230769230769231
14 0.9285714285714286
15 0.9333333333333333
16 0.9375
17 0.9411764705882353
18 0.9444444444444444
19 0.9473684210526315
20 0.95
21 0.9523809523809523
22 0.9545454545454546
23 0.9565217391304348
24 0.9583333333333334
25 0.96
26 0.9230769230769231
27 0.8888888888888888
28 0.8571428571428571
29 0.8620689655172413
30 0.8333333333333334
31 0.8064516129032258
32 0.8125
33 0.7878787878787878
34 0.7941176470588235
35 0.8
36 0.8055555555555556
37 0.7837837837837838
38 0.7894736842105263
39 0.7948717948717948
40 0.775
41 0.7560975609756098
42 0.7380952380952381
43 0.7209302325581395
44 0.7045454545454546
45 0.6888888888888889
46 0.6739130434782609
47 0.6808510638297872
48 0.6666666666666666
49 0.6530612244897959
50 0.64
51 0.6274509803921569
52 0.6153846153846154
53 0.6037735849056604
54 0.5925925925925926
55 0.5818181818181818
56 0.5892857142857143
57 0.5789473684210527
58 0.5689655172413793
59 0.559322033898305
60 0.55
61 0.5409836065573771
62 0.532258064516129
63 0.5238095238095238
64 0.515625
65 0.5076923076923077
66 0.5
67 0.4925373134328358
68 0.4852941176470588
69 0.4782608695652174
70 0.4714285714285714
71 0.4647887323943662
72 0.4583333333333333
73 0.4520547945205479
74 0.44594594594594594
75 0.44
76 0.4342105263157895
77 0.42857142857142855
78 0.4230769230769231
79 0.4177215189873418
80 0.4125
81 0.4074074074074074
82 0.4024390243902439
83 0.39759036144578314
84 0.39285714285714285
85 0.38823529411764707
86 0.38372093023255816
87 0.3793103448275862
88 0.375
89 0.3707865168539326
90 0.36666666666666664
91 0.3626373626373626
92 0.358695652173913
93 0.3548387096774194
94 0.35106382978723405
95 0.3473684210526316
96 0.34375
97 0.3402061855670103
98 0.3469387755102041
99 0.3434343434343434
100 0.34
101 0.33663366336633666
102 0.3333333333333333
103 0.3300970873786408
104 0.3269230769230769
105 0.3238095238095238
106 0.32075471698113206
107 0.3177570093457944
108 0.3148148148148148
109 0.3119266055045872
110 0.3090909090909091
111 0.3063063063063063
112 0.30357142857142855
113 0.3008849557522124
114 0.2982456140350877
115 0.2956521739130435
116 0.29310344827586204
117 0.2905982905982906
118 0.288135593220339
119 0.2857142857142857
120 0.2833333333333333
121 0.2809917355371901
122 0.2786885245901639
123 0.2764227642276423
124 0.27419354838709675
125 0.272
126 0.2698412698412698
127 0.2677165354330709
128 0.265625
129 0.26356589147286824
130 0.26153846153846155
131 0.2595419847328244
132 0.25757575757575757
133 0.2556390977443609
134 0.2537313432835821
135 0.2518518518518518
136 0.25
137 0.24817518248175183
138 0.2463768115942029
139 0.2446043165467626
140 0.24285714285714285
141 0.24113475177304963
142 0.23943661971830985
143 0.23776223776223776
144 0.2361111111111111
145 0.23448275862068965
146 0.2328767123287671
147 0.23129251700680273
148 0.22972972972972974
149 0.22818791946308725
150 0.22666666666666666
151 0.2251655629139073
152 0.2236842105263158
153 0.2222222222222222
154 0.22077922077922077
155 0.21935483870967742
156 0.21794871794871795
157 0.21656050955414013
158 0.21518987341772153
159 0.2138364779874214
160 0.2125
161 0.2111801242236025
162 0.20987654320987653
163 0.2085889570552147
164 0.2073170731707317
165 0.20606060606060606
166 0.20481927710843373
167 0.20359281437125748
168 0.20238095238095238
169 0.20118343195266272
170 0.2
171 0.19883040935672514
172 0.19767441860465115
173 0.19653179190751446
174 0.19540229885057472
175 0.19428571428571428
176 0.19318181818181818
177 0.192090395480226
178 0.19101123595505617
179 0.18994413407821228
180 0.18888888888888888
181 0.1878453038674033
182 0.18681318681318682
183 0.18579234972677597
184 0.18478260869565216
185 0.1837837837837838
186 0.1827956989247312
187 0.18181818181818182
188 0.18085106382978725
189 0.17989417989417988
190 0.17894736842105263
191 0.17801047120418848
192 0.17708333333333334
193 0.17616580310880828
194 0.17525773195876287
195 0.17435897435897435
196 0.17346938775510204
197 0.17258883248730963
198 0.1717171717171717
199 0.1708542713567839
200 0.17
201 0.1691542288557214
202 0.16831683168316833
203 0.16748768472906403
204 0.16666666666666666
205 0.16585365853658537
206 0.1650485436893204
207 0.1642512077294686
208 0.16346153846153846
209 0.16267942583732056
210 0.1619047619047619
211 0.16113744075829384
212 0.16037735849056603
213 0.1596244131455399
214 0.1588785046728972
215 0.15813953488372093
216 0.1574074074074074
217 0.15668202764976957
218 0.1559633027522936
219 0.1552511415525114
220 0.15454545454545454
221 0.15384615384615385
222 0.15315315315315314
223 0.15246636771300448
224 0.15178571428571427
225 0.1511111111111111
226 0.1504424778761062
227 0.14977973568281938
228 0.14912280701754385
229 0.14847161572052403
230 0.14782608695652175
231 0.1471861471861472
232 0.14655172413793102
233 0.1459227467811159
234 0.1452991452991453
235 0.14468085106382977
236 0.1440677966101695
237 0.14345991561181434
238 0.14285714285714285
239 0.14225941422594143
240 0.14166666666666666
241 0.14107883817427386
242 0.14049586776859505
243 0.13991769547325103
244 0.13934426229508196
245 0.13877551020408163
246 0.13821138211382114
247 0.13765182186234817
248 0.13709677419354838
249 0.13654618473895583
250 0.136
251 0.13545816733067728
252 0.1349206349206349
253 0.13438735177865613
254 0.13385826771653545
255 0.13333333333333333
256 0.1328125
257 0.13229571984435798
258 0.13178294573643412
259 0.13127413127413126
260 0.13076923076923078
261 0.13026819923371646
262 0.1297709923664122
263 0.12927756653992395
264 0.12878787878787878
265 0.12830188679245283
266 0.12781954887218044
267 0.12734082397003746
268 0.12686567164179105
269 0.12639405204460966
270 0.1259259259259259
271 0.12546125461254612
272 0.125
273 0.12454212454212454
274 0.12408759124087591
275 0.12363636363636364
276 0.12318840579710146
277 0.12274368231046931
278 0.1223021582733813
279 0.12186379928315412
280 0.12142857142857143
281 0.12099644128113879
282 0.12056737588652482
283 0.12014134275618374
284 0.11971830985915492
285 0.11929824561403508
286 0.11888111888111888
287 0.11846689895470383
288 0.11805555555555555
289 0.11764705882352941
290 0.11724137931034483
291 0.11683848797250859
292 0.11643835616438356
293 0.11604095563139932
294 0.11564625850340136
295 0.1152542372881356
296 0.11486486486486487
297 0.11447811447811448
298 0.11409395973154363
299 0.11371237458193979
300 0.11333333333333333
301 0.11295681063122924
302 0.11258278145695365
303 0.11221122112211221
304 0.1118421052631579
305 0.11147540983606558
306 0.1111111111111111
307 0.11074918566775244
308 0.11038961038961038
309 0.11003236245954692
310 0.10967741935483871
311 0.10932475884244373
312 0.10897435897435898
313 0.10862619808306709
314 0.10828025477707007
315 0.10793650793650794
316 0.10759493670886076
317 0.10725552050473186
318 0.1069182389937107
319 0.10658307210031348
320 0.10625
321 0.1059190031152648
322 0.10559006211180125
323 0.10526315789473684
324 0.10493827160493827
325 0.10461538461538461
326 0.10429447852760736
327 0.10397553516819572
328 0.10365853658536585
329 0.1033434650455927
330 0.10303030303030303
331 0.1027190332326284
332 0.10240963855421686
333 0.1021021021021021
334 0.10179640718562874
335 0.10149253731343283
336 0.10119047619047619
337 0.10089020771513353
338 0.10059171597633136
339 0.10029498525073746
340 0.1
341 0.09970674486803519
342 0.09941520467836257
343 0.09912536443148688
344 0.09883720930232558
345 0.09855072463768116
346 0.09826589595375723
347 0.09798270893371758
348 0.09770114942528736
349 0.09742120343839542
350 0.09714285714285714
351 0.09686609686609686
352 0.09659090909090909
353 0.09631728045325778
354 0.096045197740113
355 0.09577464788732394
356 0.09550561797752809
357 0.09523809523809523
358 0.09497206703910614
359 0.0947075208913649
360 0.09444444444444444
361 0.09418282548476455
362 0.09392265193370165
363 0.09366391184573003
364 0.09340659340659341
365 0.09315068493150686
366 0.09289617486338798
367 0.09264305177111716
368 0.09239130434782608
369 0.0921409214092141
370 0.0918918918918919
371 0.09164420485175202
372 0.0913978494623656
373 0.09115281501340483
374 0.09090909090909091
375 0.09066666666666667
376 0.09042553191489362
377 0.09018567639257294
378 0.08994708994708994
379 0.08970976253298153
380 0.08947368421052632
381 0.08923884514435695
382 0.08900523560209424
383 0.08877284595300261
384 0.08854166666666667
385 0.08831168831168831
386 0.08808290155440414
387 0.08785529715762273
388 0.08762886597938144
389 0.08740359897172237
390 0.08717948717948718
391 0.08695652173913043
392 0.08673469387755102
393 0.08651399491094147
394 0.08629441624365482
395 0.08607594936708861
396 0.08585858585858586
397 0.08564231738035265
398 0.08542713567839195
399 0.08521303258145363
400 0.085
401 0.08478802992518704
402 0.0845771144278607
403 0.08436724565756824
404 0.08415841584158416
405 0.08395061728395062
406 0.08374384236453201
407 0.08353808353808354
408 0.08333333333333333
409 0.08312958435207823
410 0.08292682926829269
411 0.0827250608272506
412 0.0825242718446602
413 0.08232445520581114
414 0.0821256038647343
415 0.0819277108433735
416 0.08173076923076923
417 0.0815347721822542
418 0.08133971291866028
419 0.081145584725537
420 0.08095238095238096
421 0.08076009501187649
422 0.08056872037914692
423 0.08037825059101655
424 0.08018867924528301
425 0.08
426 0.07981220657276995
427 0.07962529274004684
428 0.0794392523364486
429 0.07925407925407925
430 0.07906976744186046
431 0.07888631090487239
432 0.0787037037037037
433 0.07852193995381063
434 0.07834101382488479
435 0.07816091954022988
436 0.0779816513761468
437 0.07780320366132723
438 0.0776255707762557
439 0.0774487471526196
440 0.07727272727272727
441 0.07709750566893424
442 0.07692307692307693
443 0.07674943566591422
444 0.07657657657657657
445 0.07640449438202247
446 0.07623318385650224
447 0.07606263982102908
448 0.07589285714285714
449 0.0757238307349666
450 0.07555555555555556
451 0.07538802660753881
452 0.0752212389380531
453 0.07505518763796909
454 0.07488986784140969
455 0.07472527472527472
456 0.07456140350877193
457 0.07439824945295405
458 0.07423580786026202
459 0.07407407407407407
460 0.07391304347826087
461 0.0737527114967462
462 0.0735930735930736
463 0.0734341252699784
464 0.07327586206896551
465 0.07311827956989247
466 0.07296137339055794
467 0.0728051391862955
468 0.07264957264957266
469 0.07249466950959488
470 0.07234042553191489
471 0.07218683651804671
472 0.07203389830508475
473 0.07188160676532769
474 0.07172995780590717
475 0.07157894736842105
476 0.07142857142857142
477 0.07127882599580712
478 0.07112970711297072
479 0.0709812108559499
480 0.07083333333333333
481 0.07068607068607069
482 0.07053941908713693
483 0.07039337474120083
484 0.07024793388429752
485 0.07010309278350516
486 0.06995884773662552
487 0.06981519507186858
488 0.06967213114754098
489 0.06952965235173825
490 0.06938775510204082
491 0.06924643584521385
492 0.06910569105691057
493 0.06896551724137931
494 0.06882591093117409
495 0.06868686868686869
496 0.06854838709677419
497 0.06841046277665996
498 0.06827309236947791
499 0.06813627254509018
500 0.068
501 0.06786427145708583
502 0.06772908366533864
503 0.06759443339960239
504 0.06746031746031746
505 0.06732673267326733
506 0.06719367588932806
507 0.0670611439842209
508 0.06692913385826772
509 0.06679764243614932
510 0.06666666666666667
511 0.06653620352250489
512 0.06640625
513 0.06627680311890838
514 0.06614785992217899
515 0.06601941747572816
516 0.06589147286821706
517 0.06576402321083172
518 0.06563706563706563
519 0.06551059730250482
520 0.06538461538461539
521 0.06525911708253358
522 0.06513409961685823
523 0.06500956022944551
524 0.0648854961832061
525 0.06476190476190476
526 0.06463878326996197
527 0.06451612903225806
528 0.06439393939393939
529 0.06427221172022685
530 0.06415094339622641
531 0.064030131826742
532 0.06390977443609022
533 0.06378986866791744
534 0.06367041198501873
535 0.06355140186915888
