0.7367950352169594	0.26320496478304056
0.7024316638287623	0.2975683361712377
0.09157466250435031	0.9084253374956497
0.15794254182017153	0.8420574581798285
0.10503573995864923	0.8949642600413508
0.6260943505260259	0.3739056494739741
0.6060663650752036	0.3939336349247964
0.08876521112370583	0.9112347888762942
0.38882156912264076	0.6111784308773592
0.06450671104271433	0.9354932889572857
0.5678732559549571	0.4321267440450429
0.9793797864339553	0.020620213566044748
0.33046798375653696	0.669532016243463
0.7922937988745755	0.20770620112542448
0.7747938119593683	0.22520618804063175
0.2260165249499596	0.7739834750500404
0.44652501737460537	0.5534749826253946
0.5849065731015087	0.41509342689849127
0.15755775680003736	0.8424422431999626
0.9986615824767783	0.0013384175232217202
0.603860709009657	0.39613929099034295
0.29399685200532966	0.7060031479946703
0.9661997834308472	0.033800216569152775
0.27019493921728255	0.7298050607827175
0.4599940852931268	0.5400059147068732
0.14698848275590048	0.8530115172440995
0.43992981173775136	0.5600701882622486
0.5373535119667467	0.46264648803325326
0.9607508798926557	0.039249120107344306
0.82428138871721	0.17571861128278998
0.8681844264903024	0.13181557350969764
0.42691483977355527	0.5730851602264447
0.5659431391624027	0.4340568608375973
0.6477978416584993	0.3522021583415007
0.3792544257419167	0.6207455742580833
0.18032244745094073	0.8196775525490593
0.9828402135250008	0.017159786474999165
0.21360452438032762	0.7863954756196724
0.1903448513714593	0.8096551486285407
0.8803064703482557	0.11969352965174429
0.996953582856474	0.0030464171435260787
0.9680802058025502	0.03191979419744987
0.419134683061946	0.580865316938054
0.06984378068583275	0.9301562193141673
0.33365081500878446	0.6663491849912155
0.07191422202938036	0.9280857779706196
0.8918641209571382	0.10813587904286182
0.11736346113591811	0.8826365388640819
0.7431472203729754	0.2568527796270246
0.12247434225835718	0.8775256577416428
0.03119194998639474	0.9688080500136053
0.52976969020363	0.47023030979637004
0.4090811864112045	0.5909188135887955
0.18600131953967425	0.8139986804603258
0.5179486788112221	0.4820513211887779
0.2812800018174195	0.7187199981825805
0.8507471594498326	0.14925284055016735
0.9114662715184649	0.08853372848153511
0.017240217099945276	0.9827597829000547
0.3419308862798167	0.6580691137201833
0.3462015503860507	0.6537984496139493
0.30376347060912134	0.6962365293908787
0.2511138890194089	0.7488861109805911
0.5383586716014045	0.4616413283985955
0.5396826426643506	0.4603173573356494
0.18258429136095677	0.8174157086390432
0.9469138515481097	0.05308614845189035
0.7954728639298432	0.20452713607015688
0.012169506753460513	0.9878304932465395
0.8456233989132802	0.15437660108671986
0.9333580617865074	0.06664193821349267
0.524028778649626	0.47597122135037395
0.25259641140047806	0.7474035885995219
0.7720037607359931	0.22799623926400686
0.3030247070538892	0.6969752929461108
0.8548023950171055	0.1451976049828944
0.49054076861750995	0.50945923138249
0.33928128450383577	0.6607187154961642
0.49746727013764025	0.5025327298623598
0.6038586579885246	0.39614134201147544
0.004878208802235107	0.9951217911977649
0.4106874581713945	0.5893125418286055
0.6218083620170175	0.3781916379829825
0.4774277918177213	0.5225722081822787
0.653225297060775	0.34677470293922497
0.5076679988838674	0.4923320011161326
0.572313120288051	0.42768687971194896
0.8676769176432073	0.13232308235679274
0.871908073288673	0.12809192671132702
0.8599227688629287	0.1400772311370712
0.7054275281899592	0.29457247181004076
0.6521889148488181	0.34781108515118186
0.5993029425427502	0.4006970574572498
0.9210514548881169	0.07894854511188314
0.34610255261125156	0.6538974473887484
0.6902328164395288	0.30976718356047117
0.14892165156023707	0.8510783484397629
5.07660203920457E-4	0.9994923397960795
0.4713109764621496	0.5286890235378504
0.20793391162269237	0.7920660883773076
0.4527294249821978	0.5472705750178022
0.1675407947930908	0.8324592052069092
0.5964133390735089	0.40358666092649115
0.8600363646741203	0.13996363532587977
0.003245798794054844	0.9967542012059452
0.01110574758430849	0.9888942524156915
0.6255621139907275	0.37443788600927247
0.031582132588955036	0.968417867411045
0.6703850125881265	0.3296149874118735
0.467561612603527	0.532438387396473
0.42737497189260876	0.5726250281073912
0.31490085385092237	0.6850991461490776
0.6352001776392029	0.36479982236079717
0.46766353138033423	0.5323364686196658
0.517431140016928	0.48256885998307203
0.27315873563647386	0.7268412643635261
0.8369827170700527	0.16301728292994735
0.7422633544404864	0.25773664555951353
0.0023877664035103496	0.9976122335964897
0.8785704179068586	0.1214295820931414
0.06887796788265632	0.9311220321173437
0.6016213810217517	0.3983786189782483
0.930819690909398	0.06918030909060206
0.5939069008938678	0.4060930991061323
0.6949619900230515	0.3050380099769486
0.9273186925156437	0.07268130748435635
0.24838104747304446	0.7516189525269555
0.51766264058549	0.4823373594145099
0.03858278504815327	0.9614172149518467
0.752226641358884	0.24777335864111608
0.6947583052646755	0.3052416947353244
0.7061322318291654	0.29386776817083454
0.8127468913169987	0.1872531086830013
0.8635621434055325	0.13643785659446753
0.2755870998921578	0.7244129001078422
0.5795922485249585	0.42040775147504156
0.33983303989508007	0.6601669601049199
0.5312928573283495	0.46870714267165053
0.7713730595884509	0.2286269404115491
0.22139626570443782	0.7786037342955622
0.5198342194116927	0.48016578058830733
0.30693022453154484	0.6930697754684552
0.8334637372237491	0.16653626277625092
0.0026081583449144574	0.9973918416550855
0.6318113574714037	0.36818864252859634
0.8992716346159171	0.10072836538408296
0.14942425479611354	0.8505757452038865
0.8873395661617377	0.11266043383826234
0.2026604946881766	0.7973395053118234
0.41392646438301195	0.586073535616988
0.692258831760205	0.3077411682397951
0.5057178113177596	0.49428218868224044
0.6768659461087512	0.3231340538912489
0.8048302553622384	0.19516974463776157
0.651879365323988	0.348120634676012
0.07036965408547269	0.9296303459145273
0.22494015074311402	0.775059849256886
0.470521529163501	0.529478470836499
0.20445610879390486	0.7955438912060951
0.02005627664348364	0.9799437233565164
0.46099998399357955	0.5390000160064204
0.40406707653971996	0.59593292346028
0.9020306630366243	0.0979693369633757
0.46332424111755643	0.5366757588824436
0.5603317505219434	0.43966824947805666
0.8928089289883968	0.10719107101160316
0.2116278704534169	0.7883721295465831
0.8552538618314313	0.1447461381685687
0.39237120181332974	0.6076287981866703
0.20449611687147062	0.7955038831285294
0.9727749402302156	0.02722505976978436
0.09815981399975415	0.9018401860002458
0.2002679319642071	0.7997320680357929
0.43903380172497275	0.5609661982750273
0.6214913426720392	0.37850865732796074
0.28726453693248255	0.7127354630675174
0.1329650130421881	0.8670349869578119
0.33329541204860624	0.6667045879513938
0.32720351134005676	0.6727964886599432
0.4008744159999108	0.5991255840000892
0.877322042058875	0.12267795794112499
0.6813208964239954	0.31867910357600465
0.13337414194096786	0.8666258580590321
0.8898623428009047	0.11013765719909527
0.9415203157732874	0.05847968422671253
0.4218722425569864	0.5781277574430136
0.6057216583490885	0.3942783416509115
0.9952834188072197	0.00471658119278025
0.4134504158462239	0.5865495841537761
0.5537165235919121	0.4462834764080878
0.37374180991683015	0.6262581900831699
0.7157241633924489	0.2842758366075511
0.25899294442918763	0.7410070555708124
0.8661543310020756	0.13384566899792436
0.301828775924909	0.698171224075091
0.6575091953626562	0.3424908046373439
0.4350640637171955	0.5649359362828045
0.018210829677531404	0.9817891703224686
0.8456292813719896	0.1543707186280104
0.5311622626313928	0.4688377373686072
0.739846075746792	0.260153924253208
0.9619603786561839	0.03803962134381606
0.3365782510835087	0.6634217489164913
0.039023675065353536	0.9609763249346465
0.955081000492653	0.044918999507346964
0.1656740000186684	0.8343259999813316
0.1769785108495785	0.8230214891504215
0.19085568445904544	0.8091443155409546
0.32401312002046023	0.6759868799795398
0.3732878425757472	0.6267121574242528
0.7791484132618456	0.22085158673815436
0.38079975449691883	0.6192002455030812
0.4905422633377099	0.5094577366622901
0.29450738634260887	0.7054926136573911
0.2838683824921324	0.7161316175078676
0.9861801878501033	0.01381981214989673
0.06588910324349784	0.9341108967565022
0.5275026129741607	0.47249738702583927
0.3340567879494878	0.6659432120505122
0.8440460637477638	0.15595393625223625
0.24508303819387334	0.7549169618061267
0.31179506889086694	0.6882049311091331
0.8310735622554453	0.16892643774455468
0.29448575928828047	0.7055142407117195
0.8855692838402428	0.11443071615975715
0.8285529028063496	0.1714470971936503
0.5336211578493937	0.4663788421506064
0.3823652555769522	0.6176347444230478
0.1191935920603564	0.8808064079396436
0.9523162340260534	0.047683765973946586
0.7184498883569126	0.28155011164308746
0.2907335866653976	0.7092664133346024
0.35690900348573473	0.6430909965142653
0.6071986400748135	0.39280135992518644
0.7695370699567932	0.23046293004320678
0.3472522823554667	0.6527477176445333
0.8023853122327607	0.1976146877672394
0.34838346053078517	0.6516165394692148
0.17861910352620336	0.8213808964737966
0.2547964409049125	0.7452035590950875
0.31628731647649855	0.6837126835235015
0.4762579653471103	0.5237420346528897
0.9930473402213729	0.006952659778627171
0.37323278383066494	0.6267672161693351
0.6673242785094475	0.3326757214905525
0.895800907472021	0.10419909252797895
0.5556086548500718	0.44439134514992823
0.4871586204526174	0.5128413795473826
0.8692589073915622	0.13074109260843775
0.05786308790681827	0.9421369120931817
0.40104184469284276	0.5989581553071572
0.5854556844933307	0.4145443155066692
0.4214813741174043	0.5785186258825957
0.49164223721937783	0.5083577627806222
0.2642971966838875	0.7357028033161125
0.3618018823291038	0.6381981176708962
0.5048247461852289	0.4951752538147712
0.2443616860844654	0.7556383139155346
0.7796675733652519	0.22033242663474809
0.30591735839996137	0.6940826416000386
0.2499496437597334	0.7500503562402666
0.15821310458797233	0.8417868954120277
0.7781116035902435	0.22188839640975658
0.4361215220218154	0.5638784779781846
0.9257240674233094	0.07427593257669066
0.5425279536643728	0.45747204633562727
0.15850449096405117	0.8414955090359488
0.24677263356191115	0.7532273664380889
0.6885128797019022	0.31148712029809783
0.520748034422911	0.479251965577089
0.9995064674646225	4.935325353775566E-4
0.7136647195652357	0.28633528043476425
0.2778204297270058	0.7221795702729942
0.7300321183074552	0.26996788169254476
0.6972013885727484	0.30279861142725156
0.5970769776959068	0.4029230223040931
0.9551645675555063	0.044835432444493756
0.23353860761520107	0.7664613923847989
0.7639729584713024	0.2360270415286976
0.8918099920031096	0.10819000799689041
0.1632030412062644	0.8367969587937356
0.9043870357410726	0.09561296425892743
0.14511450810806747	0.8548854918919325
0.7725670513767959	0.2274329486232041
0.279592945190302	0.720407054809698
0.2736992284439087	0.7263007715560913
0.18782661772546516	0.8121733822745348
0.10081235724854132	0.8991876427514587
0.7062755557314488	0.2937244442685511
0.28726999266215647	0.7127300073378435
0.555784165099547	0.44421583490045297
0.49576075670489317	0.5042392432951068
0.3698396541710225	0.6301603458289775
0.5863153258887108	0.41368467411128923
0.7353205042238204	0.2646794957761795
0.12742775156288266	0.8725722484371173
0.5123273940083246	0.48767260599167533
0.8173942111140842	0.18260578888591586
0.2899244970107542	0.7100755029892458
0.7636916625347654	0.23630833746523464
0.08442255406908816	0.9155774459309118
0.7504260502930145	0.2495739497069856
0.011113102763563032	0.988886897236437
0.6132858255102827	0.38671417448971734
0.6479253327247072	0.3520746672752928
0.8242926637960803	0.1757073362039196
0.1523994200831067	0.8476005799168933
0.08751367520756892	0.9124863247924311
0.5317157645316593	0.46828423546834075
0.36057479187961416	0.6394252081203858
0.8676908218239121	0.13230917817608784
0.046218729085675814	0.9537812709143242
0.8120565917578249	0.1879434082421752
0.4644325691287965	0.5355674308712035
0.7380375468095258	0.2619624531904742
0.6274644029550213	0.37253559704497874
0.49761262693923425	0.5023873730607658
0.8212460205032699	0.17875397949673005
0.1570335967383678	0.8429664032616322
0.39682003565002	0.60317996434998
0.8007278045726343	0.1992721954273658
0.46210967967669525	0.5378903203233047
0.6540789326037367	0.34592106739626327
0.5399141652303281	0.4600858347696719
0.6043416171220444	0.39565838287795563
0.908888619693696	0.09111138030630399
0.7810647562488342	0.21893524375116585
0.6913698305710382	0.3086301694289618
0.8872100854093148	0.11278991459068526
0.20051422134510466	0.7994857786548953
0.5033685202490917	0.49663147975090827
0.7489685440306413	0.25103145596935866
0.7831818447121075	0.21681815528789244
0.6762219379025258	0.3237780620974742
0.8407336131331877	0.15926638686681222
0.6302874642922839	0.3697125357077161
0.33211601619423015	0.6678839838057699
0.016433543697066733	0.9835664563029333
0.24481929588078533	0.7551807041192147
0.2562036175143251	0.7437963824856749
0.830614503782436	0.169385496217564
0.5956901835970805	0.4043098164029195
0.9101682806009554	0.0898317193990446
0.09155617842057817	0.9084438215794218
0.010077239083018164	0.9899227609169818
0.13468672383519353	0.8653132761648065
0.8940490948473471	0.10595090515265297
0.33790780789672314	0.6620921921032769
0.057674914918164566	0.9423250850818354
0.0827388406884978	0.9172611593115022
0.20084067693797025	0.7991593230620297
0.14927183574646374	0.8507281642535363
0.6018771867840355	0.39812281321596454
0.059631497510667764	0.9403685024893322
0.2531955071809525	0.7468044928190475
0.8208211551455797	0.17917884485442023
0.04939196944852153	0.9506080305514785
0.8292186943994387	0.17078130560056123
0.2617653496624218	0.7382346503375782
0.012929307671497914	0.9870706923285021
0.8511791630542128	0.14882083694578715
0.869655911332502	0.130344088667498
0.668124461927633	0.331875538072367
0.5500449893154636	0.44995501068453636
0.751154982134968	0.24884501786503196
0.2595294354381499	0.7404705645618501
0.8258843113791595	0.17411568862084045
0.8144301064192834	0.1855698935807166
0.8097036542205623	0.19029634577943763
0.5993899140789128	0.40061008592108716
0.27413353929763384	0.7258664607023662
0.27587179186615085	0.7241282081338491
0.3984760535235228	0.6015239464764772
0.9626026002841697	0.03739739971583032
0.06577021608113642	0.9342297839188636
0.3100133375242595	0.6899866624757405
0.3649337107966869	0.6350662892033131
0.21780919700801027	0.7821908029919897
0.4407354886478799	0.5592645113521201
0.17807637835774137	0.8219236216422586
0.30459617448860565	0.6954038255113943
0.38044134776114324	0.6195586522388568
0.9222424872359336	0.07775751276406638
0.2897701554126645	0.7102298445873355
0.5264101600781426	0.47358983992185744
0.13412479794506116	0.8658752020549388
0.17093140639748539	0.8290685936025146
0.3389565634031033	0.6610434365968967
0.9128702593387769	0.08712974066122313
0.8649606684964559	0.13503933150354405
0.6574668911030437	0.3425331088969563
0.5881638910146184	0.4118361089853816
0.4614819673719559	0.5385180326280441
0.47257006023539205	0.527429939764608
0.40843010456599504	0.591569895434005
0.483314886891533	0.516685113108467
0.8478679457202314	0.15213205427976859
0.8614352623060414	0.13856473769395858
0.7434434756411593	0.2565565243588407
0.9040590714170723	0.09594092858292767
0.2788009345176935	0.7211990654823065
0.2922601809181916	0.7077398190818084
0.8079777151575718	0.19202228484242817
0.6883831318185107	0.31161686818148926
0.6161613813995074	0.3838386186004926
0.29789924946285595	0.702100750537144
0.05349537378956781	0.9465046262104322
0.2208499125738813	0.7791500874261187
0.9482571284112298	0.05174287158877019
0.4471736998092869	0.5528263001907131
0.8526726607995105	0.1473273392004894
0.8996775151569456	0.10032248484305435
0.023996387045820522	0.9760036129541795
0.6154402162786239	0.3845597837213761
0.23442120062022676	0.7655787993797732
0.9157042501512217	0.08429574984877826
0.3076090966132138	0.6923909033867862
0.6763918408670149	0.32360815913298513
0.7258883058891301	0.2741116941108699
0.08023831632464529	0.9197616836753547
0.15353114539798807	0.8464688546020119
0.3811896676241	0.6188103323759
0.5504731674251697	0.4495268325748303
0.35056262595449017	0.6494373740455098
0.5891902358666272	0.4108097641333728
0.29528669934437146	0.7047133006556285
0.5764294883098084	0.42357051169019155
0.6684879431123948	0.3315120568876052
0.3716785579036289	0.6283214420963711
0.6432559209082904	0.3567440790917096
0.09561394971256132	0.9043860502874387
0.13755872256517132	0.8624412774348287
0.5536328583242216	0.4463671416757784
0.1922064874279451	0.8077935125720549
0.44065081466957956	0.5593491853304204
0.579164058655198	0.42083594134480196
0.8317295895069885	0.16827041049301145
0.8033969258877958	0.1966030741122043
0.34624375442768107	0.6537562455723189
0.24120531284284952	0.7587946871571505
0.458037442389462	0.541962557610538
0.9994264159578922	5.735840421077979E-4
0.8265773056595014	0.17342269434049856
0.8851194394008056	0.11488056059919434
0.470056398238359	0.529943601761641
0.8309093621699095	0.16909063783009043
0.17571055200687424	0.8242894479931258
0.6479565708423091	0.35204342915769093
0.43960817638694905	0.560391823613051
0.4818119134764328	0.5181880865235672
0.6374460361081039	0.3625539638918961
0.9738738637761208	0.026126136223879118
0.8437674707780655	0.1562325292219345
0.8213069592669681	0.1786930407330319
0.35882548391225677	0.6411745160877432
0.9320087553815283	0.06799124461847168
0.3914883626882908	0.6085116373117092
0.5473936744632445	0.4526063255367555
0.192322390406085	0.807677609593915
0.18115552017260717	0.8188444798273928
0.6435994691275579	0.35640053087244206
0.6868524738995068	0.31314752610049323
0.5866243530702461	0.4133756469297539
0.938406351021128	0.06159364897887194
0.4713096200803769	0.5286903799196231
0.4573665726896271	0.5426334273103729
0.5399068119335492	0.46009318806645083
0.222030660843492	0.777969339156508
0.5648724212096793	0.4351275787903207
0.403091985606823	0.596908014393177
0.18809705694345413	0.8119029430565459
0.387425033655433	0.612574966344567
0.052611327304955546	0.9473886726950445
0.9093169930447499	0.09068300695525007
0.6852438098199569	0.3147561901800431
0.12468633677072316	0.8753136632292768
0.34575128480107564	0.6542487151989244
0.49074157616239245	0.5092584238376076
0.7802589653280195	0.21974103467198045
0.28765059259646164	0.7123494074035384
0.8393967023636818	0.16060329763631817
0.7110116794096436	0.2889883205903564
0.6886334732325267	0.31136652676747334
0.8295134101637379	0.17048658983626205
0.6537083512174388	0.34629164878256125
0.23079288093360495	0.769207119066395
0.5208160065242611	0.4791839934757389
0.2441716613437841	0.7558283386562159
0.12179041649160882	0.8782095835083912
0.8400651710878599	0.15993482891214003
0.6607781477037991	0.33922185229620094
0.2551989857061078	0.7448010142938922
0.22201221336662103	0.777987786633379
0.40747028671582397	0.592529713284176
0.08887653673218365	0.9111234632678163
0.05589155832748316	0.9441084416725168
0.6124481065288058	0.38755189347119423
0.47544046196810186	0.5245595380318981
0.7124579453832894	0.28754205461671056
0.18409379193715103	0.815906208062849
0.9820301807507085	0.017969819249291523
0.8713207590031337	0.12867924099686634
0.5446081222939967	0.4553918777060033
0.5015594389950973	0.49844056100490275
0.9311302809121409	0.06886971908785909
0.15314123631972554	0.8468587636802745
0.4561860864939761	0.5438139135060239
0.4791966188939861	0.5208033811060139
0.8699468453248536	0.13005315467514644
0.6100749895278942	0.3899250104721058
0.3319276725270217	0.6680723274729783
0.8161127814895565	0.18388721851044354
0.7131520907012193	0.2868479092987807
0.44260155667789025	0.5573984433221097
0.21781379637610243	0.7821862036238976
0.4604427617641992	0.5395572382358008
0.21608430844759907	0.7839156915524009
0.37709490500536724	0.6229050949946328
0.16246933393253338	0.8375306660674666
0.29117241151030515	0.7088275884896948
0.752219620877517	0.24778037912248296
0.9745310731555133	0.025468926844486643
0.6579646443848262	0.34203535561517384
0.666877625462054	0.333122374537946
0.971861158646116	0.028138841353883996
0.49053921547199086	0.5094607845280091
0.876949558712948	0.12305044128705199
0.2002011519860053	0.7997988480139947
0.31357103868409975	0.6864289613159003
0.10545062749318268	0.8945493725068173
0.28860876417538084	0.7113912358246192
0.09128836160592657	0.9087116383940734
0.48607143566643995	0.51392856433356
0.6634206876550462	0.33657931234495375
0.5083883071188041	0.4916116928811959
0.46180175275032964	0.5381982472496704
0.3665752795040149	0.6334247204959851
0.09447610475440404	0.905523895245596
0.47765461589871994	0.5223453841012801
0.9582829280732172	0.04171707192678274
0.05409541338539192	0.9459045866146081
0.4512598990023029	0.5487401009976971
0.27940728626142375	0.7205927137385763
0.43952821386439156	0.5604717861356084
0.08201502092192514	0.9179849790780749
0.7993218608378333	0.2006781391621667
0.07487883691225061	0.9251211630877494
0.8272936106152156	0.17270638938478444
0.8590889280739631	0.1409110719260369
0.29831080110145913	0.7016891988985409
0.7927646944170348	0.20723530558296524
0.7525865527745778	0.24741344722542227
0.6196712943068405	0.38032870569315946
0.07268189526795465	0.9273181047320453
0.06991865980944756	0.9300813401905524
0.18717887646772402	0.812821123532276
0.17996583245070052	0.8200341675492995
0.8646489022990831	0.13535109770091694
0.21788731010969498	0.782112689890305
0.8033423811333213	0.19665761886667868
0.4247402003590167	0.5752597996409833
0.5092578680196248	0.4907421319803752
0.21946850380735916	0.7805314961926408
0.15742053454646388	0.8425794654535361
0.5623578258818461	0.43764217411815387
0.1455024323432721	0.8544975676567279
0.816244502825882	0.18375549717411802
0.8199101923024775	0.1800898076975225
0.13910768773151005	0.86089231226849
0.49356025256790925	0.5064397474320907
0.6306642569309595	0.3693357430690405
0.5370342625918267	0.46296573740817326
0.9428563289693511	0.05714367103064889
0.9003031194812634	0.09969688051873662
0.7627569272598456	0.23724307274015446
0.28475418911667405	0.715245810883326
0.2588796804224407	0.7411203195775593
0.9432470148646898	0.056752985135310255
0.6300008855353015	0.36999911446469846
0.3321352365742919	0.6678647634257081
0.05059758172469042	0.9494024182753096
0.9007735562035528	0.09922644379644721
0.4194581985767323	0.5805418014232677
0.03495078839666921	0.9650492116033308
0.09789568401630566	0.9021043159836943
0.19235143418174516	0.8076485658182548
0.5906210080156085	0.40937899198439154
0.521083845730364	0.47891615426963596
0.5544297930110952	0.4455702069889048
0.4071358188011044	0.5928641811988956
0.40550118630234777	0.5944988136976522
0.616914608363036	0.383085391636964
0.7827688546235095	0.2172311453764905
0.7727220422706897	0.22727795772931028
0.46933182804073315	0.5306681719592669
0.2044405321118109	0.7955594678881891
0.6924439525783677	0.30755604742163234
0.8679776081909127	0.13202239180908729
0.7408338712414068	0.25916612875859324
0.6069195064509375	0.3930804935490625
0.5458038009859467	0.45419619901405334
0.99908268610188	9.173138981199567E-4
0.6165194805642267	0.3834805194357734
0.2642686981392368	0.7357313018607632
0.34715089489780604	0.652849105102194
0.451279413572761	0.548720586427239
0.24037965403593786	0.7596203459640621
0.7058731257659543	0.29412687423404577
0.6532691916324751	0.34673080836752485
0.9319911552600888	0.06800884473991119
0.3732191047951743	0.6267808952048257
0.6767628189967154	0.32323718100328463
0.5823904978208425	0.41760950217915743
0.9276896750979136	0.07231032490208643
0.7222581054656454	0.27774189453435466
0.9040011864158147	0.09599881358418526
0.2323739618091365	0.7676260381908635
0.27768337940532184	0.7223166205946782
0.27313491220296204	0.726865087797038
0.9211151657465073	0.07888483425349267
0.26441900630051585	0.7355809936994842
0.6017298787585936	0.3982701212414063
0.15285433511767477	0.8471456648823252
0.6380489910230509	0.36195100897694915
0.1420432893019823	0.8579567106980177
0.9885842884368172	0.011415711563182752
0.9234982939821188	0.07650170601788119
0.8926230895722115	0.1073769104277885
0.08193544873809411	0.9180645512619059
0.8313209754043743	0.16867902459562567
0.026883176434136624	0.9731168235658634
0.2747279576974142	0.7252720423025858
0.842629024806098	0.15737097519390197
0.45563810004671024	0.5443618999532898
0.5290589968512207	0.47094100314877935
0.029129999047752264	0.9708700009522477
0.9951278947478247	0.0048721052521752545
0.18637862340873912	0.8136213765912609
0.711006646562595	0.2889933534374049
0.07616608737091446	0.9238339126290855
0.4856609889540888	0.5143390110459112
0.7152739529481915	0.28472604705180843
0.41810036547229534	0.5818996345277047
0.14175098420008803	0.858249015799912
0.2190908171406094	0.7809091828593906
0.06944049417511655	0.9305595058248834
0.4158635624310163	0.5841364375689837
0.65902087433519	0.34097912566481
0.4503144937218324	0.5496855062781676
0.13543245430038076	0.8645675456996192
0.6250279231008218	0.37497207689917816
0.5949474210156394	0.4050525789843606
0.8880854054597105	0.11191459454028957
0.29738745254894516	0.7026125474510548
0.33156813467638313	0.6684318653236169
0.42487266544767155	0.5751273345523285
0.645176995810028	0.3548230041899721
0.7463662227179808	0.25363377728201925
0.5291338960737588	0.4708661039262411
0.14230305146028333	0.8576969485397167
0.9704706524836632	0.0295293475163368
0.42400489248542783	0.5759951075145722
0.5093604467232014	0.4906395532767986
0.27338264578161653	0.7266173542183835
0.9776297898059935	0.02237021019400649
0.6992081272452739	0.30079187275472613
0.300867562823829	0.699132437176171
0.6364579306173954	0.3635420693826045
0.493966316846739	0.506033683153261
0.19871230372847526	0.8012876962715247
0.45432271247834866	0.5456772875216513
0.34810435436696807	0.6518956456330319
0.43350066250103103	0.566499337498969
0.8250096462659546	0.1749903537340453
0.1225092088379075	0.8774907911620925
0.017063736171754496	0.9829362638282455
0.952926783300042	0.04707321669995796
0.21509766301790179	0.7849023369820982
0.9402514286683942	0.05974857133160578
0.5574588613423561	0.44254113865764383
0.9807830312837157	0.019216968716284265
0.793588098056631	0.20641190194336895
0.8721353065333766	0.12786469346662338
0.17667435703365697	0.823325642966343
0.23259168692410415	0.7674083130758959
0.9321075544763175	0.0678924455236824
0.32779862288249184	0.6722013771175082
0.43606692432838623	0.5639330756716138
0.31594054258567983	0.6840594574143202
0.8040707523786452	0.19592924762135472
0.44515064722600994	0.5548493527739901
0.8441908697653635	0.15580913023463644
0.9894407050695184	0.01055929493048153
0.3198057076430455	0.6801942923569545
0.5112177088184586	0.48878229118154143
0.22249920420988534	0.7775007957901147
0.0682059949288456	0.9317940050711544
0.041658161450084386	0.9583418385499156
0.028396327861240023	0.97160367213876
0.08250290274104466	0.9174970972589553
0.395631600622382	0.604368399377618
0.3786409054371188	0.6213590945628812
0.9021420664933079	0.09785793350669217
0.46470765395213254	0.5352923460478675
0.25090859889978123	0.7490914011002188
0.45133533911199897	0.548664660888001
0.5329644994729656	0.46703550052703435
0.40571128173586235	0.5942887182641376
0.8089415302169967	0.19105846978300337
0.09229973056782292	0.9077002694321771
0.27277671180953356	0.7272232881904664
0.07373192643129467	0.9262680735687053
0.46151838740789275	0.5384816125921073
0.3225545651012808	0.6774454348987192
0.8093404419198512	0.1906595580801488
0.30383198021910585	0.6961680197808942
0.43252319515994175	0.5674768048400582
0.24017993251591385	0.7598200674840861
0.961481534730354	0.03851846526964594
0.5486983431309221	0.45130165686907786
0.12787874531817922	0.8721212546818208
0.4299895603499	0.5700104396501
0.9707204887827948	0.029279511217205206
0.713894798367558	0.286105201632442
0.3959420549880258	0.6040579450119742
0.7300304677670121	0.2699695322329879
0.1391702399180198	0.8608297600819802
0.313304041058574	0.686695958941426
0.0928534170047397	0.9071465829952603
0.6993604852475847	0.30063951475241535
0.16534646174084944	0.8346535382591506
0.870754062319022	0.12924593768097806
0.729175792022502	0.27082420797749795
0.7243286985410259	0.2756713014589741
0.4961059785836911	0.5038940214163089
0.8209719856277267	0.17902801437227336
0.8247468745351451	0.17525312546485497
0.512107923134182	0.48789207686581804
0.9426021745414811	0.05739782545851893
0.208907553196786	0.791092446803214
0.9180027330731488	0.08199726692685119
0.7505011390591122	0.24949886094088783
0.37700136369115556	0.6229986363088444
0.2511160905546075	0.7488839094453925
0.9641172424536059	0.03588275754639417
0.9620676205814116	0.03793237941858843
0.2912662448231419	0.7087337551768581
0.3062896500361041	0.6937103499638959
0.11313781356437524	0.8868621864356248
0.048388074182075136	0.9516119258179249
0.6520368272237745	0.34796317277622546
0.27463433602717713	0.7253656639728229
0.5823732930371217	0.4176267069628783
0.8288872831836841	0.1711127168163159
0.7024140762108104	0.2975859237891896
0.8574909265320203	0.1425090734679797
0.5784693461637505	0.42153065383624955
0.21639322799866034	0.7836067720013397
0.775401321864925	0.22459867813507495
0.43245642723428745	0.5675435727657125
0.047315693580614826	0.9526843064193852
0.7185502065033367	0.2814497934966633
0.8988075906011017	0.10119240939889826
0.17277460624862595	0.827225393751374
0.7581084479237384	0.24189155207626156
0.8492245667631608	0.15077543323683917
0.2151759862713919	0.7848240137286081
0.5592133914144628	0.4407866085855372
0.8385273353054113	0.16147266469458865
0.17843276417635812	0.8215672358236419
0.7200168584989504	0.27998314150104964
0.5836687805060367	0.41633121949396334
0.6917708021964379	0.30822919780356206
0.04331101431505191	0.9566889856849481
0.3084428324890226	0.6915571675109774
0.8442626914621729	0.15573730853782708
0.7445608780794052	0.2554391219205948
0.7936299281065198	0.20637007189348022
0.3840818779195899	0.6159181220804101
0.11076124596248904	0.889238754037511
0.5998178342494542	0.40018216575054577
0.4822239250412065	0.5177760749587935
0.16597949817356017	0.8340205018264398
0.03191440977740567	0.9680855902225943
0.40891544962670157	0.5910845503732984
0.7378537568236238	0.26214624317637625
0.17978830610822338	0.8202116938917766
0.9678402847314815	0.03215971526851844
0.4883888612098838	0.5116111387901162
0.1039189412282443	0.8960810587717557
0.23887805470271029	0.7611219452972897
0.46085138513347057	0.5391486148665294
0.38467742225688917	0.6153225777431108
0.39108527408262217	0.6089147259173778
0.5090858124078649	0.4909141875921351
0.6071438052760871	0.39285619472391287
0.7379468909941292	0.26205310900587075
0.5752909754835303	0.42470902451646975
0.007661612426959397	0.9923383875730406
0.5595429364658708	0.44045706353412917
0.9291756126709236	0.07082438732907638
0.761992585376546	0.23800741462345398
0.4387296904516269	0.5612703095483731
0.5725711043611095	0.42742889563889047
0.08467128242844679	0.9153287175715532
0.9260327287229357	0.07396727127706428
0.3949692067401459	0.6050307932598541
0.27548830061424157	0.7245116993857584
0.34398414533918975	0.6560158546608102
0.7345364379918193	0.2654635620081807
0.3984698637824926	0.6015301362175074
0.43003496880295866	0.5699650311970413
0.42910351467907104	0.570896485320929
0.1463463557831729	0.8536536442168271
0.30607768894838183	0.6939223110516182
0.15071664246352112	0.8492833575364789
0.6217036281650792	0.37829637183492076
0.15902362849598817	0.8409763715040118
0.4037162586799463	0.5962837413200537
0.6786535567375644	0.3213464432624355
0.2818761052140385	0.7181238947859615
0.9901000150857763	0.009899984914223767
0.08873885845868412	0.9112611415413159
0.6622571165649984	0.33774288343500153
0.163698390023857	0.836301609976143
0.14645143803146377	0.8535485619685362
0.3975629831591375	0.6024370168408625
0.11591467192563354	0.8840853280743665
0.6223340767599597	0.3776659232400404
0.6251788587042055	0.3748211412957944
0.996232788307442	0.0037672116925580243
0.08130976059737938	0.9186902394026206
0.34544726580953744	0.6545527341904626
0.4792692368173067	0.5207307631826933
0.6490155309895065	0.35098446901049346
0.249404607604089	0.750595392395911
0.2485486090851038	0.7514513909148962
0.46050372788891003	0.53949627211109
0.5463491169777059	0.4536508830222941
0.7532587562550584	0.24674124374494155
0.6494772260536466	0.3505227739463534
0.8794667282466541	0.12053327175334595
0.2084189573166465	0.7915810426833535
0.9593489641783322	0.04065103582166789
0.7815580200677194	0.21844197993228065
0.9823513497416168	0.017648650258383268
0.9843529711918214	0.015647028808178608
0.9019698459368181	0.09803015406318195
0.11806021264499922	0.8819397873550008
0.4455466091267928	0.5544533908732072
0.35312676164612467	0.6468732383538753
0.10127782038240563	0.8987221796175944
0.5621975013737254	0.4378024986262746
0.859050916495088	0.14094908350491198
0.09197430211577595	0.908025697884224
0.9559317997491431	0.044068200250856886
0.3268129084969299	0.6731870915030701
0.16895585226430954	0.8310441477356905
0.9741171187550627	0.025882881244937324
0.0703764754885875	0.9296235245114125
0.6352377208594361	0.3647622791405639
0.22129922064817675	0.7787007793518232
0.48707219633505516	0.5129278036649448
0.5743960502022653	0.42560394979773475
0.3257123619465483	0.6742876380534517
0.8435844737469431	0.15641552625305688
0.9722782116321663	0.027721788367833684
0.7941092538882489	0.20589074611175107
0.21192841332430545	0.7880715866756945
0.5755889136898144	0.42441108631018565
0.6343551724478408	0.3656448275521592
0.2060586465794355	0.7939413534205645
0.9808560634748106	0.019143936525189427
0.6940055594996234	0.3059944405003766
0.5810047222598693	0.4189952777401307
0.11937207995960519	0.8806279200403948
0.7800109500729145	0.21998904992708546
0.5793994219770939	0.42060057802290607
0.7658090026809854	0.2341909973190146
0.521268747435381	0.478731252564619
0.1747122070622361	0.8252877929377639
0.6454189987693184	0.3545810012306816
0.33471052518501265	0.6652894748149873
0.7702050733831471	0.22979492661685286
0.3230943035861541	0.6769056964138459
0.5336010500317971	0.46639894996820286
0.15636212673042482	0.8436378732695752
0.28872983740596925	0.7112701625940308
0.43315814175044576	0.5668418582495542
0.47925611422760805	0.520743885772392
0.21939477470556157	0.7806052252944384
0.09464089503150042	0.9053591049684996
0.6708586123601884	0.3291413876398116
0.6748200483406697	0.32517995165933034
0.2768081778083986	0.7231918221916014
0.9143095348052267	0.0856904651947733
0.4820611614504974	0.5179388385495026
0.09670560070541423	0.9032943992945858
0.7179222277228644	0.2820777722771356
0.7460619495098939	0.2539380504901061
0.528953840204418	0.471046159795582
0.6606813351954701	0.3393186648045298
0.8799104592099323	0.12008954079006778
0.6660808253611641	0.33391917463883597
0.6779846912447614	0.3220153087552387
0.46150733030153723	0.5384926696984628
0.5384348890787625	0.4615651109212375
0.1407321151396842	0.8592678848603158
0.8818759185641496	0.11812408143585046
0.7587442423513677	0.24125575764863222
0.38312048461484005	0.61687951538516
0.81622654048753	0.18377345951246998
0.9381237643665046	0.06187623563349548
0.14538204136937916	0.8546179586306208
0.13494511433312384	0.8650548856668762
0.1578985585237146	0.8421014414762854
0.23004874503839046	0.7699512549616095
0.47699371902836885	0.5230062809716312
0.6051071622293351	0.3948928377706648
0.2660670761908195	0.7339329238091805
0.08733546823253657	0.9126645317674634
0.5230243586727503	0.47697564132724973
0.6932297047528004	0.3067702952471996
0.9027323136446299	0.09726768635537003
0.24574606132846843	0.7542539386715316
0.9155800625476538	0.08441993745234616
0.22214984537056626	0.7778501546294337
0.017417255877362647	0.9825827441226374
0.5270704198356266	0.4729295801643733
0.029230848187791758	0.9707691518122082
0.9251804028591615	0.07481959714083847
0.6122109783658005	0.3877890216341994
0.4922123528137138	0.5077876471862862
0.2681154562489384	0.7318845437510616
0.8929425122692021	0.10705748773079787
0.3632198145514868	0.6367801854485132
0.9208967660064651	0.07910323399353486
0.29815939303068817	0.7018406069693118
0.7468285476237915	0.2531714523762086
0.7115304091506214	0.2884695908493787
0.5408189989965007	0.4591810010034994
0.04249073076271992	0.9575092692372801
0.7348653512529129	0.2651346487470872
0.15143754256329856	0.8485624574367014
0.4671432010811125	0.5328567989188875
0.7571621610824435	0.24283783891755645
0.8432092483256617	0.15679075167433837
0.17708763848212628	0.8229123615178737
0.3200927728870472	0.6799072271129528
0.22206053036285822	0.7779394696371418
0.33179959345669663	0.6682004065433034
0.9311604465602102	0.06883955343978979
0.3647982454766674	0.6352017545233326
0.5986316076814682	0.4013683923185319
0.037582360789402136	0.9624176392105979
0.6396463538242787	0.36035364617572124
0.39091955185600713	0.6090804481439929
0.4523550560261409	0.5476449439738591
0.8535894523743545	0.14641054762564557
0.8293743081846547	0.1706256918153453
0.6220853440618415	0.3779146559381585
0.6849119879315542	0.3150880120684459
0.7867172641919912	0.21328273580800886
0.5979112105828888	0.4020887894171112
0.05471546261095117	0.9452845373890488
0.5176832521621335	0.48231674783786654
0.9119269450063179	0.08807305499368215
0.023527266456410123	0.9764727335435899
0.8735011071729317	0.1264988928270683
0.6125033643013307	0.38749663569866927
0.3261602489343327	0.6738397510656673
0.9271911472037035	0.07280885279629648
0.4452068874832913	0.5547931125167087
0.3665993168444026	0.6334006831555974
0.4726695644270942	0.5273304355729058
0.4975682733816784	0.5024317266183216
0.3226418753420919	0.6773581246579081
0.30799227980897803	0.692007720191022
0.19901208910692736	0.8009879108930726
0.1849066040895253	0.8150933959104747
0.691874708086331	0.30812529191366905
0.7361070106002705	0.26389298939972944
0.29379541520081887	0.7062045847991811
0.1771029811369731	0.8228970188630269
0.43697842285089994	0.5630215771491001
0.07948245525716491	0.9205175447428351
0.09784685182841146	0.9021531481715885
0.9310581516697404	0.06894184833025965
0.7065521582710199	0.29344784172898003
0.48837519997875134	0.5116248000212487
0.10481502070775806	0.895184979292242
0.5885562306787147	0.4114437693212854
0.5449771492729563	0.4550228507270437
0.9446959117497056	0.05530408825029446
0.2542983543344537	0.7457016456655463
0.023464194044659825	0.9765358059553402
0.798826005039976	0.201173994960024
0.6551173174182192	0.34488268258178073
0.8774308023466736	0.12256919765332644
0.4033571921962409	0.5966428078037591
0.3025305590620292	0.6974694409379708
0.8109721250699332	0.18902787493006679
0.7491754108465551	0.25082458915344485
0.5767605902895995	0.4232394097104005
0.0048682777697454105	0.9951317222302546
0.7965566604688233	0.20344333953117666
0.2762147179485237	0.7237852820514763
0.4515415509255918	0.5484584490744082
0.7436128611858662	0.2563871388141338
0.0808585795155391	0.9191414204844609
0.2239926877864027	0.7760073122135973
0.7420058789332296	0.25799412106677044
0.39282563925940417	0.6071743607405958
0.08205418725083546	0.9179458127491645
0.26113389448505564	0.7388661055149444
0.1400620786506882	0.8599379213493118
0.7003025309519973	0.29969746904800265
0.1995441323807121	0.8004558676192879
0.2633947640445644	0.7366052359554356
0.978775758381824	0.02122424161817603
0.748231642960929	0.25176835703907097
0.27886898647708913	0.7211310135229109
0.6259289445416399	0.37407105545836006
0.23207104804377876	0.7679289519562212
0.4694757485008322	0.5305242514991678
0.3171479749517575	0.6828520250482425
0.5702492399436674	0.4297507600563326
0.38091636547750707	0.6190836345224929
0.34542589120708866	0.6545741087929113
0.055250893473434926	0.9447491065265651
0.5947816272495745	0.4052183727504255
0.9518726925951769	0.04812730740482306
0.949457807241152	0.050542192758847956
0.10193623982734457	0.8980637601726554
0.6153669919739477	0.38463300802605227
0.7672801842903433	0.23271981570965672
0.006859515086298007	0.993140484913702
0.45296200245052864	0.5470379975494714
0.708278472006675	0.29172152799332496
0.898507836707404	0.10149216329259601
0.117683321990531	0.882316678009469
0.7046994773222319	0.2953005226777681
0.7032818070289895	0.29671819297101054
0.9845891648063035	0.015410835193696445
0.23331275126206608	0.7666872487379339
0.9170532060124637	0.08294679398753634
0.1779781845638354	0.8220218154361646
0.9682153209399363	0.031784679060063645
0.3906195137629338	0.6093804862370662
0.9545142620976096	0.0454857379023904
0.6456490863791811	0.354350913620819
0.301443593910801	0.698556406089199
0.297472820694781	0.702527179305219
0.6244329681527536	0.3755670318472463
0.06329407823105104	0.936705921768949
0.6714863867299461	0.32851361327005396
0.7861791786313232	0.2138208213686768
0.14783961152060554	0.8521603884793945
0.04845695863506705	0.951543041364933
0.7593025966202458	0.24069740337975415
0.438884017137673	0.561115982862327
0.40495650659587856	0.5950434934041214
0.8029678964380629	0.19703210356193707
0.1414751341656808	0.8585248658343192
0.7789662557473238	0.22103374425267625
0.6311565681866678	0.3688434318133323
0.8273813770762528	0.17261862292374713
0.4106243282823765	0.5893756717176235
0.25128490278352256	0.7487150972164774
0.8784943059531162	0.12150569404688387
0.6666267526348277	0.3333732473651723
0.14712601255375957	0.8528739874462404
0.1632639237041531	0.8367360762958469
0.8192830249446119	0.18071697505538803
0.7556261107334528	0.2443738892665473
0.30289227758496784	0.6971077224150322
0.7729258137729509	0.22707418622704917
0.16826225106533788	0.8317377489346621
0.8082078208576362	0.19179217914236385
0.4686197057547651	0.5313802942452349
0.8182771530362531	0.1817228469637469
0.307553666447442	0.692446333552558
0.6369807983099081	0.3630192016900919
0.6511839595209095	0.3488160404790906
0.586160092420636	0.4138399075793639
0.5882517776001879	0.41174822239981207
0.20492016582443107	0.7950798341755689
0.5618823206809573	0.4381176793190427
0.3911446080667662	0.6088553919332338
0.39089413786590776	0.6091058621340922
0.0912509023762268	0.9087490976237732
0.9835081798734687	0.01649182012653127
0.07624749658091201	0.923752503419088
0.35420468360876334	0.6457953163912367
0.4048022776239716	0.5951977223760284
0.7996962506105629	0.200303749389437
0.8572251537934386	0.1427748462065615
0.227401786225208	0.772598213774792
0.49734142507897905	0.502658574921021
0.5864908989762956	0.4135091010237045
0.31717946409773956	0.6828205359022604
0.22720483186499896	0.772795168135001
0.811875580053463	0.18812441994653697
0.7120615809771207	0.2879384190228793
0.8158993908519185	0.1841006091480815
0.7987223529343381	0.2012776470656619
0.7030844949379351	0.2969155050620649
0.796561605983328	0.203438394016672
0.9192792449916161	0.08072075500838397
0.6086748571434599	0.3913251428565401
0.5552339600499706	0.4447660399500294
0.6109625039735543	0.38903749602644566
0.25570596983581395	0.744294030164186
0.2083926177694143	0.7916073822305857
0.7164362757604704	0.2835637242395296
0.22484117003568005	0.77515882996432
0.07109267712529366	0.9289073228747063
0.7101503227821939	0.2898496772178061
0.07094844000499945	0.9290515599950006
0.5433911908300287	0.45660880916997126
0.5553066963762044	0.44469330362379555
0.5300386308744871	0.4699613691255129
0.1042014347502781	0.8957985652497219
0.4225129860584117	0.5774870139415883
0.8697911501980867	0.1302088498019133
0.8123380010460156	0.18766199895398442
0.17157123856778522	0.8284287614322148
0.7564066019266237	0.24359339807337635
0.8949048174060196	0.10509518259398046
0.9023076944859789	0.09769230551402111
0.7936154402108557	0.2063845597891443
0.0954980696923391	0.9045019303076609
0.3160897012182733	0.6839102987817267
0.7958262955181619	0.20417370448183816
0.2604595002045693	0.7395404997954307
0.1484284601418825	0.8515715398581175
0.7373131334043752	0.2626868665956248
0.2745933056474109	0.7254066943525891
0.2567281103134249	0.7432718896865751
0.03648343474798954	0.9635165652520105
0.048315754492562424	0.9516842455074376
0.43462524024427973	0.5653747597557203
0.6158777077923535	0.3841222922076465
0.40223945636719916	0.5977605436328008
0.27903345596083573	0.7209665440391643
0.5335524427896705	0.4664475572103295
0.6789972195460945	0.3210027804539055
0.4263509064422557	0.5736490935577443
0.6501475364027594	0.34985246359724065
0.5187470451694861	0.4812529548305139
0.5544087794287367	0.4455912205712634
0.880760222927859	0.11923977707214091
0.16384757198234212	0.8361524280176579
0.17329330180233316	0.8267066981976668
0.8447569272165485	0.15524307278345156
0.13649176909354133	0.8635082309064587
0.2592679038350387	0.7407320961649613
0.698642427504574	0.301357572495426
0.15042594487321792	0.8495740551267821
0.6225531823418762	0.37744681765812377
0.5995844170970197	0.40041558290298024
0.9693954110748965	0.030604588925103496
0.6914894004569203	0.30851059954307974
0.7155941969512856	0.2844058030487145
0.9585973273493615	0.04140267265063842
0.18149981427313333	0.8185001857268667
0.6284154760574703	0.3715845239425298
0.172513066391495	0.827486933608505
0.46654225919372694	0.5334577408062731
0.8160357850691216	0.1839642149308785
0.4004444280558308	0.5995555719441692
0.718849956721072	0.28115004327892795
0.9910544917381581	0.008945508261841886
0.7214406419714494	0.27855935802855053
0.16658812158615233	0.8334118784138477
0.12489616710243046	0.8751038328975695
0.2805300355292947	0.7194699644707053
0.9832386140280983	0.016761385971901646
0.9478537545747724	0.05214624542522757
0.0446348434626469	0.9553651565373531
0.05393501011904778	0.9460649898809522
0.07855964644675961	0.9214403535532404
0.7323802977353815	0.26761970226461856
0.9788071090797373	0.021192890920262705
0.7435758250400646	0.25642417495993536
0.17112968731281575	0.8288703126871843
0.9370115462200242	0.06298845377997571
0.3689372693021986	0.6310627306978014
0.08855341137494777	0.9114465886250522
0.47956318782035257	0.5204368121796474
0.21941607752319037	0.7805839224768096
0.3309901410439785	0.6690098589560215
0.23658624942045903	0.763413750579541
0.4476872132179349	0.5523127867820651
0.7042000058680922	0.2957999941319078
0.43697576821421236	0.5630242317857876
0.44059673147822576	0.5594032685217742
0.9602746802365517	0.039725319763448244
0.2245447355888187	0.7754552644111813
0.30262916726679856	0.6973708327332014
0.6470988533057445	0.3529011466942556
0.6781859729154764	0.3218140270845236
0.47842866650481497	0.521571333495185
0.6058380778884442	0.3941619221115558
0.46438975859207887	0.5356102414079211
0.2405927988626796	0.7594072011373204
0.12250854868929917	0.8774914513107008
0.6272856711791399	0.37271432882086014
0.4171313040677038	0.5828686959322962
0.6546909531883081	0.345309046811692
0.2136277972820887	0.7863722027179113
0.9552945549187133	0.04470544508128675
0.13613020109620133	0.8638697989037987
0.8833455022238768	0.11665449777612329
0.9437958141348913	0.05620418586510871
0.5144420470896884	0.4855579529103115
0.7032056163750915	0.29679438362490856
0.0038256300706703827	0.9961743699293296
0.8235394618027441	0.176460538197256
0.40062311923814975	0.5993768807618503
0.5996865279521955	0.4003134720478045
0.7655173745025805	0.23448262549741944
0.29891791687773495	0.701082083122265
0.038139397004719466	0.9618606029952805
0.6610039509745049	0.338996049025495
0.39063155494250823	0.6093684450574918
0.9509111854281657	0.04908881457183438
0.36248296251265044	0.6375170374873496
0.5080505587309991	0.4919494412690009
0.9604060541803314	0.039593945819668616
0.036428916144509826	0.9635710838554902
0.4216068019144703	0.5783931980855297
0.24531665837302252	0.7546833416269775
0.759573917529049	0.24042608247095093
0.8088977023861255	0.1911022976138746
0.5531218636895798	0.4468781363104202
0.003896425798872727	0.9961035742011273
0.200893744827345	0.799106255172655
0.7038449449316262	0.29615505506837386
0.7782598488785701	0.22174015112142992
0.1642954113576428	0.8357045886423572
0.4193108649467495	0.5806891350532505
0.09110956127347758	0.9088904387265224
0.2555880929058615	0.7444119070941385
0.8195551865174	0.18044481348260005
0.3118421189643469	0.6881578810356531
0.8802696063921698	0.11973039360783026
0.5583626456254647	0.4416373543745353
0.2335477092737921	0.7664522907262079
0.7045501457377392	0.29544985426226084
0.4619457074429584	0.5380542925570416
0.9051935795366011	0.09480642046339899
0.31850763842888985	0.6814923615711102
0.7240033995444675	0.2759966004555326
0.9620730100442796	0.037926989955720365
0.8126932067992377	0.18730679320076224
0.5547914190270371	0.44520858097296295
0.5504577668303468	0.4495422331696532
0.3037139932507684	0.6962860067492316
0.7902606076522162	0.2097393923477838
0.7435304594419301	0.25646954055806986
0.6753061218131085	0.3246938781868916
0.4727578838807486	0.5272421161192514
0.560642837852805	0.43935716214719506
0.97065263289571	0.029347367104289934
0.2182156777296005	0.7817843222703995
0.21174315839886093	0.7882568416011391
0.35780702683238064	0.6421929731676194
0.03044277126591477	0.9695572287340852
0.2673599312089633	0.7326400687910367
0.045283879137365535	0.9547161208626345
0.5006845601799483	0.4993154398200517
0.7658793665795973	0.23412063342040265
0.6894101701632498	0.31058982983675026
0.22009924567738626	0.7799007543226137
0.38453182392621943	0.6154681760737806
0.357861173347105	0.642138826652895
0.7306638516934949	0.26933614830650515
0.024459785556649738	0.9755402144433503
0.6171724007021573	0.38282759929784277
0.722960788196938	0.27703921180306207
0.8431169676988275	0.15688303230117248
0.5836988809331882	0.4163011190668117
0.8701582758842822	0.1298417241157178
0.17055403351213294	0.8294459664878671
0.7464364512117907	0.25356354878820936
0.32902528552560295	0.670974714474397
0.07641141003734597	0.923588589962654
0.43013394271584426	0.5698660572841557
0.03268667816772319	0.9673133218322768
0.9062074272969161	0.09379257270308389
0.8861803828001702	0.11381961719982975
0.08833027041581898	0.911669729584181
0.6353127966752796	0.36468720332472043
0.328786194851694	0.671213805148306
0.792170338681252	0.207829661318748
0.3726150667307958	0.6273849332692042
0.21728217912736425	0.7827178208726358
0.6873098375958602	0.31269016240413977
0.05247770510117333	0.9475222948988267
0.22591728536846023	0.7740827146315398
0.15971226027152863	0.8402877397284714
0.4638218232940704	0.5361781767059296
0.9401345293162829	0.05986547068371709
0.449731731648768	0.550268268351232
0.7911671605626407	0.20883283943735934
0.5184807836276093	0.48151921637239065
0.4390335892336673	0.5609664107663327
0.28168696394353776	0.7183130360564622
0.5976756621246799	0.4023243378753201
0.7764314842952724	0.2235685157047276
0.2709770865306542	0.7290229134693458
0.4785855177897613	0.5214144822102387
0.04649838762728864	0.9535016123727114
0.16794950287050392	0.8320504971294961
0.32816172966472723	0.6718382703352728
0.09748505156181153	0.9025149484381885
0.3771291952407543	0.6228708047592457
0.4127812679829054	0.5872187320170946
0.38992597542998697	0.610074024570013
0.8910931725004616	0.10890682749953842
0.6377969322419894	0.36220306775801064
0.28177983846583987	0.7182201615341601
0.19452518666148	0.80547481333852
0.9010905699485018	0.09890943005149824
0.20736234662683917	0.7926376533731608
0.09270869925453884	0.9072913007454612
0.5687671699875094	0.43123283001249063
0.24935225411644069	0.7506477458835593
0.4605484453903296	0.5394515546096704
0.6975073273329095	0.3024926726670904
0.3032217992129965	0.6967782007870035
0.8838718314663211	0.11612816853367894
0.41938773508115545	0.5806122649188445
0.3345231018063325	0.6654768981936675
0.16286645069375683	0.8371335493062432
0.2617807893118279	0.7382192106881721
0.8117073827540364	0.1882926172459636
0.8041752896299328	0.19582471037006724
0.8439283142628248	0.15607168573717525
0.6461895252623424	0.35381047473765753
0.01489351678672235	0.9851064832132777
0.4802274087751297	0.5197725912248703
0.8273319590355703	0.1726680409644297
0.8566636779252996	0.1433363220747004
0.6393452166770879	0.36065478332291206
0.6913055202703966	0.30869447972960345
0.9375598957673272	0.062440104232672794
0.9449849155696699	0.055015084430330125
0.7402167387995187	0.2597832612004814
7.796587825248391E-4	0.9992203412174752
0.8025891441029422	0.1974108558970578
0.8854859994557593	0.11451400054424071
0.8214404229569072	0.17855957704309272
0.6603156369608296	0.33968436303917043
0.12229503977035872	0.8777049602296413
0.7748910548389152	0.22510894516108487
0.0865557613302359	0.9134442386697641
0.8056267263602135	0.19437327363978657
0.731743456084821	0.2682565439151789
0.8918787548554239	0.10812124514457605
0.7411669532325615	0.2588330467674384
0.8316051555832753	0.16839484441672475
0.06481195536725293	0.9351880446327471
0.3817848811751646	0.6182151188248354
0.35790893957096315	0.6420910604290369
0.37997551446322586	0.6200244855367741
0.4110878699842664	0.5889121300157336
0.35059746957099636	0.6494025304290036
0.5323586533459956	0.4676413466540043
0.1333377661788454	0.8666622338211546
0.5341460318482532	0.4658539681517469
0.8876827738807849	0.11231722611921507
0.2604027939760928	0.7395972060239072
0.8126014506518879	0.187398549348112
0.6459505102775016	0.35404948972249844
0.15876948538340296	0.841230514616597
0.5535500461022751	0.44644995389772496
0.29678662255903165	0.7032133774409683
0.48905858303442085	0.5109414169655792
0.7923050614091571	0.20769493859084281
0.8910345114965526	0.1089654885034474
0.7909425113384436	0.20905748866155632
0.6523292476116571	0.34767075238834294
0.5547590990201605	0.44524090097983954
0.7159549017960081	0.2840450982039919
0.349770531837691	0.650229468162309
0.8386110951373638	0.16138890486263618
0.05165982516229051	0.9483401748377095
0.5098430757029511	0.490156924297049
0.005209584497007813	0.9947904155029922
0.6144088044938578	0.3855911955061421
0.9011102932552837	0.09888970674471637
0.025953442646296176	0.9740465573537038
0.3448938990102617	0.6551061009897383
0.20180020370267993	0.7981997962973201
0.5052422082626982	0.4947577917373019
0.026213592446018508	0.9737864075539815
0.6988734236476244	0.30112657635237566
0.12189957584086386	0.8781004241591361
0.8455607049044689	0.15443929509553117
0.8447299795490033	0.15527002045099664
0.2420731005332143	0.7579268994667857
0.6251023837023432	0.37489761629765683
0.3529860072500187	0.6470139927499813
0.8142166396475927	0.18578336035240722
0.7721582698462897	0.2278417301537104
0.5211850137877936	0.4788149862122064
0.1714114283061069	0.8285885716938931
0.47217459299056797	0.527825407009432
0.09890863427671881	0.9010913657232812
0.5747195626999166	0.42528043730008336
0.7721242677144029	0.22787573228559715
0.7229352149666879	0.2770647850333121
0.7794419875076624	0.2205580124923377
0.2534801826583004	0.7465198173416996
0.43269227665824794	0.5673077233417521
0.8117198785306043	0.1882801214693956
0.211759085963109	0.788240914036891
0.7380646524858977	0.2619353475141023
0.8810833808789731	0.11891661912102695
0.7161663065069577	0.2838336934930423
0.3651818120614925	0.6348181879385075
0.3522043759579483	0.6477956240420517
0.38426525179868587	0.6157347482013141
0.07690133140712829	0.9230986685928717
0.06914771389227359	0.9308522861077264
0.01257413688122766	0.9874258631187723
0.8037154235488604	0.19628457645113967
0.9442290208720803	0.05577097912791976
0.24949037175970112	0.7505096282402989
0.7285887370337045	0.2714112629662955
0.8658579890312654	0.13414201096873463
0.30452662889246795	0.695473371107532
0.08629635595235885	0.9137036440476412
0.10357184035712341	0.8964281596428766
0.08977928794322498	0.910220712056775
0.25521451148055707	0.7447854885194429
0.6211400730975193	0.3788599269024807
0.42833129423778993	0.5716687057622101
0.47766102327378546	0.5223389767262145
0.8211892852217697	0.17881071477823035
0.8639592641792926	0.13604073582070736
0.3165729144795014	0.6834270855204986
0.2052045375920284	0.7947954624079716
0.7483831213957775	0.25161687860422255
0.9410441252683974	0.05895587473160261
0.9087337825680045	0.09126621743199552
0.14990687108466272	0.8500931289153373
0.17163536736649088	0.8283646326335091
0.622096836396077	0.3779031636039229
0.880572819878636	0.11942718012136395
0.235944000740962	0.764055999259038
0.38875233060497094	0.6112476693950291
0.12526563179916128	0.8747343682008387
0.6267187358735331	0.37328126412646695
0.014520727151912327	0.9854792728480877
0.5840665809504595	0.41593341904954045
0.5972726072984522	0.40272739270154784
0.5634792231332528	0.43652077686674723
0.04672013263767738	0.9532798673623226
0.5965184940401986	0.4034815059598013
0.7431131357362164	0.25688686426378354
0.45645840956303396	0.543541590436966
0.31468325378664874	0.6853167462133513
0.6373985497755237	0.36260145022447626
0.10627803994329232	0.8937219600567077
0.7027026522083892	0.2972973477916108
0.8247641407943289	0.17523585920567106
0.23154854700300487	0.7684514529969951
0.5574978694622308	0.44250213053776916
0.6465710698141491	0.3534289301858509
0.8099182312307928	0.1900817687692072
0.1591281071748415	0.8408718928251585
0.4148871799733683	0.5851128200266317
0.5768946871271876	0.42310531287281233
0.45249998633452015	0.5475000136654798
0.17093980506688167	0.8290601949331183
0.09780229453841349	0.9021977054615865
0.07018893479909716	0.9298110652009028
0.8576390947928362	0.1423609052071638
0.8486201513439541	0.1513798486560459
0.8485613727448595	0.15143862725514043
0.1874566932660392	0.8125433067339608
0.8465392527000422	0.15346074729995782
0.558152527493132	0.4418474725068679
0.15676231820591202	0.843237681794088
0.09364405927421904	0.906355940725781
0.11800852130055495	0.881991478699445
0.7410561455279092	0.25894385447209084
0.09026925562170529	0.9097307443782947
0.9490827830315224	0.05091721696847757
0.25524189794807595	0.744758102051924
0.8022536183127216	0.1977463816872784
0.7750245240346162	0.22497547596538378
0.4212778476644631	0.5787221523355369
0.9523370521797193	0.04766294782028064
0.5870185280480258	0.41298147195197427
0.7726794838459364	0.22732051615406354
0.8831718578265454	0.11682814217345457
0.6106615232881007	0.38933847671189925
0.8123734615371594	0.18762653846284064
0.36428716403819195	0.635712835961808
0.02205434954741703	0.977945650452583
0.9579627350173562	0.042037264982643846
0.9633000647304727	0.036699935269527334
0.25413301425928303	0.745866985740717
0.1503741113839726	0.8496258886160274
0.3738018130531868	0.6261981869468132
0.35526560640701754	0.6447343935929825
0.6160655713883135	0.3839344286116865
0.6743451367855	0.3256548632145
0.6217636854944503	0.37823631450554973
0.8227759876267119	0.17722401237328814
0.4106001604823575	0.5893998395176425
0.38572583358131474	0.6142741664186853
0.6983388797652179	0.3016611202347821
0.122364237435863	0.877635762564137
0.7945618181131564	0.20543818188684362
0.6263303145881975	0.37366968541180245
0.8988401169260521	0.10115988307394788
0.4125854044597901	0.5874145955402099
0.6202135613101244	0.3797864386898756
0.2774795949197346	0.7225204050802654
0.017190792526312504	0.9828092074736875
0.5029772853918039	0.49702271460819614
0.22803148655279304	0.771968513447207
0.31820770887728	0.68179229112272
0.27818781699979456	0.7218121830002054
0.14710287992430116	0.8528971200756988
0.7171782872100193	0.2828217127899807
0.4495073120214149	0.5504926879785851
0.2639270886631627	0.7360729113368373
0.7788138100372538	0.22118618996274622
0.4001874686828707	0.5998125313171293
0.6402963047333792	0.3597036952666208
0.227915688731946	0.772084311268054
0.43364773463541884	0.5663522653645812
0.6395816723489268	0.3604183276510732
0.5279370441468697	0.4720629558531303
0.7909807651257983	0.20901923487420174
0.1587960597326974	0.8412039402673026
0.7241096004894859	0.2758903995105141
0.40203696050665294	0.5979630394933471
0.08242148703044849	0.9175785129695515
0.9953513920515743	0.004648607948425725
0.87099678158577	0.12900321841423004
0.014908406645781414	0.9850915933542186
0.9279357660905396	0.0720642339094604
0.6155682531187613	0.3844317468812387
0.7791891011349429	0.22081089886505714
0.5375883602438418	0.46241163975615823
0.7783883194875316	0.2216116805124684
0.6087469312119693	0.3912530687880306
0.2403786351617334	0.7596213648382666
0.20871472303244099	0.791285276967559
0.826017413685717	0.173982586314283
0.9086305224298873	0.09136947757011275
0.0260946774470312	0.9739053225529688
0.2832844057742724	0.7167155942257276
0.09293032550543123	0.9070696744945688
0.6897482469258303	0.3102517530741698
0.6784918427943347	0.3215081572056652
0.5798195435683184	0.4201804564316815
0.042338411963627864	0.9576615880363721
0.43771318871274556	0.5622868112872544
0.6467352243789974	0.3532647756210025
0.890607895669371	0.109392104330629
0.07680139603172564	0.9231986039682744
0.42057148011173073	0.5794285198882693
0.027030045879967712	0.9729699541200323
0.02427301433261264	0.9757269856673874
0.6891049046688709	0.3108950953311291
0.41063245204813714	0.5893675479518629
0.5523378079571815	0.4476621920428185
0.008672413791298461	0.9913275862087015
0.46317069808955214	0.5368293019104479
0.10185438761965937	0.8981456123803406
0.23799797162983105	0.762002028370169
0.7388572587264142	0.2611427412735859
0.8630749741736914	0.13692502582630864
0.066749614787456	0.933250385212544
0.8463107694855766	0.15368923051442343
0.902975037027971	0.09702496297202905
0.02521059481511312	0.9747894051848869
0.7989210077425393	0.20107899225746076
0.5587227936842909	0.44127720631570905
0.9153324006291361	0.08466759937086392
0.2732148660591781	0.7267851339408219
0.8082403053231338	0.19175969467686618
0.9385919962668106	0.061408003733189484
0.7009222967428594	0.2990777032571406
0.7233887210004544	0.2766112789995456
0.8753272670253416	0.12467273297465846
0.4305960200018689	0.5694039799981311
0.38011679463542103	0.619883205364579
0.4214945108900251	0.5785054891099749
0.4303869021070126	0.5696130978929874
0.27468255872899316	0.7253174412710068
0.7590189688581246	0.24098103114187544
0.823993074637876	0.17600692536212403
0.0757950300637914	0.9242049699362086
0.8798888368384041	0.12011116316159587
0.14876172966596335	0.8512382703340367
0.4741126417971706	0.5258873582028294
0.9802812890236742	0.01971871097632583
0.25752153369776	0.74247846630224
0.9151828361339193	0.08481716386608074
0.059358335138321006	0.940641664861679
0.03498362633048502	0.965016373669515
0.08797268743701958	0.9120273125629804
0.8390064221553347	0.16099357784466528
0.8838432529102567	0.11615674708974333
0.46476574806823456	0.5352342519317654
0.3306166497770111	0.6693833502229889
0.6789575498153714	0.3210424501846286
0.7304666037199845	0.2695333962800155
0.9380098674183904	0.06199013258160957
0.16574063253618332	0.8342593674638167
0.5614719673545161	0.4385280326454839
0.9814375764998626	0.018562423500137374
0.5753096139153607	0.42469038608463927
0.47375657839930774	0.5262434216006923
0.8925829561571662	0.10741704384283379
0.10936570657124622	0.8906342934287538
0.5175340413633807	0.48246595863661934
0.0381134450946613	0.9618865549053387
0.9317031065868068	0.06829689341319323
0.11798846714763667	0.8820115328523633
0.27759720207333627	0.7224027979266637
0.32393023852483627	0.6760697614751637
0.6613034129394696	0.3386965870605304
0.549693343971877	0.45030665602812303
0.5992917274337068	0.40070827256629316
0.5818311770211413	0.4181688229788587
0.3198911178965259	0.6801088821034741
0.18382731626298587	0.8161726837370141
0.2643177668747003	0.7356822331252997
0.8926748283174795	0.10732517168252054
0.41783569430473133	0.5821643056952687
0.5253723191250934	0.4746276808749066
0.22516250067555776	0.7748374993244422
0.603830557293213	0.396169442706787
0.22649086602354895	0.773509133976451
0.627901824915632	0.37209817508436804
0.5967585282672189	0.40324147173278113
0.4113660698532532	0.5886339301467468
0.6207094462420275	0.3792905537579725
0.7078190974221907	0.29218090257780926
0.4138731583063783	0.5861268416936217
0.9090025893972719	0.09099741060272812
0.124026463647402	0.875973536352598
0.5261953804360509	0.4738046195639492
0.8255633996807485	0.17443660031925143
0.6790967088545248	0.3209032911454753
0.05242242677324127	0.9475775732267587
0.19275218488866697	0.807247815111333
0.4040324418477188	0.5959675581522812
0.31407835141827956	0.6859216485817204
0.026019719054452883	0.9739802809455471
0.8078996977870391	0.1921003022129609
0.05911316179579151	0.9408868382042085
0.8151311860743937	0.18486881392560625
0.8611158748201336	0.13888412517986634
0.838177631891392	0.16182236810860792
0.4188542787992444	0.5811457212007556
0.4236052422801302	0.5763947577198698
0.646066024336706	0.35393397566329404
0.7775106092250305	0.22248939077496951
0.47674552733634	0.52325447266366
0.6816082295822574	0.31839177041774264
0.029306853408495814	0.9706931465915042
0.04408728339426227	0.9559127166057377
0.5871960543193757	0.41280394568062434
0.6943397577744059	0.3056602422255941
0.15281149373570913	0.8471885062642909
0.9496949175982864	0.05030508240171358
0.5546703100932078	0.4453296899067923
0.9896461520179299	0.010353847982070032
0.1779657006262233	0.8220342993737767
0.4724358816963087	0.5275641183036913
0.7356402386090761	0.26435976139092393
0.5333587688118069	0.4666412311881932
0.9748800735589934	0.025119926441006548
0.5862134982302283	0.4137865017697718
0.9309113831845571	0.06908861681544284
0.09081527265989997	0.9091847273401
0.3889259666526693	0.6110740333473307
0.8915856426798677	0.10841435732013224
0.4230286996368312	0.5769713003631688
0.22554872635310175	0.7744512736468983
0.5598065491925022	0.4401934508074979
0.25254554705856636	0.7474544529414336
0.8093659298657793	0.1906340701342207
0.7954657555290144	0.20453424447098553
0.048747646389866506	0.9512523536101335
0.07249977219356096	0.927500227806439
0.29615191568883703	0.703848084311163
0.8449206675524108	0.15507933244758917
0.02841641156140584	0.9715835884385942
0.7771412376931732	0.22285876230682675
0.12039855448564685	0.8796014455143532
0.2193825240251216	0.7806174759748784
0.728813305800843	0.271186694199157
0.0234260221504613	0.9765739778495387
0.6051134360594971	0.3948865639405029
0.8569833059420906	0.14301669405790937
0.8718174922470042	0.12818250775299575
0.8483870758038033	0.15161292419619662
0.2688610283881009	0.7311389716118991
0.3852207438045301	0.6147792561954699
0.5005357783411991	0.4994642216588009
0.5974150180991563	0.4025849819008437
0.796621642476446	0.20337835752355402
0.28273406051161454	0.7172659394883855
0.6169982812121251	0.3830017187878749
0.6595366295312486	0.3404633704687514
0.8631012629466771	0.13689873705332287
0.7663944333195603	0.23360556668043972
0.12114373491766506	0.8788562650823349
0.9235099691984747	0.07649003080152525
0.25633286672358224	0.7436671332764178
0.5009187185763425	0.4990812814236575
0.7440171526955414	0.25598284730445864
0.014244651886921589	0.9857553481130784
0.5868324988146618	0.4131675011853382
0.8127624050839799	0.18723759491602007
0.8848667320842507	0.11513326791574927
0.46853970607969775	0.5314602939203023
0.4414111096372243	0.5585888903627757
0.9107026060212113	0.08929739397878864
0.27715828224502337	0.7228417177549766
0.0239364883944152	0.9760635116055848
0.15226523173386275	0.8477347682661373
0.8254826935957867	0.17451730640421323
0.0023924532672701115	0.9976075467327299
0.6780397367983083	0.3219602632016917
0.8822444163942575	0.11775558360574243
0.007570470459609124	0.9924295295403909
0.25150971842049286	0.7484902815795071
0.806867732877226	0.19313226712277395
0.47621547903819894	0.5237845209618011
0.28579259047085537	0.7142074095291446
0.5601878490527302	0.4398121509472698
0.7013845174643346	0.2986154825356654
0.4962180528045065	0.5037819471954935
0.3489417273417491	0.6510582726582509
0.26024187130766374	0.7397581286923363
0.4647579448515792	0.5352420551484208
0.044628758924273315	0.9553712410757267
0.8397743572871941	0.16022564271280598
0.2854392629987217	0.7145607370012783
0.6419653206347218	0.35803467936527816
0.09231382183113224	0.9076861781688678
0.47168142448482453	0.5283185755151755
0.3256994091505484	0.6743005908494516
0.9172878644132536	0.08271213558674634
0.8123918731929898	0.18760812680701017
0.7583740424086038	0.2416259575913962
0.8809700191046859	0.11902998089531419
0.9633885804673068	0.03661141953269326
0.6314117943860638	0.3685882056139362
0.3044663048502846	0.6955336951497154
0.6773627988208966	0.3226372011791034
0.49720541573043864	0.5027945842695614
0.037391389535433195	0.9626086104645668
0.7958855521046126	0.2041144478953874
0.43176082687556694	0.5682391731244331
0.1979708246593198	0.8020291753406802
0.480564162588184	0.519435837411816
0.1863056590836868	0.8136943409163132
0.5090242946590877	0.4909757053409122
0.4731429105908578	0.5268570894091422
0.39225990956801804	0.607740090431982
0.3263817343781601	0.6736182656218399
0.645128662429703	0.35487133757029693
0.9338463797898604	0.06615362021013954
0.04753432977456795	0.952465670225432
0.18419342695819885	0.8158065730418012
0.24084300301405515	0.7591569969859449
0.36055450269570455	0.6394454973042955
0.9201988278664539	0.07980117213354615
0.312139434467261	0.687860565532739
0.44833069220451616	0.5516693077954838
0.8059543323488443	0.19404566765115566
0.6310500087430191	0.36894999125698086
0.19111241271294288	0.8088875872870571
0.20957678446307504	0.790423215536925
0.3168981813735595	0.6831018186264405
0.7609969555575888	0.2390030444424111
0.5271187668039712	0.47288123319602887
0.5608212570807909	0.43917874291920916
0.5610552979503884	0.4389447020496115
0.6904326171074218	0.3095673828925783
0.4885943532229249	0.5114056467770751
0.8911994212402483	0.10880057875975174
0.4163388824360591	0.5836611175639409
0.23459428911262215	0.7654057108873779
0.2545024653677107	0.7454975346322893
0.4365651614739212	0.5634348385260788
0.9653228943976306	0.03467710560236933
0.09396820902214575	0.9060317909778542
0.7644336013694246	0.23556639863057535
0.9847440726725578	0.015255927327442152
0.5284138398604729	0.47158616013952714
0.886541322689817	0.11345867731018297
0.45430607203013296	0.545693927969867
0.3274473510790187	0.6725526489209813
0.4124050983851929	0.5875949016148071
0.6024613899711866	0.3975386100288134
0.3466341019681095	0.6533658980318905
0.9104949028539179	0.0895050971460821
0.5309904258519151	0.46900957414808486
0.5732902700632401	0.42670972993675993
0.9922147261012145	0.007785273898785465
0.23020488368215553	0.7697951163178445
0.3330734371695421	0.6669265628304579
0.31833197132679003	0.68166802867321
0.10217818231680742	0.8978218176831926
0.7435550845748724	0.2564449154251276
0.45088122198201996	0.54911877801798
0.5801371914087348	0.41986280859126524
0.9591588903803732	0.0408411096196268
0.7939724520467445	0.20602754795325548
0.24165481247801368	0.7583451875219863
0.741705500360547	0.25829449963945295
0.09462440430958219	0.9053755956904178
0.1629457920113322	0.8370542079886678
0.14769014428693683	0.8523098557130632
0.1485481106656582	0.8514518893343418
0.6379965499806464	0.36200345001935363
0.4615420717631932	0.5384579282368068
0.40009016128947217	0.5999098387105278
0.420297268481571	0.579702731518429
0.1205024267060334	0.8794975732939666
0.37180595054479615	0.6281940494552039
0.6609237743607683	0.3390762256392317
0.6168223123393868	0.3831776876606132
0.4867330198730423	0.5132669801269577
0.26267007914569007	0.7373299208543099
0.7365736665467529	0.26342633345324706
0.12283517365211771	0.8771648263478823
0.8811106595755019	0.11888934042449803
0.9384022499018458	0.06159775009815412
0.5018910869427912	0.49810891305720884
0.3327423539831357	0.6672576460168643
0.09058271747895741	0.9094172825210426
0.22976387549420796	0.770236124505792
0.6503612561574333	0.34963874384256666
0.6540229884665694	0.34597701153343063
0.7065406215927109	0.2934593784072891
0.7851760882546555	0.21482391174534457
0.7813272237945149	0.21867277620548511
0.07254632983688514	0.9274536701631149
0.15450377447084662	0.8454962255291534
0.455908470752191	0.544091529247809
0.6409135729574998	0.35908642704250016
0.2842505698501814	0.7157494301498186
0.7532840827661567	0.24671591723384337
0.7351488901382194	0.2648511098617806
0.3322556060118371	0.6677443939881629
0.6636419598664088	0.33635804013359116
0.1333675059665952	0.8666324940334048
0.39894410064475094	0.6010558993552491
0.31315360474568255	0.6868463952543175
0.8235057170563181	0.17649428294368188
0.7748359263819196	0.22516407361808047
0.9376971822553708	0.06230281774462923
0.6077529238650966	0.3922470761349034
0.3834707485208543	0.6165292514791457
0.6092020467481111	0.39079795325188893
0.2582608962146271	0.7417391037853729
0.1977764323700293	0.8022235676299707
0.41701761880039856	0.5829823811996014
0.6078687262289821	0.39213127377101786
0.7409037714468539	0.25909622855314607
0.14951191719181456	0.8504880828081854
0.6854725970151582	0.31452740298484183
0.6892139401010856	0.3107860598989144
0.433100715329816	0.566899284670184
0.37837953067967744	0.6216204693203226
0.022483315300989015	0.977516684699011
0.6581378469479998	0.3418621530520002
0.7548735602559657	0.24512643974403428
0.6941147689329782	0.3058852310670218
0.5596185497631011	0.4403814502368989
0.7424944921850565	0.2575055078149435
0.9019304836662372	0.09806951633376285
0.4795644170523018	0.5204355829476982
0.5296346149839366	0.4703653850160634
0.6101668870403366	0.3898331129596634
0.16312621182215792	0.8368737881778421
0.034802679736923414	0.9651973202630766
0.1485979870346712	0.8514020129653288
0.5386297134649197	0.4613702865350803
0.6177888415089337	0.38221115849106635
0.2657363993056273	0.7342636006943727
0.5614531788528961	0.43854682114710386
0.6656804314684822	0.3343195685315178
0.14623252882124005	0.85376747117876
0.5256993506638368	0.4743006493361633
0.3212339553465292	0.6787660446534708
0.6682366087019957	0.3317633912980043
0.040213832441582165	0.9597861675584178
0.15513668942246672	0.8448633105775333
0.759127119120633	0.24087288087936695
0.9008935712258336	0.09910642877416641
0.2152199788135909	0.7847800211864091
0.6564489254665751	0.343551074533425
0.6057241429584632	0.3942758570415367
0.9087956404018781	0.09120435959812188
0.6034699067803388	0.3965300932196611
0.5776820628403212	0.42231793715967886
0.30197689462708677	0.6980231053729132
0.6765745819911082	0.32342541800889185
0.06579508243564547	0.9342049175643545
0.8719091975097877	0.1280908024902123
0.011068318150010081	0.9889316818499899
0.24840713953558424	0.7515928604644158
0.597722782578956	0.4022772174210441
0.4194333055552978	0.5805666944447022
0.9305567388067806	0.0694432611932194
0.11999903561719205	0.880000964382808
0.7792191158689407	0.2207808841310593
0.9053893850077507	0.0946106149922493
0.256769192126996	0.743230807873004
0.22923892221538922	0.7707610777846108
0.6799974011925287	0.32000259880747134
0.7792776863187233	0.22072231368127668
0.8108635313195741	0.18913646868042586
0.15437847863054122	0.8456215213694588
0.8221683417794975	0.17783165822050248
0.029795811914746007	0.970204188085254
0.9503794564747977	0.049620543525202274
0.49480608227515765	0.5051939177248423
0.7541560557634877	0.24584394423651232
0.01816148487647995	0.98183851512352
0.9093201614704741	0.09067983852952587
0.7444415957315502	0.2555584042684497
0.4607034393226621	0.5392965606773379
0.2835526161764561	0.7164473838235439
0.3237311954906862	0.6762688045093138
0.2714917583598636	0.7285082416401364
0.22343803055317213	0.7765619694468279
0.6060288439605994	0.39397115603940064
0.2998653065516247	0.7001346934483753
0.29076605985151116	0.7092339401484888
0.6548683271555644	0.34513167284443563
0.5768325107643462	0.4231674892356539
0.5090343478553963	0.4909656521446037
0.06031424850303546	0.9396857514969645
0.10068929254199022	0.8993107074580098
0.5488827696742384	0.4511172303257615
0.24890850943988685	0.7510914905601132
0.8111054897184726	0.18889451028152743
0.18619905789640168	0.8138009421035983
0.723742010402407	0.276257989597593
0.563133306947678	0.436866693052322
0.837822150803669	0.162177849196331
0.20515732266495035	0.7948426773350497
0.9586263698031781	0.04137363019682193
0.5907222739410458	0.4092777260589541
0.8691000840197676	0.13089991598023237
0.8138406438283925	0.18615935617160745
0.26802239701455144	0.7319776029854486
0.5811889025518884	0.4188110974481117
0.09218894457366167	0.9078110554263383
0.8527111160429042	0.14728888395709577
0.9914589930306671	0.008541006969332954
0.5795850114608001	0.42041498853919984
0.9541935414047213	0.045806458595278696
0.46716231593947977	0.5328376840605202
0.34991870219060206	0.6500812978093979
0.3702402250540091	0.6297597749459909
0.5406686021834333	0.4593313978165667
0.875282638403999	0.12471736159600104
0.6195687226890845	0.38043127731091547
0.13488681467929342	0.8651131853207066
0.7903257493897773	0.20967425061022277
0.37415830577012965	0.6258416942298703
0.28748581560990116	0.7125141843900988
0.7013593660760744	0.29864063392392565
0.5926967721689069	0.407303227831093
0.4252618077492685	0.5747381922507315
0.9242214036285847	0.0757785963714153
0.742458622805142	0.2575413771948581
0.07243402820223044	0.9275659717977696
0.12724472136338827	0.8727552786366117
0.4892044525224135	0.5107955474775865
0.4867160790681462	0.5132839209318538
0.08951390674059923	0.9104860932594008
0.07097743669020673	0.9290225633097933
0.3243221645671579	0.6756778354328421
0.4236950015402554	0.5763049984597446
0.17894608098429332	0.8210539190157067
0.47695203745695336	0.5230479625430466
0.6447303572026017	0.3552696427973982
0.12611174732292585	0.8738882526770742
0.816676407499398	0.1833235925006021
0.6391872782374319	0.3608127217625681
0.8360300092928179	0.1639699907071821
0.8180831925498528	0.18191680745014716
0.8629742830189878	0.13702571698101218
0.02510804991974458	0.9748919500802554
0.9672391141374302	0.03276088586256976
0.07114259221522112	0.9288574077847789
0.02377914957949978	0.9762208504205002
0.19526812365862645	0.8047318763413736
0.44655560065344757	0.5534443993465524
0.6501101314617201	0.34988986853827986
0.22885109158221395	0.771148908417786
0.46340364113113197	0.536596358868868
0.3527163666333678	0.6472836333666322
0.5917074724665098	0.4082925275334902
0.1816362622219222	0.8183637377780778
0.5103078856583096	0.48969211434169035
0.7041919948427253	0.2958080051572747
0.3640367614188712	0.6359632385811288
0.5211200537984386	0.4788799462015614
0.42634522090085913	0.5736547790991409
0.7393128928473379	0.2606871071526621
0.21504385427567108	0.7849561457243289
0.7889340502565727	0.2110659497434273
0.8635446980770999	0.13645530192290012
0.5582641351938599	0.44173586480614013
0.9014890713747021	0.09851092862529788
0.4488680925533045	0.5511319074466955
0.847971154267372	0.15202884573262798
0.404262529899061	0.595737470100939
0.8381897609635249	0.16181023903647507
0.9309252122477404	0.06907478775225963
1.9380094599730224E-4	0.9998061990540027
0.49306491228243055	0.5069350877175695
0.5500727075245821	0.44992729247541785
0.6632678064601961	0.3367321935398039
0.4767174181794256	0.5232825818205744
0.40054271789699625	0.5994572821030038
0.37109733980716675	0.6289026601928333
0.015364351968306877	0.9846356480316931
0.2835038154388697	0.7164961845611303
0.5873941152444477	0.41260588475555227
0.6143848916781974	0.38561510832180257
0.004356800270218231	0.9956431997297818
0.5426299752199549	0.45737002478004507
0.6781503897249873	0.3218496102750127
0.9369111958467602	0.06308880415323982
0.5141300804883017	0.48586991951169833
0.1324404031388854	0.8675595968611146
0.6184697404160765	0.3815302595839235
0.3398950883702595	0.6601049116297405
0.42292866297434906	0.5770713370256509
0.7288096632831098	0.27119033671689025
0.4304038118533363	0.5695961881466637
0.8778335131149438	0.12216648688505619
0.5743327071399957	0.4256672928600043
0.580760319599928	0.4192396804000719
0.6201667266566047	0.3798332733433954
0.9082433207208597	0.09175667927914036
0.5816985240233141	0.41830147597668593
0.4116848351496595	0.5883151648503405
0.5867950562169311	0.413204943783069
0.06102130364974834	0.9389786963502517
0.8496109421550662	0.1503890578449339
0.6098309862770395	0.3901690137229606
0.3644464277136913	0.6355535722863087
0.2986644668912266	0.7013355331087734
0.36942302011184647	0.6305769798881535
0.7794178704826786	0.2205821295173213
0.7949867045864722	0.2050132954135277
0.7609350850195615	0.23906491498043853
0.1947452313897492	0.8052547686102508
0.7316133911271494	0.26838660887285065
0.7955166304889962	0.2044833695110037
0.5357410521769908	0.4642589478230092
0.1502938949943936	0.8497061050056064
0.3781445247601206	0.6218554752398794
0.142079364794784	0.857920635205216
0.05236042344762459	0.9476395765523754
0.08754493941679653	0.9124550605832035
0.861249852470086	0.13875014752991394
0.10594436138219909	0.8940556386178009
0.5903874883006903	0.4096125116993096
0.5387252211352263	0.4612747788647737
0.25270787606109846	0.7472921239389015
0.6763236792693943	0.32367632073060565
0.6311768090453116	0.36882319095468835
0.6275088446799619	0.372491155320038
0.37244738054446325	0.6275526194555368
0.4695878318891491	0.5304121681108509
0.7307095625318081	0.26929043746819187
0.570372916928684	0.4296270830713161
0.7137700199783152	0.2862299800216848
0.7600093833664374	0.23999061663356264
0.2637052533134594	0.7362947466865406
0.04690205426427263	0.9530979457357274
0.11748869536401296	0.882511304635987
0.37077325295410446	0.6292267470458955
0.7784503482641414	0.22154965173585867
0.1304175473202075	0.8695824526797925
0.7113082207200105	0.2886917792799895
0.21087245207375893	0.7891275479262411
0.6474935043122052	0.3525064956877948
0.7057797547593493	0.2942202452406507
0.09180876676800098	0.908191233231999
0.8998992652136103	0.10010073478638973
0.2744646772022601	0.7255353227977399
0.8704723344581533	0.1295276655418467
0.35511309421815085	0.6448869057818492
0.4011936786209813	0.5988063213790187
0.3545213030042986	0.6454786969957014
0.7966028169843297	0.20339718301567034
0.45474919807815406	0.5452508019218459
0.31705565648884615	0.6829443435111539
0.8020778286222552	0.19792217137774482
0.3522552614183788	0.6477447385816212
0.7262211708888238	0.27377882911117624
0.39617148268235747	0.6038285173176425
0.3170594566452949	0.6829405433547051
0.7230587425351362	0.27694125746486375
0.5846133197717328	0.4153866802282672
0.8062763297066796	0.19372367029332038
0.8432571569750585	0.15674284302494146
0.24118480674996012	0.7588151932500399
0.6156466800175738	0.38435331998242617
0.11237476113099798	0.887625238869002
0.3382816521786739	0.6617183478213261
0.6250879642553735	0.3749120357446265
0.2961901734163904	0.7038098265836096
0.7515040278368041	0.24849597216319586
0.8304274567409993	0.16957254325900073
0.8345479586508209	0.16545204134917912
0.49483061458348265	0.5051693854165173
0.3643613964013741	0.6356386035986259
0.0180315035328813	0.9819684964671187
0.6742846660290576	0.32571533397094243
0.9177543862893696	0.08224561371063047
0.3822025312207078	0.6177974687792922
0.1659350568829413	0.8340649431170587
0.17687635981692673	0.8231236401830733
0.398591586929104	0.601408413070896
0.7742535578526085	0.22574644214739148
0.7714296892202767	0.22857031077972334
0.661923773890586	0.338076226109414
0.3830224984978732	0.6169775015021268
0.8364661003164061	0.1635338996835939
0.408593243146226	0.591406756853774
0.20336282005525907	0.7966371799447409
0.12984436482289385	0.8701556351771061
0.34677958280859633	0.6532204171914037
0.31519353529802185	0.6848064647019781
0.828332207379447	0.17166779262055293
0.3071006436210335	0.6928993563789665
0.6073456284250955	0.3926543715749044
0.33382964376471624	0.6661703562352838
0.42741879585349485	0.5725812041465052
0.3565458229638483	0.6434541770361517
0.3665869969717678	0.6334130030282322
0.23147424241581538	0.7685257575841846
0.7858176097873177	0.2141823902126822
0.6555578378664215	0.34444216213357853
0.9337031294192552	0.06629687058074489
0.24577201068678656	0.7542279893132134
0.4080083569166758	0.5919916430833242
0.7907759944777448	0.20922400552225512
0.8004091198626822	0.1995908801373179
0.8645403416415545	0.1354596583584456
0.4145077307288628	0.5854922692711372
0.3784278802629576	0.6215721197370424
0.8678299579350022	0.13217004206499788
0.10041006419344334	0.8995899358065567
0.5165869720625544	0.4834130279374455
0.499199372703076	0.500800627296924
0.6874836071979886	0.3125163928020113
0.5229659258492925	0.4770340741507075
0.9831073913354497	0.016892608664550376
0.12725942097929666	0.8727405790207033
0.1251527057399111	0.8748472942600889
0.28942127481173496	0.710578725188265
0.7010056739337769	0.29899432606622306
0.13617324438286504	0.863826755617135
0.43150123459544454	0.5684987654045555
0.15060300557808393	0.8493969944219161
0.43779697086884817	0.5622030291311518
0.682209750727758	0.3177902492722419
0.06950338371238818	0.9304966162876118
0.36117151232746547	0.6388284876725345
0.8900497342565119	0.10995026574348814
0.20207414528593326	0.7979258547140667
0.9837123954196433	0.01628760458035676
0.09389836440755295	0.906101635592447
0.04612181369167501	0.953878186308325
0.9173683043015752	0.08263169569842481
0.30010882711427644	0.6998911728857236
0.3474734811590272	0.6525265188409728
0.804533930584626	0.19546606941537398
0.6121064560115683	0.3878935439884316
0.7177277659733463	0.28227223402665363
0.4457113251615782	0.5542886748384218
0.6711917449001814	0.32880825509981865
0.542386249752643	0.457613750247357
0.7568245515318995	0.2431754484681005
0.4602301856129244	0.5397698143870756
0.5412080450987666	0.45879195490123337
0.6894265346742425	0.31057346532575747
0.03324328592712622	0.9667567140728738
0.5680512013600962	0.43194879863990376
0.11674338741101353	0.8832566125889865
0.017732449782165483	0.9822675502178345
0.28763803801429155	0.7123619619857084
0.8820935004631666	0.11790649953683342
0.025117184556596173	0.9748828154434038
0.47219101960506227	0.5278089803949377
0.3483156464764138	0.6516843535235862
0.2343835608735192	0.7656164391264808
0.5547521189678176	0.4452478810321824
0.9500725174769564	0.0499274825230436
0.8052200578278806	0.19477994217211939
0.3859095464519626	0.6140904535480374
0.10846535998303397	0.891534640016966
0.5321162295342525	0.4678837704657475
0.030863091198704118	0.9691369088012959
0.619535987764173	0.38046401223582704
0.6338835764863339	0.36611642351366613
0.35133493589206743	0.6486650641079326
0.8572524328339444	0.14274756716605566
0.5656600039912271	0.43433999600877293
0.30957167361590154	0.6904283263840985
0.9381981655373646	0.06180183446263545
0.8013645495496847	0.1986354504503153
0.8999825922283994	0.10001740777160063
0.41799655735875463	0.5820034426412454
0.4818603993178896	0.5181396006821104
0.5510460258109245	0.44895397418907546
0.08304220573257737	0.9169577942674226
0.5151590621136276	0.4848409378863724
0.7117497768449942	0.2882502231550058
0.7113127502258495	0.2886872497741505
0.060181416428231604	0.9398185835717684
0.1541877349155567	0.8458122650844433
0.08723077447482963	0.9127692255251704
0.5678525679979225	0.4321474320020775
0.8083906707752813	0.19160932922471877
0.5363987672773898	0.4636012327226102
0.6852028638498444	0.3147971361501556
0.8501224331608196	0.14987756683918044
0.802996627788204	0.197003372211796
0.5482881638055772	0.4517118361944228
0.596395871835007	0.403604128164993
0.17076774989817922	0.8292322501018208
0.8824361496615554	0.11756385033844464
0.23500912539385077	0.7649908746061492
0.2483567527638707	0.7516432472361293
0.5790714238713492	0.4209285761286507
0.9882248445498479	0.011775155450152109
0.14878255715857236	0.8512174428414276
0.37366675584470943	0.6263332441552906
0.8133342216814134	0.1866657783185865
0.7302311654257445	0.26976883457425543
0.878840262024653	0.121159737975347
0.5844855944789464	0.4155144055210535
0.2802252039436538	0.7197747960563462
0.24390366020099274	0.7560963397990073
0.6938084747281994	0.30619152527180055
0.6875386137375445	0.3124613862624554
0.8014479001104406	0.1985520998895593
0.518264984343533	0.481735015656467
0.0396716274276282	0.9603283725723718
0.06513456983953181	0.9348654301604682
0.3102593607518558	0.6897406392481442
0.9048707095910911	0.09512929040890898
0.10031872154786403	0.899681278452136
0.34373737950302996	0.65626262049697
0.9074994907425558	0.09250050925744428
0.24836694034032114	0.7516330596596789
0.0464355355312962	0.9535644644687038
0.504385557404154	0.495614442595846
0.4420105808094007	0.5579894191905993
0.5169861363113692	0.4830138636886307
0.6191968189724795	0.3808031810275206
0.23448957186208919	0.7655104281379108
0.36297511262355386	0.6370248873764461
0.09530386045582151	0.9046961395441785
0.6395476883915483	0.36045231160845176
0.9758104425214472	0.024189557478552826
0.8954108442272358	0.10458915577276422
0.2912279955841971	0.7087720044158029
0.44695077105279246	0.5530492289472075
0.9974465166681372	0.0025534833318628276
0.8625232124463238	0.13747678755367626
0.7175902812789607	0.2824097187210393
0.15330981673712285	0.8466901832628771
0.9154288223401932	0.08457117765980686
0.7198258892299763	0.2801741107700237
0.035858440179246776	0.9641415598207532
0.9483683081597557	0.05163169184024434
0.3920488555919103	0.6079511444080897
0.5759012125018248	0.42409878749817514
0.09538573437759856	0.9046142656224014
0.5122160005381136	0.4877839994618865
0.2783156542022427	0.7216843457977573
0.004955285824710165	0.9950447141752898
0.7299862359606843	0.2700137640393157
0.08544384956987616	0.9145561504301238
0.6798632292842035	0.32013677071579644
0.3872047432836643	0.6127952567163357
0.3398212134873607	0.6601787865126393
0.16500049452699228	0.8349995054730077
0.3904750306539402	0.6095249693460598
0.6425164248270478	0.3574835751729522
0.2685545043454882	0.7314454956545118
0.10123733682646474	0.8987626631735353
0.70084671011728	0.29915328988272
0.11189848043642381	0.8881015195635762
0.4373154204735248	0.5626845795264752
0.47955875407222925	0.5204412459277707
0.9429915982805412	0.05700840171945881
0.7195732029846649	0.28042679701533507
0.5936251316677446	0.4063748683322554
0.0024238413719033236	0.9975761586280967
0.11655643825232698	0.883443561747673
0.7830808755714946	0.21691912442850542
0.46858039611045244	0.5314196038895476
0.5027922301195209	0.49720776988047904
0.6238816838016208	0.37611831619837915
0.2618088203384187	0.7381911796615813
0.9189456033700586	0.08105439662994145
0.3197562489229395	0.6802437510770605
0.002393648626282552	0.9976063513737174
0.47639780934930764	0.5236021906506924
0.958174979602826	0.041825020397173895
0.8973588541312627	0.10264114586873734
0.5713766745006155	0.4286233254993845
0.1583709438950599	0.8416290561049401
0.829410937229238	0.17058906277076197
0.8314742595673768	0.1685257404326233
0.48013890349904387	0.5198610965009561
0.94616475705758	0.05383524294241998
0.741277310665913	0.2587226893340871
0.032705963188544795	0.9672940368114552
0.6736008930619124	0.32639910693808766
0.16932946253831882	0.8306705374616812
0.5738103624816804	0.42618963751831956
0.34478442924623875	0.6552155707537612
0.9286501198158968	0.0713498801841032
0.9570003114575896	0.042999688542410486
0.7671431542943203	0.23285684570567972
0.20121000577238468	0.7987899942276153
0.5811210355493563	0.4188789644506436
0.3698283106263429	0.6301716893736571
0.729583089361334	0.2704169106386661
0.4663644385936436	0.5336355614063564
0.5313932082013475	0.46860679179865244
0.904383811306449	0.09561618869355108
0.6413860012940928	0.3586139987059072
0.954094941395352	0.04590505860464804
0.3866700873862521	0.6133299126137479
0.6494411115094287	0.3505588884905712
0.7972068450807381	0.20279315491926192
0.7739303144905929	0.22606968550940715
0.3704224379711045	0.6295775620288955
0.6113901671172663	0.3886098328827337
0.21789940442504063	0.7821005955749594
0.2792463275850312	0.7207536724149688
0.29331294630575666	0.7066870536942433
0.4857909790194779	0.5142090209805221
0.7102753523677516	0.2897246476322484
0.2981740881812962	0.7018259118187038
0.29253637348261385	0.7074636265173861
0.045535431405558935	0.9544645685944411
0.4305635402066872	0.5694364597933128
0.13113620273599813	0.8688637972640019
0.07816636759984341	0.9218336324001566
0.9672558201763711	0.03274417982362891
0.07517993700983605	0.924820062990164
0.2650796840759049	0.7349203159240951
0.17631204280436186	0.8236879571956381
0.1562748666372047	0.8437251333627953
0.6854797018916232	0.31452029810837673
0.3502735131148782	0.6497264868851218
0.9070912040694183	0.0929087959305817
0.3576649332787991	0.6423350667212009
0.9329160020274798	0.06708399797252022
0.4611246607592032	0.5388753392407968
0.27195008833456713	0.7280499116654329
0.17594429144996626	0.8240557085500337
0.42192868094223734	0.5780713190577627
0.6068024837482113	0.3931975162517886
0.5801331674339081	0.419866832566092
0.9296493266400639	0.0703506733599361
0.9375339610579896	0.06246603894201046
0.8705471896078127	0.1294528103921872
0.5181300071908228	0.48186999280917714
0.9973123764227529	0.0026876235772470437
0.672985372931455	0.32701462706854506
0.43837393812920555	0.5616260618707944
0.4586992213501422	0.5413007786498578
0.8899491742585843	0.11005082574141571
0.3000240144916222	0.6999759855083778
0.12847025883526197	0.871529741164738
0.11759370366899224	0.8824062963310078
0.4355001505670112	0.5644998494329888
0.037926608206564905	0.9620733917934351
0.1714349731889736	0.8285650268110264
0.15703135225279286	0.8429686477472071
0.24410279196607287	0.7558972080339271
0.17232357378456375	0.8276764262154362
0.4213951351395113	0.5786048648604887
0.7315239519157927	0.26847604808420733
0.7442358654019744	0.2557641345980256
0.9806452126841518	0.019354787315848155
0.8375608178126205	0.1624391821873795
0.1719856159090004	0.8280143840909996
0.0346974735813701	0.9653025264186299
0.18949934676642888	0.8105006532335711
0.39079532274552253	0.6092046772544775
0.15033065572952153	0.8496693442704785
0.5145003378418233	0.48549966215817675
0.8334877570017974	0.16651224299820253
0.8067004849572815	0.19329951504271844
0.28876545892191063	0.7112345410780894
0.19897992167024026	0.8010200783297597
0.7957816688155596	0.2042183311844404
0.7298688478197652	0.27013115218023476
0.7045384956658538	0.2954615043341462
0.7908989392998178	0.20910106070018217
0.9642403015307447	0.03575969846925527
0.48308275239879106	0.5169172476012089
0.08807545484678647	0.9119245451532135
0.22331450742643788	0.7766854925735621
0.8148489281923919	0.18515107180760812
0.3643009803611784	0.6356990196388216
0.9846353298625584	0.015364670137441545
0.5853103096700056	0.41468969032999436
0.30028135197348516	0.6997186480265148
0.9779841970496457	0.022015802950354286
0.5892709999667993	0.4107290000332007
0.9748087296427106	0.025191270357289398
0.28519896125717636	0.7148010387428236
0.6197718027393329	0.38022819726066714
0.7232772078460324	0.27672279215396756
0.1942988840639528	0.8057011159360472
0.08269949217549455	0.9173005078245055
0.22473370841314344	0.7752662915868566
0.7374560632802009	0.26254393671979914
0.9666560285241255	0.0333439714758745
0.20785156876629218	0.7921484312337078
0.8493811715408456	0.1506188284591544
0.8834299553073972	0.11657004469260275
0.09605591260750046	0.9039440873924995
0.24452464091103743	0.7554753590889626
0.28974324717384536	0.7102567528261546
0.4964416733632111	0.5035583266367889
0.47275483248035266	0.5272451675196473
0.05149719148670606	0.9485028085132939
0.37224363221701195	0.627756367782988
0.638252305438192	0.361747694561808
0.9428386633927144	0.05716133660728562
0.5489837567238385	0.4510162432761615
0.6888379578003319	0.31116204219966814
0.47749744399034455	0.5225025560096554
0.8026641660114221	0.1973358339885779
0.3884416480478635	0.6115583519521365
0.7849183463436452	0.2150816536563548
0.5015526993357328	0.49844730066426723
0.2658554108056187	0.7341445891943813
0.2207241995434317	0.7792758004565683
0.1877064145809444	0.8122935854190556
0.37684934902133693	0.6231506509786631
0.09867002514938328	0.9013299748506167
0.22461038931311061	0.7753896106868894
0.12192134780820585	0.8780786521917942
0.968330819738549	0.03166918026145104
0.625354782006007	0.374645217993993
0.1925257389214461	0.8074742610785539
0.26807266563354704	0.731927334366453
0.2454572799935102	0.7545427200064898
0.33531493136490864	0.6646850686350914
0.4487510774551057	0.5512489225448943
0.10143271695417044	0.8985672830458296
0.96931104571687	0.030688954283130006
0.7468511281304657	0.2531488718695343
0.5212314316037951	0.47876856839620485
0.575330446952907	0.424669553047093
0.970256212644142	0.029743787355858028
0.2671801299048101	0.7328198700951899
0.9089955972866113	0.09100440271338871
0.6067437999190883	0.39325620008091167
0.8204075388767387	0.17959246112326133
0.8421653825111795	0.15783461748882055
0.42684530719539693	0.5731546928046031
0.9852537056887992	0.014746294311200779
0.05756451664200701	0.942435483357993
0.2116452183854215	0.7883547816145785
0.4673711235842247	0.5326288764157753
0.958259285572804	0.04174071442719596
0.5958513246822451	0.4041486753177549
0.5774568617024005	0.4225431382975995
0.09750131468479806	0.9024986853152019
0.8459388894771119	0.15406111052288807
0.40959502674369785	0.5904049732563021
