0.9400000000000001 1.180226365279566
0.78 1.462723793778657
0.9662500000000003 0.8643110572611785
0.8812499999999999 1.3361571056139827
0.9662499999999999 1.2114584639418529
0.7899999999999997 0.910855084682178
0.9537500000000001 1.3550752307395904
1.0850000000000002 1.031008689797265
0.79625 0.8525786425856612
0.8762500000000002 0.6836311301134863
0.9674999999999999 1.1737758657746196
0.8400000000000001 1.3842039349891664
0.8537499999999997 1.0937929648240914
0.99375 1.4291367114639015
1.0637500000000002 1.0388585372794044
0.9550000000000002 1.3201218270813784
0.7962499999999997 0.8545626913186939
0.7299999999999998 1.0340047494737044
0.8475000000000001 0.9226754765843472
0.8737500000000001 1.1758578602594794
0.9187500000000001 1.4362908388010174
0.9575000000000001 0.64177396616238
0.8025 1.0121443073389897
0.8449999999999996 1.0204851459768702
0.98125 1.0668398602754658
0.7987499999999998 1.1679394721548955
0.9812500000000002 1.4282762420989434
0.9950000000000002 1.451965739438686
1.0737500000000002 0.9770631040165515
0.96 1.2616541798419452
1.155 1.1666688013759443
0.9387499999999996 1.631423496425067
0.89875 1.162743845484466
1.0425 1.4160723630538916
1.00125 1.263247166053815
0.7999999999999999 1.227385492209214
0.7549999999999998 0.9828296561710752
0.8912499999999999 0.869680956806768
0.9624999999999998 1.2989368290776557
0.7175 1.1659596433952883
0.8875000000000002 1.33741560534392
0.9150000000000001 0.6790803166964281
0.83125 1.1034493413399047
0.8600000000000002 0.6943269663468534
0.8712500000000001 0.9391382488868335
0.8725 1.2422697556913505
1.13625 0.9848798973544038
0.8675000000000002 0.9635510282487069
0.9112499999999999 0.9154921067541345
0.9512499999999998 1.0502833766636754
