0.6756372506321738	0.25097323603663285
0.28673824274875503	0.47570847862621
0.5279785617165015	0.07547885827082537
0.6241548019974751	0.414932679749516
0.6821506420169859	0.1582243617162255
0.03140308032941086	0.8525950768430983
0.5872741826758593	0.47339069299465986
0.7114365199931301	0.35385174954319293
0.3555782115047363	0.23031129118611834
0.6842595555742838	0.4115905378135638
1.0063750155004079	0.0165614987839326
0.41021059997241516	0.8918975988279528
0.6320447230798494	0.5132973103701233
0.2710929493569385	0.7395738568682642
0.6483965362817756	0.005716590362240866
0.6615226073791003	0.3573010030475053
0.30750098749311666	0.043833054272739466
0.17296330041050567	1.0378168343852026
0.5430633266565339	0.45693667334346616
0.045644394573966504	0.9137345872976945
1.0840549752175646	0.2074888448035369
0.5622728310511266	0.03840813275650454
0.7082661262832052	0.8482897273935497
0.9360020596462251	0.10782706050230804
0.4402931666352774	0.04012693002340009
0.031427417898258855	0.9272154156502125
1.1074798439065499	0.10616543211320885
0.5991215460516904	0.4983555754721628
0.16419379356368927	0.5088058500949076
0.9009164638385888	0.625547110282628
0.4085244561995501	0.1682696783374708
0.4459776992746338	0.5887300932531474
0.33033572541620015	0.6830099963599369
0.1974061218914678	0.6801984910458939
0.29488804740323943	0.6360621872773226
0.1270503029063076	0.8729496970936924
0.03209018164835383	0.329702700872513
0.4715285713662332	0.5825555364749221
0.5951714680392175	0.4119881307133099
0.21324523552909505	0.5219067495926992
0.22446598720383137	0.33311963694334923
0.11469409145544882	0.8959862246289603
0.9083971598517293	0.32572214525008586
0.28515678219707435	0.8542314489670191
0.2706928844708509	0.2070588983423353
0.09872187533194159	1.155499718280374
0.8809657052939883	0.11243748069690926
0.8097376848712359	0.2096553414132975
0.1933789821297519	0.5091777891721566
0.7118673235337447	0.3017855255863602
0.4436176551296155	0.6194670180204226
0.10423667861110361	0.5369150569624187
0.5655472342105616	0.3971780842960001
0.5196047874621926	0.4914278408164596
0.5772316335811648	0.333303843499809
0.523568987052271	0.534985509944411
0.6263173180911134	0.2892609455828965
0.06441412391518125	0.701044986685832
0.3137031598029372	0.33908004068947256
0.9345522417922371	0.5013111537476114
1.068430170091756	0.24383173661765423
0.4778468988659116	0.7733075642649236
0.1624885035034629	0.570838160891744
1.037249039804022	0.017499758275545917
0.7608736362670376	0.5007214474543936
0.1982262733914571	0.309026955995778
0.32788649232152833	0.5633453994097357
0.7272298270996536	0.4391037488633848
0.4550905200305334	0.5835425270761121
0.648943093895937	0.3739986854196608
0.8047933871235173	0.19520661287648272
0.19835317139668646	0.7057970291026655
0.33320417862616936	0.6259571060350572
0.16769740770846442	0.7805089892622529
0.3376601555088267	0.4806285416003357
0.1753796709454672	0.49591492522431574
0.9415649109354548	0.11002899887836155
0.42941458180145176	0.33802769063471694
0.7215183088589575	0.3489611312878147
0.2092893570390269	0.9676141782830138
0.05458777041661102	0.9518940918502921
0.5909707101703349	0.35369874196787743
0.45804039535561225	0.5239545021728917
0.3940986580391235	0.6380717984730044
0.28644414234620275	0.441705938374802
0.7496343850314865	0.297400708319042
0.012238611624745578	0.19923515679207218
0.17597029661656147	0.8028151181982226
0.4355980275684035	0.617876078448707
0.7526658986041362	0.34268359853896
0.7683243439612439	0.146809589240041
0.40314940431619894	0.7367289106481633
0.3787360816903866	0.23442104104513978
0.47222890037088194	0.5349148795815022
1.2576645858919209	0.3942296515102664
0.6951795259781303	0.323688196119654
0.5216441485969903	0.5877702336790662
0.17637996870708755	0.84666379090581
0.3315210240555613	0.3393552223724184
0.20398971579468053	0.4072784597562917
0.3655589764836881	0.6181442782002073
0.08446855360984704	0.8532830990447428
0.3972112492241017	0.6048262999819107
0.6209871254182082	0.31320038211571777
0.10568638074499812	0.6654545747889392
0.35736575905742335	0.6173966536439109
0.857952985257905	0.20298225793379476
0.19809550947098353	0.7816535036550607
0.4063227887211426	0.6115701445433985
0.6214263672946535	0.696864109100825
0.34765201853275884	0.6591491369766257
1.050530016970535	0.07515117875652823
0.7361702459264012	0.3192073086671996
0.3162920792237792	0.5606579354226227
0.6655640083382949	0.40424212947373483
0.7507094232716223	0.17461692080377528
0.24657320874153613	0.8349090872531444
0.21730438849810163	0.7826956115018984
0.6643002783936564	0.44404422567882273
0.4547524894256988	0.6305475925752609
0.26416823279895824	0.8445566332033607
0.724052579936465	0.42643634494903215
0.3972388431022023	0.2509051907179224
0.17322439246167903	0.5270689448014181
0.48069280090073985	0.48684678135307313
0.807099145412993	0.2166787109939963
0.6766960497689058	0.2300259169514233
0.5752690250469005	0.3997903071815737
0.09118416097649179	0.8519015607736162
0.5558087425036091	0.38134698850309445
0.8923617098717433	0.2885103300174418
0.4179328953305121	0.043058061082600116
0.8442141036874738	0.3573231944491059
0.019099392141470807	0.7802577467225217
0.6899370230263544	0.35940580138301864
0.4148064923525022	0.5549007521239244
0.7409242869005864	0.2303600487163905
0.4492666959357113	0.06583845335154821
0.053608958590229794	0.7721543563030976
0.5128666900830532	0.009869089800773277
0.8372688115142884	0.17758812510345262
0.8701644976089353	0.1119872022159198
0.09847356186814019	0.8098060144931107
0.6879762105053012	0.03691771101663626
0.10437648332821695	0.779809909301829
0.47930947013108693	0.5259804750164064
0.7855313030686262	0.21446869693137383
0.0014606241732387816	1.1285826838037598
0.4282312648875448	0.6082456744598597
0.28308169948070616	0.7169183005192938
0.5694960682025897	0.5029973576987199
0.30061531591482976	0.7247425170906067
0.5375063615322795	0.6131940467474025
0.4214466337160035	0.8335769883707302
1.0916941466653756	0.5702753271821575
0.6575075082040936	0.1786519475149936
0.7770550930455075	0.17445665790521186
0.4451586178325081	0.6201315964634696
0.6754842808424497	0.18546125916989942
0.4523913987392738	0.9617722973059839
0.2878188375573253	0.8188304928920566
0.15821097409595888	0.9972588854067334
0.24223536400268533	0.6953625050698025
0.5382980980988945	0.6043825883463239
0.3549016746595658	0.05068183019191502
0.7730892159781785	0.2181145639161981
0.6336340315412602	0.3782636436561079
0.6127601543628136	0.25069882098750246
0.5143374400180984	0.4856625599819016
0.02808174626543468	0.2700953814206452
0.5089008701227694	0.2435819734535597
0.4677774337593885	0.6245794739211452
0.6814539366166781	0.5135380172374184
0.6917464357827834	0.30825356421721667
0.1495546211247376	0.7085469568547644
0.12380692072237404	0.5961694571908923
0.32565161286608035	0.5850319321153307
0.19638502176941225	0.7730235238610484
0.7452748454699567	0.23486313054911004
0.8530456124755179	0.26154839086734194
0.5826453302912619	0.23068142053298976
0.008238539197705029	0.8673331584295295
0.7890310620771207	0.38108231537956283
0.7668653895385986	0.46979222263704934
0.5602684124415342	0.33053201470733545
0.21793891899700735	0.7934517292096712
0.4248834837884336	0.6210610589944314
0.28294262955591964	0.5695217440501095
0.678938520415443	0.09747786974903552
0.34836658821440253	0.618617731303901
0.7044067471506876	0.23873489353204516
0.1300136917517076	0.36389970379590947
0.14851171239972835	0.7128236115098038
0.6741054365642172	0.11758284861115782
0.1715677801166458	0.7832702466347623
1.0398068514162455	0.6386071658342286
0.5533765782504959	0.04317825247003047
0.08689610759837885	0.2868590515080467
0.7689520309093628	0.3172570853250043
0.22442391734028574	0.5560868517475347
0.6721226889600087	0.3594891512151889
0.701704344914094	0.44405057674907716
0.7468640787380789	0.20368904157026513
0.7684895589959987	0.23151044100400134
0.7549323119832677	0.32040448511428066
0.06562046954473505	0.642596663791052
0.2815368048140471	0.7749483530829555
0.4496270367948404	0.9607261791247292
0.33780758360205754	0.8423692506536792
0.8969777733546701	0.02466642886189449
0.33361506149407005	0.4538727156542546
0.6905029411754818	0.565144569796447
0.2837186492207424	0.6395057092060425
0.251823883985109	0.7384168416184019
0.7276968445598336	0.2829739381136601
0.4270848957779897	0.5408827928759423
0.5887953741637625	0.4098260394120929
0.17514103300950024	0.8752306295127971
0.5838985050396712	0.34666515878777576
0.4617547640462438	0.28882042647514683
0.43775657868796014	0.4809527581851175
0.81892433794535	0.21480295732255533
0.5352273092033619	0.5573381243157624
0.6288282292509604	0.4582911687882215
0.22400756938950062	0.966641203188793
0.38609166229888076	0.5639927428612153
0.8115820619254568	0.35474825583143144
0.5451061590321186	0.6615428662336543
0.8843525093170485	0.015102780460006716
0.3921789920500964	0.5567062933533562
0.35677587920810105	0.28305636840938114
0.3279546413908136	0.2559050752825224
0.11663791022709362	0.8218476376314736
0.15827787963664705	0.29525388239708616
0.600427937133072	0.2035992422601035
0.39402967504142683	0.5869199089452458
0.3071657589955014	0.6931590318806761
0.6808441211069689	0.38836959389904113
0.7190750247146087	0.3012139707489523
0.3386604591497976	0.3354361799498972
0.26990995512476784	0.7300559759962886
0.8834307826021327	0.10533301682033128
0.3735285841666022	0.39730122377187316
0.22933375983917947	0.17418606432146597
0.14458801165497714	0.6299668573107993
0.4400837490960834	0.5929617999530012
0.9650511640651155	0.10674188029878007
0.24468732994026274	0.6129045296752242
0.04029520956806758	0.8709730390362006
0.45297215406384767	0.471873692741582
0.8531058448812538	0.07869281806064714
0.3871659562111974	0.5811062833127691
0.7076445115598415	0.3019900397668599
0.45992715127918865	0.5938542931404295
0.897681014301895	0.11408881493986571
0.5655556639416115	0.8423496210469996
0.6496603180457498	0.18447261123832603
0.7688499651952581	0.2262049282338161
0.8901381094510474	0.10085385822397556
0.11677949177977852	0.9669437551255801
0.4894472111327641	0.3458329793236231
0.0718572141572573	0.8416544720918316
0.578432575429348	0.5398317525979283
0.04376969220863772	0.9115939804291706
0.510262132143447	0.6896640671925212
0.12409225347661301	0.9703176997725956
0.38038219241159843	0.4115862657851705
0.03630360917121178	0.9636963908287882
0.5795525515021078	0.5335676153718728
0.19861582310850365	0.7968070714380293
0.23220574679455575	0.7212159682662749
0.1051242964606689	0.05710608403417387
0.2528975807769885	0.0014777227283939466
0.6399195988922711	0.04570226372063086
0.14599614655657023	0.5016830208719848
0.6678512957715469	0.3881059257797509
0.5914152752299148	0.41134810305326247
0.7206279838264725	0.297337644481707
0.6686840967948463	0.30843455942621295
0.07482663174366072	0.8836731565985649
0.43316109898693067	0.6071460693247163
0.41426163450792913	0.06252082693195035
0.1897723242890227	0.31436323376914305
0.678979981183439	0.36951335383093525
0.9497669440436359	0.05251478881937324
0.2884408158063126	0.7658830060430493
0.7976774670632601	0.2001431715081964
0.6883165224625165	0.0431728545157921
0.5994962362716042	0.45206118549523655
0.44002344457222375	0.562277270772398
0.4382825859728903	0.8301186467798168
0.18935799031947675	0.7277314579602298
0.7412508909007901	0.43360214644844713
0.5765022011295862	0.6231713854863712
0.20752895608409236	1.09048132610048
0.9527570055865618	0.47977961842277334
0.07460978313209173	0.5490147571495466
0.8120554351503554	0.055273437610962387
0.2206389881911227	0.05194609417172716
0.8620977601103476	0.2346916057109716
0.30864195045264176	0.8294814699119752
0.5562287211889574	0.44590006479393385
0.2810888528741969	0.5699897650124158
0.04631118663739384	0.9668643649002493
0.4098426802389622	0.5871111821231703
0.18590929018181201	0.7581109931345978
1.0189003676131565	0.3057705441443247
0.25152604723192434	0.798474229246334
0.17247900665750926	0.7298858978142122
0.7786488052911843	0.20321930520530962
0.24168978159094087	0.7647670607900202
0.30724043935632794	0.6194448599001312
0.010616832749608139	0.27300131666740507
0.526892047886184	0.1390692796302005
0.24508355069327395	0.39535956706430464
0.4514763565189525	0.04438388744797122
0.750433508875258	0.2074559425563196
0.9198210580434351	0.1156265310052476
0.3264357262869492	0.5766494227500801
0.8887649442008052	0.10030790688792943
0.5211822665107468	0.32363122729319377
0.842553246685718	0.22888742105443416
0.3679085568289501	0.1628306480512387
0.7572951081077237	0.46685507183957387
1.0944491646337626	0.18346057739990995
0.7892780175081775	0.20306326022456794
0.366303702400212	0.44127015528474506
0.42200815109501544	0.5160201065317181
0.3065747226692987	0.841578541143279
0.37395113278955255	0.5751408339922759
0.5960679877453132	0.4972441387862968
0.18842287201819102	0.13917648708529862
0.7198884595379181	0.29466417498272557
0.2149422874111026	0.7529183330611571
1.0904748939585247	0.17134338870314197
0.2011725650104211	0.05411678045430671
0.03493191028028819	0.5816186462184385
0.38564734111627785	0.9210605466023458
0.5724442388735312	0.7693548144159856
0.3119917641101808	0.6381938390839157
0.2663390677272865	0.41311459259557326
1.1961387825440193	0.055660404910954926
1.0182136575978593	0.2311358742008849
0.034802173003317935	0.6901276745281937
0.21309571048756715	0.8718846566708096
0.04499219343646197	0.38646045034182414
0.4548546540302195	0.18957182083269453
0.8993840472332322	0.009509537748002922
0.2149333758176862	1.1741013905023976
0.8167267942619761	0.7166630367145297
0.5345669731208529	0.013868153167287414
0.03812431066599932	0.09129780248064648
0.5812282031356159	0.02038069248484055
0.1790600853261067	0.8680307528829251
0.05092097715869924	0.733930835437895
0.5795942879944997	0.31866894027677545
0.4579812178945234	0.8369321944886283
0.48607992258201693	0.7191227691693591
0.05012973508487568	0.9455004561596612
0.055483800737408766	0.739760606349814
0.8573852847241832	0.07783541005843342
0.39076125904658954	0.8210902005185898
0.3403799468831791	0.9025358385492086
0.9466112044149336	0.13745208929204497
0.07644186362330288	0.19253435383478937
0.9387233288874283	0.2774797651936712
0.1562749655583004	0.6317223513054571
0.6554262223284701	0.36854346314631753
0.085841690427039	0.9747162267500578
0.6719596499422322	0.30324876514040117
0.6209295868961735	0.11928084858979204
0.2223318780584116	0.5538176774503383
1.137863145106598	0.6521703671581311
0.40218139112087276	0.5969444263266168
0.2870627642896599	0.6854390084852398
0.8412663408940297	0.24307400895383266
0.04109622044345894	0.4816050670328568
0.9124822011784413	0.012868200272013235
0.23078444370176596	0.7288695734428509
0.19390339564919706	0.4511095228004446
0.846738824345104	0.22959547917385353
0.5520551334867382	0.26712136715755075
0.7210767168887522	0.28759728661671813
0.27169518251689867	0.737793755324756
0.02894199291254529	0.9564927896394029
0.7292988005708169	0.620433783811604
0.8905077274001277	0.5896982807125779
0.5480956222135352	0.00589045744283502
0.15404825056706126	0.9272723985402296
0.4664321823858567	0.5239650926255831
0.035415643411095134	0.3207016868804851
0.09266352750940596	0.6779943969644757
0.6370642965517086	0.2611837474597914
0.5955462918052403	0.40594744397706445
0.3355400149855683	0.4052630172113323
0.877787232230444	0.5848801299229989
0.9860786706312549	0.24751356401645871
0.12595570963679084	0.3298116578861145
1.346097290319136	0.23250010444240507
0.5423345927570479	0.29464652410563336
1.3852873420860465	0.2268387731280175
0.2290836940072825	0.7321366636439233
0.5280243249535533	0.6462434493486894
0.8468913403386436	0.15310865966135642
0.4756298564990396	0.4264398275146927
0.7559320552846841	0.2961149438819942
0.06869813536871222	0.5297706753769568
0.1946042119889474	1.0879105356864143
0.06157132935248678	0.633446911010368
0.37813498775411825	0.6689007973513238
0.46581577123510126	0.6285483821639273
0.7383497473940863	0.2616502526059136
0.12818350141476062	0.33690143591130284
0.3206806161262726	0.7733548291096443
0.4792626109758472	0.5207373890241528
0.19043580437052507	0.7416513645690702
1.0012756727860368	0.035641053383170834
0.48751511144570675	0.5130563248532866
0.062131231103203545	0.5655336184081876
0.6623680855630371	0.13786569342892135
0.547371542482125	0.8492983173582619
0.5503736912510492	0.6947792871391796
0.24233778674738754	0.8751541079589333
0.8416989582331678	0.35770957869614944
0.14205813169841924	0.8592077650975576
0.34174999319565563	0.7333350847881125
0.2134181404276867	0.17641538302126605
0.6470221793100027	0.01978789095094923
0.05353411542875937	0.4847668795523193
0.4561071621877429	0.01649257678308194
0.5992095575695586	0.1644908649265586
0.5674121610069744	0.3801901389916589
1.2601932356369827	0.001325583845363465
0.4558057546610132	0.5282914477156104
0.5937463689955219	0.06456647332236505
0.39136517364678935	0.6192323023334944
0.6239561647547216	0.39172397870781067
0.5990319755182395	0.3993976419948668
0.42602827826683953	0.5623295995368611
0.15205587570765217	0.8630090344940687
0.5230193999273357	0.37981066387069995
0.6892620580117943	0.31073794198820576
0.2974955059140209	0.6511173751992375
0.22029550379065008	0.8891690355709877
0.7301381869805431	0.08879571620356522
0.7651619572034323	0.24650421624279084
0.044094382251868285	0.9481728872071684
0.48832872604031363	0.005168157046135609
0.46159375450918594	0.518330449671139
0.6625088485964715	0.2261964939077228
0.1743115399599882	0.8439272624816783
0.9587074726859482	0.023356262713012832
0.12344619681712857	0.4607903247208587
0.7597402843728944	0.22429537107931447
0.7672730874531317	0.14591087963577365
0.5771416800236541	0.4104003932122909
0.007021606771002237	0.4725585487533667
0.008800830222389366	0.29822262307710645
0.6841801599859254	0.32551297625249176
0.41486672071458885	0.031799740242074555
0.6150544479489967	0.4679999576820265
0.6082315102600024	0.4185871931095619
0.16480413685207734	0.61405333325801
0.3716673975485261	0.5572142614676289
0.34985785216770515	0.6536432076543536
0.529790691421033	0.3071913675890248
0.917579316078897	0.2076020282564813
0.6012666712738473	0.44623006913711827
0.718919644546486	0.15084152787277538
0.8707602634033026	0.051804477064852986
0.44515507865023574	0.796132097787612
0.46996640750941204	0.4417593629181395
0.4360145438423558	0.5282649486699058
0.10756961601531768	0.02024720168113433
0.17465167212224797	0.653496469975106
0.7991547698749716	0.179767653674664
0.550372591422258	0.5304507789956575
0.8694613785912682	0.0497521937765254
0.5138887957132533	0.5178091883325461
1.1411937735390738	0.003658637712680891
0.6339550408584212	0.2566818577656347
0.04247509454493715	0.9666394337139835
0.5266220362610419	0.2010804994470966
0.7449414299730156	0.8413988192853804
0.12703506880409354	0.8039987231052378
0.2951721906990795	1.2336322163214808
0.830669946836862	0.22937483631101419
0.6610430231569863	0.689560428992987
0.3426921492908118	0.8874721144699772
0.1789414106479193	0.506361352611392
0.25785600566979794	0.76696550483525
0.15401744860491215	0.8475148412018485
0.029057258255628715	0.21830076388519407
1.003996134328029	0.4465776553634661
0.1600208299044426	0.8337386851190894
0.6097808359441058	0.34299000263619117
0.2658036192395795	0.5721393919321384
0.20793265542426648	1.0123420306433657
0.3352371544521638	0.6779535114212288
0.859400529315988	0.013115601331982883
0.8871355071048441	0.11527062202602302
0.6044837524769312	0.3710390839196397
0.6752308979294941	0.3246137908032201
0.14493640012152215	0.5973722967037096
0.45391328151322385	0.47763330447774455
0.48390273386246574	0.6243322491047791
0.3124876160491894	0.4946537259094548
0.6128488000080009	0.3859040418211737
0.44945398178323936	0.5778205404446418
0.6177385088547509	0.5388946653110458
0.7147831663620287	0.5912294907307116
0.42531408799353915	0.5989989668660565
0.21693169558598618	0.4441477776109145
0.494883120825912	0.5052884102947609
0.6284230897369979	0.36577242172376423
0.8447474219603371	0.14772097953211738
0.23469289841534893	0.762632256008342
0.3224502848962537	0.6943794415026939
0.45687954881789117	0.2445671830044228
0.753803562529984	0.33750451466977993
0.489592567985954	0.6970777514746241
0.5646010127134838	0.40327331054526194
0.02589013680538932	1.1739548338938497
0.5387693910430844	0.4678215950739105
0.9532212003537122	0.017844431245452617
0.1267418850072311	0.5237371380327303
0.11038552661849203	1.6247407676283199
0.7817224541548221	0.2644800627766387
0.2612089969057384	0.7532659248774932
0.5368214991224369	0.3975433782757829
0.9141989041315508	0.30742033198648233
0.4551849370850555	0.7861451322006243
0.0912621433938132	0.7198926106051702
0.8067792617975236	0.013825797761299441
0.15811915553188582	0.7604425070460097
0.238413265600488	0.26373240459597347
0.11832638535619451	0.7880757180221816
1.0476207403486775	0.2855417255674235
0.08264307556621373	0.8727007312738168
0.06289294358769787	0.3231093221616816
0.4364199841843454	0.06299207109413045
0.3060982382159914	0.34301072997549137
1.0746735284451903	0.04328446097345023
0.5247584687280197	0.008226873634979363
0.3839336410018558	0.6073513980796117
0.7713893348912851	0.12494724017402932
0.6651427548845412	0.04529831225042638
0.4344352920907936	0.8478025482899728
0.2994918090855109	0.02173032490068072
0.21047110853507156	0.7903727026650644
0.7714633824601813	0.07721535872112398
0.49360103575592706	0.4216494479081707
0.10624628568852322	0.3108318820431533
0.024421585532976277	0.5136961941190268
0.19419298205999774	0.8044214849901322
0.3950418691600977	0.17610592796455218
0.7053386617329949	0.2577473686847939
0.7027139888062314	0.860266358562079
0.8987214720960148	0.10127852790398517
0.45081802456950376	0.5107345725468868
0.21847523864367344	0.3995899718884082
0.7811914970206099	0.23706011072330846
0.10445812451344413	0.7776881544113976
0.35442067647554987	0.8024863039068095
0.10366598520358924	0.2790545622757173
0.6649423081339633	0.2468495399488027
0.42094263328318793	0.5790573667168121
0.8886621840588177	0.13143923568987848
0.5025086779027441	0.5109007091017111
0.8628127538004158	0.29218822562658947
0.754075574202536	0.7157304566114093
0.031825398527383655	0.5679068284951639
1.1167567206185087	0.04075576557906249
0.47160399165143085	0.7856842184513915
0.670500457822485	0.3800064368889957
0.42892573464742617	0.38070575819837515
0.6558702606805468	0.37955506185597615
0.23195203330637093	0.7337996311573908
0.06523646816229636	0.9690352361664271
0.7559846783032708	0.2538996054699554
0.19487899790658653	0.05228043429636579
0.45490678179295935	0.7466501114449884
0.3790019717711457	0.4669488186609021
0.2707675825144627	0.41137164712627255
0.7729261919799777	0.031732671502029734
0.03707839448383485	0.7054516860346285
0.6854520153725674	0.3177313489878049
0.7586086166664702	0.23375614459270505
1.0957843138932313	0.35634666012149335
0.5664733670256066	0.4335266329743934
0.31757619709720447	0.9633932962645723
0.07621494266861292	0.96250631338058
0.31722214543240324	0.9410544431523779
0.1776592496702656	0.4384966892519037
0.5455724214775947	0.5055941308901102
0.924779560769177	0.03337932421490074
0.6506485662624081	0.6068758103536248
0.06763464960534957	0.9617924908066806
0.045129106099030744	0.280789884249375
0.5355642426904099	0.8327727259841907
0.18845505848187438	0.8283616503874727
1.17283396278696	0.2767012816302645
0.5514805830307589	0.46257218329980077
0.13032053522189838	0.6079881851058453
0.6730672805402859	0.033290941316524256
0.7088349237605058	0.20453977388219954
1.0638695517925134	0.3077603129626037
0.3966247213230555	0.7502533011965313
0.013293439037807567	0.9118867980759018
0.7085143156185713	0.24216075074008864
0.20731514628992376	0.29859213576728205
0.795213796041309	0.20478620395869096
0.7092139540215826	0.178564648676922
0.6855163335178285	0.3144836664821715
0.08328287341476637	0.9167171265852336
0.08350749850004802	0.916492501499952
0.20542268674358122	0.6177745364242495
0.1591482142169339	0.490303386466571
0.5312987111971755	0.5314448378295794
0.46565615201135796	0.03266562974165024
1.2784364532465047	0.08578573287812385
0.7656442269341707	0.23435577306582933
0.40556964428822506	0.5824142680699899
0.5192876943529006	0.5766039340732858
0.5561793699870037	0.2123734087524325
0.035983205634118644	0.5445955642408628
0.1951116755149944	0.9015231954515928
0.8326891474407975	0.3739245706858126
0.21602554321140413	0.04310835726145987
0.4492302412546423	0.7026409671047921
0.18951383580227268	0.5797037734515224
0.595909466758319	0.026381267018575353
0.5605150565923859	0.38948807198546015
0.725240920106985	0.3237298291330131
0.2838099880430399	0.37161511663768
0.5661640500719823	0.42145281930351325
0.5217270799501819	0.5881026455371247
0.769081146353096	0.4073291418178917
0.13730890502300253	0.6730772066301686
0.349430765090181	0.10564809772046996
0.30220050878980903	0.6347757426485735
0.21962167928570886	1.0055387250530319
0.3740783800524488	0.21482434335237932
0.2578889115803165	0.6102542932302354
0.7585046241693347	0.3482979825494099
0.5151988258538294	0.6757680279903099
0.1266921700476187	0.8523865656445778
0.9536845785494911	0.04723726555438657
0.8037713608843957	0.21716395214283096
0.24388080758210923	0.8171872892256185
0.6969709577181462	0.32613903093017604
0.9705332298709478	0.183932737847894
0.7415170033632761	0.2466700182022638
0.5144574897016695	0.6737140075047207
0.22193613403802276	0.7856124304456161
0.3929569019930351	0.6307836199745329
0.4484716464264719	0.3882009757899961
0.6970953249529426	0.3482103985675687
0.6090582008714722	0.3170684689871062
0.7393960416627493	0.6190548235818883
0.8114796564591127	0.1761539592560624
0.703113265446715	0.26680160349517346
0.6944395653585694	0.27508241586718796
0.27120632375452053	0.7092299237682771
0.6304360793586585	0.3690057183799518
0.5466592876083811	0.1275335783350606
0.08597902354857657	0.9161921767814013
0.243173061806072	0.6465780114984321
0.5037440344253998	0.07304558440206928
0.11145617914994965	0.8885438208500503
0.7204824569374141	0.05115738383530906
0.5573246417814389	0.07846050539568203
0.651672085316845	0.23088262337297194
0.38711361597399746	0.5167558971139258
0.31540843736736535	0.6961888466515034
0.559640042362981	0.4155318686895725
0.17569176557457686	0.08605008455142751
0.02563460470934835	0.6216738439806883
0.6781637276627709	0.4774260135443654
0.8728789709283804	0.11721636759846836
0.07077120052615825	0.8412974520736644
0.12122691076482935	0.33988627763277973
0.8277311518736139	0.41862751356974365
0.04310406773128271	1.2010171673012138
0.47237528990853017	0.7526052185048856
0.15979390954089412	0.872176037026741
0.519432900229318	0.2639995013721536
0.3847875723497887	0.7176582810071873
0.3694622048834747	0.4534634497162189
0.709332166429481	0.3318386824804068
0.40765843574831245	0.469417471548099
0.3772710640364474	0.5318730133928312
0.7386112671946282	0.2615531432692971
0.13351853702426353	0.8772871953468633
0.3409142530577376	0.9044854057668982
0.41644950808796055	0.16122518524377055
0.39796728552359656	0.6020367978007255
0.3300651262455375	0.6010904489313941
0.8263291178643297	0.04484358068178328
0.8013582748500013	0.23105800930979442
0.4034912820204435	0.6321024367700592
0.09779092532476352	0.4879436878524201
0.6634610270504726	0.4590959871854796
0.7832535757541815	0.3718370519579954
0.20924777762196425	0.8898140463148931
0.9142687502963995	0.08573124970360042
0.14084521812041467	0.8511241990941745
0.05130937140701362	0.7592789094313129
0.5746944271979019	0.7041924238565048
0.10434035633633464	0.7071457344471127
0.6973949062801016	0.25481821956097467
0.36885675166451093	0.08995798034402222
0.9024725168219233	0.3417009334927724
0.1419247136048469	0.7470105761962406
0.34990907064462756	0.2317427464220291
0.6102410270638664	0.329612992058427
0.5946584213938215	0.309955794504544
0.24457757612849676	0.6283378204798779
0.4392100716098138	0.15855440047824562
0.2858188480396639	0.8415848815289302
0.3374811334089242	0.6207473622099857
0.9821050431851248	0.051308996166877015
0.6895644402760515	0.29714564459319176
0.6629489358986846	0.5621786752330385
0.18281793074357464	0.07346295101188886
0.4482447361467801	0.12286739281673713
0.4452362347972645	0.7508478202805158
0.5861660644235144	0.36131550198553986
0.09091017490658919	0.8690281880890159
0.3082356365612461	0.7341194789537705
0.5666724519804697	0.24579942148198092
0.7955837946156139	0.3332679603822398
0.6692044024101398	0.574833462410467
0.8140707243673637	0.18592927563263623
0.8820187038160546	0.013188973439245653
0.4983753781947802	0.42571487075024783
0.3399074080088312	0.017661647223307472
0.8097766145426254	0.25031021886071336
0.22217847329615587	0.46995971484119586
0.32748200138658123	0.7482167951041413
1.0003501787998113	0.028081802878522244
0.9453717345306742	0.1340978398218088
0.10916183070515677	0.8902273817222754
0.6803285393965091	0.25748937109062336
0.19535824632469082	0.876187898795033
0.13755758181583366	0.8018486993936637
0.07001797207120132	0.9622768878785773
0.2796873921545123	0.5902496567852875
0.733359202246178	0.3300063681235366
0.45331042460750837	0.6029898746982627
0.45179195736938604	0.43948877593938657
0.4703876837619409	0.09261940591819283
0.2912114071606516	0.7263540531283533
0.6307701339625544	0.3692298660374456
0.5575141492478584	0.7687397352608349
0.034795368703982386	0.8229791547741763
0.4479121705312412	0.5309833673515592
1.0039832387842798	0.060012551246027404
0.6214233490186771	0.3025595382666714
0.025940428443546576	0.9999619639760134
0.4373006412942227	0.6716242843810364
0.8423875255881386	0.1789668797140149
0.4467755545917752	0.041420415460716176
0.5845875241477331	0.021336019333821732
0.7667514077705208	0.23270951443515642
0.30580980093116256	0.09529283678548237
0.4470922745053616	0.03720143345697931
0.03017159058582153	0.4905454604985671
0.2354025720281565	0.7207352973120884
0.11372611980668265	0.6618362515329793
0.3679572621288947	0.6320427378711053
0.3134201722076289	0.715152567039709
0.5409309413203952	0.41148542012237393
0.043154424581711565	0.9630012548525171
0.21251675005639936	0.7480444177014924
0.5887501142913851	0.30153885698007477
0.3237453689579436	0.6762546310420564
0.9735149622989824	0.09757134060419242
0.4904742354405444	0.5562959858918332
0.9336561650854089	0.25839276520796933
0.35046440803534484	0.4967417794759249
0.3353650043555971	0.9474508732698892
0.3597451734641834	0.5722387277732595
0.9356704434011257	0.24347664700989333
0.7203624885266109	0.09830912924623976
0.743616923236364	0.5019699429003625
0.7654484535468008	0.24830941464674286
0.5858002118513916	0.448410221592584
0.03370210165843005	0.539819094550783
0.5367700566810425	0.2664397096884709
1.1276286963752722	0.047532001410665145
0.10110933434966743	0.92073489427253
0.37150089723637536	0.6266957744874201
0.10454414270665743	0.43310359093677564
0.48717016371108	0.6021672355960839
0.6313641781828541	0.43377119036238104
0.6323434851582491	0.4514493760124812
0.8192069516904866	0.30240082860886974
0.06349546355587382	0.9970400330699644
0.7770861276736115	0.16697420318203987
0.7262289155608829	0.3695431062891152
0.2643523696289797	0.7612750043540975
0.2600476598979665	0.7557153313957552
0.10727401132172093	0.4693199284472384
0.3812471519611685	0.043534154581631665
0.1373917007220149	0.7321254615632421
0.14531297339516697	0.7566387724480023
0.6471706473407413	0.32868832699702677
0.6270337546740885	0.9695908397857946
0.7106059425772727	0.2893940574227273
0.6318755722723023	0.4298707437002353
0.92797806532359	0.543477514819997
0.8209388049263098	0.04659447345677502
0.8758950928162759	0.15367745345408532
0.011059193336235805	0.46980479892476446
0.7552751167819591	0.7598289283914162
0.4348432428245962	0.5498549227159081
0.051570559532857774	0.7774564201204464
0.6133806431955673	0.42724533858910735
0.8514366826659309	0.14751227059091776
0.04689629179578694	0.8461030714932536
0.5948853516340985	0.39260368799119594
0.7250150705500026	0.04507387854487982
0.6523144754802895	0.34744089552628876
0.8742432454190735	0.6586213624444581
0.1963579863189996	0.9586472038406963
0.029313529774515113	0.40326656779221626
0.25006994295523033	0.44117687730688354
0.9365271200142212	0.05454023974884888
0.08254272141431905	0.5692487295406814
0.22703052966111426	0.8924032474445194
0.693426226266268	0.15769474041833859
0.153235772632283	0.6224773219474014
0.17702421133986435	0.8271680250336015
0.7609746626158564	0.07330041666833169
0.6901047471233926	0.452631073772544
0.5365455937047406	0.5488262349189562
0.09465953254887675	0.36020123349845606
0.5732965200552008	0.4881249106794193
0.4522525336853937	0.47275274659573235
0.45151480432487834	0.4381317112355258
0.6090658865357204	0.48930448864219106
0.7004815204222383	0.2995184795777617
0.3937855812155072	0.7810477574580506
0.4347617745222425	0.41735547934961026
0.4863217480117211	0.7608506356899194
0.022876158065901694	0.309914901384957
0.35757841348645253	0.5718215633299198
0.7721996731781418	0.21860396517712813
0.5737802744920427	0.3086495319686451
0.018575454246525184	0.974602151996114
0.09191110756692833	0.9080888924330717
0.035001130106847446	0.5137080337435219
0.6271793174969857	0.3578607477197007
0.6404327362457694	0.35956726375423065
0.3665310311410921	0.49908965582292364
0.4639029716692014	0.5707118115779353
0.32935791776515677	0.6706420822348432
0.3518232984837049	0.5682016455521777
0.7263064630707382	0.47965997869399146
0.2903394917281861	0.3582121208404715
0.5062885885424805	0.48898710169414145
0.793041180771214	0.69611581795683
0.506534360097051	0.38666689972853296
0.05384806593709844	0.2955893025499221
0.786497932529331	0.21361232698844174
0.4583074779230265	0.5863109845731005
0.8590813635623437	0.5881746065741423
0.46251400352250477	0.6523975880016788
0.5516837842313117	0.07569964455950547
0.5993263422951238	0.7063802473335516
0.27813555729418554	0.7318704978037279
0.34530675927176896	0.6229321364215772
0.5898605894523893	0.4289216792782403
0.1347464830823661	0.7672181073060178
0.09098797876256222	0.35360517939851954
0.16689542388952278	0.2753844087121335
0.43315271983049936	0.10447409447997764
0.4055914449330983	0.48794966548295726
0.7982124683137519	0.2846461547741616
0.21402841759254865	0.7299723097256989
0.6673418216346548	0.15129531759894962
0.8466560012900175	0.1470737050470035
0.4944925902284396	0.39240690832934305
0.6912402475963704	0.14983191084577016
0.6244773332625951	0.4015968335963928
0.3884216097844254	0.497743692282457
0.5945452087778783	0.5477287020010512
0.4500710924028297	0.6223470867263603
0.7688262255955721	0.510400743126975
1.3413713584504348	0.16892119369271066
0.8846282763713899	0.11537172362861017
0.3826432276226518	0.575842504633341
0.009601815779983678	0.3337474146410558
0.256140874789874	0.8640893617324149
0.6601938198123601	0.5470223297983265
0.6525019311259517	0.3474980688740483
0.5041903670146972	0.5515912667156738
0.5108569002218248	0.4413255205908131
0.330147436882729	0.8090215778055154
0.5215931996264073	0.21736648498860725
0.8165400133298385	0.14663895797051849
0.7337692444103989	0.4584282181462413
0.11474138441368328	0.5301608922137466
0.811475649593613	0.02994451111465846
0.636050006067981	0.26722786797889087
0.7559286209435221	0.5285692031138858
0.18416879497374672	0.8003746857499645
0.01455969644046086	1.041204555745961
0.2068577802938159	0.6011102757639759
0.38556305017325865	0.43308194730827726
0.8487182597169801	0.3518268173144027
0.4851770954190584	0.6356035725656113
1.0466282719079683	0.33872017643930674
0.05332075858759039	0.9616375360189324
0.4649407792187875	0.41194423690724313
0.6155373032703735	0.3475442427158242
0.07584239116570135	0.3812800862638932
0.03535850271332591	0.5369779844209938
0.23456810691416713	0.4980997134356682
0.2054977985410612	0.8763365859806482
0.16813716365739584	0.794081234575352
0.6302315852221563	0.3371684858129797
0.40578188439091745	0.6004735558898967
0.6233326579240658	0.391364079484981
0.7793666727786532	0.7252409351164705
0.32245434715223675	0.4367260647554907
0.6630602429187783	0.3930508294059973
0.050165727589647616	0.3996953757868552
0.1081625336987575	0.31476948198512117
0.06598007215116229	0.808805076921303
0.896554823539743	0.6020379742901301
0.932046513246904	0.0411770100228115
0.6293375002225756	0.36877213177991575
0.8055999749726953	0.14655269372080287
0.6096033478737313	0.4330553056598929
0.45877008970184896	0.16723550003592566
0.7002235091626784	0.1382006217580907
0.40913761893340544	0.7090950029024742
0.34327808188460796	0.6706138860431836
0.0647355951863926	0.6313146110403086
1.1060905216116201	0.5496247004881052
0.5340525848124246	0.7818587814858298
0.4607262269491164	0.25018296924562017
0.8531735641988187	0.2276036795283317
0.16779237365260724	0.5986209664265119
0.8704037478948063	0.07813746066333677
0.1949738741204475	0.8646382234031801
0.3167962659720505	0.4042536937144481
0.3844441908580174	0.39781927436144376
0.49861641065297285	0.058858870297841946
0.2889289732638728	0.5849821335188075
0.7342063970998786	0.26759050725529054
0.37297612925130097	0.5977591339674024
0.3419108380814632	0.024864860957954323
0.10281789430165125	0.5540050503172067
0.1779281481065285	0.8448292174273435
0.39915585144541027	0.5709293214608958
0.9122916081507321	0.4954886601694678
0.35872338612331345	0.7172317947187694
0.08520521282855731	0.9147947871714427
0.3816076583769966	0.15136002474173404
0.20797964746307923	0.6700450196195888
0.6857750287536979	0.7629393256747188
0.6620471371293802	0.7353870664136674
0.18098416617855423	0.02267653997716737
0.444621535372722	0.555378464627278
0.5840830575973689	0.6323295140191769
0.8704633536530112	0.12874148794341642
0.12470808521451511	0.5071875844483711
0.4497535556580639	0.382198740713244
0.3108310783399499	0.49629781297419406
0.6632726709511284	0.7912585855319815
0.4910132231662181	0.5099573853552659
0.23136387594185515	0.7613757172575006
0.9978299619047888	0.020812778026190124
0.1668782473650304	0.01106688064913039
0.48337190294014387	0.6914896811704521
0.3838367153478824	0.900140167341557
0.2180498896552331	0.7770342647647395
1.0015734397244367	0.05635255745885727
0.12643094643122446	0.44972208336434705
0.19911394362083393	0.5676840557413411
0.19128981096425593	0.7013947085402261
0.18921639502256452	0.7421333717499126
1.2688331778994335	0.12954187911263426
0.4472963169844211	0.4076120316109221
0.4424828701530595	0.5679179808141154
0.7984858351931599	0.14758828174122388
0.749409368511582	0.2589066652229872
0.9735890761786669	0.06589099446526768
0.8583953669836322	0.03536839335750518
0.2994572715843641	0.7005427284156359
0.6065278395555748	0.21899501486189704
0.3543871517028449	0.701326777112631
0.7549142636819826	0.34860530726582206
0.3055234049026069	0.6703900590322345
0.31546879611609935	0.7994547584034348
0.7273436490901083	0.23110671548191994
0.5715294353838468	0.39672659468974575
0.34778334060909566	0.6372480352848485
0.05793088725612647	0.6471262527229058
0.33397541935576647	1.1167790107185698
0.1708798509843864	0.6757887505059407
0.9286546275256136	0.04337459338250692
0.18323481324141505	0.7586915368103285
0.4142721487997275	0.03366203965291197
1.0804724487919644	0.44111182566490315
0.22248170159772102	0.8077998120153237
0.48413136480293556	0.26563432747162813
0.24285211344992996	0.548263253077816
0.3881042143209578	0.7118545671374799
0.3014172496496496	0.20575242011677602
0.3068419835224434	0.8643274448946834
0.0724336120140121	0.4324813511473274
1.2651570806921246	0.055426731575997305
0.32549580445303844	0.0946980504369465
0.04208909100805788	0.20004275785877593
0.02440992829238141	0.45583746704421446
0.7743533983564672	0.7907595794679056
0.1678275755511859	0.8178280596860982
0.4974028272122769	0.018988560444546016
0.41934421770064895	0.44725311429826103
0.03541002272304239	0.6227159075700702
0.6683758780014893	0.4517115783902466
0.18905144812630795	0.682316746044681
0.5281220156071026	0.39059779473460865
0.029344071640991454	0.24946743002020183
1.294434326399086	0.06952165552421789
0.8635343767295135	0.1364656232704865
0.4427622303777543	0.5992641828668355
0.6234699740059038	0.40458238788216544
0.5011525770365528	0.5681383992191054
0.6939454635082749	0.25736072133854254
0.017624701004070976	0.9973523427213427
0.7313795924389956	0.26862040756100436
0.5768383969294868	0.4616499656855797
0.2719634045948882	0.8232409135536192
0.20019058290944233	1.0793554224854423
0.6992074602171222	0.21460655968686793
0.48223076189776615	0.6690093353793329
0.605294860981857	0.4519059284155094
0.4549612135878979	0.3058752599739623
0.5599465747811916	0.4400534252188084
0.15420403776829883	0.4933982664380672
0.8141364393765137	0.2361710440199536
0.6494442357394119	0.6110532460092819
1.0103068390970145	0.21419511044539685
0.7113806081819427	0.718248772921618
1.0247422071501486	0.2729547840704729
0.12807430429580982	0.649037850940315
1.0891241878969273	0.16906315160536317
0.46440930975298506	0.7560033630488056
0.23645522574173775	0.762306221136251
0.8150620141052788	0.35764864453693185
0.16601787331532641	0.7645518983107578
0.8934994202630488	0.4039746379931927
0.3442262916700439	0.5727496463965049
0.8043318095573684	0.140286293749321
0.26183303050448564	0.006480344463663808
0.6445539524982158	0.6277912016793958
0.027593140914989003	0.7175070130105331
0.4753111572799766	0.5561556688578148
0.15682543776042923	0.946702134670575
0.41484122147274377	0.18077989676401235
0.5685345393733338	0.3545700771342041
0.8305968844016156	0.3147515672191106
0.6629301818515553	0.32991202669945113
0.4118306157620619	0.5951244618177415
0.5100365942333195	0.14253605083284304
0.01791445260749184	1.1704606698153712
0.6116127527532845	0.41483059121662574
0.6942129209316127	0.3805942440064021
0.034792771618763624	0.48979417991050733
0.6362099593261111	0.5727803265300527
0.5035307791840964	0.16774937024261483
0.677376116310962	0.36775352364018543
0.759669387627532	0.4308975184050266
0.2378396202905569	0.6835863674574436
0.48516309564627386	0.6331106378158954
0.463405746195526	0.09710156140032736
0.015001588991561808	1.2182168599208651
0.15672950914942962	0.5596583780301627
0.2125907062705484	0.8318395221033674
0.20938874936491872	0.011315184624606572
0.3190303925197101	0.4735419390537548
0.8909096274445575	0.27471255486002055
0.47716758894487027	0.5194536749232495
0.12043742777391814	1.0703712691840515
0.03859295289527649	0.4226465087468372
0.9975933108179124	0.020554226375917674
0.3560129480793563	0.28372310281877167
1.1445383302920813	0.18832769087597548
0.41325485408640406	0.5530378772352371
0.3403099410534047	0.2079068195001677
0.38958412677079174	0.4506972676069073
1.038240564761092	0.34467357523296216
0.6047122972017199	0.36492826459064864
0.5528250001553358	0.30981486032235744
0.44526528828363837	0.4253225541444637
0.21410288614054235	0.8653418028460712
0.8627084565366037	0.2381983455699582
1.078761118413976	0.401290371574297
0.6442756442427453	0.530418534733787
0.20264218282120086	0.7255119315462975
0.17172570504386184	0.2826850028923463
0.5649686571532039	0.7176506559754277
0.2901200234184112	0.012601523264277135
0.5233094252347189	0.5059789198488548
0.8527702401409125	0.27023094244782375
0.5606634727313997	0.3506952048882509
0.704965221701546	0.48632127235880024
0.020012180969130357	0.4808716155069125
0.07719052710475961	0.9250508650633288
0.0841252844456349	0.8392758434762488
0.3425835699100919	0.17278333089569958
1.0496789856596465	0.31464232429834205
0.10913767982784055	0.733499240806833
0.697728612964852	0.5007380381596096
0.03573375870475898	0.9516912650565902
0.9696133369292594	0.372108974527413
0.5313836620891762	0.4210694085953695
0.047958517082745206	0.6936249702826824
0.29924169741543605	0.4426715464364935
0.10928688342579868	0.4631695465397893
0.3696029979505473	0.4208934372284193
0.8116956042326965	0.021198240359237126
0.07026031597043425	0.7511753546623636
1.2224229390937005	0.13175602175208512
1.038653587889983	0.3401253645756085
0.36980635764343	0.8726021275463496
0.2902971522593636	1.0641571247081805
0.07260899790728112	0.12233314632599705
0.6379814175112043	0.4534898163145348
0.5794343977463006	0.3018899059487562
0.8439038713443692	0.3170554760949473
0.5426133420941247	0.4134496714488681
0.3992394770669868	0.11412358829186278
0.022971492874594605	0.5415729509168066
0.6301998541424721	0.415230829642414
0.7026246910441226	0.5964763237688121
0.11195033071168203	0.6245456453777251
0.13799897643497644	0.35946089901309314
0.41852587219770243	0.42541426709423363
0.6347236901211066	0.3906662321031828
0.987484250111485	0.14606130206464693
0.2956204389923523	0.8616384340684643
0.7231481864912297	0.2453789006378213
0.9366827819423498	0.25786003146493647
0.019861246117253373	0.9801387538827466
0.5669418748638605	0.4741776589961625
0.4860484910397431	0.5029198877257837
0.41883394698247023	0.49454837649887673
0.6769898496517571	0.44436387008107064
0.8094539392544801	0.11220069641605593
0.4447404477781256	0.4665435055917966
0.3063724861765802	0.6911355945866251
0.01039989811288089	0.7863701862258802
0.4389395901474907	0.19773461743641849
0.2822215400456034	0.7167570809014259
0.12961952365990842	0.9993137538561451
0.25722989633318255	0.753017180702314
0.800982608270006	0.05443525562703577
0.29062101046268046	0.6965918155576029
0.6216228585268307	0.516404440172311
0.8779134807520315	0.42320462314658913
0.47628639539770173	0.4569137501606976
0.42854215953593877	0.6487246800186879
0.9892979946061524	0.08585985095210091
1.4010808432344832	0.011519796826500171
0.38164933138999635	0.6625640740227576
0.02623488849843219	0.9707314601414797
0.07977639648086206	0.6148952042394944
0.23126548653812432	0.2936457576641999
0.4661329570520867	0.5480095154494152
0.39536023182960933	0.1531628279174303
0.7078663608092071	0.3348184465249407
0.644549212565597	0.1316545176641637
0.15345145115487607	0.5008248719220544
0.008730154203220694	0.1753267624304992
0.4975593699234208	0.6547264731258935
0.639928296753498	0.29369015457332237
0.022742263675196467	1.0503803492066865
0.04201625152972383	0.5638101660916284
1.0241654166485423	0.0699409060911441
0.10824501605640124	0.49412317890382496
0.5740276579033776	0.4304125966841722
0.06750979548081665	0.8302557569652225
0.7466191192177847	0.5302344145297411
0.24951116233902554	0.7408004392366079
0.4500746071055403	1.0080419146567585
0.3548927593933227	0.19469107431816998
0.9993000404039608	0.38779695394769603
0.5945182983518152	0.3429458918940427
0.739894578522314	0.06835027162410501
0.5528481488136775	0.5423985032622678
0.7506855788457758	0.10676423815239744
0.5025153001334706	0.7946904886379929
0.49818062748464653	0.06612246819705458
0.850610406063764	0.4713077586220694
0.39725920300797674	0.2978442610715073
0.9134146462129893	0.2668272788534066
0.22303686199955436	0.7766425964471038
0.2567827677214787	0.04344594786193447
0.526592935207102	0.47560840961223827
0.5088626699201301	0.6030586298205529
0.20300312382972394	0.8284224424018953
0.19329434876079585	0.2767184061507319
0.4609171025147236	0.23051219043302063
0.6074224175486135	0.6468008749402212
0.5928173572273144	0.7242367054584244
1.1090399145985708	0.10146229828134862
0.3737347685585173	0.6616159076934932
0.6187293455982985	0.27352532690635223
1.0562265494086227	0.08570712690581894
0.25237360217784605	0.7778142850736106
0.8564671716108304	0.1236627121887561
0.9166120563013525	0.12245397885071224
0.2760026882031351	0.7239973117968649
0.0845528475516706	0.9541220194434791
0.051594332182294235	1.032350188373669
0.8614272777348557	0.4114618647517017
0.47810879774709647	0.576144667598381
0.25201810410561554	0.7450920877484838
0.48002431051813477	0.20304462164838244
0.8628571781524248	0.20776196675433456
0.741084969823307	0.2706177808560141
0.0541787016521959	0.6154916162210645
0.8087928793143219	0.21721660979492527
0.6901915299200454	0.5145909694920162
0.29321491635060415	0.8425641109768569
0.2279482399260342	0.6319861463427386
0.5674517009446763	0.36559769920030644
0.4060006911460244	0.49433718539776733
0.6999104271398982	0.2926483001406474
0.5367079046133334	0.20112654312008463
0.6674867467654882	0.5772927901883995
0.15542309017163547	0.5510848696337785
0.7371377727367701	0.26286222726322994
0.4909613662348943	1.0055204479367945
0.2738623449901838	0.5844118519007413
0.027957547538905572	0.5183081366325439
0.40505478394711003	0.6457901971936405
0.3182583643110223	0.6329088362436519
0.26958047133759	0.19842967497294478
0.015950297064697312	0.43869207802106186
0.7013669821235692	0.30777590657490994
0.5339951829368063	0.11320021175374624
0.3333218870661478	0.7816789821135913
0.35098882354508315	0.6863941196811446
0.33658609217241653	0.37711695510077287
0.7903419199118416	0.07714229784847998
1.166998286146898	0.16214242526668998
0.44483062676318247	1.32674522821165
0.5017334493005284	0.016908766301538605
0.36902615883844936	0.6763553777143139
0.3912317092477432	0.1707568047368449
0.48773345901494597	0.08456865537259226
0.7918250612689972	0.15579085296315706
0.6649968966298634	0.3415733875945915
0.9396372893322957	0.42709542375472986
0.09329260627614845	0.35866315091158923
0.35733949283345223	0.4912742660372983
0.39676226299169737	0.7025646147427587
0.15986610538765278	0.9206722798604772
0.4422407095217794	0.22299582171538906
0.43156418146718006	0.5289756510523256
0.18487659548738858	0.9820905901285658
0.5744336539034124	0.7249168046143223
0.9368015647331983	0.05757724999520197
0.47495801587353415	0.6147191741488146
1.2251553118611893	0.10609116582546071
0.7089242760151581	0.18913473364146816
0.595188054133932	0.4776800908622343
0.32874510434299825	0.9000618904342704
0.583188190460554	0.08866216049966763
0.17029238439210104	0.3641689438043451
0.47457387966462833	0.5111660986954436
0.23683731511122447	1.055818383680339
0.630078978315432	0.24966369865591553
0.19373702136692333	0.022086257053792788
0.2711715437256169	0.007234805798062842
0.9242164866179564	0.0067837599727339215
0.18758116018748525	0.5507575386467143
0.32438594105425644	0.8269243977651561
0.298649369325958	0.701350630674042
0.6173566117692977	0.4737393554077308
0.48284671979577454	0.4636214995512063
0.27722662286395083	0.9225275847916833
0.3472123415421646	0.9147662936438371
0.558356670054774	0.36320545759948014
0.5564047561278843	0.4499857832360633
0.1635877596736735	0.9471677947790169
0.11817178095281061	0.8270680670996294
0.15515792734058456	0.4640628022919741
0.027706962038018694	0.4633605239758053
0.9556269762446029	0.044373023755397104
0.35119551650927416	0.6072659143863668
0.22389557248266076	0.7935556259954621
0.8542026289265174	0.13130637224476865
0.505936417727466	0.4952122083049827
0.7330707745425065	0.2669292254574936
0.9037100476575405	0.049613938810114756
0.8630836748269233	0.17307881869251557
0.739186763218247	0.25437445520218666
0.5111536639754455	0.6050919747290799
0.3448452794110228	0.5320899084903548
0.46685736331948297	0.6680240417188412
0.6232690236884877	0.6015631395933285
0.27143178625124476	0.7095378981395373
0.5254969958269994	0.5089484299633923
0.24743445016593993	0.5371993317252007
0.05810501978661722	0.7012946824610505
0.5530331924031405	0.6196651368287379
0.3431292040360372	0.6568707959639628
0.390777900734356	0.7139769270804508
0.6558965798713134	0.3377422579157708
0.8953083660303912	0.08856150619889663
0.7672067682517285	0.23279323174827152
0.5253848018623022	0.43986670821379537
0.5670248669670078	0.3131548734688359
0.4597596699169508	0.16268836522557606
0.4860266059790326	0.39313263003721666
0.7426981210529541	0.20216901786928926
0.09040703207172182	0.8442115132652025
0.7077780597189319	0.3552667300005791
0.476106828617723	0.14207593391365164
0.04409840711652286	0.943574781052794
0.6451540386405735	0.3852680090194727
0.10024557306885495	0.9141171116610325
0.17572104534135582	0.6178413349337303
0.3992606173874607	0.54634445998864
0.694264570514273	0.6793056173832812
0.20881885978024314	0.6882151842541818
0.33839868389043054	0.7515101874313552
0.8695307619461231	0.22108081093988013
0.5458301439064751	0.2770806788883325
0.9256141664375434	0.06568211469378984
0.7501914299023102	0.11328382144392912
0.583386947413668	0.4444336883945981
0.2015677091350597	0.5153810380858007
0.4487617723020044	0.5848514836242988
0.05463891823713818	0.7045836923223131
0.6067691765847314	0.6685575455931483
0.3512190674604274	0.6417359978474202
0.3326427209916672	0.8165369014170969
0.07202127528618957	0.8404075590891295
0.040618739543018714	0.3363796212521858
0.9446746368727217	0.04866236207519033
0.35995148032969515	0.5937766369852621
0.5981347579754512	0.09833723182308676
0.16009323771940065	0.8544888134340746
0.17760886147905597	0.8338873097577228
0.905500158993558	0.09449984100644203
0.7783842485358032	0.2943589844244464
0.06759202497724737	0.5304881797008604
0.2854249577395398	0.8629126310497234
0.24702484184586543	0.7074681391745893
0.3808863502648271	0.5388333291948878
0.08114183433684403	0.8707322014663222
0.7571105383565877	0.2507307764936822
0.9635585879217339	0.03644141207826611
0.30092979375639894	0.8481625901193572
0.6058288090074732	0.044527193501867804
0.6344488509223741	0.008283135625160528
0.12091955693138742	0.7861419303415915
0.2813554190927172	0.9088125121223403
0.504964064137725	0.520701408038327
0.6099713444057152	0.3017065804132919
0.6813511552124513	0.35954973671962265
0.4218958881033305	0.5443511083000767
0.3725327323222569	0.625134220304171
0.7437542324732791	0.13337521447257256
0.09202621244276718	0.5443744113031127
0.08339770576797734	0.9166022942320227
1.0471824587599852	0.5340773355844624
0.017377626036192875	0.7154263327950253
0.027574193951742692	0.4177859151311669
0.09553236258160472	0.8081987357080498
0.21472062754877283	0.8131701002146169
0.21971689888250867	0.84139813247381
0.5710868855340965	0.39099631933400697
0.5729621209632791	0.19099079137042319
0.4957663669937556	0.6357971633116815
0.7739896267058182	0.27245884845918256
0.974428298551103	0.09684060315924244
0.6878223941499868	0.3279336297735673
0.15749013892777114	0.8555596831389637
0.8337954282423877	0.16620457175761227
1.1134587087123724	0.18392285436715328
0.6668709076611236	0.22229353897848092
0.41717134397631445	0.048764611766398624
0.9776595562262596	0.10132186891235839
0.3176936398878177	0.5483444564438631
0.9448545899807905	0.047918279032540645
0.3679522241970049	0.5027203574751067
0.49626644357849264	0.6407850752502057
0.020628425355710703	0.4428086942520613
0.388258290869119	0.7712669501646844
0.831404277004226	0.11904800309887917
0.47044347296986266	0.21620057020419187
0.4231826783534537	0.6312239557612485
0.616547950646518	0.25775833631404427
0.2115909007086287	0.5897454432995257
0.7512173077157713	0.7706776327835462
0.26606768897652644	0.7435310665013309
0.174694286100948	0.758572049616535
0.6358387376476065	0.6030437604966947
0.10921098556407106	0.8863796588402469
0.8088655197682305	0.2028729735159781
0.19105983572436214	0.8643475516071664
0.5631112292341329	0.5185820816370932
0.27375652100263104	0.0935468045510964
0.2994263567357513	0.957958532796734
0.5754181716488846	0.03728618447966125
0.7555588685963102	0.28068444528811703
0.056200981959558305	0.37691829145970296
0.8942634073332694	0.13188121691006588
0.04648046567397618	0.8003845973114059
0.38217507845610293	0.4722937373155035
0.6129309385591917	0.27991567966013825
0.24836657168104606	0.4584229182357414
0.2672022006015956	0.2523264494734863
0.255160464587517	0.6928927101796025
0.6316418774084704	0.3683581225915296
0.8592066337815714	0.1447428363809003
0.7792443562890067	0.6118175190892035
0.13960581391299787	0.2758479935338671
0.5290615519559054	0.4696137833704882
0.8243596348929296	0.35272936157600876
0.5435708507931112	0.37302688086186614
0.7639209557849089	0.19863074388242574
1.1858113592097486	0.182766485603313
0.7959391403907748	0.2599509769116185
0.0772307149791085	0.9227692850208915
0.2974706611654477	0.7654578713011352
0.19506090368648463	0.5593635376294609
0.37982659624187104	0.4857359359047965
0.4633615343010877	0.6960868080031402
0.35531322755337935	0.3884330442199928
0.06410023892330158	1.065852411259271
0.8930204733212276	0.13907438785548387
0.16670583271402992	0.8067835158019463
0.5754823832151844	0.4444848934463759
0.47973347225512175	0.49637767296704727
0.5307286425594921	0.5030200251295551
0.23624438882656032	0.6295317299878123
0.7538066533802245	0.22092948230476075
0.7371428866057441	0.41216972893307613
0.8511385956063606	0.15096171801108008
0.6880020148605491	0.5699799464328031
0.8343922917813507	0.27911595497673053
0.21611354609902383	0.8030387585104299
0.6645931528884957	0.20895097952130937
0.7750730466032857	0.22794084502437578
0.8301129557739897	0.18169737768799218
0.3853224121907448	0.7813716391301426
0.25815072539319717	0.06410083089199736
0.26355426397438814	0.7385681699291426
0.6765287998603077	0.3873280725798907
0.6624520826235935	0.48349755728759897
0.5870953377160384	0.7690700602172195
0.06480886113783588	0.991140641035434
0.6989232386980396	0.30107676130196037
0.852832568547852	0.15417083115531738
0.5775425807231414	0.3043352369791943
0.6189326323913177	0.34671160279911795
0.7357627564313002	0.07295596267294119
0.11660990685219726	0.3206058731699116
0.3175713743140336	0.44401760411088714
0.6583529281235071	0.16667163262531104
0.3206262309309801	0.6369010735166911
0.1251155484653002	1.2554172858915336
0.3490836293108272	0.7916193237564806
0.29150485196958775	1.021692560027746
0.47599234532436907	0.5240076546756309
0.5376534795772562	0.2354002683139933
0.7649129669626059	0.27849770186774486
0.342016552130178	0.3669253585868901
0.7848684303187974	0.24467432667278033
0.5345213873447794	0.4337084347035628
0.30424045437444286	0.6675065425926853
0.2079926366834014	0.9235818080480979
0.858912863558877	0.11082831683980351
0.1398758045576359	0.08853773751167124
0.891253002203331	0.01720562664171288
0.2063226215669312	0.6716800358563815
0.7259942787074415	0.17238640808651745
0.6611989311488402	0.38674235047950856
0.11272866895567173	0.09011420331556085
0.3057670060182935	0.7018371679087025
0.310737045657117	0.3171872777103144
0.4931193302561413	0.21200318582807473
0.6672810010445627	0.3714116614779621
0.20743568554772385	0.7925643144522762
0.6499976190240766	0.6688215904100777
0.9234916597743139	0.0775883355751237
0.22188893223161288	0.9398216642038829
0.2892816950912749	0.7107183049087251
0.02720786427944126	0.8859786303767011
1.3389428639991843	0.1510191261946217
0.03320656493953425	0.583962804607451
0.3706128034040384	0.3156636551435611
0.06068525741764328	0.9751289193269439
0.3487428022167059	0.49496146376673583
0.9278778831606673	0.1799717549615073
0.21515612112946064	0.26457617799524485
0.6973249120322449	0.30761729523105424
0.2223174866123851	0.6780958262865623
0.9544100526685325	0.09695060744973771
0.4766866984038569	0.5233133015961431
0.10111626485924383	0.8569784691994072
0.048410211126639444	0.4771520375693323
0.8379980922035916	0.24742830271896166
0.06956062455078077	0.5812254179528471
0.777006255597109	0.2488999036989701
0.25883562260286647	0.7252055313131548
1.422615593541333	0.25828845763321895
0.49161540650619967	0.21112228373442213
0.0261181397715523	0.24058586674984256
0.8124365467857503	0.18756345321424975
0.7818122557969868	0.4507104025107084
0.9025219533094767	0.10349963504003086
0.46938600103363665	0.20582393838606083
0.5506659136831135	0.44543575316861644
0.9699012859571904	0.1348847912849227
0.9121426052492194	0.39057540838147004
0.38362678318791243	0.09874166675493123
0.6873890386405581	0.31261096135944183
0.2393865012901709	0.874550520505793
0.3951445122757134	0.6542528950369427
0.26746536900465134	0.7325346309953487
0.7561120818557051	0.46290323183783255
0.31312574085232475	0.6868961824315731
0.6645932994345594	0.9239149048337544
0.3579519376488696	0.7297275117731123
0.42778843840419456	0.267417460705619
0.12973499784957815	0.9760607892521278
0.5803339096259187	0.5009913071775666
0.19110418014765365	1.1398264443966242
0.5651304095022841	0.06924613766786183
0.5023172755819498	0.29209391799019474
0.6383120078407158	0.4714070034585397
0.36762356185202205	0.0029314524758016214
0.0944504542184531	0.029934884064273352
0.012754333399057266	0.431730599194631
0.0850412378103118	1.1952497308812278
0.6560084455991496	0.2433811623177356
0.3822855755569955	1.0417802242318652
0.03421368986231621	0.371695964598432
0.06366346148130245	0.4589533576436213
0.45962379438421364	0.32209665106842594
0.3724322712790624	0.7960112094436258
0.17348797273809252	0.8433158933418581
0.4128146501425689	0.11649425123874019
0.9832590464324279	0.19853888603692996
0.2863609877450051	0.8295930487694897
0.11854301551857346	0.8984707740544939
0.5056291064785637	0.26842903763392745
0.501818361424893	0.9080781104018603
0.7508895381619604	0.06602733106059822
0.17742238306801442	0.5036217783268483
0.49147070923185465	0.5085292907681453
0.4816510762225844	0.49927658854121404
0.44067443673504647	0.6770567690350282
0.7033964117579736	0.546106194267355
0.17980155525467462	0.7154286476718636
0.40090303332365956	0.7719381950663836
0.3812426725093551	0.49718597323727737
0.7962144461971261	0.2561122039296304
0.9145835560028116	0.09790075071700846
0.31745354619660754	0.5376033752147299
0.28516711143986045	0.1121338158293077
0.6235428727606539	0.573869152434394
0.8577649995058678	0.16869605435933535
0.14778002708891383	0.8073609122057211
0.38927998794703994	0.5671921440714723
0.821999608044735	0.022217206576227964
0.05571201470656805	0.4778070492705022
0.5014731937777409	0.4488300125040123
1.0420048978981569	0.09251503868219188
0.4283494769390956	0.7009867385061493
0.6238168595495546	0.27752912599428964
0.32867480081806494	0.46817505010246735
0.5299195238308358	0.48047723562975536
0.04157571899600117	0.38517144108853607
0.7115201425395891	0.3788825523557014
0.22907200604462086	0.7692986169545061
0.12712704857668722	0.4970370255274185
0.28121500896626317	0.6942422448132285
0.30195778459269823	0.7833575989703072
0.41861317699938194	0.05765032672417375
0.5896121580803784	0.8604182807787318
0.4444883189311103	0.559277308796137
1.217321437603742	0.050635591655262914
0.4471265372813807	0.17119995466071175
0.03101665417513237	0.6787614700050132
0.7229733305953648	0.39167188140138876
0.7320178503031873	0.3287472745289587
0.8830414197210129	0.10661387676259379
0.8510951795828486	0.1761402693153003
0.37658334930497356	0.48689674993884013
0.2276836105894347	1.0264186397565715
0.7314439465801976	0.3495511111968659
0.46449597577947194	0.6621139223930385
0.19696406505189584	0.7458590531135949
0.5518835189944744	0.44468414297993286
0.6315435763339847	0.6948471126813335
0.49180927799279406	0.5081907220072059
0.059979772848514	0.8157848519904715
0.6300429840347136	0.1580977598271141
0.7967937605426074	0.22260421246115678
0.8829223868992506	0.22628968633121013
0.36227501399807976	0.8023127729927375
0.5935281428904766	0.6181341156463097
0.8256420840173514	0.1842190338776969
0.48630628371821155	0.254493785506093
0.29798832348799	0.8447685450773157
0.27478034725598427	0.7129070227587773
0.8876220665656043	0.24742331400793055
0.4224878091606328	0.5775121908393672
0.3228335795735795	0.6771664204264205
0.5073497618222783	0.25734370186257827
0.5849294018389241	0.37941492605606086
0.7040711644306336	0.16533584558156822
0.6241934265640144	0.37998974140200836
0.38578239563584804	0.19603093948977263
0.3784184989640685	0.29143857675505835
0.7464173746851391	0.1151512870926667
0.41685146350713886	0.5485392404901045
0.6118022568998261	0.23391983128060806
0.596805029629567	0.2221406769135038
0.8748525661725814	0.2927043777997571
0.3308195683084698	0.6889142960816871
0.26195358863305496	0.5582362152770435
0.20291035705081703	0.12178939627424767
0.1452192511178386	0.8157929277606147
0.8733180437991983	0.31430040335872594
0.457739405478672	0.6709023355064205
0.4537416369329756	0.48850554773988175
0.2793325649747907	0.4556209968852958
0.3797910729717248	0.39779501481987317
0.7234195185046799	0.2886407396819767
0.7265567261126018	0.2761384069176608
0.00433163711209782	1.0027322867027657
0.7224848275608938	0.46376276278562734
0.3876733182047123	0.34184585068370815
0.20480567034226063	0.4565697264700434
0.3266434647841134	0.2108281377197665
0.1973309527580112	0.8412706471049852
0.760551650130054	0.5359337599604003
0.8032907525519473	0.18774119069439593
1.156371741829834	0.03186727407581182
0.5969657126802588	0.40583262480469406
0.6165768590841894	0.3146620622937482
0.25889649163914774	0.7411035083608523
0.6967890871606175	0.5603855985832278
0.6558958749358381	0.00982361067270729
0.10128679670652257	0.7782747756021314
0.5888525606817306	0.45217580947206987
0.6170435869425684	0.3736452025064577
0.26997614056581076	0.3996659774563543
1.2456738731015036	0.017911944834207175
0.3429771444071674	0.7748418171169977
0.2641851840679139	0.7319898339105223
0.579222762393355	0.4243522746076649
0.5057536995719855	0.311972787485741
0.18085234966597744	0.4979596337070288
0.7591553759967478	0.2396066968744548
0.3491749124005372	0.31826437687408055
0.8616542920856913	0.5441372043502162
0.7047427795308745	0.4011400184924582
0.6052356803516433	0.8402675896368222
0.3343885306487536	0.7040394942443144
0.26157947501109907	0.6791333123924859
0.5747437247187422	0.7150036267694034
0.0422527320209783	0.5131953708346457
0.6040533741919641	0.26504179787848575
0.4711297813850621	0.5722959270458169
0.028705708103677896	0.577729481083914
0.011703947186135308	0.6636129813984213
0.3887398138489512	0.3022186160823402
0.21721540909954665	0.764248819775538
0.04084881099820146	0.3016006897781891
0.8785635763679982	0.07733440622484566
0.4133161376366602	0.6393826774880641
0.49055949238186103	0.5166785251822134
0.1715535110908223	0.8838637154158737
0.2448824898615334	0.7696028531100725
0.016818270101506445	0.44948334124851524
0.5363307202670555	0.4861267189297354
0.3734248101408757	0.4130012518773991
0.8284660823747756	0.19855047923430597
0.12167041550388671	0.9056124096583661
0.9265290318275528	0.1133240225856447
0.7659577115310747	0.3183989873307923
0.4997220903838659	0.473281826269803
0.15159225696443984	0.5578628065550735
0.15971388979893986	0.7857938682343188
0.7006628980721165	0.2804548095517972
0.6770778953264702	0.12340090985942131
0.6225316374569403	0.40277180652813027
0.8729742164018068	0.1270257835981931
0.17662470318664908	0.8885471648579816
0.4424028291061257	0.3907024649427555
0.06081109655817491	0.9451830928510561
0.9040969729283367	0.19253563887349964
1.2519722819184254	0.2159380736362679
0.04927167168973505	0.8626112979086358
0.6100792413298116	0.3368055993808439
0.6635361293089093	0.2702091539908238
0.7160341225413293	0.3772349572865463
0.29023533514934385	0.712136388702074
0.47520785610656757	0.32507701452117066
0.5364414121745703	0.6626328735817141
0.2717832331347462	0.7000806384141494
0.7433181468526998	0.05235503072965973
0.09755662948449331	0.7880115778351697
0.7653218137106128	0.4658284745871339
0.02511274322687998	0.2815873847538047
0.40406743885295704	0.5541012853695798
0.5416545858293121	0.5554155679428798
0.41993279758798163	0.5761288745449328
0.4624108297808024	0.4990813239579486
0.11875834295690238	0.8004326530606777
0.6106142250001527	0.4951303094752479
0.3349051986661046	0.7246242157878785
0.11453446797873842	0.4744134945115889
0.44239396085223975	0.01570494296313944
0.4494422609385919	0.1919280419203464
0.44259454976653323	0.5782509180415968
0.1467685195396325	0.843804538350879
0.2706129237006237	0.2618992792207545
0.057349268856529995	0.9194370355995166
0.7079452044104231	0.22161115447749952
0.9212822124080883	0.2478984517552632
0.9975141492150537	0.21803182355425177
0.2338991877926776	0.7661008122073224
0.1167676735450084	0.523347651350212
0.5903984299189872	0.48772209012775963
0.651280021229755	0.30586662049517377
0.5328554526533347	0.4671445473466653
0.31780650660825965	0.4847775333387027
0.5751010153981824	0.5409734716619979
0.597023645725162	0.7197537029587282
0.9447690459447398	0.03804995009310436
0.12497288959271159	0.9414611667139638
0.8998196355812148	0.35749795016357794
0.30220365822855333	0.2765618900937206
0.34793193384811383	0.21126111651482946
0.48892454699687327	0.09829201959302503
0.663086049463445	0.23528783556223345
0.03574662617645107	0.20175753570677168
1.1531925793489877	0.16864807952856564
0.5051180722497567	0.4068722148261306
0.38884545863938286	0.04326588769642052
0.11819794257956344	0.5349018515333147
0.13005894284625946	1.049888690102533
1.2224577681266402	0.07234336230895112
0.08884132910279442	0.9133393778078621
0.20678032986554765	0.649304817784121
0.6206528632683272	0.5733379912037592
0.01804561921539835	0.9025027971083077
0.18130788390489944	0.9333787318427366
0.5004517319647723	0.3228674163907628
0.0467813183672635	0.5540159803459704
0.37772025324070174	0.6154193042976639
0.6017368091697853	0.2937529519438604
0.7196698854088791	0.30203179014990506
0.9562302202058934	0.10971357209631852
0.7332153578859246	0.5773011103201913
0.3753319986548761	0.6246680013451239
1.1844725646728138	0.1366936853915453
0.20278760562619463	0.4634323661353905
0.384129547122063	1.0561762348054111
0.4381085731230681	0.9279941409545164
0.19137986974581034	0.6791638200631382
0.24759684107834742	0.7318663467080073
0.6903170868721931	0.05635402732888682
0.22088218628501322	0.8018448937203366
0.8538060243570765	0.00760260576354619
0.45195366225233174	0.8207264029016275
0.886254487040439	0.5530549706983492
0.16287083121482676	0.8191034557910699
1.1038203587314763	0.17369044711713388
0.7074456007108723	0.29255439928912774
0.4025329246734828	0.5889842598924232
0.5298750218094725	0.1809126731486107
0.2999655994310202	0.7498677198992049
0.44122948378260746	0.6498147139938124
0.6774450582001953	0.23600161687910995
0.6288770445101112	0.19926249582723943
0.5338378928558116	0.13812271781443097
0.35545296519787306	0.05736597864168225
0.18232648662090853	0.8127746981883373
0.4816045486295576	0.5329275821008523
0.2804952070131131	0.7005197881399459
0.04476934511187976	0.38610814110552844
0.2057471838909366	0.6393731724506952
1.1663724127580883	0.04917565250603506
0.6400281913269109	0.05034693005937137
0.34584664745866966	0.13561491255192004
1.0264101681660132	0.05819837284033683
0.6802826631250933	0.45501580609295805
0.2605991457998197	0.753607092963474
0.26667963359313934	0.6861383078434695
0.269767594643314	0.5840399877807725
0.1103343851695747	0.3210179286887961
0.38203609667599997	0.7188985172193443
0.5663292594415387	0.6093749364066599
0.24217861299652974	0.3468379636824752
0.8438160240918147	0.36148888972006826
0.2086839296480098	1.1706426099685734
0.7082216555103737	0.3337216603794866
0.6680917190197478	0.45435821377969354
1.1970231865719867	0.08486005119093214
0.4007716671645282	0.5687674827130518
0.549353247028042	0.26325332071565166
0.014659026257229535	0.25046182406835443
0.46724751873436987	0.7490341069081347
0.6970468046002735	0.39601150574843985
0.3340157453239914	0.4437292325331761
0.25151449408715654	0.7108984948416631
0.7677956448015213	0.15681357944167867
0.7399819484227227	0.25031636755495973
0.6358578947357284	0.3450764718939763
0.2028982857942547	0.535525065027305
1.012374880684571	0.2553255905492048
0.8359562404584754	0.19272684125148565
0.485738753848484	0.13797550362671787
0.752447695284822	0.27039871889600847
0.027084750011626926	0.47614655905272724
0.27153028021151715	0.06950196177476999
1.0712251981795566	0.10719261025214792
0.1452606767591563	0.9324231633590218
0.034913214793011044	0.9206434611709484
0.25984470698923356	0.6293944421610227
0.6006718940444312	0.2994769869105239
0.014894769823865867	0.8667003146590951
0.34247844846094305	1.0782443558531662
0.4115934402258654	0.9389432638932395
0.5499314367746427	0.37366246038188256
0.7955532860104064	0.03038391062039046
0.7426482863345466	0.3868872681103283
0.6857826574085006	0.2692642511922216
0.23339956814518353	1.0454695013518818
0.3977548007047626	0.6103114516400844
0.4114465034347164	0.03538106764223106
0.012937771501442243	0.98502440424901
0.4283095497218802	0.38237592612123905
0.5237794249438346	0.6108319878726215
0.4043805466082372	0.43299709484127
0.8234392926936094	0.1492739871067677
0.5146712035752552	0.483025918198703
0.09433424801559247	0.7148237088146505
0.1101430868240651	0.7037766727582002
0.19992555873981574	0.6386323739685564
0.45547293124447535	0.6625342202787742
0.0066308701787685526	0.9942798486656373
0.6469855948686982	0.3140628080654996
0.4877606826115017	0.4971428412865038
0.11732103708480154	0.35306939793203274
0.5942061663191229	0.5905629575448916
0.052499031262964416	0.9401962698671905
0.2064614447423016	0.7729341476421365
0.904389526834149	0.09617353817975793
0.6842495841042671	0.33391596123126266
0.05099928853548554	0.7473139322672057
0.41615096329617574	0.6153782843373284
0.3545709700673714	0.335317112071794
0.5810425270095743	0.04506679922023806
0.5433589603813352	0.4759906292082702
0.23251506124162755	0.8440010136439494
0.7220256530380631	0.29205498391563106
0.624930236646423	0.2172940141440225
0.6070404867964216	0.519826135622045
0.8927654893791211	0.12346329473618022
0.5019882177872433	0.17833394035189315
0.7732631668117356	0.2573431161056202
0.8701263099707687	0.0816184864980051
0.5552663312241308	0.36608449674856236
0.3053631884317263	0.6062391201891674
0.055473220172911494	0.8132885279230874
1.055965120475269	0.053156604371390456
0.004751170188559452	0.5232000694927363
0.026869980214809533	0.5798111201876522
0.7085839067807503	0.45705793310701004
0.36052692191062996	0.47665203517013394
0.5565991117082798	0.4408249209578351
0.46231445368070123	0.5376855463192988
0.8102169246522026	0.44938498238783586
1.0218041026893372	0.03037028219280162
0.867775931329269	0.32073506362700255
0.5312516969291419	0.810323248610892
0.11138561163827254	0.9275472588187821
0.5899234680612423	0.42833912989118766
0.5971696313702878	0.3064730145378548
0.46069252984165443	0.5216502219529943
0.8729393981992591	0.36761975541612174
0.13394973888875983	0.8833515923579657
0.24406817398520678	0.7161002870253891
0.666987843956063	0.23459371322464045
0.4762744388825958	0.742115997631078
0.6702256461338317	0.009723263368026598
0.7489808857226455	0.23007861884140635
0.02620798677438775	0.542469244016036
0.49110844806140463	0.023298665153110257
0.31042928732523484	0.047126517492570574
0.5908682802290066	0.44101952513111903
0.3669072119158737	0.5603990360583008
0.031162840973751216	0.8551559704577476
0.6571615417877745	0.08008321943010621
0.11701391740994435	1.0038375346041581
0.703666287639231	0.25570278467271057
0.4536358044013761	0.5523081523528995
0.5381500400094837	0.7588510767319135
0.675561880408078	0.34561137132489994
0.1267029813719146	0.5434509240278873
0.5132174826171375	0.6323564430265294
0.6183248461032113	0.2941666309244107
0.062115946872115	0.6759414735681201
0.5277770935041811	0.4018545200644451
0.5213522690438124	0.21064796643763228
0.6092991470142904	0.4235395754843531
0.6728488104271233	0.6921919404376164
0.24799169914957914	0.6805484611170294
0.34626931056654986	0.990442358037454
0.09784391506598653	0.8518022905707392
0.7459098256313542	0.3037209016610297
0.6266451659392331	0.4160685411370634
0.7178288865787763	0.3432325461208813
0.5763677792910116	0.04949761212701359
0.5602335142563131	0.44805182519751074
0.7348543980455761	0.21977557068360226
0.6512334891201438	0.6273330458581358
0.42032712449253773	0.5394984792761304
0.5383200502800977	0.08392397426100581
0.878009248084346	0.22636872634406763
0.3031069518558747	0.46406783023795967
0.23110602995871937	0.9630538544345444
0.33318618909206965	0.7383072634077027
0.04819320929015284	0.6490047266911196
0.19390977290825842	0.8523228103033674
0.5352927827327167	0.49981413140262526
0.8647719343571134	0.1934925400723494
0.6896452342133708	0.16269640220411047
0.2764496842251949	0.7235503157748051
0.5369538089400417	0.46304619105995826
0.5683978286035163	0.4292737315488767
0.6821030747517907	0.34223725182819037
0.5404303283825458	0.45956967161745427
0.4917139933652496	0.08082168061025169
0.3889089139559426	0.6012806972869754
0.07117858186523171	0.6790824168255312
0.8954401894643033	0.10177597365930055
0.30265601843453527	0.17650454512012972
0.2370551713710391	0.7415734670795034
0.406479738833686	0.5600363409027863
0.3707567394508636	0.1732379396734906
0.8032780059484753	0.7349873776106038
0.8615795971060856	0.13424647670158082
0.7689983731285005	0.17606672261920348
0.4864751339731046	0.18314123946190258
0.30610201783607877	0.6619307163312421
1.106365870946318	0.2569856828312266
0.7794937088061943	0.17695966766036827
0.7626013648527131	0.230436203142463
0.5604591501290509	0.6841048981870784
0.20230371923472862	0.5093679942398918
0.620435051059789	0.5341389651804858
0.5640198377943088	0.28360747608558756
0.29558256185210824	0.6140876800341936
0.6596655488931495	0.4741770126309944
0.358634616693998	0.5795265219691295
0.07816257571284314	0.4464996545367767
0.45725561450295704	0.37682224735282077
0.3026407685508934	0.5357539343846167
0.3209508245056081	0.49994951843154
0.2584889999752856	0.910346208230379
0.15212693931872234	1.1537420188664005
0.26305071368480276	0.025268650713375473
1.0156998753448536	0.16410703249034783
1.2055847510424602	0.0931266694691404
0.2765068233107031	0.6488167920269577
0.725567032377049	0.2562257049229411
0.7844128242405901	0.21558717575940983
0.3188477382786312	0.5433241024473907
0.8452245533052757	0.17335828749811386
0.4031774666395201	0.6595459652517223
0.5506774322455193	0.48864011732396934
0.1216845461629516	1.0456229995465085
0.4089297875742247	0.6619752409976949
0.0516786483845591	0.73833851707545
0.32764666873903414	0.5493629551125003
0.1467637742819137	0.823162361409731
0.04121817010967685	0.9406612654961064
0.5622836295808717	0.31739394182613245
0.03033711478394932	0.849106957673498
1.0049055496908788	0.15506266376788252
0.6630629442782303	0.33693705572176963
0.858114291212458	0.04592377023166888
0.2847599229035103	1.2873657381090495
0.11525634663294293	0.8938687294321445
0.3977912550786047	0.02103070085605733
0.042184691005591204	1.183679182713354
0.04865480397115413	0.399889821761376
0.8531075767751006	0.21627411017328926
0.8780106151897525	0.08271902838976361
0.6396716846042452	0.02645536923165518
0.46549539254621963	0.5124249063181686
0.12508624838716342	0.6579812660972305
0.1727174286710476	0.9223494807177512
1.057142167731908	0.05639459641205545
0.7321179521688191	0.15318299423494466
1.2097911577786715	0.5447696168138747
0.6799616745186864	0.45903325339450884
0.1654222942168697	0.7478338903896247
0.6966143599849633	0.3173559757258758
0.8578078580371881	0.1460657902358531
0.659321444095306	0.08616522922534818
0.1084933795763502	0.7597824883032722
0.18861086668582253	0.7055988434884656
0.1283311013751455	0.9305228288261346
0.44690898282494407	1.0462050014627815
0.4089752373699595	0.5307291553404296
0.5506280877493176	0.48816683941285716
0.6261731459400762	0.395672104337852
0.035004418159607524	0.38695578446677453
0.00950999833585834	0.5205153778608618
0.21221255831867053	1.0031153900639955
1.1398033796660965	0.13410743938220043
0.5526065954317718	0.4754561551959191
0.45196875184812857	0.4062006359557152
0.5069181618823704	0.3001428655885203
0.5275354844095391	1.012042616572389
0.4885260390736855	0.6132542944970937
0.39586525127288025	0.5203179994686217
0.2667430936442317	0.3545070349053482
0.6483778954352235	0.25373529331322947
0.4222243083603119	0.5777756916396881
0.3877774429508048	0.6955691486778899
0.887941926865792	0.11205807313420799
0.7876111539434464	0.20256192795938638
0.5823807533898246	0.3463520700399
0.1732739932183313	0.8339057721949712
0.2778284127674996	0.39451547783003943
0.6728425741602306	0.3271574258397694
0.7539380110791298	0.1270795759472583
0.04758481927842331	0.12000313646922518
0.4081250094763295	0.22422953833210157
0.4144776677619264	0.5855223322380736
0.24496935485449145	0.4755556201986625
0.02677800919291748	0.6211101798178175
0.5196026147313706	0.36174411236881526
0.9617264079893474	0.23779862440196303
0.4752518685089615	0.37674961123895223
0.10645446185138785	0.3563643961066767
0.05456926643229647	0.7759551938412159
0.2185615265614468	0.7784335687385838
0.31551690801235716	0.419208797867105
0.7324997003304021	0.3154433632704051
0.36096856145931877	0.6614096291036731
0.7838040965952917	0.30435418128697755
0.9513616162931208	0.03332023688721831
0.38986036745174485	0.038522266766467445
0.5547875995552641	0.15910938605618508
1.3741772102910956	0.009705009438063227
0.5763300823481603	0.8235497236079206
0.4488299922072287	0.9168228516856803
0.6766542220796856	0.3899208166199024
0.33112637437500764	0.8082667285245755
0.2829980928534305	0.5897095630554173
0.5852586071736454	0.41474139282635464
0.32010787026591553	0.31339961701435576
0.22531094700622967	0.43046802898647046
0.6202893265249053	0.3069999142975623
0.5404524751056502	0.3985428885840944
0.6659024075534473	0.33347016491067755
0.4186474097606873	0.7877610272797243
0.5570996820457051	0.5290872443133903
0.7059133218519159	0.05531237743135686
0.4451758684127527	0.828140431480185
0.3563088256257885	0.5510401839418592
0.29375842253192774	0.4025225330400477
0.35899941457181755	0.706103930430293
1.0875250740445186	0.3434658806130336
0.49613477156550634	0.351084736976628
0.3063022798360687	0.8666995416363918
0.5040201110971209	0.15817963214422834
0.7963664571044385	0.2193706868414631
0.012664027279785446	0.9742145014289337
0.6356204199776789	0.6431722632804027
0.5220124561442101	0.47798754385578984
0.5018308156897598	0.35636113389358054
0.7123950858772317	0.22718899826475514
0.01109045821589632	0.39783540034731907
0.6058523977020885	0.3620512453944052
0.4004001910702437	0.5995998089297563
0.09244773551009952	0.9317022174054375
0.46830713871871016	0.5948742664419965
0.6034468308889582	0.4491241278292889
0.6972886497552684	0.28822719068064356
0.5579798078661631	0.6214999646038019
0.7762969632398666	0.35950481848958393
0.10773902023133558	0.7273854523473311
0.3450455554091509	0.5519658280955813
0.2018473554915634	0.4446023431555434
0.4302506778593996	0.788804415151533
0.3326528478905315	0.6478934518036567
0.7046707614256998	0.3949941262851982
0.03186479885021525	0.9062433213782377
0.23575533991479486	0.8440493261347046
0.9679008840201608	0.022569758799183593
0.28984320832007265	0.6980262654656222
0.407763572480978	0.41306873966113367
0.6225534283103569	0.5157720646139513
0.9187768819019908	0.23582336034693252
0.5158561259395923	0.48630264042980176
0.533999121158264	0.2978463585269971
0.017126810811458143	1.0385965959303316
0.17889307579789082	0.893096528767925
0.3742481765382822	0.15868230571856087
0.6884492374831678	0.34126839145931387
0.28319293961410563	0.5383924422898279
0.35811470007686697	0.016934302779009314
0.41138442797646746	0.7017556585604992
0.5820395984893414	0.41796040151065855
0.2846898162906105	0.7229551047326758
0.6211663556737572	0.1745752417264625
0.37119053114455414	0.713909407618139
0.26337900080833276	0.004589637144458508
0.2376481106038852	0.5807576015791196
0.8688303699484079	0.2672517674307402
0.6880568630722701	0.03240913484245117
0.4260306006005862	0.608724029643817
0.13154323349518288	0.8331519332503674
0.5541473182780199	0.4447371581091972
0.6995421401572564	0.45918689568130455
0.48573704642451526	0.4919347916779886
0.03056632855435408	0.9515322196659779
0.8427499562189943	0.26916399923178885
0.651973873246894	0.5173466403055296
0.38741945847220893	0.5432304603202487
0.16232681477833996	0.8730980995088925
0.9498214938574158	0.12801045782732956
0.442305597229564	0.0815781390014384
0.5062652652177102	0.49307350730399774
0.8134835748762624	0.005342155177079151
0.8364638836400097	0.15699152176996622
0.577181569668917	0.12200213438056232
0.2859265968235453	0.7362338300538154
0.7061977035796246	0.3615762111766844
0.8286273372879179	0.22310625783250762
0.371862379026275	0.7405225390532812
0.6257317724971889	0.012329532415651625
0.4641290338535495	0.21318576852264443
0.22508117297290078	1.0818720123208982
0.08951447289628761	0.6049236744639132
0.5177240305581039	0.5259143255698134
0.6093411640049534	0.08119085543094025
0.8673489827437755	0.11960362381825644
0.9906782279118748	0.0910520920997756
0.6841319124513454	0.26299824689910334
0.022651237726612657	0.5796524051965765
0.3240446556634356	0.4509452837500276
0.09021294577877001	1.0490306150885065
0.7945008382896419	0.21365066551258688
0.5922145619831312	0.4329845242474342
0.7978843673613577	0.3088677790359619
0.6815825764627063	0.2530276048921135
0.8629686242085641	0.1370313757914359
0.3924114469119107	0.612214846261937
0.34042447802845943	0.37600682992730816
0.8665332680544564	0.09202564948325698
0.6908429480928715	0.1831079940715859
0.056871909939851306	0.9881366387282705
0.2898548052792807	0.9617772421162966
0.3539296246589985	0.4822743486205074
0.5023252911276993	0.45497229724390087
0.4704605069847221	0.45044149871412575
0.44895147670879526	0.12604463478227465
0.7795644982491461	0.23098067519584128
0.3687239413700283	0.6779506274707504
0.7737766297110239	0.2924253857351558
1.0107327917253563	0.14746948830764162
0.12729375645684804	0.872706243543152
0.22473695478376435	0.7785677275448771
0.11015998803980576	0.8420286741759919
0.14080653316906708	0.5554463355079508
0.2523042332372434	0.7584728631346855
0.2150265477170348	0.7098092564779502
0.5028270367565656	0.5260550078193078
0.38865943793871927	0.6113405620612807
0.1020198017056401	0.8530653203674187
0.33699811176213795	0.7153448120246092
0.20908699734876954	0.6759179494171811
0.9134163604002328	0.08682581736277763
0.5197751963283125	0.4630411130716352
0.6935001849399847	0.1844429748932973
0.6568806484917176	0.40167922906418685
0.024830615899544047	0.7509435445162069
0.615044893842898	0.3539961449319026
0.5980226310607828	0.40197736893921715
0.9666096440611928	0.012118096083292139
0.21490883237058955	0.9763627126339698
0.4540262769607727	0.49582806703481974
0.03975882433198685	0.34650185281216206
0.7912792820442717	0.24921185287707642
1.173120755649747	0.32165524544593793
0.612987259552643	0.4251532894517524
0.4995756239495464	0.39500894714967266
0.2608328665034747	0.8141882042890413
0.022445542080586564	0.26081493791157223
0.5679872384967831	0.24304015317476463
0.4770475619462549	0.5231661605092408
0.39930387320941085	0.7706699649926992
0.5078808153576742	0.26943380362166763
0.3144472041107766	0.07114753418358524
0.4220511619580194	0.4964847393560356
0.9221262132263035	0.07787378677369651
0.34110763446949793	0.04655545008923556
0.132399267876958	0.937727801737621
0.33995028782889464	1.032043347743203
0.295465306759263	0.6545666889889712
0.14040556728171966	0.646241708880429
0.1950094726984265	0.028343106420201346
1.3742550174260242	0.08253700383623448
0.07999791556534548	0.8854391292858775
0.3260557459317827	0.7764606431760571
0.6436904981232026	0.48917819870200546
0.6197582967341022	0.44007169142151836
0.9822755635136373	0.2544109370937914
0.801423711658962	0.1889935613532929
0.6898918383054903	0.8344361270054099
0.27363263375401975	0.7320924366055652
0.682196081076356	0.009191678343561209
0.7650560706989321	0.2531243261893197
0.11101850925996375	0.7796563667249049
0.12525563548260338	0.901104293305642
0.7036264998435436	0.2984902452401465
1.247590635980799	0.044339520249915096
0.2837412519490426	0.0865607651897836
0.22489522362566805	0.6795541957845875
0.16405765414648862	0.44814830945851525
0.5737255716692402	0.7049223809164259
0.6304709044007317	0.43889119165100504
0.5037342361517503	0.3355301168902101
0.029486576922789276	0.3528380318759091
0.4071084000301338	0.7416486702810671
0.3571808742213734	0.6109829737653033
0.06697616646881224	0.8562337850588668
0.8385975627641256	0.2840136120303439
0.7051385203825762	0.47364728109012966
0.8070602718111637	0.40521878138943146
0.009649092306109677	0.6203430485118459
0.9686097246264436	0.10140074230363161
0.41716381222657706	0.8497108205042714
0.5034471854663086	0.1869323686710343
0.06034059110952747	0.8738488010336609
0.7048131268092763	0.3030780053548287
0.4541851787438305	0.021927058940225973
0.4308562669880644	0.012539185550177835
0.024008986712537796	0.8622252527019523
0.23623701435144226	0.7234950699517904
0.2433434007127104	0.7844152238926025
0.41596985236420453	0.6208332541227878
0.5187467640416058	0.566395742484275
0.15138467933755764	0.31989906753603403
0.5042319405552195	0.887314550178577
0.6407421924816317	0.4780830793646337
0.6790421756023529	0.5270017440250059
0.37728062300840737	0.9676611695605538
0.6746076270997133	0.4215111077962763
0.33366452253888756	0.2630089275580263
0.4402091882892814	0.06870376378426833
0.8458265091247363	0.1541734908752636
0.2528880039873199	0.39226934953917103
0.5448337243884553	0.4240159772288975
0.9277621471971702	0.184945429739065
0.513315340664752	0.5858758808425978
0.30004312303035374	0.16101266833243433
0.5775026293852812	0.5144522807133781
0.7980910982360487	0.18444900601834344
0.6386448901727901	0.05407047007033194
0.5683478048885647	0.03250254326846201
0.3606162885145602	0.6867945441194412
0.035351314839251566	0.6104909409582555
0.06330696292165335	0.31753919459484675
0.4942002641062186	0.6233705438433114
0.5872580039646836	0.06577607392567608
0.584880620951943	0.7648130120334965
1.4046192790928804	0.31230044498030235
0.23209622783170453	0.6520134357712976
0.23259879547753654	0.3930410189173336
0.5700978950896816	0.37079616953473393
0.9577853353478996	0.13102293169804283
0.1277073364846047	0.4822507719968616
0.01457706298542739	1.060716488038722
0.33765976589521673	0.55019843947685
0.6786831086228989	0.6202622766607924
0.7017792163077509	0.43084916550957225
0.35557172276335935	0.3762771143602306
0.6508550495341189	0.34004625845451797
0.3233425751684915	0.26570112333617296
0.014062238858480583	0.3188902327218711
0.012487176225318752	0.40703934866550967
0.31449457757422966	0.8924703807085825
0.6903023077744769	0.2139747224260786
0.40990425608685294	0.656013547418332
0.13275018195224542	0.950522326933459
0.35755584444291016	0.6728316673330543
0.2890957113589136	0.03501091421421806
1.1201388935261891	0.5358333723998883
0.1959157015858319	0.5820088803064434
0.7323897273036124	0.1716685278416512
0.779107099512419	0.011396644318689066
0.5361517236223984	0.4886356557082864
0.5828761528689289	0.5913041392456967
0.6970931764553557	0.19580334991471116
0.7725481656514748	0.3853738723767856
0.7452039996406562	0.2590067998005193
0.9738527712142505	0.08321528049043245
1.2525238481973309	0.21315826601895835
0.1469044955617175	0.36355029858725885
0.37785234107013455	0.6732018937673474
0.5992539333544374	0.39361906064367247
0.4669645291839232	0.0038826509575967867
0.07695345579379512	0.40818772252602326
0.5877871290976346	0.5017586179100479
0.45333058077267435	0.5340745457310709
0.8705482881882809	0.24309647769887766
0.022611952431030202	0.41262913769644416
0.3880830428522479	0.49573664622677255
0.7600389499479782	0.6297543121091754
0.018539960199690175	0.7299908205432023
0.4677645019942748	0.8120764658444
0.7996474764821887	0.08937809812131897
0.6859036756360476	0.34413712114539396
0.33837981864748523	0.7486541769720036
0.26069080215657275	0.7332213370342385
0.28948848177207503	0.2737233160579826
0.7597210610868212	0.39697462546775647
0.24180062629371338	1.1882106861716206
0.01932451789252536	0.9703271051131347
0.8753162028734599	0.20525344615421626
0.04398746925352531	0.6630985865015033
0.33384303460922704	0.666156965390773
0.8506548367343396	0.2854599061917302
0.0657004802481001	0.41390993581358915
0.34140623824050353	1.0100636509213132
0.7157484150576984	0.05955683511694314
0.9383029938970006	0.08752646990792853
0.09631286438928754	0.7527397600542827
0.3575006723977748	0.6603242569376231
0.5726379897202689	0.007450792280088211
0.4823329507942629	0.5947679884900532
0.7915400143084781	0.20193885418142737
0.8636801966641955	0.4979569522125765
0.8677918457988606	0.04560611642056886
0.7662003708548935	0.2337996291451066
0.8942153690656583	0.11666440927153776
0.21985973858143357	0.7806063561616362
0.9375891269546281	0.09088163531721567
0.34628113146082395	0.5114744701353456
0.012196558167902868	1.1931354793983928
0.1685394739765278	0.09027281939500897
0.09718391141116708	0.9530980285518927
0.2239066896019565	0.7252814476259648
0.21817521159833994	0.5067085941485104
0.5414209264907628	0.5472781486979923
0.07469780421991634	0.29781693751880406
0.6202528720620313	0.28448203310303116
0.40663003721128743	0.7441726854098484
0.051468798622785125	0.4407605804673796
0.07964644563485504	0.9493363871572443
0.36167029645164306	0.8445359356471892
0.9698443335599841	0.2002817930434898
0.34197800572657944	0.48263936201114155
0.4222526317758802	0.6681923673513962
0.730823467337368	0.3737379608792313
0.5741293009193355	0.6472135227724894
0.2155009399971289	0.590028807777066
0.5980307437557221	0.38695066130106204
0.1595045089690638	0.015282476909377077
0.6489553220015444	0.3148384146890317
0.45411413847556	0.5411612936981538
0.7273420918214023	0.4530759637412027
0.2608734894843514	0.7613486753663937
0.8289735994795225	0.0969393681336331
0.6195370492755877	0.17747870248543418
0.3193869271816607	0.878772022480913
0.654434499666923	0.2416110462502006
0.5594483007951718	0.5604073398143986
0.5034341561045632	0.38779264867362606
0.35890352554998595	0.6540792537144555
0.2962678143058192	0.4962062273329367
0.7036831076402356	0.2555113146104575
0.2328714000320407	0.7924288473624348
0.6767826699848147	0.35377992214912685
0.28714527076531626	0.6370881178812493
1.3111464030884667	0.2559933836741191
0.5394106876202467	0.5352446809885555
0.06549798114683614	0.9345020188531639
0.033391110003037835	0.8151217443080604
0.368557481646259	0.7824948542233259
0.35500375312318955	0.3167847505720455
0.35693233324907536	0.9274346058769563
0.23992732618247506	0.8266662475188641
0.7340961554978463	0.26881518049832404
0.470697891830254	0.7044849707107983
0.41081503493477073	0.6116465087530709
0.1074349488211705	0.8442088015509988
0.41659104334405633	0.731029345161199
0.2863324320346011	0.9965051039498508
0.033658564233166405	0.6322363957790842
0.5160107767073161	0.7026935811361259
0.2192581073589368	0.5344065072834185
0.5795544681693777	0.4479512188523872
0.2495436096887992	0.4358117879888509
0.10311281440806433	1.049169185948721
0.8785987381719996	0.2903381000290718
0.9810487757893024	0.03291553953469157
0.5697471288774506	0.3608702979242129
1.0778496146184846	0.1301592681831944
0.3601159901178328	0.5668694544633579
0.3486063502979424	0.6642545117613042
0.33723822505490114	0.6318240275661472
0.853119900390773	0.26784855457468243
0.7057198890914819	0.2055390183573363
0.34057282215988016	0.6642174919338456
0.23304568875731105	0.5637982422695873
0.5766583887968522	0.3749831924926529
0.7595559791809197	0.2922772683200129
0.17790503393155027	0.6163167283908499
0.6750927358773468	0.32490726412265325
0.049017384233286984	0.23880842595417137
0.26857910933357987	0.21191419998003083
0.3611181575150413	0.5247033289693239
0.7956380273370643	0.27051304927759146
0.5027395026740727	0.3018111794477634
0.7001908136477258	0.3169408250062273
0.710111551067003	0.28770955664158937
0.985992576117369	0.06556051337067417
0.7025488023984983	0.13431471940959375
0.08862458408357446	0.5280662077004814
0.5357786262859852	0.06388390275684233
0.4307046981778369	0.02704954812892279
0.4253371619038965	0.6083637177016709
0.44782401167419206	0.5307495212499923
0.5276968093488957	0.7797677391273946
0.2753985177361751	0.7056429610779811
1.0141721908773391	0.07489818917825795
0.9438262687312421	0.157120697448322
0.2971593763311382	0.7394630362022256
0.5739207099345862	1.0314350648974577
0.2538632363067191	0.7587677177449673
0.5956709306225021	0.07198413158096269
0.9370904158686034	0.32138092524031825
0.5828788374501206	0.41712116254987947
0.5174425533076331	0.7081973482576513
0.21312892183813612	0.7642422693426668
0.4335432555695056	0.5366178144900611
0.14118148739210207	0.7565956055435112
0.06445602643929542	0.8310512845553117
0.9072398756568609	0.12973773807828898
0.5232136946598503	0.523777473530915
0.5516242061172786	0.7617836941692661
0.07754297652584857	0.24086199451058116
1.1975050248439825	0.528324330046301
0.4273318596515329	0.18932184510787659
1.2091305537991826	0.10311287961241974
0.26475316069730115	0.36714875355362725
0.3553024555198578	0.18543076866021588
0.3396112234423443	0.03726172322043579
0.08609522424692524	0.9199721541545183
0.11676258031873475	0.9323629728486305
0.033296561249174704	0.6689291428553278
0.3627853963015612	0.9569785425185586
0.6415280904688048	0.37994660382306816
0.619053519033626	0.7548701166488289
0.656027320702892	0.3735445814333468
0.34671807159036705	0.4782807186035756
0.19703423238451706	0.2746305836069934
0.35940303737932555	0.6318373559796594
0.3485396164124767	0.854768516575816
0.025617836459860766	0.48889631451382926
0.5592925818284221	0.2923428228591442
0.7393294544431439	0.31451905841160116
0.7183210438763693	0.4734716415906693
0.6499310015285763	0.23110497709006575
0.8131113660945146	0.16668162173981937
0.5163119877634327	0.5824864544305992
0.6874014343107036	0.3255590544989389
0.5210807216986726	0.41867361249776947
0.15811789630988465	0.2752344375039096
0.273618687508298	0.07210086609723315
0.3858537112761125	0.5571017021637585
0.8487629271669794	0.01774986237069355
0.24681817295978492	0.7531818270402151
0.05094976736769996	0.3284044778038801
