0.24048225763525258
0.20634213800277085
0.05606206081007584
0.15026796790984254
0.24989347841353696
0.05043786277389697
0.23934357574262993
0.24902845475457264
0.23021880169616202
0.1271627039463811
0.23021081910783137
0.2271191411614243
0.08240138924253104
0.15320352948509044
0.24342747034877885
0.20272146927039825
0.12662105296917447
0.22067538878231877
0.23926400398561246
0.12757266321820598
0.10017832146692653
0.1968025315734916
0.212794141099339
0.20638586445262647
0.24210426961737322
0.025560402905619967
0.20893067016624048
0.1891776322427988
0.02108160063708179
0.18798091457885543
0.24558738956754386
0.19012339095817038
0.061378409152305614
0.24905027806297245
0.18689280222682195
0.12611900438667242
0.22018144120680047
0.08047482027920863
0.138170288153684
0.23941836661785534
0.24815194778948188
0.24903329791659432
0.061803679127298256
0.22847039565782779
0.24962888928377763
0.0850966487730606
0.01919605518342363
0.03640396713332308
0.13004424875011616
0.12217302919678458
0.21189879613415796
0.24025328357967163
0.15352041416519568
0.2425573200751168
0.22028515016290734
0.07883623452286828
0.24084218622789597
0.13698715264253028
0.10369866156473763
0.24175887426931503
0.14004295127893823
0.18725054803813138
0.24676242891496203
0.24847373588932775
0.24762191967723352
0.24381472921467182
0.21349897253600594
0.15071538512465524
0.13882535904291332
0.10713100897759878
0.168908960664934
0.21527056312119108
0.24937654337015303
0.14236308600759534
0.2076403908701775
0.18129485101036108
0.07411960995537639
0.2496998654775366
0.020817360551602885
0.13099660442724417
0.1867311654360755
0.20976593942320537
0.1562230600985535
0.19267433476881282
0.23718882904160346
0.18584592648686354
0.01136249930849776
0.20912321894039027
0.0235609818047136
0.2428952708737694
0.058261168540572984
0.14355088739629343
0.2319494647916159
0.24675857287092048
0.19221761324993852
0.14022258500442644
0.24923950039859727
0.21818173157640214
0.06707212012050946
0.09195225115631914
0.013363421967542451
0.2170090913108184
0.10744636370240838
0.11616519213808557
0.2270850083765373
0.17400854802874718
0.012720537670897484
0.24589535656711703
0.03236989614370115
0.22312298975015965
0.13610706803862058
0.24907378047452314
0.13216346256130906
0.14255072903739435
0.21653166142744623
0.21973589970825091
0.17665276849639824
0.24794088306354053
0.22042393378269945
0.1786919694176267
0.24792781987570914
0.19418057481017764
0.20317858472662018
0.1598491541684581
0.09927676659231888
0.2478315130363965
0.23775271367414075
0.05541784237817524
0.24928755199329636
0.23362767130769707
0.13274032105073622
0.24994759034797465
0.2306527698314499
0.031388757298677634
0.0748207278249743
0.0476574467120242
0.24601221614156368
0.23455198344197997
0.15740030566607818
0.21887569095598666
0.1655180079472221
0.15789403611329153
0.1945467178138359
0.00422432398694194
0.24996862952526716
0.24556187725941395
0.15002357797202706
0.22280101542045705
0.19221273116479531
0.22587725867500325
0.08405551868571902
0.22966930642383793
0.13584998650298485
0.09807884449511635
0.2498197973946602
0.16668338561262253
0.13289574807891952
0.24996613633385437
0.23057232797310415
0.2497811873512473
0.1280551950754624
0.1501860571326874
0.011784082682308534
0.03167947207335072
0.2130495775585985
0.21442466669591095
0.1214440196504485
0.02346882006616873
0.016259514869090358
0.029680529126031162
0.19299830858266584
0.24996271270179707
0.24358774623722737
0.2336855114697804
0.24725948595005903
0.19281902456705696
0.21958449722407802
0.2296089571505416
0.16498249741181784
0.2199150010930787
0.2485884249246372
0.21004823221957686
0.20702217542271656
5.624495773406132E-4
0.2495503674668381
0.20211735742941567
0.21093076407506597
0.0797118544833201
0.24964430155109082
0.009402715060998483
0.18215096935078104
0.23874205172343646
0.16071804339930218
0.07779149503560309
0.24676156583439626
0.1577111535269526
0.24433613063558954
0.216758553743879
0.11316784409316974
0.20722800583222836
0.14154729000329808
0.24808032990480733
0.1189747566279105
0.14769002136783962
0.1367360449155261
0.12562360709933798
0.004050266841567247
0.20946934274714385
0.24837590377837732
0.10799335714667893
0.210431330897116
0.2137120291211372
0.0708300466561072
0.23612807388031012
0.23786847482621365
0.2499992217538544
0.05857266805471395
0.22252747808726478
0.1934377428430343
0.16848568782821713
0.17116580431436343
0.21744020934145786
0.19693952148653726
0.21108654804222318
0.03430424533138315
0.03868941032695749
0.22828284249233421
0.056203004168922814
0.20609290226693688
0.18242299541402546
0.23076026530326152
0.19950185378020682
0.2423268621319615
0.07956771562653817
0.15362394328845075
0.2474480172524406
0.03024823222408848
0.24999973174580103
0.22354573071537928
0.13934936185628694
0.10989167732424376
0.2160584529539427
0.15677572610066656
0.24144850429487613
0.18846243258218573
0.12528830893026613
0.09253071043941238
0.043545971074718214
0.21311777715614952
0.0733977245524695
0.24577355990111804
0.20852674984686406
0.13339725776466646
0.24874973461955682
0.06415344600626537
0.24417087996956446
0.08078140589055274
0.24689026812052392
0.20522004098269395
0.13958566486828378
0.18444102688438482
0.20641014799657423
0.17374252510974264
0.12227861619248409
0.1458578171897224
0.24965474587756517
0.07452201593586716
0.051334826220720206
0.1973187456901352
0.219506490769041
0.23289669483297157
0.21781116399748301
0.23503807137278734
0.10865022396195793
0.2440590441217278
0.24217120158249822
0.19009337671440432
0.1312228788475285
0.15060754889298056
0.09003947203957362
0.16539384743613764
0.2341365283997895
0.023717044730513313
0.2487172845864019
0.2389287749519696
0.1203091193497766
0.2170732849135734
0.24998625319775236
0.11658055660137748
0.06311384575566736
0.0660134063842858
0.24560101646373955
0.2407159175327594
0.04492995693924883
0.08603195126713281
0.06184176075670409
0.10027394585831785
0.24156765417187473
0.24385632950617897
0.21420887238709785
0.24868807869976214
0.1527367706949321
0.24924009435801509
0.16019209458524383
0.07135498086944804
0.11220638259616018
0.1475436770312225
0.06033978010022057
0.23297463888040348
0.2374203265067116
0.15842394138770372
0.23947473885679513
0.15515526699471943
0.1675791934499222
0.2442653968839171
0.1443600343093504
0.235958701376599
0.050842723310450325
0.18085923292869824
0.041002888887288015
0.10957450379697535
0.10295789586050541
7.540759343014955E-4
0.22100197070645444
0.12481321644897847
0.24054175766723568
0.24858368723940621
0.19489715844283795
0.19156854006981508
0.21335111004109308
0.2277216340393151
0.24997889576626003
0.21710259302156124
0.20412953958659272
0.19613394455167882
0.0793879630374288
0.1978533554723431
0.16357710645906845
0.1750873569996959
0.2301243571880703
0.17773577159222542
0.016385821523374183
0.007669353998825993
0.23256183830380894
0.1605422508074095
0.24994103752444774
0.12449774449892659
0.15809663211033534
0.006653808560800055
0.09624013282635181
0.24058751438836845
0.24984247175661997
0.2316602968673159
0.19593526294701374
0.15356433129245375
0.07236756987825108
0.2366214952163024
0.24642338796441232
0.06434821805398624
0.22102050892846248
0.1363395749281224
0.11094730236138757
0.10010129486056876
0.11625168828483755
0.1060136901986531
0.24065727643280377
0.1806731890843065
0.2297203280068689
0.2464291112756629
0.16950694781632233
0.010570800153777345
0.10954539784697381
0.13993086590932724
0.13538206501996583
0.14230776552409724
0.002314025992221257
0.08236995775798557
0.22954210221630073
0.19244545240409358
0.23826863028411
0.24935717092697074
0.24984270725467073
0.2208696914149221
0.15383783778194818
0.24920572178187939
0.20016460361388486
0.24130249012268745
0.22604831147007726
0.11133122072481443
0.12159829947106642
0.19076579316232162
0.2330968692319634
0.24724932037366903
0.21126804458157739
0.24999920296522907
0.22885317661391633
0.19667851960748003
0.231851280795067
0.1052992270588599
0.15142895446368188
0.24625611708003387
0.15820524325250906
0.015633172994209996
0.20942604872023204
0.22046757951317844
0.24043810900823562
0.1117176043399731
0.10193944166429418
0.2425886987504883
0.16829610124073138
0.17746322319157357
0.1266603839251
0.2221702229517032
0.18385865752357486
0.16865953213427398
0.22873894828808788
0.24956720614381445
0.05991077627310481
0.1393094625425602
0.18109747486740127
0.24998424702613162
0.03879720616038978
0.24999965652811817
0.06836635113183524
0.24501120783507535
0.2412564001810659
0.21939266869149512
0.2340543635686289
0.24351048622076235
0.004547649330470145
0.24818261984548504
0.12697972877113
0.06124464718899492
0.2221969349658722
0.1428442636754303
0.24507252380151387
0.07732260337717621
0.2425389988415711
0.13596486444138145
0.15876812246645175
0.2497878804223154
0.16523364515651415
0.15461425110478258
0.24310513306813522
0.10164712667910493
0.10615345830420643
0.2212119046275535
0.14694675948663036
0.22848382029549238
0.2248468786433033
0.23470073263555727
0.02218069256507958
0.24954247073420768
0.014577656306316727
0.0775256146344701
0.24260912510581137
0.03412056483193488
0.07326202464664255
0.02660122174285653
0.17926388629083986
0.14425542788331025
0.2483339261847031
0.2131416364973483
0.14924772436533715
0.21658185511079564
0.2496817244011786
0.20427957785255854
0.20667298493391742
0.22400012779263445
0.12122412908544783
0.08850322641315933
0.24974696793634368
0.03376545315064635
0.19136451795582393
0.2249665917547404
0.2017390976172388
0.2496545187027313
0.15885033144479205
0.1491831545765825
0.158597906997733
0.24999752737253628
0.24577112140448554
0.24708954943009606
0.24059670976041256
0.03453249163395729
0.2498059726370088
0.16178294005094535
0.20679413498327018
0.16965857071526677
0.24306991784667126
0.22809896091654494
0.21053574348150433
0.243800009320007
0.24809629454170445
0.1782474845454926
0.16291553917548254
0.12551048592412153
0.04906306305356509
0.22362475874224205
0.1421664513823943
0.10706189553075571
0.20862910593900238
0.21616613580641128
0.2038978718265121
0.17232456274673022
0.14285571519989293
0.08245043993595534
0.08573548808936332
0.06327268324232235
0.24509584314511831
0.16122374364854516
0.213105580658317
0.2446451910409505
0.09249322913484875
0.1975209180016002
0.07423073162928404
0.22756807215319852
0.06876027447911615
0.04886463822262886
0.17472101891949726
0.244562014235937
0.01720595174424113
0.249999998974361
0.21779727755786626
0.2080791370610999
0.12565159501697798
0.17873250916996508
0.24950331575175155
0.07239365828371024
0.23217983944272963
0.2311778478284375
0.027251566913811504
0.21194328842574672
0.24505951509662285
0.0896303964427715
0.24791649378723557
0.2499446660597801
0.2247571397888765
0.24158930644495938
0.05193744944979988
0.2282553113040748
0.16400247279515534
0.018479284895488245
0.1478224829549824
0.2393540383597433
0.0967259214675311
0.10121404038239105
0.12152741798980114
0.2330372344240176
0.12710773460480315
0.07270004152854381
0.12310683105293072
0.15957830299744832
0.24858193095657527
0.01173896130107666
0.066845313160564
0.0919575519448193
0.2492360395094867
0.1491878096782613
0.09589258722357918
0.24973855513497895
0.23465626883470012
0.1947752284587868
0.24820782116198029
0.16056606887613345
0.18560105341018104
0.012682341446616945
0.2158505633170749
0.2382489695620782
0.15869476032417779
0.1159403906766697
0.07544596036684971
0.24598837104924318
0.2396478050868907
0.11271629415398382
0.2403010271468374
0.24998032946151083
0.2487908527680051
0.24862091167958955
0.007359424755429232
0.19606956571979742
0.10936920069085938
0.2339603227001075
0.24249881333255477
0.22999347901864722
0.013406944131298911
0.121537976343805
0.24423945386235718
0.06439352368910875
0.13570238611126448
0.16780683642253102
0.18714992141512785
0.17861488695057787
0.1711048069906852
0.08421321244284397
0.06158002754628321
0.20281213996561287
0.2448041272394243
0.2227171716316058
0.24663896839649738
0.0842003034996394
0.2483005709424731
0.2355474621048698
0.17245013498444878
0.06183076140741326
0.17165676662671872
0.23181507480709482
0.16981726906429215
0.23550625452655882
0.19036062909158963
0.21005311026692555
0.16873330558931385
0.23592566423091885
0.21346646329741972
0.24176820387767312
0.24973377469403485
0.016533566642726476
0.22596084964431395
0.11704158955324556
0.09372240997151683
0.14870852490774802
0.24017299067797765
0.033901368110305044
0.23689338427531093
0.2467497260554138
0.020511407837387398
0.052783289212461504
0.14492397856028721
0.18782119815220555
0.17540069030902813
0.11457302221803159
0.15005244167112883
0.24749913436867932
0.24289641998282224
0.01605805041310589
0.0065958054950481446
0.17354155650139305
0.15985142809770148
0.21148982900811036
0.23123927719295512
0.024274699821900853
0.0596825877362459
0.22759185242846175
0.04429480465205076
0.16672626430827717
0.249756985102239
0.06910888110763153
0.22501444978065133
0.215778625672127
0.19768030796684471
0.24967285581865906
0.21399321407950161
0.020522194755607848
0.2403257745658525
0.24992672789897485
0.24999270922227151
0.18565338296301198
0.19210635808372878
0.23555298883742812
0.2448043121935928
0.06414169503037413
0.17479298875941449
0.24972528655800796
0.2473929556568325
0.2106857492959185
0.057444285721268216
0.22767139612959458
0.24915264646894905
0.180008470561503
0.050135594303179036
0.2326036541981788
0.1549236285002562
0.09159870766638048
0.16298102823079733
0.23897784848924122
0.1292841404415555
0.23659306455174475
0.22960277671806942
0.202709121718623
0.03758827154953745
0.11452248337475192
0.0607272741895753
0.24709650061117325
0.11277902204991895
0.23012878148233507
0.09652143192140374
0.1078737463709361
0.17437922067968514
0.00819360817259249
0.07693120925184985
0.19467409878936653
0.23217585533573826
0.2275326133419741
0.23390986900340344
0.1339030058892505
0.20095289539902728
0.20809121847611414
0.20297008254886295
0.24376012720815332
0.20406202230781784
0.22075567691926656
0.20093441411682045
0.20820457773460202
0.019039033975163693
0.1131339094663005
0.20883292515949112
0.23810513666785038
0.213319433450813
0.09685023494316464
0.1419314339700427
0.23276611493876853
0.24522551639914467
0.21780713052156242
0.15793840619050864
0.2283536287540137
0.22734795569087995
0.1604874139999901
0.13698547188083796
0.09863292784816308
0.2460986203544342
0.15869352708041337
0.19555055813282704
0.19266846052458655
0.0836510740831972
0.13292249974452278
0.19666625932536963
0.20608075898329292
0.1672942627131774
0.11769631865933565
0.11359705991065167
0.08652137736727136
0.2353749753968281
0.22834632889390113
0.14035643113899862
0.185267103580653
0.23583839278433613
0.18735153925318968
0.21154759213646077
0.249990730390264
0.24401931630125007
0.18315905321780857
0.22590738112626568
0.23286145989648585
0.1530955765399878
0.2497884261517422
0.1689089146149213
0.08186656168295849
0.09240106516970036
0.09443162315003902
0.21007395236924398
0.1906797613720407
0.07902237807970312
0.015224500621888194
0.01219351981114757
0.0923205257548374
0.23870161795886946
0.1752623646867819
0.04337907428484111
0.23026376387917663
0.24963526686594073
0.11910614600876147
0.2486820080892111
0.07544395110393459
0.14810957057477306
0.15779105683820363
0.23487937174634094
0.23714645271263213
0.24918672511138398
0.23015292768551235
0.23845931120605005
0.19293417666858184
0.03908993844991193
0.005149277634434869
0.04336488824405351
0.23297685287777514
0.24077828190440106
0.19659208830481442
0.24975570634388908
0.24878413759246285
0.199191676120608
0.2327312435296493
0.23703612962618703
0.21925093633362738
0.1891535114292176
0.2232063689174771
0.1676529880766009
0.23904139779008501
0.13475539795038877
0.19126939579056168
0.053655450684493344
0.21864950507114342
0.20451506845757902
0.22700918442420198
0.24483274584520567
0.21632155794697758
0.24232367141928093
0.19608917376277232
0.22891659126102504
0.05583698163992283
0.21033122238977076
0.09136660398254165
0.16629409920023489
0.12593353460666246
0.10837793229867511
0.24999792479636518
0.24760133186199373
0.24648138982468454
0.24967992247956516
0.17558943063758414
0.14036187787326473
0.1994636678487535
0.003439341883934354
0.031026635623269107
0.15357412611418939
0.0938864357944558
0.030980636539993927
0.23717817354525444
0.19673670248032912
0.20219711825488756
0.2288895812842432
0.05208525154783824
0.18241140880659035
0.038886272630841816
0.12062914709901704
0.19009530026263846
0.2496091999948863
0.21446862368709874
0.18360940118852553
0.24721757514118725
0.24734928700136244
0.2328257536361518
0.05641821722944459
0.16326151079445916
0.24400830827723471
0.1816279763582973
0.24979346573472896
0.19997303488527132
0.119549205397183
0.20589921687367177
0.2167834211283405
0.24693652497873944
0.14718782606029543
0.21562582409238787
0.013846000931737516
0.23279671492304174
0.16606539251101468
0.14069070768911854
0.13392868627606383
0.08861936086321738
0.1112129560392654
0.23691368649999436
0.21489874876166365
0.21109945932263505
0.23179274198395217
0.248049325573499
0.1372670823703901
0.2361741463219579
0.24954890829333704
0.05190688416898792
0.09706448210438695
0.18572767312165414
0.22390749922351816
0.013193450134778328
0.2496529159352212
0.24990427197359455
0.1701310224986187
0.19415706621917453
0.1636646194190743
0.19658081023323457
0.23889383377476128
0.16493862360599598
0.2310239055716656
0.2410945659317266
0.21618560034416268
0.21120661593230447
0.24180149463239076
0.1933995892813733
0.21126789889474656
0.2479926899648214
0.21829579141693986
0.21950007022679166
0.21151481488542626
0.2487608831304799
0.14912518766241056
0.21205490243436942
0.15969190013304063
0.2383023262150659
0.23687155180281652
0.24948894957815204
0.2070662846034225
0.22015597439851856
0.21756402859734666
0.2304116176349728
0.08498403986317477
0.24876861948786644
0.23604337850676088
0.24783739281742526
0.1895986546573499
0.23851059452369053
0.24645429807173516
0.2329658106145779
0.003979228904209078
0.12251542910065569
0.1042613066318913
0.2092310762622559
0.09330202851038939
0.04891336737545751
0.017212961988104836
0.17554392343615371
0.13954929215294895
0.24141058040128166
0.17927372124869004
0.15350307644578517
0.1818226786728112
0.10890111194410482
0.2456647122374315
0.24960683579849136
0.19496651874243398
0.22458222029766697
0.106178883593296
0.08507596988112115
0.0715867448018778
0.10390147579619442
0.24998730021094778
0.08138449707325256
0.18261198194898182
0.24367929561015636
0.2289071239850912
0.15262341445804098
0.1247055961614486
0.09351726231035892
0.24749085365244952
0.1949113589426442
0.24248647056425546
0.21968940904278328
0.24926833220962777
0.2453247242203558
0.1855804928516858
0.11812596503880077
0.23346946625296808
0.16945939381080535
0.1975821539525416
0.2021003277312641
0.24388149799289416
0.15878319277799396
0.22883374694438308
0.16740101887291303
0.24217731395925712
0.06956936348552498
0.1422855427416809
0.2429323918680276
0.07246687603309822
0.22829668414512921
0.23340544801155835
0.02520084351714575
0.15446209011574086
0.14553216198262783
0.05205690148573375
0.22577609860873518
0.012091432120466525
0.050389479104943825
0.2369706857293887
0.24752428295582807
0.24813443398215176
0.24453708388198944
0.007513135444827902
0.24989976261771296
7.135730170029414E-4
0.24974568563803187
0.24249317566990514
0.16647272092575088
0.2276590065759785
0.24901068450394676
0.14646047669893553
0.07617982319406572
0.04641501862543941
0.24239227217125936
0.11935802206520624
0.006814664093494375
0.18836194743365392
0.09829575109810779
0.23226000931672922
0.19172520445257754
0.24059420649143234
0.1591489862268659
0.12769616551347376
0.07219167903213171
0.11226046596978928
0.13838400717503432
0.24946368029575863
0.020902684404309875
0.22430696876919898
0.07216973603823865
0.10252307594879856
0.2497064271775384
0.1662243053203458
0.22516116618446064
0.2129452546484501
0.15288078166303717
0.1628698725981226
0.23439900222916063
0.24748324080307382
0.09031685657124497
0.2258843976288264
0.2485438386522717
0.19913607242152082
0.10720544427131214
0.1734174825044375
0.10641596195279117
0.17795988275670296
0.22814423029974468
0.22253033422096677
0.24190284466062872
0.23662257485491137
0.09009299189518685
0.005607162249860287
0.05897946004580733
0.05291761364006801
0.12392698713784121
0.14821841179816217
0.24999521186217305
0.021109014939616984
0.0013634299932355212
0.04033664180203241
0.22167304703458668
0.10547681652065069
0.2035690210991099
0.0752834839217788
0.029633856577005235
0.0904648227500777
0.24726123632951635
0.2486829928833636
0.24966082813669854
0.09286138934701554
0.14451001322129672
0.24996155607617654
0.12154537043746193
0.14977976683303132
0.22386140716559805
0.0514278384361724
0.07372270523343812
0.14386548410791164
0.20855548864696763
0.11800537293536606
0.08533453565478809
0.16425397748065343
0.10320004981410162
0.03811012729396967
0.03174946368314565
0.21451940115884635
5.771022473406423E-4
0.24260763927983456
0.24997920643547056
0.22709652088747706
0.23868307498970073
0.24494248903971003
0.08712100339167571
0.23721052550423036
0.040109163378161755
0.21267245411031407
0.24999268766357788
0.2009795945364074
0.24141390734223644
0.24508455567409082
0.22228504441357502
0.13263652563491166
0.15451304387317816
0.023731725857064373
0.23426953426009317
0.15570580307929918
0.24879197921082513
0.24339821385349913
0.24064691204783026
0.24207224649634107
0.04275680132493374
0.07216179540230214
0.12432210255860776
0.06791888424768434
0.24105704056318006
0.07916162347609373
0.02200550886298518
0.24627161840810546
0.2309883204852044
0.24959411651924743
0.24891523305707383
0.24978012927739068
0.1911055794470877
0.14198918919478512
0.09136194187896501
0.23826424051250253
0.20935773612588882
0.20581242164562677
0.12276069206836929
0.16635407400645805
0.014736551901004945
0.20277180794831204
0.15489981089478685
0.23920433175148775
0.15362562641444324
0.13830207014438078
0.24966722277870163
0.025674351401024056
0.004363409215205643
0.24975276976280283
0.19333769931074968
0.14509167217555102
0.15611716260286235
0.13822922299305052
0.07492899087313595
0.23135807505144915
0.248333007966778
0.2121472618938878
0.1010703165579854
0.24994576936638124
0.12083321812494957
0.16258329040903838
0.20803923182513215
0.2364261139750636
0.1787496495653271
0.23138586847041703
0.16901848087061888
0.22987965658060525
0.1500271401403659
0.20275046066168825
0.18177305087166526
0.12326168991083186
0.08824649932290363
0.24986821710530324
0.19625065486530818
0.11060036919032382
0.2224276757117785
0.21368943559805673
0.05477314203259427
0.15273495986620228
0.24981250556911475
0.22803940149484303
0.010615373386826539
0.15193237343508947
0.246928162330494
0.0775852524818378
0.16889619890834978
0.2400392452357217
0.05469785434570895
0.24653765942516473
0.09956460376357465
0.2119923569061251
0.21200439222650777
0.1903667410542583
0.08373081628158213
0.14541721643622818
0.2424961344467293
0.24366974145061718
0.22373713530138623
0.0280255442490313
0.1966582604142417
0.022366810285429826
0.16759234157491107
0.16318139863705655
0.24145556223275566
0.1528882736194649
0.0798448807987245
0.11049799535651442
0.21323400488139296
0.022043373484308973
0.17960663234531044
0.13976490274578118
0.07459886826567946
0.13531977927384117
0.08747432213821842
0.07939016728177545
0.178484181838281
0.15420178318858288
0.11970790609611245
0.05170832185357096
0.029267961491486937
0.19491034112923
0.15541957311303714
0.10813003417998648
0.2466123196881136
0.20890322911187093
0.24735262318898554
0.22597900186465736
0.14098038370280114
0.11596113951944902
0.006748077548566277
0.1513250439449581
0.14858986386964063
0.18241439769752635
0.2316450450457834
0.24316864274757624
0.2492164218682904
0.08932630025281535
0.2422650409314906
0.145326933322456
0.24750005411577064
0.09868347793350145
0.1697528914375468
0.2399083635980573
0.09552240882276265
0.22320091661913435
0.1884369472514136
0.24857625772240552
0.23349577120543505
0.1618998893068378
0.2451843755312004
0.0964615568204219
0.15907162458504437
0.2313166279817618
0.24906295382175597
0.2114160728898006
0.11896539363903048
0.12328634844066884
0.01651734334391928
0.24720695479223434
0.11930926759921866
0.2219868191510196
0.21310271769992498
0.2444966272092852
0.19077296218654455
0.186000601815676
0.03660531692487658
0.24712098792023487
0.029259367391103186
0.22172124363399875
0.1712800922851917
0.1422370678735608
0.21025370767871868
0.24540604361824295
0.24937701158191802
0.2005799011803619
0.16637610689669682
0.034616112752437075
0.09112184685904944
0.15533295026646288
0.24185488426905213
0.24987588875323175
0.1492582070027175
8.246003349318404E-4
0.08300313991500217
0.1474826491708512
0.10525556417866291
0.15465756380525914
0.13014784786290773
0.18148295842722964
0.23491242309047158
0.21655237820486034
0.08262459900883437
0.13182063033375374
0.0894335559972672
0.14475891773178454
0.07958716903484611
0.24112617952553658
0.15033837536309483
0.013996800947714112
0.05924747278078731
0.24798677580401607
0.2465908285710296
0.20520872074941718
0.24493687229175748
0.13201117759752284
0.09903400639775824
0.13664120118685608
0.008290219478313219
0.05331414348748907
0.1240667789401763
0.16794684014283123
0.08791933431247863
0.22301789525768362
0.13949080883321086
0.0415875939357966
0.0313287728643634
0.24207416785141933
0.19283357893805203
0.054687142902854105
0.24968290911142843
0.23865808101339106
0.03829551340531137
0.11998412466863849
0.05880194771496883
0.16942641775151596
0.24501655060106414
0.1044098445383883
0.19784852917985338
0.21202564328335638
0.1491803692953392
0.24988700675220257
0.1792795836302104
0.243275711872274
0.190082716598319
0.24999522689985834
0.2459113772978979
0.22123662778583994
0.1766249725716194
0.24212926114036465
0.2216266151063339
0.1600514311481915
0.24607436133602323
0.24910733398940288
0.1934399925258396
0.0901075122606375
0.07626368684615267
0.190043896219301
0.20572572861380578
0.16182139720265323
0.23313449791404167
0.2438912750257769
0.15522841041835087
0.24236568810926098
0.16889992929650538
0.24790177153528772
0.23698762946427787
0.16261981779191562
0.23829544879510864
0.24112442487954497
0.07719557879883167
0.15440035176445144
0.14537853564109307
0.24140721544541804
0.11051084561854188
0.1975211494421647
0.14150777673942325
0.10583542899920484
0.24677633455101122
0.15978271490872958
0.23836663370839525
0.19598639673618465
0.24694709772594256
0.0699248844598378
0.11702440110117109
0.2452839754402521
0.24887267468371674
0.24956507369807607
0.06701164916534066
0.22823088442143502
0.023279237566241555
0.16195764320902406
0.24883289668181835
0.1257068002360695
0.24119810403304726
0.20878680878800784
0.16796823333023786
0.21167921022668537
0.2225878166581233
0.20303968595421062
0.19986232244777127
0.15405153864909898
0.20061716283806755
0.1829059068371689
0.21224611519646056
0.24976549572541423
0.18017225530188208
0.048609896767818836
0.005577792311524821
0.06347485622284899
0.12239268938481425
0.24998059974593528
0.1916642913065854
0.1536946440490555
0.2497605859682407
0.24204723929678365
0.23237807538713615
0.1508742591462768
0.04565632879202046
0.24959751978617228
0.1314577461930829
0.24803958353161534
0.23676594649616206
0.1820905099339697
0.2041388965249359
0.051253610070072904
0.09177096872258204
0.1936300733220609
0.21864384638352585
0.17797367022381638
0.23066280829241093
0.16224342308572542
0.07380235949653675
0.2498925183677718
0.2274065115320859
0.1726645542660345
0.026486401351226065
0.24413611165089089
0.14115571872735616
0.18502406126467474
0.23548231110642565
0.17446012562175375
0.23068491558046098
0.24683299931603628
0.15209354847803158
0.19403933891777822
0.04538459659567396
0.23743962364194932
0.1287784460729442
0.14793346914763753
0.2212078998945648
0.08335748089032669
0.12449755473148497
0.1832776071827809
0.016495007989782724
0.0376027537673323
0.20293529368663338
0.18031217544836398
0.24991455050221312
0.23829059667993163
0.12435628075182968
0.21055013238049505
0.20235537480818463
0.2008590673194547
0.18884015529958106
0.24120305209700685
0.021547257639147107
0.24311494073714277
0.19852957415092176
0.2158014057660414
0.2068133252054063
0.1966835282420557
0.015728318023097182
0.07673261884959022
0.21195408682361427
0.21858553122735397
0.03338843955098657
0.24735055715029058
0.11699938348391796
0.24932136033120716
0.24823750150544344
0.20700384169678304
0.19267891461659034
0.23985693901537644
0.1528607647710496
0.008393575121374921
0.11219385505411973
0.24709356935733334
0.15565102407073922
0.2055395469498237
0.09739556580791357
0.1903323363374811
0.17810734207575557
0.2040461988187194
0.24961530466153067
0.13860671623319762
0.22465217882174607
0.23005649944210496
0.24954188016752274
0.23774896627002476
0.09513372293403984
0.22985331250860533
0.2302078919713982
0.21750978681336128
0.0980918382873763
0.010865476940106087
0.22950524246221332
0.249458468315165
0.2181912864572633
0.186774462997121
0.02327613924267117
0.21007113635508817
0.13533327465210662
0.2374590031717332
0.23744411057926237
0.24969906919737633
0.04756077821693633
0.13703702767837808
0.22872034063352564
0.24844787892633252
0.0033230251764757787
0.0442548661766267
0.1900996530069317
0.23543393419650402
0.15987889450133255
0.1732580402026587
0.24154614284358922
0.2174554132378811
0.17294901715155414
0.1652708229733129
0.11595506301921775
0.08532002757299302
0.024756469033625505
0.2232815714770949
0.20423323363845572
0.24543259401376982
0.040908401362647395
0.08617395891811934
0.2073491577152633
0.06681907109691185
0.2440930369602924
0.2498740091688033
0.1815350016984901
0.23005903896163085
0.2309224501470292
0.03544280757514612
0.16581758045688125
0.029070381746412834
0.13593531060248912
0.17292085243399077
0.16012333574347465
0.23416553130940354
0.01305825417792637
0.18043265429331318
0.24562408801653318
0.20232071134019985
0.24782145725896712
0.23409552270639122
0.24913364860314413
0.22486708501646704
0.16336355572880712
0.1284549840068556
0.24451457108788538
0.2091626659377919
0.1409984356370928
0.24989476832264357
0.17392333984196642
0.13733957689944126
0.2113848281526946
0.249930374024207
0.09186846943653121
0.18550396419396462
0.21309680350065285
0.12937995299793764
0.24936626017938496
0.1696325801110682
0.1522145455408428
0.23803230458313174
0.24997721629778272
0.21835160532157716
0.17080653409715094
0.24498358299091838
0.058357289763471425
0.22761773333969795
0.2458185166668265
0.23340863062685568
0.22593339720867817
0.2376299458186803
0.14469418346526675
0.12824636702053568
0.22840940458208728
0.24729662169382602
0.24156334301053742
0.09875038947128809
0.24687836008169348
0.24789865284032844
0.24987218377249623
0.025421422351181024
0.12930764069702927
0.025288061014831067
0.24360366398071276
0.20542326539457645
0.195629878575935
0.23900481759660575
0.24749759689297038
0.06036905580922725
0.24998719127784863
0.24257328667658556
0.23916320710368513
0.05522852928111327
0.21495721306682108
0.23723057954982749
0.2426692767989384
0.23339324175937795
0.035284370778690816
0.22189222672085065
0.07189655164687829
0.22854985130834873
0.05272362682677098
0.11080019592693251
0.08185004058885942
0.24027998550613494
0.22764877074480103
0.24923225388466066
0.09977381964770668
0.16893312971044744
0.16137775304892898
0.24377043002446608
0.2468683740369855
0.22634863668845656
0.09941986552632884
0.14580912544120087
0.11969136108081424
0.0920040587091381
0.24103633137837643
0.12769288590326014
0.24039652908404274
0.08696785292435127
0.2193000168961916
0.2442559992645051
0.23395697412838207
0.24798230079992267
0.16459900526974613
0.16283014214837227
0.018423676802928737
0.24485288334695277
0.22252265665026563
0.14859391301394106
0.23792491838528984
0.008316377724817182
0.18684823678914225
0.019133728968027137
0.17398805580701324
0.14444534156528865
0.11502680884134601
0.160777843669765
0.22894145224938459
0.034400241924877374
0.19872268559018405
0.1329867646521443
0.19788163871354109
0.23421618770343416
0.23090880676986592
0.24901225352024384
0.24895635544680825
0.13874670283067642
0.24808131893772759
0.23399996376732524
0.08037076045755946
0.17919522258240458
0.24452091643231275
0.23856713402210988
0.24981924415344148
0.11881870462033403
0.1818449610113692
0.23604470178977638
0.20880125893074683
0.20288027966209418
0.08407327415096259
0.2026127686913761
0.20707614895009346
0.21559496092139885
0.24976333297453343
0.1831818173701862
0.08826722854001759
0.24998553383989883
0.1021477803407933
0.1938441722506851
0.2445262887848386
0.24106544063254662
0.10179886777159143
0.21450403082044064
0.14738142864172338
0.13034853732614968
0.19415082436473866
0.24998182366093083
0.11396486674334136
0.13319654797884503
0.12932446459754932
0.08167418231810285
0.23614778247336993
0.24992841783156322
0.23939081929169145
0.10272452425398575
0.07238381196988268
0.1866750427844604
0.1909763546206383
0.23045386100880041
0.09515211681761669
0.2024959059613115
0.15513380967412388
0.08485909602001794
0.0821018611132184
0.24999309260110525
0.09604478199131107
0.22029672888265533
0.011270455223328956
0.24624341345064582
0.04800117385541211
0.11660228373361764
0.022710309702039348
0.2239526899922494
0.022759023693295192
0.22060266507783055
0.21511084314607135
0.13472702317457463
0.24365538146492355
0.24460697214850086
0.04186085673601011
0.23445191036074653
0.23186048311245103
0.10110509703275598
0.24093983238949493
0.02514216634473991
0.015409467437392394
0.23744444134501388
0.02068052923873694
0.045197943660138226
0.19030530185755182
0.21219931598174155
0.07951679618128644
0.24423708922948228
0.02518727897781198
0.17553580321102216
0.21462464687745292
0.22548593135139672
0.24643364222396788
0.249996412926017
0.07601423846360163
0.0375579141592928
0.1510365113912313
0.2232716343412703
0.23929897831566982
0.11240101419595998
0.010430587610337626
0.14406201481652114
0.06828636400139014
0.2415949388590835
0.1820444370494661
0.026493551755521844
0.1364069249696722
0.21062741501534382
0.02933540317491643
0.10022825175397308
0.08801772783520728
0.09299155821484445
0.08260530107602551
0.23789446646739434
0.2494476373188339
0.11484716204225015
0.2154882606100096
0.18267232700845962
0.22692871024105993
0.20357662947289987
0.24728626412541424
0.1705413717995399
0.12212394704356179
0.14575314610422568
0.24998644072157938
0.17038710985540653
0.001360627980042546
0.1404630125028401
0.2408031687236115
0.20144071614046902
0.08697478576600624
0.2403267888355574
0.23847352304091524
0.17619814779500578
0.19738247822890945
0.08555288274219672
0.13070165684848511
0.24488278060801733
0.24853891857743363
0.11026589992898461
0.19318727466884786
0.09876240558300904
0.08298166277436185
0.24678946654134085
0.24392864454655497
0.2214648006426223
0.18239194292275315
0.22239074675276677
0.04748942321662715
0.24253624652787104
0.2339450408355158
0.12774238932720974
0.1810747664660962
0.09723731273839419
0.23203205223577908
0.22430318202140634
0.16735779789956723
0.01998241909814473
0.22080395923745522
0.24983759141811562
0.2047809759956467
0.24837900559810805
0.24710685739831728
0.1403867592097752
0.11053882968812602
0.24910855949557206
0.20664189934560673
0.18843815567515487
0.24988561507296514
0.15837048649764696
0.06562639137318722
0.1108111972036128
0.24464230348447194
0.23238521963092115
0.194694373357983
0.20944438141234964
0.24223116026901073
0.215169850133563
0.216371187628124
0.12810767235835727
0.22655475367263297
0.24696975892052228
0.21479496100490295
0.16926727260635885
0.21971835322445554
0.033245908446045455
0.16275231329135945
0.21659734027466473
0.21511748466390251
0.21793205237891933
0.24812247488913253
0.23171669987171606
0.11161165111579717
0.1748404475933077
0.17106572776805426
0.12670480814782992
0.24498892416673768
0.2234056396541007
0.2324304240859065
0.16115117637666831
0.22924407654340748
0.08755199080114061
0.16973083567683386
0.24778831191681094
0.2450519554189332
0.07370696439739438
0.04454050050086015
0.1662693325064112
0.24578106366615207
0.22761061681630954
0.18232826399485952
0.050692413542250306
0.24623044421089846
0.11163706968018698
0.2485452452965605
0.23045742906560981
0.03980398091124513
0.05642008835480864
0.21160900709831004
0.22520862261182328
0.046590994160413825
0.03258798758060474
0.23792137856164644
0.23593946267006738
0.14755640326308517
0.20678210875678443
0.1911802617739685
0.15194486223280723
0.2402241282187103
0.10521613545443471
0.19658369813472595
0.1921909695464032
0.07749930322201379
0.2005591678060577
0.22582221275341974
0.21898616503027432
0.07182033049796265
0.008833480623467732
0.1470573445391941
0.06602489056797048
0.2142867248110204
0.06728130733506843
0.16418864108257278
0.18761817274356363
0.2370679439112389
0.21139311448762488
0.19039040486788572
0.24101649930228797
0.24115958981105748
0.1377885837049253
0.12875175793745008
0.17359933664608823
0.04013330589733948
0.21376205801917766
0.2248454139890095
0.032778037671575624
0.22055936737610496
0.20348029251805622
0.10936279141432419
0.1780386389157301
0.23828236156384325
0.19653693369004055
0.14104591819501286
0.22373966102820342
0.08329904111864658
0.1910872198439759
0.0918117589369906
0.23111186331816339
0.24405054511024668
0.07814929395084975
0.14170358835583619
0.16709599145677503
0.24775630575665264
0.07193056848863565
0.03638686852649627
0.19809822707805602
0.12106895245773473
0.11189515994262424
0.2388509082204083
0.24570370568389116
0.08966131679304398
0.056547956274493626
0.24057466964453833
0.16259051315788361
0.24241067307238678
0.22123036961721082
0.2442027239819137
0.131764324709745
0.15498406011699903
0.12332159067076041
0.006469218447811817
0.15571164020218203
0.20633815812938414
0.24999314315970314
0.005005562946333995
0.11252233124289439
0.1853148557551538
0.032953540583816894
0.12433350436326988
0.046347653888902926
0.11075584040329194
0.09998332611949086
0.06931398771115915
0.08571645595055086
0.024254612659635508
0.15372458130541866
0.24803454790399573
0.1456857948644764
0.16400492041338552
0.09432962231766474
0.23983045409196385
0.08949214917600927
0.04765700479375625
0.21116065222613534
0.0902270830584322
0.008015934797326967
0.16909319010166746
0.0842400944778395
0.15278448976862585
0.04304951271624158
0.15952009053352018
0.0078054669902960705
0.23217703328319236
0.22796549288353482
0.13415545361988365
0.19198075609628354
0.19044031722833307
0.20322974959599616
0.2322039491959338
0.24976386452753338
0.13525300816393582
0.04507678275488119
0.07824248396138354
0.15137225577617372
0.23440832373875156
0.17108063953173133
0.2230317770603145
0.1646908652086069
0.21557296649907878
0.022113464676474074
0.24801380872168508
0.24683126601429248
0.24633400001705746
0.042063542757694763
0.1723620042464892
0.1367508684567167
0.24757171342927337
0.009703810684391682
0.009800337038529946
0.09724630812301743
0.171520284999403
0.24893972495796884
0.15544644577090466
0.1443471647102523
0.07622390613498516
0.1190784229273251
0.21855829209001418
0.19939386063588896
0.12853707852149976
0.19383444554271334
0.24991452283986118
0.13757396358727625
0.11284217430545188
0.1112777615080544
0.12515651653170082
0.2418896171913599
0.13484064335876533
0.23517646600076336
0.05508321624636784
0.19712927113806591
0.1800814058867259
0.23760380844457796
0.03154533678047711
0.23977632859378037
0.18562047213930913
0.15574237183298034
0.18592599102962873
0.18913448356841436
0.11994933828704324
0.23475170849711366
0.14452286857681032
0.1866869056507911
0.249266664109612
0.24180583596035943
0.24706884384496003
0.24891867881909416
0.04272207934257119
0.1694438076323055
0.2270250932064733
0.24780168450989934
0.15486194482455523
0.07504544823975694
0.24997245351965489
0.11558577529854615
0.24621017703603174
0.19872345071344696
0.10346185214041538
0.111980886860059
0.20584384401877004
0.21608973570149181
0.12333821300322895
0.2132877952633282
0.13844566939376798
0.197095218603653
0.0676232306381581
0.17457523261864563
0.2158936864654964
0.11196700939300172
0.24684163705297124
0.13654169010758713
0.23641336479925132
0.23853265835725185
0.023749666192406642
0.08864807285999653
0.24974154727036604
0.21745216846669005
0.15419395974577968
0.23535607552854082
0.12873072719564038
0.24556676938161917
0.20602194078942282
0.18202659631232262
0.0021972237151851176
0.09536647470677188
0.06373608795164727
0.2303126460776803
0.21615747250482548
0.19946172864337391
0.2499881558554801
0.1615018747133099
0.24348031903475797
0.237393320797872
0.13230109927726666
0.04986196036056124
0.16434252990895065
0.24687564763400247
0.011447805108996022
0.158892205237685
0.07225779052319657
0.24999992290203502
0.24843914735907702
0.015362501968190855
0.21901895437492366
0.24772036554738056
0.057048760012112606
0.22463536246247914
0.23215272440093604
0.23556958984672033
0.12181893319320401
0.029403464245954553
0.16763756823611126
0.22854758582609563
0.05970241462016773
0.2281920926692088
0.181923197348997
0.19631849025825976
0.05532546933966002
0.133422106270082
0.19588264273225833
0.11042761479550886
0.20710589191301995
0.11596051907729503
0.21808454346412542
0.1629105217116544
0.1593253990054947
0.1846704044984999
0.24929874496999108
0.13875147936760507
0.1826281394502613
0.21058572886585022
0.12159574967098058
0.23862454812395362
0.12654312790743336
0.22811232274065535
0.1454821962909608
0.24946918625392117
0.23717014892438923
0.2489397295890303
0.24436631049410545
0.24842520827003892
0.04791092856144513
0.07954001858878362
0.062223238994360934
0.197769328377876
0.18198001646660567
0.1899748799437231
0.23241738971329365
0.14311356110120588
0.13739612094452122
0.09608417750921365
0.0539581590682071
0.1954388989536191
0.24810809347272544
0.23756885508888462
0.1107924786300871
0.2355686778723135
0.19375632901043138
0.20626732032522596
0.24133501838504007
0.0405512844880396
0.22315199072702993
0.23383919176439694
0.23130560834882052
0.22986033136595577
0.05235850875416346
0.18226718316587565
0.24198777833325805
0.24939671949539524
0.2127005813741422
0.07640764692749726
0.09223963281556027
0.21922536700482131
0.07608524699049721
0.24284682079297085
0.24372790207659867
0.23890007927928197
0.24999458196460544
0.2166452877635516
0.05745314303825493
0.0860690311811025
0.11187455087381211
0.22139055254520215
0.12927248076282652
0.1379610537778052
0.1876592435553359
0.15508929995852144
0.2360329953084833
0.2294019973510629
0.10211850246964743
0.1493303630970589
0.1933797656618515
0.0495541453571071
0.20140961661090825
0.24806303374489677
0.24954192877569323
0.09705538099082306
0.049187721846504225
0.1594175989181338
0.244403084694059
0.23055671764977287
0.248161433054756
0.19975473229878007
0.24218667042877404
0.0894711467523884
0.22398685722856104
0.16114903825037438
0.2448481968551776
0.23109315034848218
0.13874993605534242
0.04312233886478863
0.24976483378830375
0.24025368041544487
0.1551597719796436
0.24932304255579474
0.24812357863129783
0.012268854113564223
0.10254946377685968
0.1620839950376025
0.18406188707252913
0.23758823565622944
0.23504941801495588
0.06713195341580226
0.04421074740094866
0.2256494268527329
0.19045107195841535
0.1569560152075351
0.00630826464692868
0.24970821640854915
0.1726399886574468
0.2402225939107316
0.2090648413040822
0.23221661577032773
0.216283372634947
0.009692655119507444
0.07500144524876948
0.1282415224534136
0.24533161279973156
0.24870007149249176
0.1407336947095793
0.24990431961356793
0.19486638748241475
0.24883151955542945
0.20689904444065702
0.18867854850377683
0.1922094135312824
0.06933265108871688
0.15609779848837274
0.24999958653885257
0.07803469984644969
0.086149995057177
0.23203569711697877
0.24498007898903
0.2004219488123314
0.20691020575247507
0.22326854557497733
0.23830506592208914
0.24377245100833034
0.11728208923422274
0.2336691770790122
0.14135802121626367
0.19140141330521138
0.12225312308593977
0.24909002340818948
0.2295346641194813
0.14473365073256314
0.22320483266397917
0.19524142825076185
0.21957574726624812
0.17645594290147013
0.20423928508821873
0.18724743677998043
0.05957047572487151
0.0958464722229918
0.011939590407103661
0.17668475229240196
0.22892746176870263
0.1449353585161568
0.16717721221152831
0.17649391730234296
0.09471926111945235
0.005186548948350737
0.21246588853920387
0.24286713895922038
0.23498994203752
0.10044859860256457
0.23503470333429427
0.19641566922442466
0.15738905217441887
0.19105613621478815
0.19496362632386063
0.22893147787556486
0.07732000949332263
0.22693421362561178
1.2990819231776567E-4
0.10091061718962191
0.18147084764248683
0.19157818335690296
0.19945358929585877
0.2257764702706626
0.24891350101694534
0.2452676331078989
0.16438491789310355
0.24011701436273752
0.07490323843846976
0.22191006619241813
0.21789268754922272
0.21907219408857143
0.1477743107049094
0.17416701263442533
0.24834276904801056
0.17827196455280914
0.12478986482744903
0.06967528663731234
0.18838646702245307
0.015019029843089404
0.18157883883522238
0.20022915661432902
0.0599163036190749
0.16479047523718615
0.24918736505726846
0.176188716869015
0.12269329947747785
0.24911984701976478
0.20912897586648962
0.016204817485990782
0.23003131798529924
0.027075508430796386
0.062458310255854126
0.1303725275438421
0.20081609668638165
0.008739009527595633
0.22410771211598404
0.2253166826978938
0.09704847813488562
0.027830255643884128
0.028673732836997683
0.07183145206739294
0.055659113876282695
0.2081248322949102
0.2154644102558733
0.14173216463033822
0.03976977393090471
0.1298332894561804
0.0193662482363099
0.24872987599934768
0.1720738044308846
0.1993119284308266
0.22631575479976684
0.22912217134585883
0.01225725101546559
0.24705994339560464
0.13416275145486445
0.13285575163132732
0.19280486156458465
0.21637615843691466
0.2015702730508022
0.05636411351407715
0.08313475778480123
0.19184443191574685
0.24991989548146326
0.12899771585518044
0.14370881962428086
0.005115323405707187
0.08623765878967592
0.22047562971425694
0.06949119281758419
0.20709121974348696
0.16171942510225934
0.23816744841977935
0.2390910392712758
0.20131731039407327
0.2268293627551223
0.19042074658347533
0.06561081269998559
0.20385734200299693
0.148171119672926
0.204557981117382
0.21538728471282811
0.23575156424855703
0.08062795615977099
0.04208486827134586
0.24525954091871474
0.2069160598955043
0.16233142872676484
0.206007709627832
0.24081869349883012
0.035529935824175116
0.2111569929218012
0.10852696691857702
0.2404201412572229
0.02830453239575432
0.13213899367186452
0.2499394602243888
0.13536570115252067
0.23984350157594717
0.24696427461126869
0.20765744443231957
0.19370080808610268
0.1235156944400657
0.12909395785432345
0.12733140914765667
0.2172307989670702
0.24892738177687637
0.244649171293333
0.19802556685492748
0.06561993088351963
0.18978434250322057
0.2327014958188182
0.18440662136000202
0.24314627364409677
0.14580183463416302
0.23161622840584106
0.1837888417086915
0.2014473318087429
0.24999676928542772
0.24595879011210672
0.1770633136327132
0.1088185056125216
0.014115367799329506
0.15880733450971746
0.18720431853350875
0.2498675844906498
0.19788064720602178
0.22434079861563597
0.08670276879080908
0.24271438453923078
0.11187335449471078
0.13300973846210468
0.16812910647488322
0.2248998731760105
0.1374749280252809
0.22036538389038335
0.11324738022627125
0.1843356440882399
0.08550033354203541
0.01679654312803777
0.21450412138957722
0.24102737242657715
0.24927061364609052
0.17415995288963715
0.22874441147288846
0.24959306597341163
0.03346848506265226
0.23953183855846935
0.16120138101881526
0.21134816516638533
0.19163214138351403
0.11574201644655051
0.09640330032297459
0.15369417277067637
0.24895228380158524
0.1927354391240639
0.23864487813009244
0.0028118676949205543
0.16965263045999576
0.23439398196105327
0.24244166018406713
0.18986875701199063
0.0040786614592224
0.04554145282391107
0.24996560558120734
0.1910129330111373
0.1405915185091686
0.2362396575785528
0.23825213895109815
0.18199632514501324
0.15602697148940986
0.16518373985492318
0.12918231945212152
0.17432397793474155
0.041965715661723864
0.1401583080682764
0.2429592397742172
0.1680930040733843
0.24370730753734507
0.248134085438912
0.0014355105640180867
0.24899934383524355
0.2492682296061036
0.16496612590822926
0.12574897510496372
0.1906203385397369
0.0321643667211786
0.2465623781126278
0.15646493079235874
0.14085791428025649
0.07286375484403182
0.22119218861894333
0.23177147591038788
0.040345206329715895
0.22325510762561895
0.1725811889804922
0.12909250423636073
0.24864337634061834
0.24999562293824099
0.2405340797641144
0.2128002072595272
0.24240135806183388
0.21352387047521645
0.20838753341773208
0.05192495805361143
0.15077085183762753
0.22517108882864267
0.1522192293235858
0.23676658668805647
0.23689392002275228
0.24418380772136444
0.23818103355177542
0.23607798637126032
0.1640831665785721
0.2235544763475383
0.03970523610269231
0.07696436710821859
0.24422437677542275
0.1633155769719797
0.04845833459090142
0.010868917008517096
0.1772551965385828
0.19019750041398445
0.24987473592900245
0.2465621443815945
0.22882306446373782
0.24564587674292437
0.17875834029431176
0.15110912523177847
0.2215858440186889
0.15191596212039038
0.08593415690601079
0.007063322100963865
0.2496375021724297
0.20666591859643824
0.20214533139691857
0.17133167776467134
0.24035374698329867
0.22640522249512446
0.15654195595296064
0.09462571938704602
0.1416415794622344
0.10477118168459033
0.23151509655843566
0.1923314179434435
0.23953801860692606
0.23043619703549006
0.2477251458875092
0.17186236860937473
0.24167752360090403
0.22529082895666705
0.24848573066737956
0.24954931624246832
0.034185210587550634
0.09412758607065523
0.17067318609557408
0.24074417329800843
0.2288306617492335
0.07507532588913003
0.2171621163020886
0.2452212012119444
0.13242218192392996
0.10225350951692894
0.14402779568069451
0.2321223389835747
0.1620416570099492
