0.023094202890667645 0.02451262380463466
0.019928873089850127 0.02240109376828271
0.023635169680189458 0.02307426958621158
0.019263177301950013 0.02600786000278599
0.019623525876393735 0.02167066281914558
0.01982845525521502 0.020880753992897346
0.021067747395813848 0.023004032232983744
0.01613853124256413 0.018987146412650365
0.0199867045618188 0.02116510385979542
0.0171377029443713 0.019098787743541384
0.02572770908475543 0.021000787487416857
0.024427670934954532 0.019705510967783082
0.019867991115938906 0.020050187857071265
0.025287464716852573 0.02077889714425541
0.016933764247822336 0.020331055389909255
0.022393576148764572 0.017695683085958525
0.022806763464048415 0.024365773179986026
0.0153754948288764 0.012188931523255949
0.020870442665669346 0.01862483382620915
0.02435596887934836 0.02314273561124379
0.01414007262004625 0.017646105525741758
0.020413380382670338 0.01926390419942417
0.023086941277417575 0.016976691378557417
0.021793809469410976 0.020009882321381258
0.0179338452729811 0.01894324268160507
0.021468833343614994 0.019980000178979176
0.01976623763237639 0.02224779595740827
0.02311842326208927 0.022074276101719085
0.0183221234444401 0.017620314266357753
0.023917040522631217 0.022731966620771038
0.019600839028242258 0.017756096887178628
0.01873564177398932 0.015909443812871515
0.02392060792543953 0.02368253548595938
0.017442758109078416 0.015359885761359368
0.018882098537037095 0.02093167264746016
0.01438368188562282 0.015900510106921978
0.023389984390740127 0.02269868031226575
0.01942954069264169 0.021771902662964627
0.024036524113229252 0.027080046287129952
0.017828485176142227 0.01673427580621177
0.024617355182478838 0.024300979674097688
0.020389062789379735 0.017912245836890467
0.019271575400468862 0.019371501810401735
0.017494332772570956 0.021552391407398504
0.0242069265613499 0.021634186167288134
0.02543194381789043 0.030269724925422837
0.01784843000734302 0.021991818173386555
0.018727250809588702 0.02359447207968653
0.01658789316035814 0.02018301610311221
0.018565448174001086 0.013236570201715954
