1 0.09409694334191884
2 0.15799692639262283
3 0.85838104052153
4 0.41734956548105334
5 0.2979951624297985
6 0.28213331031703676
7 0.4381830390379193
8 0.14874925388108415
9 0.7940061695500977
10 0.7509233745617466
11 1.0298840635624242
12 0.8007074811260243
13 0.04087229341956098
14 0.36376140948707103
15 0.4203468405455911
16 0.8616818181174628
17 0.6338491985496014
18 0.061795843762187976
19 0.15347953997988575
20 0.5125449758993745
21 1.1589454299468205
22 0.4164742637724924
23 0.8055386538322268
24 0.10495018592835077
25 0.03869284830399609
26 0.5777954744554236
27 0.6746642021604883
28 0.875093287811069
29 0.3436621312241932
30 0.548537035209731
31 0.7886538615863272
32 0.7091012202752871
33 0.3048786143662175
34 0.47957794571759327
35 0.04689817969846229
36 0.20522278690751494
37 0.4257587289618744
38 0.0049009744266094776
