1 0.22914254422344657
2 0.11849489130111801
3 0.2003579973644709
4 0.6629904227802078
5 1.4114605237550726
6 1.0956597971878894
7 0.19837690721803947
8 0.3496132776995653
9 0.8027120281315142
10 0.1609763994968406
11 0.4549256068286086
12 0.5575603248058955
13 0.06292246200328322
14 0.7590906000429757
15 0.5257295227525809
16 0.19023706551082137
17 0.7495309072798513
18 0.4167980908878975
19 0.6172454128305737
20 0.3522708234451378
21 0.32146146622179095
22 0.14863821695212184
23 0.09382892780187785
24 0.39115026145923215
25 0.25627069256436036
