1 0.8131633819865922
2 0.50392479316212
3 1.7887526736986934
4 1.0585375728598156
5 0.6888047868465961
6 0.607064654230058
7 0.32151815269508555
8 0.21652317306758903
9 0.20243868252536545
10 0.2695147464464007
11 0.7734796361302843
12 0.2236814020489484
13 0.8558864928186463
14 0.32172790870244633
15 0.2658919606785771
16 0.19226124903119335
17 0.03399886676050002
18 0.20560887851603193
19 0.4444391422356586
20 0.17350770576325694
21 0.6276107284880359
22 0.07633029325861644
23 0.09956223246848644
24 0.16982720404413507
25 0.27514986465228986
26 0.10205473999042657
27 0.15711238624204746
28 0.057280318694987974
29 0.20507707419548243
