1 0.2505280412417249
2 0.6080109911094077
3 1.2132304904066873
4 0.2317527888904024
5 0.38650640117287727
6 0.165984397981102
7 0.48407625483242606
8 0.7083094556582078
9 0.24115482702756666
10 0.02066422746902956
11 0.08734430583427157
12 0.4159010736061135
13 0.4262385409526892
14 1.296885314653143
15 0.44649129098864504
16 0.09349862452924056
17 0.7376744542445917
18 0.4884288738507237
19 0.43981658214822783
20 0.7221089061795652
21 1.4698419831130234
22 0.25072089432984096
23 0.40732852386428264
24 0.19413023038479568
25 0.2718154284513632
26 0.4067482518443999
27 0.5569185968081257
28 0.5065499401697048
29 0.7318043637594583
30 0.1126917611361486
