1 0.2229406674636554
2 0.7726661698628133
3 0.1393145142282138
4 0.8990375637403032
5 0.8509226176365495
6 0.6754969829599272
7 0.25708140408060043
8 1.662429562299937
9 0.4293769289193028
10 2.019674290343634
11 0.6925284593695537
12 0.09816609903958755
13 0.18297499375474816
14 0.38149416447407425
15 0.20236479068660926
16 0.6983615805325258
17 0.27626923501845657
18 0.3489261746283175
19 0.7774834219106739
20 0.3638080219158427
21 0.1887568114812875
22 0.666429077574121
23 0.1529373926614508
24 0.8405586909125662
25 0.8849046819357351
26 0.6423070765468576
27 0.2554921788195081
28 0.6123217559277918
29 0.15942112029129463
30 0.42263099110628394
31 0.13289089698274756
32 0.3889595120237404
33 0.04434054291376864
