1 1.5257230792603567
2 0.05801931598729684
3 2.6109640202401083
4 0.5107524687701327
5 2.406801895517185
6 0.3082674216925073
7 0.4373450477187122
8 0.12444733932525086
9 0.25966180183649634
10 1.5963030619217058
11 1.9593827327623503
12 0.43257896361381687
13 0.3547566818904057
14 0.15431705359982545
15 0.0769515176805708
16 0.8586448976266714
17 0.1584773757985496
18 0.16127198573122933
19 0.9608668250642051
20 0.9030226369488727
21 1.4362569605477813
22 0.2486303999646743
23 0.5425501333975313
24 0.21976779382401407
25 0.11999411803944264
26 0.0418699011188078
27 0.2571815452610386
28 0.17106026977093272
29 0.4463671003145077
30 0.8721500473803435
31 1.2414224548884851
32 0.17979477509049144
33 0.11908380774228293
