1 0.10147854367973079
2 0.8437301950454732
3 0.15084172378809682
4 1.0388158527195348
5 0.5529264405504779
6 0.6016287606340942
7 1.056482506611553
8 0.028661733986910895
9 0.7287655566512288
10 1.6242058432446738
11 0.44944888698402435
12 0.9369212974291157
13 0.3427983106320128
14 0.798110157681953
15 1.347310261296049
16 0.11297457500784801
17 0.015760979053073793
18 0.245452328344477
19 0.1412802971049077
20 0.05795861822474756
21 0.15856726715995284
22 0.1574242664115623
23 0.9413977640283505
24 0.33756699429721293
25 0.27527479465465055
26 0.41592083484174464
27 1.0177363561912838
28 0.6602656078383375
29 0.6648980478653297
30 0.9274461236939948
31 0.1103920972591137
