1 0.9040476549970943
2 1.1656017245422643
3 0.319039211410474
4 0.08371814668082639
5 1.0039713739520961
6 0.22254414316699928
7 0.20484404353590735
8 0.21792592743238126
9 0.8311242962045062
10 0.07887856002071052
11 0.8791958619363152
12 0.6483415654213982
13 0.9030009386088225
14 1.3110842142880061
15 0.0925389189275483
16 1.0235187004162696
17 1.1016981366222707
18 0.931374597478987
19 0.3231695220917411
20 0.21501345435317673
21 0.5707873212003124
22 0.20802575993062455
23 0.14247771497449943
