1 0.08169534280939549
2 1.321765711785755
3 0.0279524110939783
4 0.7875092757115513
5 0.3359465697704784
6 0.08450203409048523
7 0.5420246006336868
8 0.2829026310914474
9 0.045674196460799364
10 0.2698418591465441
11 0.6355943253731565
12 0.4387299969621317
13 1.3115215272298577
14 0.4611298846468882
15 0.09812393465941038
16 0.8192589966151511
17 1.2047378389489394
18 0.35658985228429946
19 1.345105577738065
20 0.011936556412978389
21 0.25778908935825967
22 0.35125721031627377
23 0.06278801250733068
24 0.09752943213140484
25 0.2046987946438337
26 0.35490954780559275
