1 0.7516257125679451
2 3.5294410196825234
3 2.1390742556887905
4 1.9940973548699334
5 1.7936360981746853
6 0.23888278388462875
7 0.3645976161571471
8 0.9653504693652446
9 0.823664278613743
10 6.3415720000389335
11 1.2886039873915873
12 1.8576506560549093
13 0.37057397238797163
14 0.8557943531754609
15 0.3637719094452223
16 0.7615717894627628
17 0.8380064457328267
18 1.8109493382589301
19 0.6520107598291571
20 2.5176082162338904
21 1.819849782364598
22 0.7138947642643692
23 0.09921162308784172
24 11.596442648622661
25 1.1356453750005557
26 1.0255994566000466
27 0.880594366535568
28 1.0041590220137155
29 2.248240968416559
30 1.690843158133214
31 3.6994064372493844
32 1.0102881626760059
33 0.5785687238249982
34 0.6478987652275476
35 0.7804947983083269
36 1.6034650774515393
37 1.632243976116557
38 1.5303076542647944
39 1.2214802807203788
40 0.30825327070428604
41 0.9278582110280824
42 0.48464271048390356
43 0.293478691238137
44 1.8916451622280408
45 1.4709591232555734
46 0.976501666390231
47 1.3819914775195885
48 1.4725596275913666
49 1.1618300442301432
50 1.2637330790913464
51 0.9763724312695766
52 0.7290177328122722
53 1.1342039804227353
54 0.973052538389024
55 0.7826875750445962
56 1.0856219032597119
57 1.438644273110436
58 0.21681043341845896
59 0.9964926387642636
60 0.9790746652680529
61 0.9641540603101587
62 1.9465912824598506
63 1.1697133807256799
64 1.5159468742617133
65 0.7817872888221382
66 1.1947887236102341
67 1.272856841232798
68 0.8525030217044148
69 0.7564707432905958
70 0.7051303855698895
71 1.4028642808362153
72 0.8360887856453597
73 1.2753990499671315
74 1.4150474610109172
75 1.2145355862773213
76 1.1062020683471292
77 0.8894521262625433
78 0.9641676672193014
79 0.7420634557072572
80 0.9652245063640709
81 0.601591253973512
82 0.2193788475295789
83 1.0278146412450424
84 1.1691488365256013
85 0.8305740794182714
86 1.27526661050386
87 0.9226916522252324
88 0.8352284736540527
89 0.8279832592458035
90 0.9906523000379042
91 0.8136684560408531
92 2.0192729250440755
93 1.220714264544583
94 1.0014282841902666
95 0.48867697217738104
96 0.9491238431299487
97 1.8394955252086669
98 0.575409578445762
99 1.831171503884972
100 1.6850523250392664
101 1.2091890920117578
102 1.900995074302321
103 0.879141379324677
104 0.9716832436623167
105 1.8154221614288455
106 0.9813570472653804
107 0.8954923844038146
108 0.9294594035419336
109 0.6678943128335239
110 1.0966684850288684
111 0.9995135585283282
112 1.0557772521940434
113 1.0470179872837317
114 1.0069501731470694
115 1.556960754949158
116 1.0242784626920878
117 1.0026312705582552
118 0.5766250647896568
119 1.046501385180718
120 0.8520072764489486
121 0.9265237734929388
122 1.0165180727305194
123 0.9495025256965322
124 0.44827386352570964
125 0.9976907171650787
126 1.0786775031808626
127 1.000253674591513
128 1.2057167805802878
129 0.4571632155615552
130 0.9554964442998484
131 1.0652096122645582
132 0.9750046922935968
133 1.0829753820020764
134 1.0283589668407207
135 1.8026530540959893
136 1.1225910670942052
137 0.9483250335198249
138 1.1718213690924708
139 1.5865454127493772
140 0.9043173366952019
141 0.8775975825331347
142 0.8874200662597923
143 0.9597762505374202
144 1.0237187281437796
145 0.9126851889388792
146 0.9398443085309645
147 0.9151718851315591
148 1.093078510553599
149 0.8960405149680059
150 1.00049374825292
151 1.2986447574603035
152 0.980463259438343
153 1.7282512513084738
154 0.7582160655083046
155 1.0874855613462893
156 0.9810626735011131
157 1.0623097779599493
158 1.002237066495164
159 1.0442865644146657
160 0.7762088115547608
161 0.9896696560462596
162 0.9814191675239777
163 0.9322651701555587
164 1.1320134688051005
165 0.965125569523914
166 0.9028768145706689
167 1.3837510806264555
168 1.2644582387453613
169 0.9785952262805998
170 0.9785485680196875
171 0.9147683818379587
172 0.8277407964369162
173 0.9998346459171304
174 1.2889130885025133
175 0.9033508323159777
176 1.1078109688766375
177 0.923169043549219
178 1.1352581442785425
179 0.961458631262684
180 1.075228783256124
181 1.0146627437656666
182 1.050994470364162
183 0.9661556193073763
184 1.0459436856538105
185 0.9996045712035075
186 0.9306614693490711
187 0.999608038201024
188 1.0277166373941058
189 0.896375385268346
190 1.0654608035473916
191 0.993864243909071
192 1.0633715508187516
193 0.9613958566537367
194 1.038670627878773
195 0.996132299560301
196 0.9810805891198553
197 1.1213742975711185
198 0.9996283079480458
199 1.0005010699063335
200 1.0266778213987704
201 0.9980663403407033
202 1.0503307036227858
203 1.0039807842954007
204 1.003901017563437
205 1.0753957119330666
206 0.9413529355278745
207 0.9594881907941283
208 0.9853072316199089
209 1.0345354719114546
210 0.9089809050645072
211 1.0758385340405734
212 1.0006484668669406
213 1.035290237707608
214 1.0011751227763197
215 0.9975562949141825
216 1.045362153179153
217 1.010828989693925
218 0.9992997616356787
219 0.9859988518871456
220 0.9889877810317841
221 1.0313439422336275
222 1.001774493251365
223 1.024674511054606
224 0.9815561951251784
225 1.0096279258323746
226 0.9999111607004304
227 0.9976328918989611
228 1.0010685670613328
229 1.0187642944838018
230 1.0147996915692048
231 0.9960603465340684
232 1.000162742970376
233 1.0075862242462452
234 1.000137187562475
235 0.9966423419945347
236 1.0061483130594246
237 0.9989395327246309
