1 1.9267409003743439
2 1.6436896841332609
3 0.20283678363118018
4 3.4403115927983294
5 0.6868267153375739
6 6.479262377713922
7 0.7466311120947279
8 1.3462158508687887
9 1.9638809053583959
10 3.2649892954132493
11 6.136503112274468
12 1.0562842271143553
13 0.565056437071954
14 0.5602956810098869
15 1.8314174574999516
16 3.50164925262858
17 0.2531303507632456
18 0.6511226334893503
19 2.160530608953809
20 2.297913382968491
21 0.2964256244132389
22 0.9976622866992199
23 0.7212422946665042
24 2.6639014254557583
25 0.98126587070935
26 1.3040988141505734
27 0.6855942078194424
28 0.6846429857975327
29 1.5013115314200884
30 0.7301359385720041
31 0.6821739991798637
32 1.577378761670895
33 3.9522000854153503
34 0.441067403335498
35 1.5345129924941636
36 3.420393344465442
37 1.1524752129781242
38 1.155535990712519
39 1.0591584310653197
40 0.21506834422194523
41 1.6520535840860187
42 2.9236992011707947
43 2.7545438426849387
44 0.9894173471345116
45 0.1747966438977778
46 2.9808645796104387
47 0.4134316363529781
48 0.9451568776485124
49 0.568714783330723
50 1.608928154773966
51 1.1836012826927813
52 1.9702442863407421
53 0.9748303844318033
54 0.6372466940837566
55 0.8282692250609124
56 3.0143493709193807
57 1.2289479252980393
58 2.55171037477969
59 0.9825263738114256
60 0.6420490585837578
61 0.3866122272208928
62 0.9392809069473487
63 0.9089458639818047
64 2.033983194632275
65 0.5581225143170635
66 1.3791842167913428
67 1.08821998576389
68 0.3469762888584318
69 1.322591518827414
70 1.4713967972432689
71 1.0019625736418967
72 0.9444540557944496
73 0.8405203878244296
74 0.3979169035742108
75 1.1621336228392956
76 0.6106129294590527
77 1.8139287916977747
78 1.4320306645202716
79 1.4183064679927948
80 1.4865652127232518
81 0.6465256413427477
82 2.2102273690636927
83 0.7632665458314817
84 1.0007915642035805
85 1.2168034721661418
86 0.6147038711833958
87 1.328024051916954
88 1.6164246238292783
89 0.8166333018193537
90 1.2296964618744175
91 0.740458523216051
92 0.9404879062144488
93 1.067308747728418
94 0.785216040773424
95 0.904788239510697
96 2.1225197004045433
97 1.7264014448995944
98 0.8436590656705318
99 2.6706914492134084
100 2.635513121302217
101 1.0864347547045174
102 1.404749101748075
103 0.9964950857602406
104 0.5530373057211251
105 1.3440114776645533
106 0.6749138216089057
107 1.375999182633249
108 0.9466149762488201
109 0.9477416712985334
110 2.2713180318315045
111 0.37482956781389826
112 0.5954045664212257
113 1.0612374099912476
114 0.7375117453787278
115 1.913933378504064
116 1.1922118173050087
117 0.6073139985889937
118 1.4546719576217662
119 1.1569599982936911
120 0.5408224196879972
121 0.9464254116783787
122 0.6226370569213397
123 1.365862850078481
124 1.9418429407686557
125 0.6989905581635802
126 1.037696810084162
127 1.0037566709308812
128 0.5741934581576552
129 0.6750460985841781
130 0.9265073908654302
131 1.3975158530279457
132 0.8920206577917968
133 0.9412151113337333
134 0.5079874716463216
135 0.9918006273160502
136 1.0624383338793217
137 1.0063114885672209
138 1.0804324424855545
139 0.9999929619234895
140 0.9439909557121932
141 0.9557761093316008
142 1.0008734489226192
143 0.5837616958691612
144 1.659469358661824
145 0.7533769047389918
146 0.8532678248413522
147 0.9840752863142567
148 0.9991575840907289
149 1.4678134324899044
150 0.9998151876528389
151 1.0068480996928038
152 0.5708282026819547
153 1.2323411189507818
154 0.8873867100424573
155 0.806850357321242
156 1.1373256254066162
157 0.9691852320396183
158 0.987532429342414
159 1.0681201645807705
160 1.710775885296045
161 0.7943855164365204
162 1.0055834834302582
163 1.2136651086562105
164 1.148552618512188
165 0.9990919947061411
166 0.9808977177051651
167 0.7836878701953963
168 0.6539060177189572
169 1.0075589953919444
170 1.51818733546603
171 1.2188175346536283
172 1.0480064774719346
173 0.5547910344773861
174 1.1388786190960594
175 0.748761325520589
176 0.6273517634362165
177 0.8926121534710746
178 1.0732880254348116
179 1.1323831360147256
180 1.395097269303583
181 0.6114830511830752
182 0.6443848416328491
183 0.7981850015288177
184 1.0096012699602213
185 0.8942729650644
186 0.9242754538076214
187 1.2020550666129703
188 0.8612119022585893
189 0.7924858976124569
190 1.1003808656337846
191 0.8663248808655498
192 0.9935338174765614
193 1.199335249189809
194 0.665833988231328
195 1.0428700008080853
196 0.9953837111137224
197 1.0446540517121938
198 0.6541923942219295
199 0.7576461641373733
200 1.1593588635677101
201 0.9229735259130515
202 1.0249374610587987
203 1.0039265754623183
204 0.974169564368884
205 1.078294851117413
206 0.9208279867404368
207 0.9915695851982507
208 1.1446112296915514
209 0.8984197817656792
210 0.9992248550868054
211 1.1169027102749696
212 0.9781669037445363
213 1.006506738321371
214 0.9964576305227103
215 1.0666876127695157
216 0.9994562511228101
217 1.0838611832762288
218 0.9945186052441586
219 1.0434633502945334
220 1.0170979030545468
221 0.9992250145214795
222 0.9993515420153323
223 0.9928674633171523
224 0.9727969721813724
225 0.9841447330600253
226 0.9934156659072897
227 0.9962433009658384
228 0.9982398721576683
229 0.99707349425626
230 0.9999756733566499
231 0.9989388292621848
232 0.9965605411461902
233 1.0042821583455368
234 0.9995958369857826
235 0.9986928234182674
236 1.0029745278752005
237 1.0039706510284616
238 0.9990110756411537
239 0.9974171484952871
240 1.000074796550567
241 0.9998439567060217
242 1.0000152498261459
