1 1.0600934097306234
2 1.0532743102355495
3 1.4154990722265175
4 0.7324854794288947
5 0.37043871494692854
6 0.5935793625989869
7 0.6046760559729083
8 9.607848635497957
9 6.8025263795019395
10 3.5722348320463246
11 2.5425597742551638
12 1.6500137888650008
13 0.4501630339102583
14 1.8312407802552464
15 0.6526892490390848
16 1.5274499039823726
17 3.6802605493696197
18 0.5701892514724636
19 1.0650743738540187
20 23.286560834806426
21 1.0093234713098782
22 2.1643235551825013
23 0.6377903149146048
24 1.1554803514863234
25 1.7089131547339624
26 0.5298655973400771
27 4.4610339307828735
28 0.8767399488990215
29 0.41187297629307523
30 1.0134524648839702
31 2.1839424254984
32 0.34638855592875256
33 0.3060759721666221
34 0.4517207938629977
35 0.8457565449303946
36 1.0951195607638335
37 6.482859466560877
38 0.9611264970798639
39 0.8860029890900546
40 0.32322754545594884
41 4.2789771481336745
42 0.6733598269225818
43 2.1786537694478967
44 1.0239127996108643
45 1.0776962597296023
46 1.4786428776677005
47 1.32172084144824
48 0.8772941318293352
49 0.7428527596476676
50 4.058201948276839
51 1.0220044782324818
52 0.6799448022439528
53 2.619081243176223
54 0.9704168920668084
55 1.086440026657088
56 0.33096578556229317
57 0.8829717582055276
58 0.5059924490474312
59 0.9996582413892333
60 0.5454426073890435
61 2.0287601445351204
62 0.7847354344721836
63 1.2064534023084699
64 0.9787557143763539
65 2.304756490653135
66 0.4516200442280873
67 1.2244524660151184
68 2.1009769424541265
69 1.5213979744805053
70 0.8535750574158987
71 1.338802257224954
72 0.36078340874326015
73 4.790604779619019
74 1.0161233158630552
75 4.802220551885649
76 0.8452491192752116
77 1.189888524278417
78 0.8364321975179124
79 1.219519918022963
80 0.9972236516117036
81 0.7859180708452366
82 0.9731004662570083
83 1.5186312920019684
84 1.4988956153535575
85 0.4754801572290312
86 0.9726153057240002
87 1.2376633200479554
88 0.7007680608527025
89 0.8172628397606561
90 1.0387410028457318
91 0.8278792436919384
92 0.5974569041141713
93 0.9967321528700269
94 1.3329614909499703
95 0.9034240328122867
96 0.4873333043092109
97 1.2651447443197006
98 1.0070414633580413
99 0.729268865625501
100 0.6106080927285155
101 3.572904417658683
102 1.00159831213514
103 1.0251759510940437
104 1.1310446867491903
105 0.8246159698111677
106 2.587470687483316
107 0.7193785585832174
108 1.3248254799394583
109 1.040832946987488
110 2.5850877445391482
111 1.026444552100987
112 1.2862394925276996
113 0.9315921991612118
114 1.1146245873011655
115 0.9746209622492549
116 1.3120885268340066
117 2.667855268189883
118 0.975604248046855
119 0.9283492946071604
120 1.5002080760043015
121 0.9028560473962335
122 0.808063428406015
123 0.9082895176977772
124 0.9430698249635691
125 2.733154346765608
126 0.9546262395422667
127 0.5728932539779266
128 0.9893132905309722
129 0.6583441910807402
130 0.5774206360289202
131 1.1484970095075029
132 0.8370574691022525
133 0.9699479431151445
134 0.9676742134974887
135 0.5511097019459431
136 0.821919103310508
137 2.4441311220168656
138 0.9929477477027328
139 1.5623729547166194
140 0.5983748970635138
141 0.6239167366274584
142 1.0455336923431078
143 0.9795277455042587
144 3.008073446700203
145 2.3217897891916444
146 0.6701415317988256
147 0.8394980122212699
148 1.4294743072853375
149 0.9977646926902981
150 1.327364420232757
151 0.9488406186410243
152 1.0002295626317814
153 0.9323208096333526
154 1.0336967836524162
155 1.0009332231311063
156 1.3039097393706551
157 1.223612624604974
158 1.3356658235892682
159 1.0019179867955261
160 1.3607276045848686
161 0.9789817062116298
162 1.0200501069288956
163 0.9765951761300893
164 0.9771762794061581
165 0.9702241126898679
166 1.0519212702332987
167 0.9964380675074695
168 0.9809007405359769
169 0.9979736973943035
170 0.9998173316354775
171 0.9992518811885369
172 1.0065579744222304
173 0.9607221231561343
174 1.0184719969954896
175 1.0925438332941477
176 1.103759228315011
177 0.9805607509184077
178 0.9953759700345013
179 0.9886687217853817
180 0.9456710881585901
181 1.0242372029798
182 0.996554546169346
183 1.0420945466766027
184 0.9993604108694691
185 0.9885063711447213
186 0.9844974748569002
187 0.9782783375845876
188 1.0007912520560023
189 0.9931016684727265
190 0.9753393475815649
191 1.0550752719897867
192 1.0172712107886013
193 1.0846681523123771
194 1.0335668389894388
195 1.0225211866812967
196 1.0140536307061108
197 1.0098004434016963
198 0.9589839134473922
199 1.0726263976392225
200 1.0150486910252838
201 0.9930530978896107
202 0.9871887384752297
203 1.0017979590712214
204 1.014945666247404
205 1.0358026214961902
206 0.9884054899513678
207 1.0000574015085186
208 1.0109103960448342
209 0.9984353980397506
210 1.0210347040820618
211 0.9982416520835966
212 1.007503031974324
213 0.9994665820064959
214 1.0450923843210425
215 0.9906862819407806
216 1.0100454271534536
217 0.9949728898476059
218 0.9638115868445444
219 0.9889439731362937
220 1.009708006907857
221 1.0071601715026635
222 1.0084164185929558
223 1.042225510901954
224 1.0014142067723373
225 0.9990563257430262
226 0.9991650708428591
227 1.0017045477797957
228 1.0046044555480402
229 1.0124162624946849
230 1.0027441679312477
231 0.988901048702379
232 0.9998857850601001
233 1.0062948249713803
234 0.9892058848455124
235 1.0000739004254124
236 1.0112054530013093
237 0.9949224708014569
238 0.9937600755879594
239 0.996551640699509
240 0.9976253322417931
241 1.0027513418403382
242 0.9984809600098369
243 1.0039285226571812
244 1.0121509710222498
245 0.9972160482333596
246 0.999761515147097
247 0.9959218714490483
248 1.000581032305824
249 1.0007926725782612
250 1.007117630294726
251 0.9975482803145437
252 1.004705080319513
253 0.9997855933314906
254 1.003095156558223
255 0.9983648025348778
256 1.0003524663109007
