1 4.224675868110816
2 0.17880855576939356
3 0.4760630121853501
4 0.06236913642111357
5 0.3677384752765931
6 0.14572375097445045
7 0.377728167176709
8 0.3195653558012853
9 0.5131936253282087
10 0.0013072374484319963
11 0.11025407541082644
12 0.014355920652639135
13 0.015410372458285951
14 0.2252802455339216
15 2.0523080257114286
16 0.29523719192522496
17 0.07332831434370522
18 0.4175900798006576
19 0.03705959023651692
20 0.06141805651958822
21 0.6107363221644277
22 0.0022773427412361553
23 1.4766431085027238
24 0.5807121395988595
25 0.165852451911103
26 0.14970392506255426
27 1.056031474596944
28 0.6059193035402608
29 0.0969886266462009
30 0.2687522832651024
31 0.7105031661386704
32 0.9545082476367616
33 0.20652839435614198
34 0.35780710128031035
35 1.4595246439421805
36 1.0117784769947105
37 0.03595796395298251
38 0.010894886250321298
39 0.6261054425043621
40 0.33142819390159756
41 0.25880919721334145
42 1.1825618751925442
43 0.6758878791782413
44 0.09601339616287767
45 0.33675055807073967
46 0.2927768053378325
47 0.24244107712359464
48 0.05926095514747908
49 0.004152038218220748
50 0.37840889417029977
51 0.5047603196808897
52 1.0617693292649981
53 1.1362375952432147
54 0.19629657183830937
55 0.915681494867022
56 0.6819139834492512
57 0.06154565029274079
58 0.3398889778014079
59 0.7752973355901784
60 0.2728785510531415
61 0.006737953567858434
62 0.522820520806175
63 0.11259779512324157
64 0.7316434598822328
65 0.9590636407569076
66 0.5111084202299402
67 0.2099819999752291
68 0.43512029524427664
69 0.5777400007781138
70 0.4920691997034781
71 0.33789474852659673
72 0.051766417048783604
73 0.23794062300314903
74 0.5374744901620502
75 0.46627881754270584
76 0.5308635274694894
77 0.20122111644406368
78 0.3679105613239858
79 0.6539687228581004
80 0.9021364436911936
81 0.5792076921296724
82 1.071323803695811
83 1.6916209267069973
84 0.6238312767412139
85 0.5333869847320754
86 0.20737065762724055
87 0.24002205835313206
88 0.31701289690657314
89 0.9164026354397815
90 0.19925495803781496
91 0.6439766087004182
92 0.43746004828151613
93 0.7623415580342152
94 0.5831539291517288
95 0.6693411981875433
96 0.6958550233402221
97 0.48863004449197917
98 0.7413309775569209
99 1.0886403313726254
100 0.5183368396453859
101 0.40218955536989126
102 0.6367217398293783
103 0.6206046892876702
104 0.5447320754192421
105 0.6303229809319667
106 0.975295285031425
107 0.6283019384965941
108 0.6724872174340559
109 0.6287932865705235
110 0.6929449571724347
111 0.6348867266331637
