1 0.434546643501557
2 0.046945655946644994
3 0.19043778509775258
4 0.07626871300103526
5 0.3797919787790333
6 0.4947303942551547
7 0.05452111834222421
8 0.38982987065770575
9 0.10014910297586015
10 0.15071365731014202
11 0.2545176877345034
12 0.10497421995962444
13 0.20185512524454655
14 0.37727695178117476
15 1.097690553846534
16 0.27429957973242075
17 0.033670418910514324
18 0.0635546164374361
19 0.3786366224972725
20 0.04555988073113729
21 0.28475609622560555
22 0.41157693832351294
23 0.5021658807897956
24 0.23595197139964394
25 0.02467384645121801
26 0.11749391973049551
27 0.15006863491750638
28 0.09418299417353766
29 0.1771786718732368
30 1.1192463759225137
31 1.2247030063082096
32 0.16702867356820225
33 0.03708930390636657
34 1.9119933900509574
35 0.7608756446410433
36 0.8726660254151299
37 0.467187303065094
38 0.30165205653413807
39 0.5723745464789332
40 1.0675815673347149
41 0.24686581696180704
42 0.4314820019220765
43 0.056271410020145976
44 0.15646381837481693
45 0.7348998564683007
46 0.8288615821656768
47 0.5049025839986255
48 0.5472058056614401
49 0.07340017735834987
50 0.44381664640710566
51 0.1760371902866763
52 0.3658749288922065
53 0.3700306840654493
54 0.43468259130090675
55 0.07470526727800299
56 0.2084641093491985
57 0.4966659738209576
58 0.717868413250999
59 0.814710534566942
60 0.8589203352955879
61 1.2391479546502702
62 0.7448807975361719
63 0.29226308105115795
64 0.2769247435422837
65 0.6480684831016018
66 0.25337918293177497
67 0.8347427394772017
68 0.21209027582226866
69 0.7174915353310747
70 0.5645527186951824
71 0.31856911239247315
72 0.6121810055497136
73 0.6295117597849271
74 0.4588358727534568
75 0.22667406924394062
76 0.8496625990570533
77 0.4722942551417044
78 0.5292422582968745
79 0.48217784746211034
80 0.7443154879380288
81 0.8002183457409449
82 0.7994668874366992
83 0.2602900604262729
84 1.0019116150933227
85 0.5515181416660794
86 0.29427801964833455
87 0.5705757161964882
88 0.5937629771911842
89 0.4685531947247264
90 0.4140380048903134
91 0.5724134754451028
92 0.35845439201391
93 0.6178241132845446
94 0.4730592442686109
95 0.6391965050837602
96 0.641089817985392
97 0.44322182258616866
98 0.7301014501410319
99 0.6369592516231121
100 0.8736186362633844
101 0.5768162231584854
102 0.510568284024364
103 0.5231435494283725
104 0.5842448538718893
105 0.6445943819972934
106 0.6642933526417777
