1 0.03447429705268075
2 0.9991037517832599
3 0.11749446111425636
4 0.693146608836091
5 0.5575353766927917
6 0.021793725136107295
7 0.2593134090948505
8 0.2682121357624654
9 0.04426243081032641
10 0.5419249966299805
11 0.43811048513500195
12 0.45228974782934334
13 0.8115041367319668
14 0.41130616972515566
15 0.03391128794974619
16 0.3453103559053905
17 0.2911641299740421
18 0.7799953264746409
19 0.26863251248157954
20 0.3955613288089559
21 0.612850863609845
22 0.08215695569272119
23 0.7578728613209853
24 0.0727308560078962
25 0.6072797488024909
26 0.2363814133756588
27 0.07766002136124507
28 0.6709469886369095
29 0.2666763135519393
30 0.1474179182596099
31 0.05684389126397491
32 0.25590887669968443
33 0.9228326390036883
34 0.4871381837110592
35 0.6094031756825414
36 0.5219584836170236
37 0.1890900665832869
38 0.10739404095983185
39 0.2552009629124626
40 0.6267295789712708
41 0.0322696608433267
42 0.5229226092016759
43 0.9003051790528452
44 0.5491186606872558
45 1.4088314677253353
46 0.6320885806770594
47 0.9124056884211531
48 0.8250239051703848
49 0.20374146831747614
50 0.03579933341622133
51 0.33310819949348985
52 0.1639855125253908
53 1.358152928862761
54 0.4663119462966196
55 0.29784646874832404
56 0.8019126110454915
57 0.3586065617684336
58 0.8086824221136237
59 0.24873687508383024
60 0.39492306927817017
61 0.5000411191339316
62 0.5395073037045532
63 0.9412744458556911
64 0.5439884270421596
65 0.460170267542148
66 0.37848047400909224
67 0.27071554938370845
68 0.33445945594259824
69 0.9856685504151077
70 0.42448692507902597
71 0.5755042755665731
72 0.5933436855656232
73 0.7332768305567539
74 0.386802007954397
75 0.48319913680170806
76 0.6843241406057025
77 0.9499672757556675
78 0.2590053073941367
79 0.8234150725576657
80 0.4445472731728529
