1 0.25004685681961136
2 0.1431650771005567
3 1.0786672903558299
4 0.7108597596576113
5 0.0035691531774567774
6 0.5359208004887434
7 0.9542730863600611
8 0.007056369774868023
9 0.5317061175211325
10 0.5900709853097483
11 0.05793470217729341
12 0.63192155633959
13 0.22479319749257337
14 0.23392696581482741
15 0.17313929934353378
16 0.14413032045249993
17 0.27174803247835877
18 0.4589643392026673
19 0.3299137988666825
20 0.013271910549428018
21 0.42960486906090517
22 1.0953553409233143
23 0.23066301776215736
24 0.23005647290612669
25 1.4778544564161276
26 0.08596072006251756
27 0.22479966608276455
28 0.12728111450662077
29 0.393756772657153
30 0.06975959914831041
31 0.052072974964906905
32 1.912346789916081
33 0.786570381064285
34 0.12938061758220962
35 0.9035892135435983
36 0.21769178008080953
37 0.00796235401781557
38 0.6214195615440274
39 0.15625379867857056
40 0.8174138251000821
41 0.06516001065673434
42 0.6907760620200378
43 0.6023720166885734
44 0.5459658071309285
45 1.5439623376070934
46 0.960552081457659
47 0.45448742695856764
48 0.20677068776411503
49 0.5975081240625715
50 0.4124408076493241
51 0.5424516995513117
52 0.2640890042438493
53 0.25114910342557395
54 0.014245747445930412
55 0.11326503600179728
56 1.400674137993911
57 0.4192372202108169
58 0.46073961697165133
59 0.570435646087267
60 0.20991947511921447
61 0.9361166685701572
62 0.2781738147943057
63 0.7059939188719739
64 0.43508395236483083
65 0.09887598577563315
66 0.38844877150076274
67 0.4927151067775746
68 0.3369777018167788
69 0.9778602428818207
70 0.4405582984235204
71 0.3959090324489724
72 0.7332374353223139
73 0.3361388080396124
74 0.18858924210696862
75 1.3088930229289408
76 0.0847679479504213
77 0.33313326188383424
78 0.6788995939858623
79 0.4271385988317292
80 0.6950649768859697
81 0.27797764985441614
82 1.262929424635427
83 0.8835227826208357
84 0.38834884759126764
85 1.1544190511048238
86 0.8009124542392775
87 0.6157818463952829
88 0.679536167146567
89 0.7497707914802748
90 0.6825456769535423
91 0.6572216044380521
92 0.6921026532541827
93 0.8143900476952415
94 0.4148943053405743
95 0.7540799300528642
96 0.7493655998644775
97 0.47670588268310204
98 0.4961043043663923
99 0.9152428205328594
100 0.49543358428661743
101 0.5537238838418879
102 0.7044144859464399
103 0.4696301900655525
104 1.031726314454862
105 0.4832602166977564
106 0.4423527129712813
107 0.675515011828754
108 0.7246172150528778
109 0.574134971269059
110 0.4948441353494674
111 0.609711805554427
112 0.6802224401890462
113 0.8578479350857272
114 0.6529381666169094
115 0.6486202671924525
116 0.48099530495158926
