1 0.19323662703808303
2 0.2974394516269535
3 0.22872911145711894
4 0.8599039146568982
5 0.030433837505566153
6 1.1200390538330522
7 0.5622646498502574
8 0.28524094633917485
9 1.5335535765654182
10 0.07222857133637899
11 0.11230653555116556
12 0.07955383135106833
13 0.03521215323295005
14 0.12280331838407667
15 0.18938677108397495
16 0.07027396096947121
17 2.6995533164240237
18 0.806503918510118
19 0.07607894070007777
20 0.12039654423874262
21 0.10002737045871642
22 0.15368613449754737
23 2.7126777095638914
24 0.277779525662127
25 0.6157071019463795
26 0.2461104993239344
27 0.077482546512528
28 0.2270534723839184
29 1.0763307568331197
30 0.36066822707006285
31 0.36917035742142035
32 0.15079928255838018
33 0.17787515745989874
34 0.1762467342291102
35 0.37348920621663934
36 0.1261918950621424
37 0.18631444896872268
38 0.5177616454921168
39 1.062588897244811
40 0.24626088350727166
41 0.40089425838332476
42 0.6707689456966422
43 1.8460140950913289
44 0.4703669373566655
45 0.2945294870375196
46 0.4185170017480141
47 0.1820137418391227
48 0.6253408109729467
49 0.12884225276543598
50 0.18062908768077746
51 0.6797018290754268
52 0.6627193248240936
53 0.4157718853260093
54 0.3889797477753731
55 0.3437240674361487
56 0.7022958146787425
57 0.38613737707769846
58 0.5223089763698004
59 0.36052087890833795
60 0.458534769112322
61 1.0713821911706314
62 0.13924333996044128
63 0.3659479442984631
64 0.4146925080112957
65 0.6908983649182424
66 0.07242192507860612
67 0.259874213097909
68 0.22342780575689003
69 0.4803482259958084
70 0.43539702855256884
71 1.2695008455319186
72 0.28213558913000697
73 1.3365462431074309
74 1.3690461822267335
75 0.40993971889272535
76 1.0293891695000603
77 0.1687063340137851
78 0.394594711477574
79 0.6630157191868116
80 0.8122736485517394
81 1.1850915539632842
82 0.5736950769038197
83 0.6005954289403705
84 0.4831305139273829
85 0.9953842528206953
86 0.5614859882023259
87 0.6288492678490646
88 0.3616290358925507
89 0.3728233190269888
90 0.46279203452792883
91 0.33391285684487215
92 0.6502540800498328
93 0.6361462488087783
94 0.415085335149798
95 0.6548185244106214
96 0.5438652705664534
97 0.6048548741512867
98 0.5137762297146875
99 0.7649585058120728
100 0.5346107782958585
101 0.4811503742646916
102 0.7160141650735783
103 0.47715529075794905
104 0.5422004747263917
105 0.7959480527710995
106 0.6862552490564238
107 0.49645487695013485
108 0.6494620592939786
109 0.45989031524865615
110 0.4307531179318674
111 0.7648288045841654
112 0.5207745608369472
113 0.6940830851382972
114 0.798405301021398
115 0.6151916156595703
116 0.71780304454596
117 0.49125503504807344
118 0.7713207167369963
119 0.6376818804180083
120 0.5703055768746332
121 0.5799233362985076
122 0.5035539952110479
123 0.7525674124453697
