1 0.057210538397934045
2 0.054787812139913225
3 1.7609890690316994
4 0.06844396313885916
5 0.9528369473376804
6 0.22967346176624379
7 0.5674363821349078
8 0.11431804204365886
9 4.073451863484369
10 0.28327166992943603
11 0.19635842032898715
12 0.053614706650072015
13 0.30671812828582395
14 0.0700107917940592
15 0.32263872728293574
16 0.009544626302406734
17 0.3974735120793644
18 1.5633932131076298
19 1.1394656972296902
20 0.22009104309870897
21 0.2731722356368435
22 0.4240856698939571
23 0.0680189368988969
24 0.0037446644395004334
25 0.4456168127840054
26 0.06948711552559103
27 0.5697064792960835
28 0.12064614202187152
29 0.88750582784169
30 0.4384723901938125
31 1.6429202318674427
32 0.2318377024905257
33 0.4344521586515778
34 0.78912501498415
35 0.5422786318603315
36 0.8531594274642713
37 0.08636538044982131
38 0.25594473667854867
39 0.22605839101801317
40 0.5843592123962584
41 0.5970417868854454
42 0.11732639454700748
43 0.7369131361847069
44 0.1760299094152121
45 0.0034089224614976617
46 0.14176480326744306
47 0.429623194224806
48 0.31434065577959924
49 0.5050222419891153
50 0.41317867134442593
51 1.9629993567082056
52 0.5381861932235147
53 0.5302090574229981
54 0.24550738588422014
55 0.5559725240552166
56 0.022709795167571767
57 0.2758195504833289
58 1.8243787723736187
59 0.33193097298920704
60 0.40834041015363237
61 0.665980095486538
62 1.0495871941535704
63 0.07305969305223044
64 0.21602159954126723
65 0.7555458789046091
66 0.309424522063076
67 0.020690837395233974
68 0.8903580043840837
69 0.5171052663304685
70 0.22599078241835358
71 1.6996109022760089
72 0.12683932248800475
73 0.45420878633605627
74 0.6831517158367454
75 0.3207292695071861
76 1.123636774251163
77 0.04749682128399122
78 0.23209092958529087
79 0.40679227677377733
80 0.09091411555635748
81 0.5094681970638716
82 0.3326059993081978
83 1.272981216524494
84 0.7083696840402277
85 0.9285585841023074
86 0.4259899206299454
87 0.04634122863925771
88 0.5587143623606768
89 0.643517035596107
90 0.09477942428857988
91 0.5156929880567029
92 0.4746875023193876
93 1.137204156175622
94 0.20085297788487583
95 0.5730389077951616
96 1.0949930966801122
97 0.8196061473611187
98 0.21349273295721546
99 0.5024273897039765
100 0.6546425733944794
101 0.7181341032539815
102 0.3576311795091938
103 1.0418879840471704
104 0.687782579815312
105 0.5371660901434258
106 0.8451817182762138
107 0.6794733254112306
108 0.8412896786667041
109 0.5140164309951388
110 0.5216144061206957
111 0.6540062500961579
112 0.6587161983738818
113 0.47546024897933103
114 0.7155667498309548
115 0.3371068286983974
116 0.6921896549917718
117 0.7820626650068381
118 0.8375695998973114
