1 0.9500337930009219
2 0.0444990856094552
3 0.30190121643717294
4 0.8589623217489053
5 1.4091315285374866
6 0.28575195506335715
7 0.05482071258789577
8 1.0285652181677327
9 1.7153985505537779
10 1.501470468910178
11 1.2292564107531228
12 0.4470582941692212
13 0.2936337965244145
14 2.382278307939437
15 0.6485639762370918
16 0.3317922131742956
17 0.33436430907199677
18 0.2676007329571302
19 0.8824414361361576
20 0.4882801458200453
21 0.6348658390892649
22 0.9244044529327103
23 1.1753134953812934
24 0.010995073949999747
25 0.6544941097062108
26 0.3301650330276934
27 0.22478937159046158
28 1.6365890110163719
29 0.7042888559449475
30 0.3777972663158358
31 0.5661394316809649
32 0.31214287161871085
33 1.2167914266831932
34 0.6026135636021663
35 0.4539484693658285
36 0.8579084832819437
37 0.49670176847035935
38 0.4024761171861567
39 0.3640106629540125
40 0.2953395056863973
41 0.07179883513440236
42 0.05558904871333467
43 0.6082661260384099
44 0.32703212810309024
45 0.2625050152219789
46 0.10329800635225302
47 0.7123032337209122
48 0.6022010393773419
49 0.7356170547882332
50 0.05206410328393331
51 0.29116898831396515
52 0.7275845406811349
53 0.3658608694089198
54 0.10588588306475377
