1 1.0054416344865804
2 0.14579155471830751
3 0.19450363509024926
4 0.9350977053727701
5 0.7092173319857505
6 2.1525975004035454
7 0.5043309223628114
8 1.3388912923681213
9 0.13010256531356648
10 1.4070148634255144
11 2.689135658945189
12 0.2340013561829411
13 0.1415590176993686
14 0.04593959518523374
15 0.8171865377556947
16 1.1421467845259656
17 0.038254987156243765
18 0.622960892470623
19 0.3365062120449863
20 0.22346640997804895
21 0.6845980757140397
22 0.27716289728986826
23 0.5768292372050345
24 0.7043201920424154
25 0.6414758313141599
26 0.10374210558739821
27 0.8527490346787772
28 1.2810106376025678
29 0.47522555282602497
30 0.2989261701533768
31 0.196399900669405
32 0.533573242249834
33 0.7789096130107269
34 0.535716191365896
35 0.4912095696594319
36 0.6638850905568165
37 0.45093491684455556
38 0.9656385906977957
39 0.3274860311268157
40 0.7870159769246069
41 0.5287841976198815
42 0.7163642667177369
43 0.07066092913521402
44 0.5902314412815399
45 0.22015981566637138
46 0.3149050889185401
47 0.06820475418808047
48 0.6205165150317746
49 0.2700843783262567
50 0.03467949209395484
51 0.7212894492115123
52 0.23435127282048346
53 0.7326665061773479
54 0.701247253514024
55 0.06618746102039719
56 0.023708997516528277
