1 1.7401904812636337
2 0.8092529408026072
3 0.8880936453603051
4 0.9766134806286305
5 0.377059373465313
6 3.220637882424416
7 1.6425593468521682
8 1.287909872029979
9 0.7179610375393728
10 0.6736127741435802
11 0.38612738860383894
12 0.7632395903322937
13 1.701936219160069
14 1.406379657347847
15 0.9078868884512233
16 1.2493968416179122
17 0.38913571797654917
18 0.2003199433599056
19 0.19180574115207333
20 0.5576290492551235
21 0.8251067701523791
22 0.5915884682194547
23 1.980567313627741
24 0.8878361261013635
25 0.891051261019987
26 1.278544488609971
27 0.7088715050934064
28 0.9175169005609574
29 0.08865095760457407
30 0.26104746659292105
31 0.4168702178274718
32 1.461775084336122
33 1.0104865524961022
34 0.11211412433115724
35 0.38526257943825926
36 1.0739247327711103
37 0.7316321051346876
38 0.7376644929304966
39 0.2805150935918861
40 0.27113900069968105
41 0.3716516089243948
42 0.12595536222001555
43 0.058997765758299896
44 0.13975112613995935
45 0.0016518855015057437
46 1.008740404249152
47 0.6211693046718982
48 0.2802954285806039
49 0.03745496794333899
50 0.11332302395540293
51 0.2414722454121803
52 0.2630395972221374
53 0.05025493111864549
54 0.35299343011623857
55 0.02637018025060264
56 0.07706016926320895
57 0.20249403891846973
