1 4.561780020143018
2 1.2990526844353243
3 0.664608068049364
4 1.5901781094700422
5 4.207783634446726
6 2.2925257609237946
7 1.695715263644644
8 1.5183148243880198
9 0.2540960050870416
10 0.3199383373944403
11 0.7481875207634971
12 2.542260563285043
13 0.010537807913012178
14 0.3021605679893022
15 1.7318396719938425
16 0.12360024929533792
17 2.763212864518023
18 0.7105181531405705
19 1.4926288734798485
20 2.058356188492365
21 0.6928240085003068
22 0.27291137007639427
23 0.08080297802426901
24 1.5422714473334773
25 2.011718882071086
26 0.058765066582748104
27 1.7831779503311074
28 0.28177665657943696
29 0.5485636239429034
30 2.793311799028681
31 2.7248420389105212
32 0.12336934188755289
33 0.423687584367878
34 1.278974039171078
35 0.6796649864415184
36 0.5470798833561574
37 0.5947523572710779
38 1.6129678357963906
39 0.5202976720824372
40 0.2050897186311309
41 0.11545515304435224
42 0.8457561323178131
43 1.1854305714541895
44 1.964433420679181
45 0.4094266032747865
46 0.7143736561855858
47 0.17432521828325448
48 1.7258515422862404
49 1.3428309302912407
50 0.4740617942029937
51 1.7560129609168025
52 0.17281263444319772
53 0.46617150946318536
54 0.1587895611750449
55 1.3791431047297145
56 0.433343508524225
57 0.06404978974999935
58 0.31411073666694944
59 0.1616700784716786
60 0.4437298728138736
61 0.22297419784384281
62 0.05446493989075937
63 0.6078877781322307
64 0.3284375988172091
65 0.4146838775482753
66 0.043310685977390365
67 0.5133080494928194
68 0.14780681852164337
69 0.6810021331925726
70 0.29140692406767155
71 0.15007499089580362
