1 0.3329599291227945
2 1.600617133090081
3 1.9005923567700993
4 1.2410275439492717
5 0.14497028438675788
6 0.9239890349309081
7 1.3894089631732007
8 2.5100679418445764
9 1.7976200287186217
10 2.4704592627395923
11 0.08671657235711228
12 0.2465928727801068
13 0.5665113971848339
14 1.4917445944715753
15 1.247684536657108
16 0.5981836203887536
17 0.5276519288186071
18 0.660738037978003
19 0.36478135448857474
20 0.12336878719425459
21 0.4522765028109853
22 1.3899991634285576
23 1.3938423782151375
24 1.778101915871173
25 0.7709714190974182
26 0.4002534495643562
27 0.2683059834737111
28 1.276744428567376
29 1.0782504314229395
30 1.5141764055205726
31 0.3520399707033066
32 0.07508600721456209
33 0.49836840059346743
34 0.2323643191261815
35 0.5218805426394637
36 0.4097149948856029
37 0.1564702498366606
38 0.7687534793697381
39 0.01876590317986884
40 0.13065439685491886
41 0.6941403459798495
42 0.4450197043122982
43 0.469670202865619
44 0.1826361142692221
45 0.277400560979642
46 0.24285173110679356
47 0.09945568254907303
48 0.16606879453995654
