1 0.7322884364084778
2 0.14099821753636205
3 0.7150360269081272
4 0.6478717281670991
5 0.17735249057833136
6 1.2661110385239196
7 0.43460062792459453
8 0.48919614342560463
9 0.05726600767710212
10 0.9160175477651271
11 0.482881094376627
12 0.6445786898038134
13 0.5254172005614818
14 2.0746027725098544
15 0.16050498108697409
16 1.000060147866816
17 0.6860310174645843
18 0.5032396022619785
19 0.81958843982032
20 0.21343638394491685
21 0.7829454389255096
22 0.5473513950001959
23 0.4898898043192108
24 1.0621052680912928
25 0.9231620502526047
26 0.6773299567099832
27 0.4680503129013273
28 0.6899741117494084
29 0.34344838482543427
30 0.002700558359774949
31 0.2252202737597469
32 1.1829255458730148
33 1.004117083655936
34 0.36874065353250873
35 0.9615091730543943
36 0.03115340861004583
37 0.8096184909033683
38 0.3449630618206121
39 0.6867807662567657
40 0.5384625418278411
41 0.22648637034266444
42 0.19195463280125769
43 0.5272142897088445
44 0.3300459116411697
45 0.049951565690689835
46 0.761231901383086
47 0.699083000495564
48 0.4780206272650327
49 0.054131767094811024
50 0.4876607724851155
51 0.1278962668932154
52 0.07818588782436992
53 0.3237989697135901
54 0.4094481674775949
55 0.17206322318274353
