1 2.225801389344758
2 1.020818155852291
3 0.9132535052849262
4 1.2807681653568435
5 0.7174911369587035
6 0.3422930098464525
7 1.2176823440441937
8 0.33797686844009983
9 0.23021764095545255
10 0.5883614050156604
11 0.6095735587989005
12 0.5183114492638031
13 0.4917263650959358
14 0.020531506921947922
15 1.0889345806297654
16 1.312778057500749
17 0.3131533898613814
18 0.4517545914391944
19 0.1687916685692793
20 0.8177652021512279
21 0.43220187234247326
22 0.3980296133440053
23 0.023691329024059536
24 0.7559778792945488
25 0.42159744080677425
26 0.433551784847407
27 0.7415249520787338
28 0.812231155227674
29 0.5776633387469442
30 1.0261588626619378
31 0.457258160963077
32 0.18286307811507468
33 0.08957678245840303
34 0.6506524489076827
35 0.43033043842122554
36 0.2569224403884306
37 0.645169270341945
38 0.6152529414458556
39 0.055398326682971934
40 0.559684109400743
41 0.4968031454806856
42 0.5034620216150486
43 0.15738517382302308
44 0.2837707653785087
