1 2.983776003560215
2 0.4365332134685483
3 0.6643021719832373
4 0.10786717299581285
5 0.5036510752736236
6 0.01660400150216527
7 0.0333024499420368
8 0.3424111325977137
9 2.5145063964356473
10 0.43357394781323705
11 1.273401978238109
12 0.027539156322206673
13 0.6956708005119352
14 0.006883767244034431
15 0.6156212286901579
16 0.00991919158802499
17 1.2651984277382842
18 0.02807494654346807
19 0.3093189063378567
20 0.7063237794796949
21 0.4022820049220759
22 0.00870891499974711
23 0.012944556384400285
24 0.23487614678459146
25 0.08750879926375235
26 1.0298258407861907
27 0.7643229361907995
28 1.2472238796808466
29 0.016647168731546758
30 1.474019264030202
31 0.7466698641826469
32 0.507581151137065
33 0.0871120031998342
34 1.5125091986020303
35 0.3544047516381844
36 0.03855900147167136
37 0.6312752819678137
38 0.05391264084004094
39 0.5448134777814003
40 0.11733960899028441
41 0.24786461280049285
42 0.07783854392922485
43 1.1187688943331724
44 0.03517173520281348
45 0.5845932928769839
46 1.1300828737469508
47 0.20921766440201353
48 0.17175198366209124
49 0.02575148444687474
50 0.6146046050860748
51 0.33844349320830863
52 1.2210487942598571
53 0.3102014667268956
54 0.1045222117669936
55 0.06734573484595768
56 0.34338632157077503
57 1.1713946642673814
58 0.40247823755845696
59 0.015984992820092955
60 1.1570836967167029
61 0.16183328882780698
62 0.3905681750946974
63 0.11610830927046834
64 0.09663636975480389
65 0.6958656009075127
66 0.11598222301785698
67 0.4459759748221375
68 0.24747488780507299
69 0.2944302205561907
70 0.1812875994487142
71 0.5180173216425235
72 0.6919672101482949
73 0.3744973279411752
74 0.47051756054150856
75 0.3764983333921994
76 0.21411182057020822
77 0.7436857680061071
78 0.06964315134202174
79 0.029069876237633317
80 0.3502503058749427
81 0.19593380902826618
82 0.6577910868312017
83 0.45866139035122266
84 0.11879548191706228
85 0.7791353651421212
86 0.3542203091611625
87 0.06318839672021956
88 0.21130038964795217
89 0.6970524043567445
90 0.13873160778547608
91 0.7251257335024957
92 0.5029920794313534
93 0.5809561525925517
94 0.15029142824921218
95 0.9098391891380501
96 0.8723779890526883
97 0.978013584832241
98 0.5315232099506081
99 0.46301415431088183
100 0.6984247036254949
101 0.8483478490577928
102 0.3083904127883846
103 0.4042595380974279
104 0.7678949234757018
105 0.7961074099250458
106 0.28499362476865175
107 0.5890146434544742
108 0.5558302653548335
109 0.9102446881687296
110 0.6384816620105799
111 0.42555939005203625
112 0.6615129123202507
113 0.5569159374485758
114 0.5133298072647802
115 0.5617994150579928
116 0.6759944062920069
117 0.48525628525914255
118 0.4846799810098734
