1 0.9474562163107922
2 0.10675765472068068
3 0.11977018634023728
4 0.3447626820121463
5 0.8705502474524801
6 0.14541894608186878
7 9.183058152246464E-4
8 0.41161330563788245
9 1.0901964455618733
10 7.268879883735311E-4
11 0.1454141877278941
12 0.6134476908033406
13 0.6144292152925819
14 0.3748075444500683
15 0.1542069330893959
16 0.010666985899787073
17 0.6260630348792507
18 0.6620954792419105
19 0.5631976620729
20 0.4396278909685998
21 1.1622661417829387
22 0.002459265942441218
23 0.32410597036218797
24 0.22940128135041798
25 0.3395225900556428
26 0.12500578687672056
27 0.11346150861239919
28 1.3989248613975556
29 0.15802544062530172
30 0.12628475717537668
31 3.030262280680852E-4
32 0.33824315924929355
33 0.6967743191255551
34 0.27638655868283457
35 1.0541465863694581
36 1.5506701498992506
37 1.2212548056968031
38 0.2105760841980829
39 0.008603360035649566
40 0.31337150897505345
41 0.2637734707601072
42 0.021297695813911114
43 0.03585857782516317
44 0.4244306456978798
45 0.001850421898652199
46 0.8801114671292707
47 0.6417567645866451
48 0.9378114838295988
49 8.57134473504897E-4
50 0.5460102741963502
51 0.45127064136703243
52 0.7918462868886096
53 1.097117687723471
54 0.6783024913589237
55 0.7270459167571263
56 0.007776363578471019
57 0.06809325897368212
58 0.08066823271320973
59 0.5616814141493941
60 0.30810306692637274
61 0.6928287641907759
62 0.09306964281865523
63 0.009233330930926294
64 0.6019959307959695
65 0.7283456231874923
66 0.384044353475142
67 0.0013822415471056368
68 0.4542783655728575
69 0.08977224222247164
70 0.3083834944581599
71 0.5343385347148623
72 0.25245568407916025
73 0.5386485618032222
74 0.011211830635627694
75 0.6300670333602267
76 1.2040243610932297
77 0.07665234718315928
78 0.5977835426225793
79 0.36837194330376216
80 0.17618883783100428
81 0.48485904798033275
82 0.8016560299270544
83 0.5616182145415608
84 0.5266389025675486
85 1.1458051666760594
86 0.17042766323949965
87 0.0030500649013630084
88 0.6486121566645671
89 0.19075707003537648
90 0.2335411094003886
91 0.036513518247364186
92 1.0404440352854496
93 0.39772230781079165
94 0.49148618511844755
95 0.3608718490874755
96 0.004177191809600937
97 0.45226027175996225
98 0.2815639908683785
99 0.012648508439238386
100 0.7559437278503367
101 0.022032657396333092
102 0.6040653935379495
103 0.27626972336385486
104 1.162046825633381
105 0.021044799216397587
106 0.051497968078709905
107 0.8186998582781095
108 0.4367596900921018
109 0.773523673371829
110 0.043837258992724296
111 0.4557578176143768
112 0.031426126038902734
113 0.43997068378167997
114 0.9559563409205293
115 0.4188215721373553
116 0.4354653514994172
117 0.8068418169843911
118 0.6493473949066827
119 0.05706524293747345
120 0.5967245524578081
121 0.6857918838806097
122 0.6032937380285484
123 0.9169869389986308
124 0.058688466536965855
125 0.3405812620226769
126 0.576470410175252
127 0.18477038812962923
128 0.7615782101418296
129 0.49455484501845554
130 0.4986987214710076
131 0.834350864383149
132 0.42771145204340627
133 0.4842444708042969
134 0.7293044587860147
135 0.8822935467152399
