1 0.5285004395908389
2 0.7813669732328229
3 0.3004276663541157
4 0.7988946739987508
5 0.058066815749687986
6 2.154071965153071
7 0.8913201306230766
8 0.0690977191516365
9 0.2079306921850665
10 2.875888301604733
11 0.0927921827569091
12 0.03856738362572745
13 0.25608608865947446
14 0.06584489467133026
15 1.6308347215298429
16 0.22175139688069448
17 0.0258326809671749
18 0.6752082341096287
19 0.9696705643935122
20 2.403513741579968
21 0.12058725007262541
22 0.3154391434028763
23 0.08906833685400041
24 0.1763293682452117
25 0.4132438165838619
26 0.6100034832709024
27 0.7432772769661519
28 0.974615736824669
29 1.510121197398849
30 0.7897770158103102
31 0.4173510128957308
32 0.6556070556697281
33 0.3069085427911687
34 0.10468711045786555
35 0.280097256425813
36 0.2028132140279218
37 1.049717157906289
38 0.4709425557791956
39 0.24327701809849323
40 0.12103997995696673
41 0.7335679481322511
42 0.3280597961873227
43 1.2338988595961673
44 0.4445524612291766
45 0.17955406774647728
46 0.654280119926948
47 0.8688652519229184
48 0.34452006007462344
49 0.276685077490182
50 0.781949372119693
51 0.4031843226710888
52 0.630327082713322
53 0.4064518323353337
54 0.5147882646492797
55 0.5208040057002998
56 0.20141694326242313
57 0.14886679871244118
58 0.3457892057018367
59 0.6661680293392475
60 0.23137803979474691
61 0.2538887315001029
62 0.2847833303414124
63 0.9082704529953868
64 0.4766416317563333
65 0.40097217134719787
66 0.2784430319876565
67 0.3212834480121575
68 0.458572664614136
69 0.5022841779822936
70 0.9808277399138262
71 0.9723935853498571
72 0.46812448557149516
73 1.084933803894551
74 0.7045344823458695
75 0.16710587897080514
76 0.37354622126413334
77 0.65321194204876
78 0.4913503443842992
79 0.8560345527343697
80 0.780201046698754
81 0.3321178206151352
82 0.6470328276825403
83 0.6475711075183225
84 0.5863381989368518
85 0.6613233682175846
86 0.5406221298214346
87 0.5223047842071407
88 0.5893824706287537
89 0.5458820433334057
90 0.6891449468533453
91 0.5089569273756238
92 0.443233898425224
93 0.6279268065653028
94 0.576710090632907
95 0.6136971501421842
96 0.9706352335580559
97 0.5975630060557978
98 0.7336508436389676
99 0.5998772488602899
100 0.6897209447522216
101 0.4498206979982447
102 0.8891109500268953
103 0.5419268160307209
