1 0.1483310302773209
2 0.039702453257213284
3 0.7420133747183077
4 0.06736752826008048
5 0.555937880193896
6 2.3031977996601736
7 0.0160299967473852
8 0.2599405984103131
9 0.5651027686587351
10 0.10918814226239176
11 0.4596485981734906
12 0.23530727788625802
13 1.8908734951640953
14 0.8458906296870247
15 0.47222954432618625
16 0.49674397249618935
17 0.8614768099946036
18 1.2652396559509884
19 0.23091237043884458
20 0.8980449194808923
21 0.30583820880327384
22 0.050103895787036674
23 2.0475587477408848
24 0.20296309298966522
25 0.2973812984660879
26 1.188986125516722
27 0.73431354816193
28 0.7678534324783202
29 0.7467104941902369
30 0.809801352967539
31 1.2225214188674118
32 0.02405445990329909
33 0.9056080693277926
34 0.734760754668124
35 0.17092414557903124
36 0.24679989159214244
37 0.29820466219024017
38 0.0717531791200016
39 0.36454316391706537
40 0.7281454581789586
41 0.3040895408657863
42 1.941954349906075
43 0.06998997174328558
44 0.6276491580037653
45 0.15355936176011453
46 0.6561619137636708
47 1.2050467466614447
48 0.5324621642362343
49 0.3232982506872395
50 1.6859894390181034
51 0.612527687738769
52 0.604606998670274
53 0.2691725883570435
54 1.0923435302569622
55 0.43955944981420975
56 0.09033801335619093
57 0.9144567641783798
58 0.1234432117366105
59 1.106651357355203
60 0.3775752948723917
61 0.16638319099304674
62 0.4843909307633182
63 0.5628572084690462
64 0.6260865157573213
65 0.7706766352127006
66 0.2167710277402614
67 0.9165709442961865
68 0.5386143949617745
69 0.8476490372943025
70 1.002924793638699
71 0.3295872219913706
72 0.8188832289783549
73 0.5982339618162168
74 0.6867791117216443
75 0.5332693303546902
76 0.4867717872109656
77 0.8370376717269735
78 0.19956083812294206
79 0.43774248376936
80 0.4211879824927044
81 0.5651316935911899
82 0.33816102750866195
83 0.8173473863769828
84 0.6898994829141899
85 0.7254864966040826
86 0.653932699677492
87 0.46026700589538583
88 0.7902903342706094
89 0.9445541800395448
90 0.7063407108317986
91 0.5922164799487517
92 0.5602144464529336
93 0.5117912236317125
94 0.43822034731515264
95 0.9032381076613912
