1 0.0
2 0.5
3 0.3333333333333333
4 0.25
5 0.2
6 0.3333333333333333
7 0.42857142857142855
8 0.5
9 0.5555555555555556
10 0.5
11 0.5454545454545454
12 0.5
13 0.5384615384615384
14 0.5714285714285714
15 0.6
16 0.625
17 0.5882352941176471
18 0.5555555555555556
19 0.5789473684210527
20 0.6
21 0.5714285714285714
22 0.5454545454545454
23 0.5652173913043478
24 0.5833333333333334
25 0.6
26 0.5769230769230769
27 0.5925925925925926
28 0.5714285714285714
29 0.5862068965517241
30 0.5666666666666667
31 0.5483870967741935
32 0.53125
33 0.5454545454545454
34 0.5588235294117647
35 0.5428571428571428
36 0.5277777777777778
37 0.5135135135135135
38 0.5
39 0.48717948717948717
40 0.475
41 0.4634146341463415
42 0.4523809523809524
43 0.4418604651162791
44 0.45454545454545453
45 0.4444444444444444
46 0.45652173913043476
47 0.44680851063829785
48 0.4583333333333333
49 0.46938775510204084
50 0.46
51 0.45098039215686275
52 0.46153846153846156
53 0.4528301886792453
54 0.4444444444444444
55 0.43636363636363634
56 0.42857142857142855
57 0.42105263157894735
58 0.41379310344827586
59 0.4067796610169492
60 0.4
61 0.4098360655737705
62 0.41935483870967744
63 0.42857142857142855
64 0.421875
65 0.4153846153846154
66 0.42424242424242425
67 0.417910447761194
68 0.4264705882352941
69 0.42028985507246375
70 0.4142857142857143
71 0.4225352112676056
72 0.4166666666666667
73 0.410958904109589
74 0.4189189189189189
75 0.4266666666666667
76 0.4342105263157895
77 0.42857142857142855
78 0.4230769230769231
79 0.4177215189873418
80 0.4125
81 0.4074074074074074
82 0.4024390243902439
83 0.39759036144578314
84 0.39285714285714285
85 0.38823529411764707
86 0.38372093023255816
87 0.3793103448275862
88 0.375
89 0.3707865168539326
90 0.36666666666666664
91 0.37362637362637363
92 0.3695652173913043
93 0.3763440860215054
94 0.3829787234042553
95 0.37894736842105264
96 0.3854166666666667
97 0.38144329896907214
98 0.3877551020408163
99 0.3838383838383838
100 0.38
101 0.37623762376237624
102 0.37254901960784315
103 0.36893203883495146
104 0.36538461538461536
105 0.3619047619047619
106 0.3584905660377358
107 0.35514018691588783
108 0.35185185185185186
109 0.3486238532110092
110 0.34545454545454546
111 0.34234234234234234
112 0.3392857142857143
113 0.336283185840708
114 0.3333333333333333
115 0.33043478260869563
116 0.3275862068965517
117 0.3247863247863248
118 0.3305084745762712
119 0.33613445378151263
120 0.3333333333333333
121 0.3305785123966942
122 0.32786885245901637
123 0.3252032520325203
124 0.33064516129032256
125 0.328
126 0.3253968253968254
127 0.3228346456692913
128 0.3203125
129 0.3178294573643411
130 0.3153846153846154
131 0.31297709923664124
132 0.3106060606060606
133 0.3082706766917293
134 0.31343283582089554
135 0.3111111111111111
136 0.3088235294117647
137 0.30656934306569344
138 0.30434782608695654
139 0.302158273381295
140 0.3
141 0.2978723404255319
142 0.29577464788732394
143 0.3006993006993007
144 0.2986111111111111
145 0.296551724137931
146 0.2945205479452055
147 0.2925170068027211
148 0.2905405405405405
149 0.28859060402684567
150 0.29333333333333333
151 0.2913907284768212
152 0.2894736842105263
153 0.29411764705882354
154 0.2922077922077922
155 0.2903225806451613
156 0.28846153846153844
157 0.28662420382165604
158 0.2848101265822785
159 0.2830188679245283
160 0.28125
161 0.2795031055900621
162 0.2777777777777778
163 0.27607361963190186
164 0.2804878048780488
165 0.2787878787878788
166 0.27710843373493976
167 0.2754491017964072
168 0.27380952380952384
169 0.27218934911242604
170 0.27058823529411763
171 0.26900584795321636
172 0.26744186046511625
173 0.2658959537572254
174 0.26436781609195403
175 0.26857142857142857
176 0.2727272727272727
177 0.2711864406779661
178 0.2696629213483146
179 0.2681564245810056
180 0.26666666666666666
181 0.26519337016574585
182 0.26373626373626374
183 0.26229508196721313
184 0.2608695652173913
185 0.2594594594594595
186 0.25806451612903225
187 0.25668449197860965
188 0.2553191489361702
189 0.25396825396825395
190 0.2578947368421053
191 0.25654450261780104
192 0.2604166666666667
193 0.25906735751295334
194 0.25773195876288657
195 0.2564102564102564
196 0.25510204081632654
197 0.25380710659898476
198 0.25252525252525254
199 0.25125628140703515
200 0.25
201 0.24875621890547264
202 0.24752475247524752
203 0.24630541871921183
204 0.24509803921568626
205 0.24390243902439024
206 0.24271844660194175
207 0.24154589371980675
208 0.2403846153846154
209 0.23923444976076555
210 0.23809523809523808
211 0.23696682464454977
212 0.24056603773584906
213 0.23943661971830985
214 0.2383177570093458
215 0.2372093023255814
216 0.2361111111111111
217 0.2350230414746544
218 0.23394495412844038
219 0.2328767123287671
220 0.23636363636363636
221 0.23529411764705882
222 0.23423423423423423
223 0.23318385650224216
224 0.23214285714285715
225 0.2311111111111111
226 0.23008849557522124
227 0.2290748898678414
228 0.22807017543859648
229 0.22707423580786026
230 0.22608695652173913
231 0.22510822510822512
232 0.22413793103448276
233 0.22317596566523606
234 0.2222222222222222
235 0.22127659574468084
236 0.22033898305084745
237 0.21940928270042195
238 0.2184873949579832
239 0.2175732217573222
240 0.21666666666666667
241 0.2157676348547718
242 0.21487603305785125
243 0.2139917695473251
244 0.21311475409836064
245 0.2163265306122449
246 0.21544715447154472
247 0.2145748987854251
248 0.21370967741935484
249 0.21285140562248997
250 0.212
251 0.21115537848605578
252 0.21031746031746032
253 0.20948616600790515
254 0.20866141732283464
255 0.20784313725490197
256 0.20703125
257 0.20622568093385213
258 0.2054263565891473
259 0.20463320463320464
260 0.20384615384615384
261 0.20306513409961685
262 0.20229007633587787
263 0.20152091254752852
264 0.20075757575757575
265 0.2
266 0.19924812030075187
267 0.19850187265917604
268 0.19776119402985073
269 0.1970260223048327
270 0.1962962962962963
271 0.19557195571955718
272 0.1948529411764706
273 0.19413919413919414
274 0.19343065693430658
275 0.19636363636363635
276 0.1956521739130435
277 0.19494584837545126
278 0.19424460431654678
279 0.1935483870967742
280 0.19285714285714287
281 0.19217081850533807
282 0.19148936170212766
283 0.19081272084805653
284 0.19014084507042253
285 0.18947368421052632
286 0.1888111888111888
287 0.18815331010452963
288 0.1875
289 0.18685121107266436
290 0.18620689655172415
291 0.18556701030927836
292 0.18493150684931506
293 0.18430034129692832
294 0.1836734693877551
295 0.18305084745762712
296 0.18243243243243243
297 0.18518518518518517
298 0.18456375838926176
299 0.18394648829431437
300 0.18333333333333332
301 0.18272425249169436
302 0.18211920529801323
303 0.18151815181518152
304 0.18092105263157895
305 0.18032786885245902
306 0.17973856209150327
307 0.1791530944625407
308 0.17857142857142858
309 0.1779935275080906
310 0.1774193548387097
311 0.17684887459807075
312 0.1762820512820513
313 0.1757188498402556
314 0.1751592356687898
315 0.1746031746031746
316 0.17405063291139242
317 0.17350157728706625
318 0.17295597484276728
319 0.1724137931034483
320 0.171875
321 0.17133956386292834
322 0.17080745341614906
323 0.17027863777089783
324 0.1697530864197531
325 0.16923076923076924
326 0.1687116564417178
327 0.16819571865443425
328 0.1676829268292683
329 0.16717325227963525
330 0.16666666666666666
331 0.1661631419939577
332 0.16566265060240964
333 0.16516516516516516
334 0.16467065868263472
335 0.16417910447761194
336 0.1636904761904762
337 0.1632047477744807
338 0.16272189349112426
339 0.16224188790560473
340 0.16176470588235295
341 0.16129032258064516
342 0.1608187134502924
343 0.16326530612244897
344 0.16279069767441862
345 0.16231884057971013
346 0.16184971098265896
347 0.16138328530259366
348 0.16091954022988506
349 0.16045845272206305
350 0.16
351 0.15954415954415954
352 0.1590909090909091
353 0.15864022662889518
354 0.15819209039548024
355 0.15774647887323945
356 0.15730337078651685
357 0.1568627450980392
358 0.1564245810055866
359 0.15598885793871867
360 0.15555555555555556
361 0.15512465373961218
362 0.15469613259668508
363 0.15426997245179064
364 0.15384615384615385
365 0.15342465753424658
366 0.15300546448087432
367 0.15258855585831063
368 0.15217391304347827
369 0.15176151761517614
370 0.15135135135135136
371 0.1509433962264151
372 0.15053763440860216
373 0.15013404825737264
374 0.1497326203208556
375 0.14933333333333335
376 0.14893617021276595
377 0.14854111405835543
378 0.14814814814814814
379 0.14775725593667546
380 0.14736842105263157
381 0.14698162729658792
382 0.14659685863874344
383 0.1462140992167102
384 0.14583333333333334
385 0.14545454545454545
386 0.14507772020725387
387 0.14470284237726097
388 0.14432989690721648
389 0.14395886889460155
390 0.14358974358974358
391 0.1432225063938619
392 0.14285714285714285
393 0.14249363867684478
394 0.14213197969543148
395 0.14177215189873418
396 0.1414141414141414
397 0.14105793450881612
398 0.1407035175879397
399 0.14035087719298245
400 0.14
401 0.1396508728179551
402 0.13930348258706468
403 0.13895781637717122
404 0.13861386138613863
405 0.1382716049382716
406 0.13793103448275862
407 0.1375921375921376
408 0.13725490196078433
409 0.13691931540342298
410 0.13658536585365855
411 0.1362530413625304
412 0.13592233009708737
413 0.13559322033898305
414 0.13526570048309178
415 0.13493975903614458
416 0.1346153846153846
417 0.1342925659472422
418 0.1339712918660287
419 0.13365155131264916
420 0.13333333333333333
421 0.1330166270783848
422 0.13270142180094788
423 0.13238770685579196
424 0.1320754716981132
425 0.13176470588235295
426 0.13145539906103287
427 0.13114754098360656
428 0.1308411214953271
429 0.13053613053613053
430 0.13023255813953488
431 0.12993039443155452
432 0.12962962962962962
433 0.12933025404157045
434 0.12903225806451613
435 0.12873563218390804
436 0.12844036697247707
437 0.12814645308924486
438 0.1278538812785388
439 0.1275626423690205
440 0.12727272727272726
441 0.12698412698412698
442 0.12669683257918551
443 0.12641083521444696
444 0.12612612612612611
445 0.1258426966292135
446 0.12556053811659193
447 0.12527964205816555
448 0.125
449 0.12472160356347439
450 0.12444444444444444
451 0.12416851441241686
452 0.12389380530973451
453 0.12362030905077263
454 0.12334801762114538
455 0.12307692307692308
456 0.12280701754385964
457 0.12253829321663019
458 0.1222707423580786
459 0.12200435729847495
460 0.12173913043478261
461 0.12147505422993492
462 0.12121212121212122
463 0.12095032397408208
464 0.1206896551724138
465 0.12043010752688173
466 0.12017167381974249
467 0.11991434689507495
468 0.11965811965811966
469 0.11940298507462686
470 0.11914893617021277
471 0.11889596602972399
472 0.11864406779661017
473 0.11839323467230443
474 0.11814345991561181
475 0.11789473684210526
476 0.11764705882352941
477 0.11740041928721175
478 0.11715481171548117
479 0.11691022964509394
480 0.11666666666666667
481 0.11642411642411643
482 0.11618257261410789
483 0.11594202898550725
484 0.11570247933884298
485 0.1154639175257732
486 0.11522633744855967
487 0.11498973305954825
488 0.11475409836065574
489 0.11451942740286299
490 0.11428571428571428
491 0.11405295315682282
492 0.11382113821138211
493 0.11359026369168357
494 0.11336032388663968
495 0.11313131313131314
496 0.11290322580645161
497 0.11267605633802817
498 0.11244979919678715
499 0.11222444889779559
500 0.112
501 0.11177644710578842
502 0.11155378486055777
503 0.11133200795228629
504 0.1111111111111111
505 0.11089108910891089
506 0.11067193675889328
507 0.11045364891518737
508 0.11023622047244094
509 0.1100196463654224
510 0.10980392156862745
511 0.1095890410958904
512 0.109375
513 0.10916179337231968
514 0.10894941634241245
515 0.1087378640776699
516 0.10852713178294573
517 0.10831721470019343
518 0.10810810810810811
519 0.10789980732177264
520 0.1076923076923077
521 0.10748560460652591
522 0.10727969348659004
523 0.10707456978967496
524 0.10687022900763359
525 0.10666666666666667
526 0.10646387832699619
527 0.1062618595825427
528 0.10606060606060606
529 0.10586011342155009
530 0.10566037735849057
531 0.10546139359698682
532 0.10526315789473684
533 0.1050656660412758
534 0.10486891385767791
535 0.10467289719626169
536 0.1044776119402985
537 0.1042830540037244
538 0.10408921933085502
539 0.1038961038961039
540 0.1037037037037037
541 0.10351201478743069
542 0.1033210332103321
543 0.10313075506445672
544 0.10294117647058823
545 0.10275229357798166
546 0.10256410256410256
547 0.10237659963436929
548 0.10218978102189781
549 0.10200364298724955
550 0.10181818181818182
551 0.10163339382940109
552 0.10144927536231885
553 0.10126582278481013
554 0.10108303249097472
555 0.1009009009009009
556 0.10071942446043165
557 0.10053859964093358
558 0.1003584229390681
559 0.1001788908765653
560 0.1
561 0.09982174688057041
562 0.099644128113879
563 0.0994671403197158
564 0.09929078014184398
565 0.09911504424778761
566 0.0989399293286219
567 0.09876543209876543
568 0.09859154929577464
569 0.0984182776801406
570 0.09824561403508772
571 0.09807355516637478
572 0.0979020979020979
573 0.09773123909249563
574 0.0975609756097561
575 0.09739130434782609
576 0.09722222222222222
577 0.09705372616984402
578 0.09688581314878893
579 0.09671848013816926
580 0.09655172413793103
581 0.0963855421686747
582 0.09621993127147767
583 0.09605488850771869
584 0.0958904109589041
585 0.09572649572649573
586 0.09556313993174062
587 0.09540034071550256
588 0.09523809523809523
589 0.09507640067911714
590 0.09491525423728814
591 0.09475465313028765
592 0.0945945945945946
593 0.09443507588532883
594 0.09427609427609428
595 0.09411764705882353
596 0.09395973154362416
597 0.09380234505862646
598 0.09364548494983277
599 0.09348914858096828
600 0.09333333333333334
601 0.09317803660565724
602 0.09302325581395349
603 0.09286898839137644
604 0.09271523178807947
605 0.09256198347107437
606 0.0924092409240924
607 0.09225700164744646
608 0.09210526315789473
609 0.09195402298850575
610 0.09180327868852459
611 0.09165302782324058
612 0.0915032679738562
613 0.09135399673735727
614 0.09120521172638436
615 0.0910569105691057
616 0.09090909090909091
617 0.09076175040518639
618 0.09061488673139159
619 0.09046849757673667
620 0.09032258064516129
621 0.09017713365539452
622 0.09003215434083602
623 0.0898876404494382
624 0.08974358974358974
625 0.0896
626 0.08945686900958466
627 0.08931419457735247
628 0.08917197452229299
629 0.0890302066772655
630 0.08888888888888889
631 0.08874801901743265
632 0.08860759493670886
633 0.08846761453396525
634 0.08832807570977919
635 0.08818897637795275
636 0.0880503144654088
637 0.08791208791208792
638 0.0877742946708464
639 0.08763693270735524
640 0.0890625
641 0.08892355694227769
642 0.08878504672897196
643 0.08864696734059098
644 0.08850931677018634
645 0.08837209302325581
646 0.08823529411764706
647 0.08809891808346214
648 0.08796296296296297
649 0.08782742681047766
650 0.0876923076923077
