1 0.3271766024394923
2 1.3314199756301774
3 0.43780740939427626
4 0.30671177461377686
5 1.715993073069586
6 0.7319312588291218
7 0.5604906155550751
8 0.9491181773019641
9 1.2125592022185632
10 1.089199407583735
11 1.8931549715343368
12 0.4707980596420405
13 0.49189693111033567
14 0.2257059472437359
15 0.5396367985007245
16 1.3002602653577306
17 0.8284036149279382
18 1.21149762442293
19 0.2910226596107385
20 0.9630239745383921
21 0.08881396851322065
22 0.9472486841542572
23 1.0173130550240703
24 0.18536873393722883
25 0.5301935653980918
26 0.45818774035330456
27 0.9984133277361155
28 0.9594695519224768
29 0.9588990487773859
30 0.18401927533696188
31 0.9874234810404905
32 0.6911710077676505
33 1.0501639867737596
34 0.5859687254195629
35 0.505514564918856
36 0.9142290613402708
37 0.5903633439819693
38 0.4819154975928929
39 0.15884371966231353
40 0.8358261830399857
41 0.032123387280853274
42 0.8720671371015554
43 0.005198936150371891
44 0.032203384840266074
