1 0.20076931699380504
2 1.0282350731933556
3 0.17687363903926892
4 0.7393586473171273
5 0.8561364693726192
6 0.14067952119720553
7 1.1899566016715453
8 1.274148309007663
9 0.12063224209901788
10 0.24852876200721352
11 0.47953598709319645
12 0.2062345078643523
13 0.20756748256717866
14 1.378018999280931
15 0.7376271695557032
16 0.7714852379037901
17 0.6995263315679282
18 0.2720814271536681
19 0.26706687848657784
20 0.8882799279343546
21 0.7410228161539868
22 0.08173012532658436
23 0.1331846336209544
24 1.0789736570148118
25 0.970093997844046
26 1.04100992694326
27 0.13207896171412775
28 0.23826649079762283
29 0.7825303622332104
30 0.2895652728687579
