1 0.1737778247673881
2 0.35250729007403225
3 0.16852567445685906
4 0.10410789428740334
5 1.6039569186651692
6 0.40293465609276125
7 1.1022168594171262
8 1.668196485284487
9 1.4640978743179927
10 0.36091973521273396
11 0.06368624314651636
12 0.685236130855163
13 0.3485165650337146
14 0.8082856567470447
15 0.6005079646823869
16 1.1716493540067736
17 0.6102915298665393
18 0.09469080303961884
19 0.20978941511752014
20 1.0039966663562507
21 1.1317676173082982
22 0.7551558361933997
23 0.18447502880342145
24 0.9294730998319393
25 0.010491683405476952
26 0.587755534142041
27 1.0037270708355348
28 1.0319778274750457
29 0.18562362661426113
30 0.6769543174910484
31 0.1988191520031192
32 0.7282390747779028
33 0.16942949849680675
34 0.2879285514735872
