1 0.20888991602043047
2 0.3013277094293179
3 1.3386860725285368
4 0.24176412597736008
5 0.06269418555345874
6 0.16155313476214742
7 0.4441387075932303
8 0.20916029874256564
9 0.39178887453501543
10 0.8842657424407189
11 0.49187484210270804
12 0.8818289766929533
13 1.4097902890760032
14 0.7000616540914086
15 0.680773066950103
16 1.0033407479578063
17 0.1810072759912122
18 1.5242987225043927
19 1.2688143768216558
20 1.182176911340418
21 0.7608611737226181
22 0.5680810168227493
23 0.5051730638586006
24 1.191400456501571
25 0.1887033480149204
