1 1.0
2 1.0
3 1.0
4 1.0
5 1.0
6 1.0
7 1.0
8 1.0
9 1.0
10 1.0
11 1.0
12 1.0
13 1.0
14 1.0
15 1.0
16 1.0
17 1.0
18 1.0
19 1.0
20 1.0
21 1.0
22 1.0
23 0.9565217391304348
24 0.9583333333333334
25 0.96
26 0.9615384615384616
27 0.9629629629629629
28 0.9642857142857143
29 0.9655172413793104
30 0.9666666666666667
31 0.967741935483871
32 0.96875
33 0.9696969696969697
34 0.9705882352941176
35 0.9714285714285714
36 0.9722222222222222
37 0.972972972972973
38 0.9736842105263158
39 0.9743589743589743
40 0.95
41 0.9512195121951219
42 0.9285714285714286
43 0.9069767441860465
44 0.9090909090909091
45 0.9111111111111111
46 0.9130434782608695
47 0.9148936170212766
48 0.8958333333333334
49 0.8775510204081632
50 0.86
51 0.8627450980392157
52 0.8653846153846154
53 0.8490566037735849
54 0.8518518518518519
55 0.8545454545454545
