1 0.250607166155275
2 1.2115117669454596
3 0.1358320761243364
4 0.5887861867865439
5 1.019827219194772
6 0.6752387859094199
7 0.5821329537259787
8 0.9685057144210811
9 1.1794264402070094
10 0.6255507933851229
11 0.7562157768483093
12 1.3460710911634584
13 0.15175937318472418
14 1.314827208675235
15 1.0721070321814612
16 0.8424510402573246
17 0.6627618295329682
18 0.9113085107856188
19 0.5854013855776521
20 0.9538839670211754
21 0.7840489206977598
22 0.29692978189448777
23 0.9500258167999523
24 0.7240994289400186
25 0.31911816629124806
26 1.287094801426461
27 1.4652845634299372
28 1.19865556378878
29 0.44031418748066364
30 0.666304297191834
31 0.3608711806965465
32 0.39016652244515054
33 0.8735782589299553
34 0.2181079524884769
35 0.2707576883019598
36 0.26696812387643304
37 0.7300128084307327
38 0.4069553524539794
39 1.353235899922496
40 0.8590665597104394
41 0.005172174281985738
42 0.043630289299063284
43 0.10360234313764025
44 0.3260953314680506
45 0.629729204700276
46 0.3622981260206229
47 0.8713339957567482
48 0.7156679233692795
49 0.7675292337729049
50 0.9598874943654777
51 0.8280147989354644
52 0.4339519534009787
53 0.7664274539347484
54 0.7255001647599806
55 0.09834413535314912
56 0.8098194105396227
