1 0.7301335177543691
2 0.909513782901201
3 0.14296668957776879
4 1.689131626740459
5 1.9262431957250339
6 0.3102226043441356
7 0.410684862786934
8 2.559472133554678
9 0.435547522830004
10 1.4232677971996532
11 0.6666225126925457
12 0.6111333197777632
13 0.5332438817451837
14 1.1344674708695934
15 0.05488119898705948
16 0.8974651389641961
17 1.7645048544356379
18 2.387319414977347
19 1.027491295251301
20 0.214674117646405
21 0.7473041695585395
22 1.1890588160207551
23 0.7624998744729458
24 1.4600542756465615
25 0.8715998519390759
26 0.908578208431688
27 0.5642475370807554
28 0.38834515784199886
29 0.4612271875465585
30 0.037244393293588945
31 0.15770821738073793
32 1.5572928997684987
33 0.9493563956614776
34 0.23399053756348123
35 0.7525243134181779
36 1.0342524202828902
37 1.547123006433814
38 0.08619280282745513
39 1.3648767643434163
40 1.5117600647010587
41 0.04569162976472204
42 0.5746545386148393
43 0.4623794812743234
44 0.6637887931057965
45 0.4876927053793923
46 0.13501932795275548
47 0.6584112814306012
48 0.12092536772254234
49 0.4241913987080604
50 0.6613246249628484
51 0.5826813037059341
52 0.6446657813877354
53 0.4452218828214574
54 1.1701867450321932
55 0.42426104928718683
56 0.8378429339876801
57 1.4273966327038943
58 0.803100967532383
59 0.4656370075708714
60 0.9321477596450881
61 0.6022417852765463
62 0.7243620943711828
63 0.278158405079363
64 0.20956080290353715
