1 0.3680275243942026
2 0.7175387417646486
3 0.15494967780341806
4 0.9205571281047821
5 1.1282759225027943
6 0.1541540860971402
7 0.3559368023883474
8 0.42674001393563604
9 1.6016006017364732
10 0.9929823881243666
11 1.9791671262275865
12 0.4933510489087696
13 0.2947767878110687
14 0.8742314599136434
15 1.0185260090004273
16 0.14936888796213507
17 1.5304838831056302
18 1.0733285887251092
19 1.0734795169284845
20 0.1888816830512139
21 0.7636206526902871
22 0.24658861226362042
23 0.7297540553525024
24 0.5045968473039808
25 0.4619731315819957
26 0.9129228073555204
27 0.5437821866157079
28 0.4741907135734679
29 1.037254538691896
30 0.382614503042007
31 1.0093533608294227
32 0.10901829333782116
33 0.8659596731161137
34 1.055745115444398
35 1.0660425442130486
36 0.8037730669894533
37 0.5729927819616943
38 0.937907378174655
39 0.8030684402110018
40 1.1224447313034345
41 0.23385508589233125
42 0.9650482991177758
43 0.44923323154561434
44 0.8906312016390796
45 0.9170850596817994
46 0.3620865347924361
47 0.6720664946594235
48 0.7116954991890821
49 0.9986218955240642
50 0.30679060773740247
51 0.6851561975086677
52 0.12707512929000367
53 0.7570899011003824
54 0.801036158113496
55 0.9043915457907817
