1 0.5642437755713237
2 0.9173593700701823
3 2.007511819573468
4 0.7612342918586703
5 0.9778149006525764
6 2.9392690825581327
7 0.4560856397269492
8 0.3435446240109734
9 1.2138640642952727
10 1.04126940607168
11 1.7300705927175093
12 0.248577521704247
13 0.3575462754964527
14 0.6877772622529075
15 0.4817081459489872
16 0.28071110142535016
17 0.8213231179510037
18 1.8520519797069597
19 0.4143286768164928
20 0.562746480198858
21 0.28908265024076646
22 0.5579727279262576
23 0.6341979172505816
24 2.314655286664232
25 0.6263208203012892
26 1.2197863574691608
27 0.06214608506090953
28 0.4304477280342424
29 0.884631933500567
30 2.405979654627839
31 1.1510782168301128
32 0.5190458459463029
33 0.38546291750196043
34 0.29329584989032015
35 1.0556357478026763
36 1.294790163870832
37 0.9857142317823379
38 1.8111105510980294
39 0.3567864373741837
40 0.24439583565460532
41 0.9758370995018388
42 0.16096437523708385
43 0.37134728662840977
44 0.7922804777073659
45 0.17484094908189224
46 0.4151735770161919
47 1.7399471569106932
48 0.8634793804730823
49 0.6463133557914269
50 0.2522133893593519
51 0.09585171362887969
52 1.6546802375216898
53 0.1708889425935924
54 0.1773358571888747
55 0.36130453655596717
56 0.9994716422875549
57 0.7377904959223364
58 0.9026213598054864
59 0.851871507872607
60 0.029598634440650428
61 0.42612964747521864
