1 1.8847812860005109
2 0.5232493507141052
3 0.29476492679618815
4 0.5501312279773066
5 0.4080797956790202
6 0.29726322019377727
7 0.2626897566673149
8 0.09721489210005749
9 0.5628220795835882
10 0.14157171393881843
11 1.4815632634436076
12 0.678151361110895
13 0.40760134004661064
14 0.387604709745241
15 0.9200302704294901
16 0.8148751829736395
17 0.357740572538182
18 0.31357867852511756
19 1.9881583861567733
20 0.29402276596550914
21 0.9161597674474777
22 1.1785954148186288
23 0.6150542758633069
24 0.5090633310781127
25 0.5745631681456556
26 0.3140992130061488
27 0.6257907150000709
28 1.1220740361750539
29 0.47397367395396406
30 0.4542359644497978
31 0.7857646451570834
32 0.33074175721929017
33 0.5636731752618254
34 0.5092841019791586
35 0.9153115539556573
36 0.9854592895018275
37 0.7835468399477518
38 0.6274778012487177
39 0.6214752091301834
40 0.14839613129988977
41 1.0584035881036227
42 0.3839863127989142
43 0.5305692137316886
44 0.5502305160090071
45 0.8664139564363992
46 0.34768751206780046
47 0.49327648645371075
48 0.10715633115488397
49 0.7354192020962791
50 0.3078530359609048
51 0.564505401643619
52 0.6455988698051662
53 0.5043007859761424
