1 1.1293851505342067
2 0.7289077268194356
3 0.06466265958512735
4 0.6944638440267445
5 1.4434624819725475
6 0.7543947091018072
7 1.7863567558602589
8 0.059870975322602
9 0.5152083860245438
10 3.05965132511822
11 0.6973517139484808
12 1.799109161021491
13 0.3817651093661078
14 0.13380096640223604
15 0.6985783018951086
16 0.7834086064283067
17 0.05590005611226749
18 0.03811047120945043
19 0.11258445644414646
20 0.551069166527096
21 0.767522558418395
22 0.41578021805319065
23 0.4654201165934938
24 0.054187218737807255
25 0.8170987744091782
26 1.4629108303460854
27 0.053521507742866695
28 0.2862016545628012
29 0.22802447553070504
30 0.05330925871117002
31 1.0890203605839877
32 0.06584211599163001
33 1.028720528613988
34 0.19540784281069815
35 0.7050956120479648
36 0.13222181450476672
37 0.0999687204882655
38 0.0285918909547356
