1 2.649729516900503
2 0.6864743497644618
3 1.265583718373609
4 0.012610031789770595
5 0.3918189256932233
6 1.7023653349974026
7 1.4129901967063014
8 0.11448444981191289
9 0.04580780197889
10 3.276492631057465
11 0.773077779374204
12 1.6668247457500998
13 0.8883145446647472
14 1.0902057884603706
15 0.17496893175999556
16 0.5659107957533988
17 0.2931916777369241
18 0.44340401974530314
19 0.4372822965666964
20 0.979396210291314
21 0.3117048502258003
22 1.7915208624419645
23 0.2523091288910463
24 0.4520683090995695
25 0.7414558153835621
26 0.1938854644202172
27 0.32608365492152064
28 0.2734992395467761
29 0.7387800020872253
30 0.6618075188659321
31 0.4949672226783378
32 0.20047633430330203
33 0.16078771202488634
34 0.3179379218398452
35 0.13078664027062215
36 0.7260194804272113
37 0.07985672216507711
38 0.7078060191458156
39 0.3248366316417898
40 0.44150830644910755
41 0.42268449703528677
42 0.23614186702984144
43 0.18780751585972624
44 0.5363843469194466
45 0.6498168740158589
46 0.7010304137651568
47 0.16832843385240673
48 0.5602457405915067
49 0.37881074075762156
50 0.3940754582078545
51 0.49806058598420005
52 0.10617487935351827
53 0.029227374924383778
54 0.13920672140219334
55 0.013339573219440253
56 0.24615529963324762
57 0.7790503553991142
58 0.3149522135498787
59 0.06112205579044989
60 0.1453017032153186
61 0.5063046886235506
