1 1.0
2 1.0
3 1.0
4 1.0
5 1.0
6 1.0
7 1.0
8 1.0
9 1.0
10 1.0
11 1.0
12 1.0
13 1.0
14 1.0
15 0.9333333333333333
16 0.9375
17 0.9411764705882353
18 0.9444444444444444
19 0.9473684210526315
20 0.95
21 0.9523809523809523
22 0.9545454545454546
23 0.9565217391304348
24 0.9583333333333334
25 0.96
26 0.9230769230769231
27 0.9259259259259259
28 0.9285714285714286
29 0.9310344827586207
30 0.9333333333333333
31 0.9032258064516129
32 0.90625
33 0.9090909090909091
34 0.8823529411764706
35 0.8571428571428571
36 0.8333333333333334
37 0.8378378378378378
38 0.8421052631578947
39 0.8461538461538461
40 0.825
41 0.8292682926829268
42 0.8333333333333334
43 0.813953488372093
44 0.8181818181818182
45 0.8222222222222222
46 0.8043478260869565
47 0.8085106382978723
48 0.7916666666666666
49 0.7959183673469388
50 0.78
51 0.7843137254901961
52 0.7692307692307693
53 0.7547169811320755
54 0.7407407407407407
55 0.7272727272727273
56 0.7142857142857143
57 0.7017543859649122
58 0.7068965517241379
59 0.6949152542372882
60 0.7
61 0.7049180327868853
62 0.7096774193548387
63 0.7142857142857143
64 0.71875
65 0.7076923076923077
66 0.696969696969697
67 0.6865671641791045
68 0.6911764705882353
69 0.6811594202898551
70 0.6714285714285714
71 0.676056338028169
72 0.6666666666666666
73 0.6575342465753424
74 0.6621621621621622
75 0.6533333333333333
76 0.6447368421052632
77 0.6363636363636364
78 0.6282051282051282
79 0.620253164556962
80 0.625
81 0.6296296296296297
82 0.6219512195121951
83 0.6144578313253012
84 0.6071428571428571
85 0.6
86 0.6046511627906976
87 0.5977011494252874
88 0.5909090909090909
89 0.5842696629213483
90 0.5777777777777777
91 0.5714285714285714
92 0.5652173913043478
93 0.5698924731182796
94 0.574468085106383
95 0.5684210526315789
96 0.5625
97 0.5567010309278351
98 0.5510204081632653
99 0.5555555555555556
100 0.55
101 0.5544554455445545
102 0.5490196078431373
103 0.5436893203883495
104 0.5384615384615384
105 0.5333333333333333
106 0.5377358490566038
107 0.5327102803738317
108 0.5277777777777778
109 0.5321100917431193
110 0.5272727272727272
111 0.5315315315315315
112 0.5267857142857143
113 0.5221238938053098
114 0.5175438596491229
115 0.5130434782608696
116 0.5086206896551724
117 0.5128205128205128
118 0.5169491525423728
119 0.5126050420168067
120 0.5166666666666667
121 0.512396694214876
122 0.5163934426229508
123 0.5203252032520326
124 0.5161290322580645
125 0.512
126 0.5158730158730159
127 0.5118110236220472
128 0.515625
129 0.5116279069767442
130 0.5076923076923077
131 0.5114503816793893
132 0.5151515151515151
133 0.5112781954887218
134 0.5074626865671642
135 0.5037037037037037
136 0.5
137 0.49635036496350365
138 0.4927536231884058
139 0.4892086330935252
140 0.4857142857142857
141 0.48226950354609927
142 0.4788732394366197
143 0.4755244755244755
144 0.4722222222222222
145 0.4689655172413793
146 0.4657534246575342
147 0.46258503401360546
148 0.46621621621621623
149 0.4697986577181208
150 0.4666666666666667
151 0.46357615894039733
152 0.4605263157894737
153 0.45751633986928103
154 0.45454545454545453
155 0.45161290322580644
156 0.4551282051282051
157 0.45222929936305734
158 0.45569620253164556
159 0.4591194968553459
160 0.45625
161 0.45962732919254656
162 0.4567901234567901
163 0.4601226993865031
164 0.4573170731707317
165 0.46060606060606063
166 0.4578313253012048
167 0.4550898203592814
168 0.4523809523809524
169 0.44970414201183434
170 0.4470588235294118
171 0.4444444444444444
172 0.4418604651162791
173 0.4393063583815029
174 0.4367816091954023
175 0.44
176 0.4375
177 0.4406779661016949
178 0.43820224719101125
179 0.43575418994413406
180 0.43333333333333335
181 0.430939226519337
182 0.42857142857142855
183 0.4262295081967213
184 0.42391304347826086
185 0.42162162162162165
186 0.41935483870967744
187 0.41711229946524064
188 0.4148936170212766
189 0.4126984126984127
190 0.41578947368421054
191 0.41361256544502617
192 0.4114583333333333
193 0.40932642487046633
194 0.4072164948453608
195 0.40512820512820513
196 0.4030612244897959
197 0.40609137055837563
198 0.40404040404040403
199 0.4020100502512563
200 0.4
201 0.39800995024875624
202 0.39603960396039606
203 0.39408866995073893
204 0.39215686274509803
205 0.3951219512195122
206 0.3932038834951456
207 0.391304347826087
208 0.3894230769230769
209 0.3875598086124402
210 0.38571428571428573
211 0.38388625592417064
212 0.38207547169811323
213 0.38028169014084506
214 0.38317757009345793
215 0.3813953488372093
216 0.37962962962962965
217 0.3778801843317972
218 0.38073394495412843
219 0.3789954337899543
220 0.38181818181818183
221 0.38009049773755654
222 0.3783783783783784
223 0.3811659192825112
224 0.3794642857142857
225 0.37777777777777777
226 0.37610619469026546
227 0.3744493392070485
228 0.37280701754385964
229 0.37117903930131
230 0.3695652173913043
231 0.36796536796536794
232 0.36637931034482757
233 0.3648068669527897
234 0.36324786324786323
235 0.3617021276595745
236 0.3644067796610169
237 0.3628691983122363
238 0.36134453781512604
239 0.3598326359832636
240 0.35833333333333334
241 0.35684647302904565
242 0.359504132231405
243 0.35802469135802467
244 0.35655737704918034
245 0.3551020408163265
246 0.35365853658536583
247 0.3522267206477733
248 0.35080645161290325
249 0.3493975903614458
250 0.348
251 0.3466135458167331
252 0.34523809523809523
253 0.3438735177865613
254 0.3425196850393701
255 0.3411764705882353
256 0.33984375
257 0.33852140077821014
258 0.3372093023255814
259 0.3359073359073359
260 0.3346153846153846
261 0.3333333333333333
262 0.3320610687022901
263 0.33079847908745247
264 0.32954545454545453
265 0.3283018867924528
266 0.32706766917293234
267 0.3258426966292135
268 0.3246268656716418
269 0.32342007434944237
270 0.32222222222222224
271 0.3210332103321033
272 0.31985294117647056
273 0.31868131868131866
274 0.3175182481751825
275 0.31636363636363635
276 0.31521739130434784
277 0.3140794223826715
278 0.3129496402877698
279 0.3118279569892473
280 0.3107142857142857
281 0.3096085409252669
282 0.30851063829787234
283 0.31095406360424027
284 0.30985915492957744
285 0.3087719298245614
286 0.3076923076923077
287 0.30662020905923343
288 0.3055555555555556
289 0.3044982698961938
290 0.30344827586206896
291 0.3024054982817869
292 0.3013698630136986
293 0.3003412969283277
294 0.29931972789115646
295 0.2983050847457627
296 0.2972972972972973
297 0.2962962962962963
298 0.2953020134228188
299 0.29431438127090304
300 0.29333333333333333
301 0.292358803986711
302 0.2913907284768212
303 0.29042904290429045
304 0.2894736842105263
305 0.28852459016393445
306 0.2875816993464052
307 0.28664495114006516
308 0.2857142857142857
309 0.284789644012945
310 0.2838709677419355
311 0.2829581993569132
312 0.28205128205128205
313 0.28115015974440893
314 0.28343949044585987
315 0.28253968253968254
316 0.28164556962025317
317 0.2807570977917981
318 0.279874213836478
319 0.27899686520376177
320 0.278125
321 0.2772585669781931
322 0.2795031055900621
323 0.2786377708978328
324 0.2777777777777778
325 0.27692307692307694
326 0.27607361963190186
327 0.27522935779816515
328 0.27439024390243905
329 0.2735562310030395
330 0.2727272727272727
331 0.2719033232628399
332 0.2710843373493976
333 0.2702702702702703
334 0.2694610778443114
335 0.26865671641791045
336 0.26785714285714285
337 0.26706231454005935
338 0.26627218934911245
339 0.26548672566371684
340 0.2647058823529412
341 0.26392961876832843
342 0.2631578947368421
343 0.26239067055393583
344 0.2616279069767442
345 0.2608695652173913
346 0.26011560693641617
347 0.25936599423631124
348 0.25862068965517243
349 0.25787965616045844
350 0.2571428571428571
351 0.2564102564102564
352 0.2556818181818182
353 0.2577903682719547
354 0.2570621468926554
355 0.2563380281690141
356 0.2556179775280899
357 0.2549019607843137
358 0.2541899441340782
359 0.25348189415041783
360 0.25277777777777777
361 0.2520775623268698
362 0.2513812154696133
363 0.25068870523415976
364 0.25274725274725274
365 0.25205479452054796
366 0.25136612021857924
367 0.25340599455040874
368 0.25271739130434784
369 0.25203252032520324
370 0.25135135135135134
371 0.25336927223719674
372 0.25268817204301075
373 0.2520107238605898
374 0.25133689839572193
375 0.25066666666666665
376 0.25
377 0.2493368700265252
378 0.24867724867724866
379 0.24802110817941952
380 0.24736842105263157
381 0.24934383202099739
382 0.2486910994764398
383 0.24804177545691905
384 0.24739583333333334
385 0.24675324675324675
386 0.24611398963730569
387 0.2454780361757106
388 0.24484536082474226
389 0.2442159383033419
390 0.24358974358974358
391 0.24296675191815856
392 0.2423469387755102
393 0.24173027989821882
394 0.24111675126903553
395 0.24050632911392406
396 0.2398989898989899
397 0.23929471032745592
398 0.23869346733668342
399 0.23809523809523808
400 0.2375
401 0.23690773067331672
402 0.236318407960199
403 0.23573200992555832
404 0.23514851485148514
405 0.2345679012345679
406 0.23399014778325122
407 0.23587223587223588
408 0.23529411764705882
409 0.23471882640586797
410 0.23414634146341465
411 0.23357664233576642
412 0.23300970873786409
413 0.2324455205811138
414 0.23429951690821257
415 0.23373493975903614
416 0.23317307692307693
417 0.23501199040767387
418 0.23444976076555024
419 0.23389021479713604
420 0.23333333333333334
421 0.2327790973871734
422 0.23222748815165878
423 0.23167848699763594
424 0.23113207547169812
425 0.23058823529411765
426 0.2300469483568075
427 0.22950819672131148
428 0.22897196261682243
429 0.22843822843822845
430 0.22790697674418606
431 0.2273781902552204
432 0.22685185185185186
433 0.22632794457274827
434 0.22580645161290322
435 0.22528735632183908
436 0.22477064220183487
437 0.2242562929061785
438 0.2237442922374429
439 0.22323462414578588
440 0.22272727272727272
441 0.2222222222222222
442 0.22171945701357465
443 0.22121896162528218
444 0.22072072072072071
445 0.2202247191011236
446 0.21973094170403587
447 0.21923937360178972
448 0.21875
449 0.2182628062360802
450 0.21777777777777776
451 0.21729490022172948
452 0.2168141592920354
453 0.2163355408388521
454 0.21585903083700442
455 0.2153846153846154
456 0.2149122807017544
457 0.21444201312910285
458 0.21397379912663755
459 0.21350762527233116
460 0.21304347826086956
461 0.21258134490238612
462 0.21212121212121213
463 0.21166306695464362
464 0.21120689655172414
465 0.210752688172043
466 0.21030042918454936
467 0.20985010706638116
468 0.2094017094017094
469 0.208955223880597
470 0.20851063829787234
471 0.208067940552017
472 0.2076271186440678
473 0.20718816067653276
474 0.20675105485232068
475 0.2063157894736842
476 0.20588235294117646
477 0.20545073375262055
478 0.20502092050209206
479 0.2045929018789144
480 0.20416666666666666
481 0.20374220374220375
482 0.2033195020746888
483 0.2028985507246377
484 0.2024793388429752
485 0.2020618556701031
486 0.20164609053497942
487 0.20123203285420946
488 0.20081967213114754
489 0.20040899795501022
490 0.2
491 0.19959266802443992
492 0.1991869918699187
493 0.19878296146044624
494 0.19838056680161945
495 0.19797979797979798
496 0.1975806451612903
497 0.19718309859154928
498 0.19678714859437751
499 0.1963927855711423
500 0.196
501 0.19560878243512975
502 0.1952191235059761
503 0.19483101391650098
504 0.19444444444444445
505 0.19405940594059407
506 0.19367588932806323
507 0.1932938856015779
508 0.19291338582677164
509 0.1925343811394892
510 0.19215686274509805
511 0.1917808219178082
512 0.19140625
513 0.19103313840155944
514 0.19066147859922178
515 0.19029126213592232
516 0.18992248062015504
517 0.1895551257253385
518 0.19111969111969113
519 0.1907514450867052
520 0.19038461538461537
521 0.19001919385796545
522 0.1896551724137931
523 0.18929254302103252
524 0.19083969465648856
525 0.19047619047619047
526 0.19011406844106463
527 0.19165085388994307
528 0.19128787878787878
529 0.19092627599243855
530 0.19056603773584907
531 0.1902071563088512
532 0.18984962406015038
533 0.1894934333958724
534 0.1891385767790262
535 0.18878504672897195
536 0.1884328358208955
537 0.18808193668528864
538 0.18773234200743494
539 0.18738404452690166
540 0.18703703703703703
541 0.1866913123844732
542 0.1863468634686347
543 0.1860036832412523
544 0.1875
545 0.1871559633027523
546 0.18681318681318682
547 0.18647166361974407
548 0.18613138686131386
549 0.18579234972677597
550 0.18545454545454546
551 0.1851179673321234
552 0.18478260869565216
553 0.1844484629294756
554 0.18411552346570398
555 0.1837837837837838
556 0.18345323741007194
557 0.18312387791741472
558 0.1827956989247312
559 0.18246869409660108
560 0.18214285714285713
561 0.18181818181818182
562 0.18327402135231316
563 0.18294849023090587
564 0.18262411347517732
565 0.18230088495575222
566 0.18197879858657243
567 0.18165784832451498
568 0.1813380281690141
569 0.18101933216168717
570 0.18070175438596492
571 0.18038528896672504
572 0.18006993006993008
573 0.18150087260034903
574 0.18118466898954705
575 0.1808695652173913
576 0.18055555555555555
577 0.18024263431542462
578 0.17993079584775087
579 0.17962003454231434
580 0.1793103448275862
581 0.17900172117039587
582 0.17869415807560138
583 0.1783876500857633
584 0.1780821917808219
585 0.17777777777777778
586 0.17747440273037543
587 0.17717206132879046
588 0.17687074829931973
589 0.1765704584040747
590 0.17627118644067796
591 0.17597292724196278
592 0.17567567567567569
593 0.17537942664418213
594 0.1750841750841751
595 0.17478991596638654
596 0.174496644295302
597 0.17420435510887772
598 0.17391304347826086
599 0.17362270450751252
600 0.17333333333333334
601 0.17304492512479203
602 0.17275747508305647
603 0.1724709784411277
604 0.17218543046357615
605 0.171900826446281
606 0.1716171617161716
607 0.171334431630972
608 0.17105263157894737
609 0.17077175697865354
610 0.17049180327868851
611 0.1702127659574468
612 0.16993464052287582
613 0.16965742251223492
614 0.17100977198697068
615 0.17073170731707318
616 0.17045454545454544
617 0.17017828200972449
618 0.16990291262135923
619 0.16962843295638125
620 0.1693548387096774
621 0.16908212560386474
622 0.16881028938906753
623 0.16853932584269662
624 0.16826923076923078
625 0.168
626 0.16773162939297126
627 0.1674641148325359
628 0.16719745222929935
629 0.1669316375198728
630 0.16666666666666666
631 0.1664025356576862
632 0.1661392405063291
633 0.16587677725118483
634 0.16561514195583596
635 0.16535433070866143
636 0.1650943396226415
637 0.16483516483516483
638 0.164576802507837
639 0.1643192488262911
640 0.1640625
641 0.16380655226209048
642 0.16355140186915887
643 0.16329704510108864
644 0.16304347826086957
645 0.16279069767441862
646 0.16408668730650156
647 0.16537867078825347
648 0.16512345679012347
649 0.16486902927580893
650 0.1646153846153846
651 0.16436251920122888
652 0.16411042944785276
653 0.1638591117917305
654 0.1636085626911315
655 0.1633587786259542
656 0.16310975609756098
657 0.1628614916286149
658 0.16261398176291794
659 0.16236722306525037
660 0.1621212121212121
661 0.16187594553706505
662 0.16163141993957703
663 0.16138763197586728
664 0.16114457831325302
665 0.16090225563909774
666 0.16066066066066065
667 0.16041979010494753
668 0.1601796407185629
669 0.15994020926756353
670 0.15970149253731344
671 0.15946348733233978
672 0.15922619047619047
673 0.1589895988112927
674 0.15875370919881307
675 0.15851851851851853
676 0.15828402366863906
677 0.15805022156573117
678 0.15781710914454278
679 0.15758468335787923
680 0.15735294117647058
681 0.15712187958883994
682 0.15689149560117302
683 0.15666178623718888
684 0.1564327485380117
685 0.1562043795620438
686 0.15597667638483964
687 0.15574963609898107
688 0.1555232558139535
689 0.15529753265602322
690 0.15507246376811595
691 0.1548480463096961
692 0.1546242774566474
693 0.1544011544011544
694 0.15417867435158503
695 0.1539568345323741
696 0.15373563218390804
697 0.15351506456241032
698 0.15329512893982808
699 0.1530758226037196
700 0.15285714285714286
701 0.15263908701854492
702 0.15242165242165243
703 0.15220483641536273
704 0.15198863636363635
705 0.15177304964539007
706 0.15155807365439095
707 0.15134370579915135
708 0.15112994350282485
709 0.15091678420310295
710 0.15070422535211267
711 0.15049226441631505
712 0.1502808988764045
713 0.15007012622720897
714 0.14985994397759103
715 0.14965034965034965
716 0.1494413407821229
717 0.1492329149232915
718 0.149025069637883
719 0.14881780250347706
720 0.1486111111111111
721 0.14840499306518723
722 0.1481994459833795
723 0.1479944674965422
724 0.1477900552486188
725 0.1489655172413793
726 0.1487603305785124
727 0.1485557083906465
728 0.14835164835164835
729 0.14814814814814814
730 0.14794520547945206
731 0.14774281805745554
732 0.14754098360655737
733 0.14733969986357434
734 0.14713896457765668
735 0.1469387755102041
736 0.14673913043478262
737 0.14654002713704206
738 0.14634146341463414
739 0.14614343707713126
740 0.14594594594594595
741 0.145748987854251
742 0.14555256064690028
743 0.14535666218034993
744 0.14516129032258066
745 0.14496644295302014
746 0.1447721179624665
747 0.14457831325301204
748 0.1443850267379679
749 0.14419225634178906
750 0.144
751 0.14380825565912117
752 0.14361702127659576
753 0.14342629482071714
754 0.14323607427055704
755 0.14304635761589404
756 0.14285714285714285
757 0.142668428005284
758 0.1424802110817942
759 0.1422924901185771
760 0.14210526315789473
761 0.14191852825229961
762 0.14173228346456693
763 0.14154652686762778
764 0.14267015706806283
765 0.14248366013071895
766 0.1422976501305483
767 0.1421121251629726
768 0.14192708333333334
769 0.14174252275682706
770 0.14155844155844155
771 0.14137483787289234
772 0.1411917098445596
773 0.1410090556274256
774 0.14082687338501293
775 0.1406451612903226
776 0.1404639175257732
777 0.1402831402831403
778 0.14010282776349614
779 0.1399229781771502
780 0.13974358974358975
781 0.13956466069142126
782 0.13938618925831203
783 0.1392081736909323
784 0.13903061224489796
785 0.13885350318471337
786 0.138676844783715
787 0.13850063532401524
788 0.1383248730964467
789 0.13814955640050697
790 0.1379746835443038
791 0.13780025284450062
792 0.13762626262626262
793 0.13745271122320302
794 0.13727959697732997
795 0.1371069182389937
796 0.13693467336683418
797 0.13676286072772897
798 0.13659147869674185
799 0.13642052565707133
800 0.13625
801 0.13607990012484394
802 0.13591022443890274
803 0.1357409713574097
804 0.13557213930348258
805 0.13540372670807455
806 0.13523573200992556
807 0.13506815365551425
808 0.1349009900990099
809 0.13473423980222496
810 0.1345679012345679
811 0.1344019728729963
812 0.13423645320197045
813 0.13407134071340712
814 0.1339066339066339
815 0.13374233128834356
816 0.13357843137254902
817 0.13341493268053856
818 0.1332518337408313
819 0.1330891330891331
820 0.1329268292682927
821 0.13276492082825822
822 0.13260340632603407
823 0.1324422843256379
824 0.13228155339805825
825 0.1321212121212121
826 0.13196125907990314
827 0.13180169286577992
828 0.1316425120772947
829 0.13148371531966224
830 0.13132530120481928
831 0.13116726835138387
832 0.1310096153846154
833 0.13085234093637454
834 0.13069544364508393
835 0.13053892215568863
836 0.1303827751196172
837 0.13022700119474312
838 0.13007159904534607
839 0.1299165673420739
840 0.12976190476190477
841 0.12960760998810938
842 0.12945368171021376
843 0.12930011862396204
844 0.12914691943127962
845 0.1289940828402367
846 0.1288416075650118
847 0.12868949232585597
848 0.12853773584905662
849 0.12838633686690223
850 0.12823529411764706
851 0.12808460634547592
852 0.12793427230046947
853 0.12778429073856976
854 0.12763466042154567
855 0.12748538011695906
856 0.12733644859813084
857 0.12718786464410736
858 0.12703962703962704
859 0.12689173457508732
860 0.12674418604651164
861 0.12659698025551683
862 0.12645011600928074
863 0.12630359212050984
864 0.1261574074074074
865 0.1260115606936416
866 0.1258660508083141
867 0.12572087658592848
868 0.12557603686635946
869 0.12543153049482164
870 0.12528735632183907
871 0.1251435132032147
872 0.12614678899082568
873 0.12600229095074456
874 0.12585812356979406
875 0.12571428571428572
876 0.12557077625570776
877 0.12542759407069556
878 0.1252847380410023
879 0.12514220705346984
880 0.125
881 0.12485811577752554
882 0.12471655328798185
883 0.1245753114382786
884 0.1244343891402715
885 0.12429378531073447
886 0.12415349887133183
887 0.12401352874859076
888 0.12387387387387387
889 0.12373453318335208
890 0.12359550561797752
891 0.12457912457912458
892 0.12443946188340807
893 0.12430011198208286
894 0.12416107382550336
895 0.12402234636871508
896 0.12388392857142858
897 0.12374581939799331
898 0.12360801781737193
899 0.12347052280311457
900 0.12333333333333334
901 0.12319644839067703
902 0.12305986696230599
903 0.12292358803986711
904 0.12278761061946902
905 0.12265193370165746
906 0.12251655629139073
907 0.12238147739801543
908 0.1222466960352423
909 0.12211221122112212
910 0.12197802197802197
911 0.12184412733260154
912 0.12171052631578948
913 0.12157721796276014
914 0.12144420131291028
915 0.12131147540983607
916 0.12117903930131005
917 0.12104689203925845
918 0.12200435729847495
919 0.12187159956474429
920 0.12173913043478261
921 0.12160694896851248
922 0.12147505422993492
923 0.12134344528710726
924 0.12121212121212122
925 0.12108108108108108
926 0.12095032397408208
927 0.12081984897518878
928 0.1206896551724138
929 0.12055974165769645
930 0.12043010752688173
931 0.12030075187969924
932 0.12017167381974249
933 0.12004287245444802
934 0.12098501070663811
935 0.12085561497326203
936 0.12072649572649573
937 0.12059765208110992
938 0.12046908315565032
939 0.12034078807241747
940 0.1202127659574468
941 0.12008501594048884
942 0.11995753715498939
943 0.11983032873807
944 0.11970338983050847
945 0.11957671957671957
946 0.11945031712473574
947 0.11932418162618796
948 0.11919831223628692
949 0.11907270811380401
950 0.11894736842105263
951 0.11882229232386961
952 0.11869747899159663
953 0.11857292759706191
954 0.11844863731656184
955 0.11832460732984293
956 0.11820083682008369
957 0.1180773249738767
958 0.11795407098121086
959 0.11783107403545359
960 0.11770833333333333
961 0.11758584807492195
962 0.11746361746361747
963 0.11734164070612668
964 0.11721991701244813
965 0.11709844559585492
966 0.11697722567287784
967 0.11685625646328852
968 0.11673553719008264
969 0.11661506707946337
970 0.11649484536082474
971 0.11637487126673532
972 0.11625514403292181
973 0.11613566289825282
974 0.11601642710472279
975 0.1158974358974359
976 0.11577868852459017
977 0.11566018423746162
978 0.11554192229038855
979 0.11542390194075587
980 0.11530612244897959
981 0.11518858307849134
982 0.11507128309572301
983 0.11495422177009156
984 0.11483739837398374
985 0.11472081218274112
986 0.11460446247464504
987 0.11448834853090173
988 0.11437246963562753
989 0.11425682507583418
990 0.11414141414141414
991 0.11402623612512613
992 0.11391129032258064
993 0.11379657603222558
994 0.11368209255533199
995 0.1135678391959799
996 0.11345381526104417
997 0.11334002006018054
998 0.11322645290581163
999 0.11311311311311312
1000 0.113
1001 0.11288711288711288
1002 0.11277445109780439
1003 0.11266201395812563
1004 0.11254980079681275
1005 0.11243781094527364
1006 0.11232604373757456
1007 0.11221449851042702
1008 0.11210317460317461
1009 0.11199207135777998
1010 0.11188118811881188
1011 0.11177052423343224
1012 0.11166007905138339
1013 0.11154985192497532
1014 0.11143984220907298
1015 0.11133004926108374
1016 0.11122047244094488
1017 0.1111111111111111
1018 0.11198428290766209
1019 0.11285574092247301
1020 0.11274509803921569
1021 0.11263467189030363
1022 0.11252446183953033
1023 0.11241446725317693
1024 0.1123046875
1025 0.11219512195121951
1026 0.11208576998050682
1027 0.11197663096397274
1028 0.11186770428015565
1029 0.11175898931000972
1030 0.11165048543689321
1031 0.11154219204655674
1032 0.11143410852713179
1033 0.11132623426911907
1034 0.11121856866537717
1035 0.1111111111111111
1036 0.111003861003861
1037 0.11089681774349083
1038 0.11078998073217726
1039 0.11068334937439846
1040 0.11057692307692307
1041 0.11047070124879924
1042 0.11036468330134357
1043 0.11025886864813039
1044 0.11015325670498084
1045 0.11004784688995216
1046 0.10994263862332695
1047 0.10983763132760267
1048 0.10973282442748092
1049 0.109628217349857
1050 0.10952380952380952
1051 0.11037107516650808
1052 0.11026615969581749
1053 0.11016144349477683
1054 0.11005692599620494
1055 0.10995260663507109
1056 0.10984848484848485
1057 0.1097445600756859
1058 0.10964083175803403
1059 0.10953729933899906
1060 0.10943396226415095
1061 0.10933081998114987
1062 0.10922787193973635
1063 0.10912511759172154
1064 0.10902255639097744
1065 0.10892018779342723
1066 0.10881801125703565
1067 0.10871602624179943
1068 0.10861423220973783
1069 0.10851262862488306
1070 0.10841121495327102
1071 0.10830999066293184
1072 0.10820895522388059
1073 0.10810810810810811
1074 0.10800744878957169
1075 0.10790697674418605
1076 0.10780669144981413
1077 0.10770659238625813
1078 0.10760667903525047
1079 0.10750695088044486
1080 0.10740740740740741
1081 0.10730804810360776
1082 0.10720887245841035
1083 0.10710987996306556
1084 0.1070110701107011
1085 0.10691244239631337
1086 0.10681399631675875
1087 0.10671573137074516
1088 0.10661764705882353
1089 0.10651974288337925
1090 0.10642201834862386
1091 0.10632447296058661
1092 0.10622710622710622
1093 0.10612991765782251
1094 0.10603290676416818
1095 0.10593607305936073
1096 0.10583941605839416
1097 0.105742935278031
1098 0.10564663023679417
1099 0.10555050045495905
1100 0.10545454545454545
1101 0.10535876475930972
1102 0.10526315789473684
1103 0.10516772438803264
1104 0.10507246376811594
1105 0.10497737556561086
1106 0.10488245931283906
1107 0.10478771454381211
1108 0.10469314079422383
1109 0.10459873760144274
1110 0.1045045045045045
1111 0.10441044104410441
1112 0.10431654676258993
1113 0.10422282120395328
1114 0.10412926391382406
1115 0.10403587443946188
1116 0.1039426523297491
1117 0.10384959713518353
1118 0.1037567084078712
1119 0.10366398570151922
1120 0.10357142857142858
1121 0.10347903657448707
1122 0.10338680926916222
1123 0.10329474621549421
1124 0.10320284697508897
1125 0.10311111111111111
1126 0.10301953818827708
1127 0.10292812777284827
1128 0.10283687943262411
1129 0.10274579273693533
1130 0.10265486725663717
1131 0.10256410256410256
1132 0.10247349823321555
1133 0.10238305383936452
1134 0.10229276895943562
1135 0.10220264317180616
1136 0.10211267605633803
1137 0.10202286719437115
1138 0.10193321616871705
1139 0.10184372256365233
1140 0.10175438596491228
1141 0.1016652059596845
1142 0.10157618213660245
1143 0.10148731408573929
1144 0.10139860139860139
1145 0.10131004366812227
1146 0.1012216404886562
1147 0.1011333914559721
1148 0.10104529616724739
1149 0.10095735422106179
1150 0.10086956521739131
1151 0.10078192875760209
1152 0.10069444444444445
1153 0.10060711188204684
1154 0.10051993067590988
1155 0.10043290043290043
1156 0.10034602076124567
1157 0.10025929127052723
1158 0.1001727115716753
1159 0.1000862812769629
1160 0.1
1161 0.09991386735572783
1162 0.09982788296041308
1163 0.0997420464316423
1164 0.09965635738831616
1165 0.09957081545064378
1166 0.09948542024013722
1167 0.09940017137960583
1168 0.09931506849315068
1169 0.09923011120615911
1170 0.09914529914529914
1171 0.0990606319385141
1172 0.09897610921501707
1173 0.0988917306052856
1174 0.09880749574105621
1175 0.09872340425531916
1176 0.09863945578231292
1177 0.09855564995751911
1178 0.09847198641765705
1179 0.09838846480067855
1180 0.09830508474576272
1181 0.09822184589331075
1182 0.09813874788494077
1183 0.09805579036348266
1184 0.09797297297297297
1185 0.09789029535864979
1186 0.09780775716694773
1187 0.09772535804549284
1188 0.09764309764309764
1189 0.0975609756097561
1190 0.09747899159663866
1191 0.09739714525608732
1192 0.09731543624161074
1193 0.0972338642078793
1194 0.09715242881072027
1195 0.09707112970711297
1196 0.09698996655518395
1197 0.09690893901420217
1198 0.09682804674457429
1199 0.09674728940783987
1200 0.09666666666666666
1201 0.09658617818484597
1202 0.09650582362728785
1203 0.09642560266001662
1204 0.09634551495016612
1205 0.09626556016597511
1206 0.09618573797678276
1207 0.09610604805302403
1208 0.09602649006622517
1209 0.09594706368899918
1210 0.09586776859504133
1211 0.0957886044591247
1212 0.09570957095709572
1213 0.09563066776586975
1214 0.09555189456342669
1215 0.09547325102880659
1216 0.09539473684210527
1217 0.09531635168447
1218 0.09523809523809523
1219 0.0951599671862182
1220 0.09508196721311475
1221 0.095004095004095
1222 0.09492635024549918
1223 0.09484873262469337
1224 0.09558823529411764
1225 0.09551020408163265
1226 0.09543230016313213
1227 0.09535452322738386
1228 0.09527687296416938
1229 0.0951993490642799
1230 0.0951219512195122
1231 0.0950446791226645
1232 0.09496753246753246
1233 0.0948905109489051
1234 0.09481361426256078
1235 0.09473684210526316
1236 0.09466019417475728
1237 0.09458367016976556
1238 0.09450726978998385
1239 0.09443099273607748
1240 0.09435483870967742
1241 0.09427880741337631
1242 0.09420289855072464
1243 0.09412711182622686
1244 0.09405144694533762
1245 0.09397590361445783
1246 0.09390048154093097
1247 0.09382518043303929
1248 0.09375
1249 0.09367493995196156
1250 0.0936
1251 0.09352517985611511
1252 0.09345047923322684
1253 0.09337589784517158
1254 0.09330143540669857
1255 0.09322709163346614
1256 0.09315286624203821
1257 0.09307875894988067
1258 0.09300476947535771
1259 0.09293089753772836
1260 0.09285714285714286
1261 0.09278350515463918
1262 0.09270998415213946
1263 0.09263657957244656
1264 0.0925632911392405
1265 0.09249011857707509
1266 0.0924170616113744
1267 0.09234411996842937
1268 0.09227129337539432
1269 0.09219858156028368
1270 0.09212598425196851
1271 0.0920535011801731
1272 0.09198113207547169
1273 0.09190887666928516
1274 0.09183673469387756
1275 0.09176470588235294
1276 0.09169278996865204
1277 0.09162098668754894
1278 0.09154929577464789
1279 0.09147771696637999
1280 0.09140625
1281 0.09133489461358314
1282 0.09126365054602184
1283 0.09119251753702261
1284 0.0911214953271028
1285 0.09105058365758754
1286 0.09097978227060653
1287 0.09090909090909091
1288 0.09083850931677019
1289 0.09076803723816912
1290 0.09069767441860466
1291 0.0906274206041828
1292 0.09055727554179567
1293 0.09048723897911833
1294 0.09041731066460587
1295 0.09034749034749034
1296 0.09027777777777778
1297 0.09020817270624518
1298 0.0901386748844376
1299 0.09006928406466513
1300 0.09
1301 0.08993082244427364
1302 0.08986175115207373
1303 0.08979278587874137
1304 0.0897239263803681
1305 0.09042145593869731
1306 0.0903522205206738
1307 0.090283091048202
1308 0.09021406727828746
1309 0.09014514896867838
1310 0.0900763358778626
1311 0.09000762776506484
1312 0.0899390243902439
1313 0.08987052551408987
1314 0.0898021308980213
1315 0.08973384030418251
1316 0.08966565349544073
1317 0.08959757023538345
1318 0.08952959028831563
1319 0.08946171341925702
1320 0.0893939393939394
1321 0.08932626797880394
1322 0.08925869894099848
1323 0.08919123204837491
1324 0.0891238670694864
1325 0.0890566037735849
1326 0.0889894419306184
1327 0.08892238131122833
1328 0.08885542168674698
1329 0.08878856282919488
1330 0.0887218045112782
1331 0.08865514650638617
1332 0.08858858858858859
1333 0.08852213053263316
1334 0.08845577211394302
1335 0.08838951310861423
1336 0.08832335329341318
1337 0.08825729244577413
1338 0.08819133034379671
1339 0.08812546676624347
1340 0.0880597014925373
1341 0.08799403430275914
1342 0.08792846497764531
1343 0.08786299329858525
1344 0.08779761904761904
1345 0.08773234200743495
1346 0.08766716196136701
1347 0.08760207869339272
1348 0.08753709198813056
1349 0.08747220163083766
1350 0.0874074074074074
1351 0.08734270910436713
1352 0.08801775147928995
1353 0.08795269770879527
1354 0.0878877400295421
1355 0.08782287822878229
1356 0.08775811209439528
1357 0.08769344141488578
1358 0.08762886597938144
1359 0.0875643855776306
1360 0.0875
1361 0.08743570903747244
1362 0.08737151248164464
1363 0.08730741012472487
1364 0.0872434017595308
1365 0.08717948717948718
1366 0.08711566617862372
1367 0.08705193855157278
1368 0.08698830409356725
1369 0.08692476260043827
1370 0.08686131386861314
1371 0.08679795769511306
1372 0.08673469387755102
1373 0.08667152221412965
1374 0.08660844250363901
1375 0.08654545454545455
1376 0.08648255813953488
1377 0.08641975308641975
1378 0.08635703918722787
1379 0.08629441624365482
1380 0.08623188405797101
1381 0.08616944243301955
1382 0.08610709117221418
1383 0.08604483007953724
1384 0.08598265895953758
1385 0.08592057761732852
1386 0.08585858585858586
1387 0.08579668348954578
1388 0.08573487031700289
1389 0.08567314614830814
1390 0.0856115107913669
1391 0.08554996405463695
1392 0.08548850574712644
1393 0.08542713567839195
1394 0.08536585365853659
1395 0.08530465949820788
1396 0.08524355300859598
1397 0.08518253400143164
1398 0.08512160228898426
1399 0.08506075768406005
1400 0.085
1401 0.08493932905067808
1402 0.08487874465049929
1403 0.08481824661439771
1404 0.08475783475783476
1405 0.08469750889679716
1406 0.08463726884779517
1407 0.0845771144278607
1408 0.08451704545454546
1409 0.08445706174591909
1410 0.08439716312056737
1411 0.08433734939759036
1412 0.08427762039660057
1413 0.08421797593772117
1414 0.08415841584158416
1415 0.08409893992932863
1416 0.08403954802259887
1417 0.0839802399435427
1418 0.08392101551480959
1419 0.08386187455954898
1420 0.08380281690140845
1421 0.08374384236453201
1422 0.08368495077355836
1423 0.08362614195361912
1424 0.08356741573033707
1425 0.08350877192982456
1426 0.08345021037868162
1427 0.08339173090399439
1428 0.08333333333333333
1429 0.08327501749475158
1430 0.08321678321678322
1431 0.08315863032844165
1432 0.08310055865921788
1433 0.08304256803907886
1434 0.08298465829846582
1435 0.08292682926829269
1436 0.08286908077994429
1437 0.08281141266527488
1438 0.08275382475660639
1439 0.08269631688672689
1440 0.08263888888888889
1441 0.08258154059680778
1442 0.0825242718446602
1443 0.08246708246708247
1444 0.08240997229916898
1445 0.08304498269896193
1446 0.08298755186721991
1447 0.082930200414651
1448 0.08287292817679558
1449 0.08281573498964803
1450 0.08275862068965517
1451 0.08270158511371468
1452 0.08264462809917356
1453 0.08258774948382656
1454 0.08253094910591471
1455 0.08247422680412371
1456 0.08241758241758242
1457 0.08236101578586136
1458 0.0823045267489712
1459 0.0822481151473612
1460 0.0821917808219178
1461 0.08213552361396304
1462 0.08207934336525308
1463 0.08202323991797676
1464 0.08196721311475409
1465 0.08191126279863481
1466 0.08185538881309687
1467 0.081799591002045
1468 0.08174386920980926
1469 0.08168822328114364
1470 0.08163265306122448
1471 0.08157715839564922
1472 0.08152173913043478
1473 0.0814663951120163
1474 0.0814111261872456
1475 0.08135593220338982
1476 0.08130081300813008
1477 0.08124576844955991
1478 0.08119079837618404
1479 0.08113590263691683
1480 0.08108108108108109
1481 0.08102633355840648
1482 0.08097165991902834
1483 0.08091706001348618
1484 0.08086253369272237
1485 0.08080808080808081
1486 0.08075370121130551
1487 0.08069939475453934
1488 0.08064516129032258
1489 0.08059100067159167
1490 0.08053691275167785
1491 0.08048289738430583
1492 0.08042895442359249
1493 0.08037508372404555
1494 0.08032128514056225
1495 0.0802675585284281
1496 0.08021390374331551
1497 0.08016032064128256
1498 0.0801068090787717
1499 0.0800533689126084
1500 0.08
1501 0.07994670219853431
1502 0.07989347536617843
1503 0.07984031936127745
1504 0.0797872340425532
1505 0.07973421926910298
1506 0.0796812749003984
1507 0.07962840079628401
1508 0.07957559681697612
1509 0.07952286282306163
1510 0.07947019867549669
1511 0.07941760423560557
1512 0.07936507936507936
1513 0.07931262392597488
1514 0.07926023778071334
1515 0.07920792079207921
1516 0.079155672823219
1517 0.07910349373764008
1518 0.07905138339920949
1519 0.07899934167215274
1520 0.07894736842105263
1521 0.07889546351084813
1522 0.07884362680683311
1523 0.07879185817465528
1524 0.07874015748031496
1525 0.07868852459016394
1526 0.07863695937090433
1527 0.07858546168958742
1528 0.07853403141361257
1529 0.07848266841072596
1530 0.0784313725490196
1531 0.07838014369693011
1532 0.0783289817232376
1533 0.07827788649706457
1534 0.07822685788787484
1535 0.0781758957654723
1536 0.078125
1537 0.07807417046193885
1538 0.07802340702210664
1539 0.07797270955165692
1540 0.07792207792207792
1541 0.07787151200519143
1542 0.07782101167315175
1543 0.07777057679844458
1544 0.07772020725388601
1545 0.07766990291262135
1546 0.07761966364812418
1547 0.07756948933419522
1548 0.07751937984496124
1549 0.0774693350548741
1550 0.07741935483870968
1551 0.07736943907156674
1552 0.07731958762886598
1553 0.07726980038634901
1554 0.07722007722007722
1555 0.07717041800643087
1556 0.07712082262210797
1557 0.07707129094412331
1558 0.07702182284980745
1559 0.07697241821680564
1560 0.07692307692307693
1561 0.07687379884689302
1562 0.07682458386683738
1563 0.07677543186180422
1564 0.07672634271099744
1565 0.07667731629392971
1566 0.07662835249042145
1567 0.07657945118059988
1568 0.07653061224489796
1569 0.07648183556405354
1570 0.07643312101910828
1571 0.07638446849140675
1572 0.07633587786259542
1573 0.07628734901462174
1574 0.07623888182973317
1575 0.0761904761904762
1576 0.07614213197969544
1577 0.07609384908053266
1578 0.07604562737642585
1579 0.0759974667511083
1580 0.0759493670886076
1581 0.07590132827324478
1582 0.07585335018963338
1583 0.07580543272267846
1584 0.07575757575757576
1585 0.07570977917981073
1586 0.07566204287515763
1587 0.07561436672967864
1588 0.07556675062972293
1589 0.07614852108244179
1590 0.07610062893081761
1591 0.07605279698302954
1592 0.07600502512562814
1593 0.07595731324544884
1594 0.07590966122961104
1595 0.07586206896551724
1596 0.07581453634085213
1597 0.07576706324358172
1598 0.07571964956195244
1599 0.07567229518449031
1600 0.075625
1601 0.07557776389756403
1602 0.07553058676654183
1603 0.07548346849656894
1604 0.07543640897755612
1605 0.07538940809968847
1606 0.07534246575342465
1607 0.07529558182949596
1608 0.07524875621890548
1609 0.07520198881292728
1610 0.07515527950310559
1611 0.07510862818125388
1612 0.0750620347394541
1613 0.0750154990700558
1614 0.07496902106567534
1615 0.07492260061919505
1616 0.07487623762376237
1617 0.07482993197278912
1618 0.07478368355995056
1619 0.07473749227918468
1620 0.07469135802469136
1621 0.07464528069093153
1622 0.07459926017262639
1623 0.07455329636475662
1624 0.07450738916256158
1625 0.07446153846153847
1626 0.07441574415744158
1627 0.0743700061462815
1628 0.07432432432432433
1629 0.07427869858809086
1630 0.07423312883435583
1631 0.07418761496014716
1632 0.0741421568627451
1633 0.07409675443968157
1634 0.0740514075887393
1635 0.07400611620795107
1636 0.07396088019559902
1637 0.07391569945021381
1638 0.07387057387057387
1639 0.0738255033557047
1640 0.07378048780487804
1641 0.07373552711761121
1642 0.07369062119366626
1643 0.0736457699330493
1644 0.07360097323600973
1645 0.07355623100303951
1646 0.07351154313487242
1647 0.0734669095324833
1648 0.07342233009708737
1649 0.07337780473013948
1650 0.07333333333333333
1651 0.07328891580860085
1652 0.07324455205811138
1653 0.07320024198427103
1654 0.07315598548972188
1655 0.07311178247734139
1656 0.07306763285024155
1657 0.07302353651176825
1658 0.07297949336550061
1659 0.07293550331525014
1660 0.07289156626506024
1661 0.0728476821192053
1662 0.07280385078219014
1663 0.07276007215874924
1664 0.07271634615384616
1665 0.07267267267267268
1666 0.07262905162064826
1667 0.07258548290341932
1668 0.0725419664268585
1669 0.07249850209706411
1670 0.07245508982035928
1671 0.07241172950329144
1672 0.07236842105263158
1673 0.07232516437537358
1674 0.07228195937873358
1675 0.07223880597014926
1676 0.07219570405727924
1677 0.07215265354800239
1678 0.07210965435041716
1679 0.07206670637284097
1680 0.07202380952380952
1681 0.07198096371207614
1682 0.07193816884661118
1683 0.0718954248366013
1684 0.07185273159144893
1685 0.07181008902077152
1686 0.07176749703440095
1687 0.07172495554238292
1688 0.07168246445497631
1689 0.07164002368265246
1690 0.07159763313609467
1691 0.07155529272619751
1692 0.0715130023640662
1693 0.07147076196101594
1694 0.07142857142857142
1695 0.07138643067846608
1696 0.07134433962264151
1697 0.0713022981732469
1698 0.0712603062426384
1699 0.07121836374337846
1700 0.0711764705882353
1701 0.07113462669018225
1702 0.07109283196239718
1703 0.07105108631826189
1704 0.0710093896713615
1705 0.07096774193548387
1706 0.070926143024619
1707 0.07088459285295841
1708 0.07084309133489461
1709 0.07080163838502047
1710 0.07076023391812865
1711 0.07071887784921099
1712 0.07067757009345794
1713 0.07063631056625802
1714 0.0705950991831972
1715 0.07055393586005831
1716 0.07051282051282051
1717 0.07047175305765871
1718 0.07043073341094296
1719 0.07038976148923792
1720 0.07034883720930232
1721 0.07030796048808832
1722 0.07084785133565621
1723 0.07080673244341265
1724 0.07076566125290024
1725 0.07072463768115941
1726 0.07068366164542295
1727 0.07064273306311523
1728 0.07060185185185185
1729 0.07056101792943899
1730 0.07052023121387284
1731 0.07047949162333911
1732 0.07043879907621248
1733 0.07039815349105598
1734 0.07035755478662054
1735 0.07031700288184438
1736 0.07027649769585254
1737 0.07023603914795624
1738 0.07019562715765247
1739 0.07015526164462335
1740 0.07011494252873564
1741 0.0700746697300402
1742 0.07003444316877153
1743 0.0699942627653471
1744 0.06995412844036697
1745 0.06991404011461318
1746 0.06987399770904926
1747 0.06983400114481969
1748 0.06979405034324943
1749 0.06975414522584333
1750 0.06971428571428571
1751 0.06967447173043975
1752 0.06963470319634703
1753 0.06959498003422704
1754 0.06955530216647662
1755 0.06951566951566951
1756 0.06947608200455581
1757 0.06943653955606147
1758 0.06939704209328783
1759 0.06935758953951109
1760 0.06931818181818182
1761 0.06927881885292447
1762 0.06923950056753689
1763 0.06920022688598979
1764 0.0691609977324263
1765 0.06912181303116147
1766 0.06908267270668177
1767 0.0690435766836446
1768 0.06900452488687783
1769 0.06896551724137931
1770 0.06892655367231638
1771 0.06888763410502541
1772 0.06884875846501129
1773 0.06880992667794698
1774 0.06877113866967305
1775 0.06873239436619719
1776 0.0686936936936937
1777 0.0686550365785031
1778 0.0686164229471316
1779 0.06857785272625071
1780 0.06853932584269663
1781 0.06850084222346996
1782 0.06846240179573512
1783 0.06842400448681997
1784 0.06838565022421525
1785 0.06834733893557422
1786 0.0683090705487122
1787 0.06827084499160604
1788 0.06823266219239374
1789 0.06819452207937395
1790 0.06815642458100558
1791 0.06811836962590731
1792 0.06808035714285714
1793 0.06804238706079196
1794 0.06800445930880714
1795 0.06796657381615599
1796 0.06792873051224944
1797 0.06789092932665554
1798 0.067853170189099
1799 0.0678154530294608
1800 0.06777777777777778
1801 0.06774014436424208
1802 0.06770255271920089
1803 0.06766500277315585
1804 0.06762749445676275
1805 0.06759002770083103
1806 0.06755260243632337
1807 0.06751521859435529
1808 0.06747787610619468
1809 0.06744057490326147
1810 0.06740331491712707
1811 0.06736609607951408
1812 0.0673289183222958
1813 0.06729178157749587
1814 0.06725468577728776
1815 0.06721763085399449
1816 0.0671806167400881
1817 0.06714364336818933
1818 0.0671067106710671
1819 0.06706981858163827
1820 0.06703296703296703
1821 0.06699615595826469
1822 0.06695938529088913
1823 0.06692265496434449
1824 0.0668859649122807
1825 0.06684931506849315
1826 0.06681270536692223
1827 0.06677613574165299
1828 0.06673960612691467
1829 0.06670311645708037
1830 0.06666666666666667
1831 0.06663025669033315
1832 0.0665938864628821
1833 0.06655755591925805
1834 0.06652126499454744
1835 0.0664850136239782
1836 0.0664488017429194
1837 0.06641262928688078
1838 0.06637649619151251
1839 0.06634040239260468
1840 0.06630434782608696
1841 0.06626833242802825
1842 0.06623235613463627
1843 0.06619641888225719
1844 0.06616052060737528
1845 0.06612466124661247
1846 0.06608884073672806
1847 0.0660530590146183
1848 0.06601731601731602
1849 0.06598161168199027
1850 0.06594594594594595
1851 0.06591031874662345
1852 0.06587473002159827
1853 0.06583917970858068
1854 0.06580366774541532
1855 0.06576819407008086
1856 0.06573275862068965
1857 0.06569736133548734
1858 0.06566200215285253
1859 0.0656266810112964
1860 0.06559139784946237
1861 0.06555615260612574
1862 0.06552094522019335
1863 0.06548577563070317
1864 0.06545064377682404
1865 0.06595174262734585
1866 0.06591639871382636
1867 0.06588109266202463
1868 0.0658458244111349
1869 0.06581059390048154
1870 0.06577540106951872
1871 0.06574024585783003
1872 0.06570512820512821
1873 0.06567004805125468
1874 0.06563500533617929
1875 0.0656
1876 0.06556503198294243
1877 0.06553010122535961
1878 0.06549520766773163
1879 0.06546035125066525
1880 0.06542553191489361
1881 0.06539074960127592
1882 0.06535600425079703
1883 0.06532129580456718
1884 0.06528662420382166
1885 0.06525198938992043
1886 0.06521739130434782
1887 0.06518282988871224
1888 0.06514830508474577
1889 0.06511381683430387
1890 0.06507936507936508
1891 0.06504494976203067
1892 0.06501057082452431
1893 0.06497622820919176
1894 0.06494192185850053
1895 0.06490765171503958
1896 0.06487341772151899
1897 0.06483921982076964
1898 0.06480505795574289
1899 0.06477093206951026
1900 0.06473684210526316
1901 0.06470278800631246
1902 0.06466876971608833
1903 0.06463478717813978
1904 0.06460084033613446
1905 0.06456692913385827
1906 0.06453305351521511
1907 0.06449921342422653
1908 0.06446540880503145
1909 0.0644316396018858
1910 0.06439790575916231
1911 0.06436420722135008
1912 0.06433054393305439
1913 0.06429691583899634
1914 0.06426332288401254
1915 0.06422976501305483
1916 0.06419624217118998
1917 0.06416275430359937
1918 0.06412930135557873
1919 0.06409588327253778
1920 0.0640625
1921 0.06402915148360229
1922 0.0639958376690947
1923 0.06396255850234009
1924 0.06392931392931393
1925 0.0638961038961039
1926 0.06386292834890965
1927 0.06382978723404255
1928 0.0637966804979253
1929 0.06376360808709176
1930 0.06373056994818653
1931 0.06369756602796478
1932 0.06366459627329192
1933 0.0636316606311433
1934 0.06359875904860393
1935 0.06356589147286822
1936 0.06353305785123967
1937 0.06350025813113061
1938 0.06346749226006192
1939 0.06343476018566271
1940 0.0634020618556701
1941 0.0633693972179289
1942 0.06333676622039135
1943 0.06330416881111683
1944 0.06327160493827161
1945 0.06323907455012853
1946 0.0632065775950668
1947 0.06317411402157165
1948 0.06314168377823409
1949 0.06310928681375064
1950 0.06307692307692307
1951 0.06304459251665813
1952 0.0630122950819672
1953 0.0629800307219662
1954 0.06294779938587512
1955 0.06291560102301791
1956 0.06288343558282208
1957 0.0628513030148186
1958 0.06281920326864147
1959 0.06278713629402756
1960 0.06275510204081633
1961 0.06272310045894952
1962 0.06269113149847094
1963 0.06265919510952624
1964 0.06262729124236252
1965 0.06259541984732825
1966 0.06256358087487283
1967 0.06253177427554651
1968 0.0625
1969 0.062468257998984256
1970 0.062436548223350256
1971 0.0624048706240487
1972 0.06237322515212982
1973 0.06234161175874303
1974 0.06231003039513678
1975 0.062278481012658225
1976 0.062246963562753034
1977 0.0622154779969651
1978 0.0621840242669363
1979 0.06215260232440627
1980 0.06212121212121212
1981 0.06208985360928824
1982 0.062058526740666
1983 0.06202723146747353
1984 0.061995967741935484
1985 0.0619647355163728
1986 0.061933534743202415
1987 0.06190236537493709
1988 0.061871227364185113
1989 0.06184012066365008
1990 0.061809045226130656
1991 0.06177800100452034
1992 0.061746987951807226
1993 0.06171600602107376
1994 0.06168505516549649
1995 0.061654135338345864
1996 0.06162324649298597
1997 0.06159238858287431
1998 0.06156156156156156
1999 0.061530765382691345
2000 0.0615
2001 0.06146926536731634
2002 0.06143856143856144
2003 0.06140788816774838
2004 0.061377245508982034
2005 0.06134663341645885
2006 0.0613160518444666
2007 0.061285500747384154
2008 0.061254980079681276
2009 0.061224489795918366
2010 0.06119402985074627
2011 0.061163600198906015
2012 0.06113320079522863
2013 0.06110283159463487
2014 0.06107249255213505
2015 0.06104218362282878
2016 0.06101190476190476
2017 0.060981655924640554
2018 0.06095143706640238
2019 0.06092124814264487
2020 0.06089108910891089
2021 0.06086095992083127
2022 0.06083086053412463
2023 0.060800790904597134
2024 0.060770750988142296
2025 0.06074074074074074
2026 0.06071076011846002
2027 0.060680809077454365
2028 0.060650887573964495
2029 0.060620995564317395
2030 0.06059113300492611
2031 0.060561299852289516
2032 0.06053149606299212
2033 0.060501721593703886
2034 0.06047197640117994
2035 0.06044226044226044
2036 0.06041257367387033
2037 0.060382916053019146
2038 0.06035328753680078
2039 0.06032368808239333
2040 0.060294117647058824
2041 0.060264576188143064
2042 0.06023506366307542
2043 0.06020558002936858
2044 0.06017612524461839
2045 0.060146699266503664
2046 0.060117302052785926
2047 0.06008793356130923
2048 0.06005859375
2049 0.060029282576866766
2050 0.06
2051 0.05997074597757192
2052 0.059941520467836254
2053 0.059912323429128105
2054 0.05988315481986368
2055 0.059854014598540145
2056 0.05982490272373541
2057 0.05979581915410792
2058 0.0597667638483965
2059 0.05973773676542011
2060 0.05970873786407767
2061 0.05967976710334789
2062 0.05965082444228904
2063 0.059621909840038775
2064 0.059593023255813955
2065 0.059564164648910414
2066 0.05953533397870281
2067 0.059506531204644414
2068 0.059477756286266927
2069 0.05944900918318028
2070 0.059420289855072465
2071 0.05939159826170932
2072 0.05936293436293436
2073 0.059334298118668596
2074 0.05930568948891032
2075 0.05927710843373494
2076 0.059248554913294796
2077 0.05922002888781897
2078 0.05919153031761309
2079 0.05916305916305916
2080 0.05913461538461538
2081 0.059106198942815956
2082 0.059077809798270896
2083 0.059049447911665866
2084 0.059021113243762
2085 0.058992805755395686
2086 0.059443911792905084
2087 0.05941542884523239
2088 0.05938697318007663
2089 0.05935854475825754
2090 0.05933014354066986
2091 0.05930176948828312
2092 0.05927342256214149
2093 0.05924510272336359
2094 0.05921680993314231
2095 0.05918854415274463
2096 0.05916030534351145
2097 0.05913209346685742
2098 0.05910390848427073
2099 0.05907575035731301
2100 0.05904761904761905
2101 0.059019514516896715
2102 0.058991436726926735
2103 0.05896338563956253
2104 0.058935361216730035
2105 0.05890736342042755
2106 0.05887939221272555
2107 0.05885144755576649
2108 0.058823529411764705
2109 0.05879563774300616
2110 0.058767772511848344
2111 0.05873993368072004
2112 0.058712121212121215
2113 0.05868433506862281
2114 0.0586565752128666
2115 0.05862884160756501
2116 0.05860113421550094
2117 0.05857345299952763
2118 0.05854579792256846
2119 0.0585181689476168
2120 0.05849056603773585
2121 0.058462989156058465
2122 0.058435438265786996
2123 0.05840791333019312
2124 0.0583804143126177
2125 0.05835294117647059
2126 0.05832549388523048
2127 0.05829807240244476
2128 0.05827067669172932
2129 0.05824330671676844
2130 0.05821596244131456
2131 0.058188643829188175
2132 0.058161350844277676
2133 0.058134083450539144
2134 0.05810684161199625
2135 0.05807962529274005
2136 0.05805243445692884
2137 0.05802526906878802
2138 0.057998129092609915
2139 0.057971014492753624
2140 0.05794392523364486
2141 0.05791686127977581
2142 0.05788982259570495
2143 0.05786280914605693
2144 0.05783582089552239
2145 0.05780885780885781
2146 0.05778191985088537
2147 0.05775500698649278
2148 0.05772811918063315
2149 0.0577012563983248
2150 0.05767441860465116
2151 0.05764760576476058
2152 0.05762081784386617
2153 0.057594054807245706
2154 0.057567316620241414
2155 0.05754060324825986
2156 0.0575139146567718
2157 0.05748725081131201
2158 0.057460611677479144
2159 0.05743399722093562
2160 0.05740740740740741
2161 0.05738084220268394
2162 0.05735430157261795
2163 0.05732778548312529
2164 0.05730129390018484
2165 0.057274826789838335
2166 0.057248384118190214
2167 0.05722196585140748
2168 0.05719557195571956
2169 0.05716920239741816
2170 0.05714285714285714
2171 0.05711653615845232
2172 0.0570902394106814
2173 0.057063966866083754
2174 0.05703771849126035
2175 0.057011494252873565
2176 0.05698529411764706
2177 0.05695911805236564
2178 0.05693296602387511
2179 0.056906837999082145
2180 0.05688073394495413
2181 0.05685465382851903
2182 0.05682859761686526
2183 0.056802565277141545
2184 0.056776556776556776
2185 0.056750572082379866
2186 0.056724611161939616
2187 0.0566986739826246
2188 0.056672760511883
2189 0.05664687071722248
2190 0.05662100456621005
2191 0.05659516202647193
2192 0.05656934306569343
2193 0.056543547651618786
2194 0.056517775752051046
2195 0.05649202733485194
2196 0.056466302367941715
2197 0.056440600819299046
2198 0.056414922656960874
2199 0.05638926784902228
2200 0.056363636363636366
2201 0.056338028169014086
2202 0.05631244323342416
2203 0.05628688152519292
2204 0.056261343012704176
2205 0.05623582766439909
2206 0.056210335448776065
2207 0.05618486633439058
2208 0.05615942028985507
2209 0.05613399728383884
2210 0.056108597285067875
2211 0.05608322026232474
2212 0.05605786618444846
2213 0.05603253502033439
2214 0.05600722673893405
2215 0.05598194130925508
2216 0.05595667870036101
2217 0.05593143888137122
2218 0.05590622182146077
2219 0.0558810274898603
2220 0.055855855855855854
2221 0.055830706888788835
2222 0.0558055805580558
2223 0.05578047683310841
2224 0.05575539568345324
2225 0.05573033707865169
2226 0.055705300988319856
2227 0.05568028738212842
2228 0.05565529622980251
2229 0.05563032750112158
2230 0.05560538116591928
2231 0.055580457194083374
2232 0.05555555555555555
2233 0.05553067622033139
2234 0.05550581915846016
2235 0.05548098434004474
2236 0.055456171735241505
2237 0.05543138131426017
2238 0.05540661304736372
2239 0.055381866904868245
2240 0.055357142857142855
2241 0.05533244087460955
2242 0.05530776092774309
2243 0.055283102987070884
2244 0.05525846702317291
2245 0.055233853006681516
2246 0.05520926090828139
2247 0.05518469069870939
2248 0.05516014234875445
2249 0.055135615829257446
2250 0.05511111111111111
2251 0.05508662816525989
2252 0.055062166962699825
2253 0.05503772747447847
2254 0.055013309671694766
2255 0.054988913525498895
2256 0.0549645390070922
2257 0.05494018608772707
2258 0.05491585473870682
2259 0.054891544931385566
2260 0.05486725663716814
2261 0.05484298982750995
2262 0.05481874447391689
2263 0.0547945205479452
2264 0.054770318021201414
2265 0.05474613686534217
2266 0.05472197705207414
2267 0.054697838553153945
2268 0.054673721340388004
2269 0.054649625385632436
2270 0.05462555066079295
2271 0.054601497137824744
2272 0.05457746478873239
2273 0.05455345358556973
2274 0.05452946350043975
2275 0.05450549450549451
2276 0.054481546572934976
2277 0.054457619675010976
2278 0.05443371378402107
2279 0.05440982887231242
2280 0.054385964912280704
2281 0.05436212187637001
2282 0.05433829973707274
2283 0.05431449846692948
2284 0.0542907180385289
2285 0.054266958424507655
2286 0.0542432195975503
2287 0.05421950153038916
2288 0.05419580419580419
2289 0.05417212756662298
2290 0.05414847161572053
2291 0.054124836316019206
2292 0.05410122164048865
2293 0.05407762756214566
2294 0.05405405405405406
2295 0.05403050108932462
2296 0.05400696864111498
2297 0.053983456682629515
2298 0.053959965187119235
2299 0.053936494127881686
2300 0.05391304347826087
2301 0.05388961321164711
2302 0.05386620330147698
2303 0.053842813721233174
2304 0.05381944444444445
2305 0.053796095444685464
2306 0.053772766695576756
2307 0.05374945817078457
2308 0.053726169844020795
2309 0.053702901689042876
2310 0.05367965367965368
2311 0.05365642578970143
2312 0.05363321799307959
2313 0.05361003026372676
2314 0.05358686257562662
2315 0.05356371490280778
2316 0.0535405872193437
2317 0.053517479499352615
2318 0.05349439171699741
2319 0.053471323846485556
2320 0.05344827586206897
2321 0.05342524773804395
2322 0.053402239448751075
2323 0.05337925096857512
2324 0.05335628227194492
2325 0.05333333333333334
2326 0.05331040412725709
2327 0.05328749462827675
2328 0.05326460481099656
2329 0.053241734650064404
2330 0.05321888412017167
2331 0.053196053196053195
2332 0.05317324185248713
2333 0.0531504500642949
2334 0.05312767780634105
2335 0.05310492505353319
2336 0.053082191780821915
2337 0.05305947796320069
2338 0.05303678357570573
2339 0.05301410859341599
2340 0.05299145299145299
2341 0.05296881674498078
2342 0.05294619982920581
2343 0.052923602219376864
2344 0.052901023890784986
2345 0.05287846481876333
2346 0.05285592497868713
2347 0.052833404345973584
2348 0.05281090289608177
2349 0.05278842060451256
2350 0.05276595744680851
2351 0.05274351339855381
2352 0.05272108843537415
2353 0.05269868253293668
2354 0.052676295666949875
2355 0.052653927813163484
2356 0.05263157894736842
2357 0.05260924904539669
2358 0.05258693808312129
2359 0.05256464603645612
2360 0.05254237288135593
2361 0.05252011859381618
2362 0.05249788314987299
2363 0.052475666525603044
2364 0.05245346869712352
2365 0.05243128964059197
2366 0.052409129332206254
2367 0.05238698774820448
2368 0.052364864864864864
2369 0.052342760658505696
2370 0.05232067510548523
2371 0.052298608182201604
2372 0.05227655986509275
2373 0.05225453013063633
2374 0.05223251895534962
2375 0.05221052631578947
2376 0.05218855218855219
2377 0.052166596550273454
2378 0.05214465937762826
2379 0.052122740647330815
2380 0.052100840336134456
2381 0.052078958420831586
2382 0.052057094878253565
2383 0.052035249685270665
2384 0.05201342281879195
2385 0.0519916142557652
2386 0.051969823973176864
2387 0.05194805194805195
2388 0.051926298157453935
2389 0.05190456257848472
2390 0.05188284518828452
2391 0.05186114596403179
2392 0.051839464882943144
2393 0.051817801922273296
2394 0.05179615705931495
2395 0.05177453027139875
2396 0.05175292153589316
2397 0.051731330830204425
2398 0.05170975813177648
2399 0.05168820341809087
2400 0.051666666666666666
2401 0.05164514785506039
2402 0.051623646960865945
2403 0.05160216396171453
2404 0.051580698835274545
2405 0.05155925155925156
2406 0.051537822111388194
2407 0.05151641046946406
2408 0.05149501661129568
2409 0.05147364051473641
2410 0.051452282157676346
2411 0.051430941518042304
2412 0.05140961857379768
2413 0.0513883133029424
2414 0.05136702568351284
2415 0.05134575569358178
2416 0.05132450331125828
2417 0.05130326851468763
2418 0.05128205128205128
2419 0.051260851591566764
2420 0.0512396694214876
2421 0.05121850475010326
2422 0.05119735755573906
2423 0.051176227816756084
2424 0.05115511551155116
2425 0.0511340206185567
2426 0.051112943116240726
2427 0.05109188298310672
2428 0.051070840197693576
2429 0.05104981473857555
2430 0.05102880658436214
2431 0.051007815713698064
2432 0.05139802631578947
2433 0.05137690094533498
2434 0.05135579293344289
2435 0.0513347022587269
2436 0.051313628899835796
2437 0.05129257283545342
2438 0.05127153404429861
2439 0.05125051250512505
2440 0.05122950819672131
2441 0.05120852109791069
2442 0.05118755118755119
2443 0.05116659844453541
2444 0.051145662847790506
2445 0.05112474437627812
2446 0.051103843008994274
2447 0.05108295872496935
2448 0.05106209150326797
2449 0.05104124132298898
2450 0.05102040816326531
2451 0.050999592003263976
2452 0.050978792822185974
2453 0.050958010599266204
2454 0.05093724531377343
2455 0.05091649694501019
2456 0.050895765472312705
2457 0.05087505087505088
2458 0.050854353132628156
2459 0.0508336722244815
2460 0.0508130081300813
2461 0.05079236082893133
2462 0.05077173030056864
2463 0.05075111652456354
2464 0.05073051948051948
2465 0.05070993914807302
2466 0.05068937550689376
2467 0.05066882853668423
2468 0.0506482982171799
2469 0.05062778452814905
2470 0.05060728744939271
2471 0.050586806960744635
2472 0.0505663430420712
2473 0.05054589567327133
2474 0.05052546483427647
2475 0.050505050505050504
2476 0.05048465266558966
2477 0.050464271295922486
2478 0.050443906376109765
2479 0.050423557886244454
2480 0.05040322580645161
2481 0.05038291011688835
2482 0.050362610797743755
2483 0.05034232782923882
2484 0.05032206119162641
2485 0.05030181086519115
2486 0.0502815768302494
2487 0.050261359067149174
2488 0.050241157556270094
2489 0.0502209722780233
2490 0.050200803212851405
2491 0.05018065034122842
2492 0.05016051364365971
2493 0.05014039310068191
2494 0.05012028869286287
2495 0.050100200400801605
2496 0.05008012820512821
2497 0.0500600720865038
2498 0.0500400320256205
2499 0.05002000800320128
2500 0.05
2501 0.04998000799680128
2502 0.04996003197442046
2503 0.04994007191370355
2504 0.04992012779552716
2505 0.0499001996007984
2506 0.04988028731045491
2507 0.0498603909054647
2508 0.04984051036682616
2509 0.04982064567556795
2510 0.049800796812749
2511 0.04978096375945838
2512 0.04976114649681529
2513 0.04974134500596896
2514 0.049721559268098646
2515 0.04970178926441352
2516 0.049682034976152624
2517 0.049662296384584824
2518 0.049642573471008734
2519 0.04962286621675268
2520 0.0496031746031746
2521 0.04958349861166204
2522 0.049563838223632035
2523 0.04954419342053112
2524 0.04952456418383518
2525 0.04950495049504951
2526 0.04948535233570863
2527 0.049465769687376336
2528 0.04944620253164557
2529 0.04942665085013839
2530 0.04940711462450593
2531 0.04938759383642829
2532 0.049368088467614535
2533 0.0493485984998026
2534 0.04932912391475927
2535 0.04930966469428008
2536 0.04929022082018927
2537 0.049270792274339774
2538 0.04925137903861308
2539 0.04923198109491926
2540 0.04921259842519685
2541 0.04919323101141283
2542 0.04917387883556255
2543 0.04915454187966968
2544 0.049135220125786166
2545 0.04911591355599214
2546 0.049096622152395915
2547 0.04907734589713388
2548 0.04905808477237049
2549 0.04903883876029816
2550 0.049019607843137254
2551 0.04900039200313602
2552 0.04898119122257053
2553 0.04896200548374462
2554 0.04894283476898982
2555 0.04892367906066536
2556 0.04890453834115806
2557 0.04888541259288228
2558 0.04886630179827991
2559 0.04884720593982024
2560 0.048828125
2561 0.04880905896134322
2562 0.04879000780640125
2563 0.048770971517752636
2564 0.04875195007800312
2565 0.04873294346978557
2566 0.04871395167575994
2567 0.04869497467861317
2568 0.04867601246105919
2569 0.04865706500583885
2570 0.048638132295719845
2571 0.048619214313496695
2572 0.04860031104199067
2573 0.04858142246404975
2574 0.04856254856254856
2575 0.04854368932038835
2576 0.048524844720496896
2577 0.04850601474582848
2578 0.04848719937936385
2579 0.04846839860411012
2580 0.04844961240310078
2581 0.048430840759395584
2582 0.04841208365608056
2583 0.04839334107626791
2584 0.04837461300309598
2585 0.048355899419729204
2586 0.048337200309358085
2587 0.048318515655199075
2588 0.04829984544049459
2589 0.04828118964851294
2590 0.04826254826254826
2591 0.048243921265920496
2592 0.04822530864197531
2593 0.04820671037408407
2594 0.04818812644564379
2595 0.04816955684007707
2596 0.04815100154083205
2597 0.048132460531382364
2598 0.0481139337952271
2599 0.04809542131589073
2600 0.04807692307692308
2601 0.04805843906189927
2602 0.048039969254419675
2603 0.04802151363810987
2604 0.04800307219662058
2605 0.04798464491362764
2606 0.04796623177283193
2607 0.04794783275795934
2608 0.04792944785276074
2609 0.047911077041011885
2610 0.04789272030651341
2611 0.04787437763309077
2612 0.047856049004594184
2613 0.04783773440489859
2614 0.047819433817903594
2615 0.04780114722753346
2616 0.047782874617737
2617 0.04776461597248758
2618 0.04774637127578304
2619 0.047728140511645666
2620 0.04770992366412214
2621 0.04769172071728348
2622 0.04767353165522502
2623 0.04765535646206634
2624 0.04763719512195122
2625 0.047619047619047616
2626 0.047600913937547604
2627 0.0475827940616673
2628 0.04756468797564688
2629 0.047546595663750475
2630 0.04752851711026616
2631 0.047510452299505894
2632 0.047492401215805474
2633 0.0474743638435245
2634 0.04745634016704632
2635 0.04743833017077799
2636 0.04742033383915023
2637 0.04740235115661737
2638 0.047384382107657316
2639 0.0473664266767715
2640 0.04734848484848485
2641 0.047330556607345704
2642 0.047312641937925816
2643 0.04729474082482028
2644 0.0472768532526475
2645 0.04725897920604915
2646 0.0472411186696901
2647 0.04722327162825841
2648 0.04720543806646526
2649 0.04718761796904492
2650 0.04716981132075472
2651 0.047152018106374954
2652 0.0471342383107089
2653 0.04711647191858274
2654 0.04709871891484552
2655 0.047080979284369114
2656 0.047063253012048195
2657 0.04704554008280015
2658 0.04702784048156509
2659 0.04701015419330575
2660 0.046992481203007516
2661 0.04697482149567832
2662 0.04695717505634861
2663 0.04693954187007135
2664 0.04692192192192192
2665 0.04690431519699812
2666 0.04688672168042011
2667 0.046869141357330335
2668 0.04685157421289355
2669 0.04683402023229674
2670 0.04681647940074907
2671 0.04679895170348184
2672 0.046781437125748504
2673 0.046763935652824544
2674 0.04674644727000748
2675 0.04672897196261682
2676 0.04671150971599402
2677 0.04669406051550243
2678 0.04667662434652726
2679 0.04665920119447555
2680 0.04664179104477612
2681 0.04662439388287952
2682 0.04660700969425802
2683 0.04658963846440552
2684 0.046572280178837556
2685 0.04655493482309125
2686 0.046537602382725245
2687 0.04652028284331969
2688 0.04650297619047619
2689 0.04648568240981778
2690 0.046468401486988845
2691 0.046451133407655144
2692 0.046433878157503716
2693 0.046416635722242854
2694 0.046399406087602076
2695 0.04638218923933209
2696 0.046364985163204746
2697 0.046347793845012975
2698 0.046330615270570794
2699 0.04631344942571323
2700 0.046296296296296294
2701 0.04627915586819696
2702 0.0462620281273131
2703 0.04624491305956345
2704 0.046227810650887574
2705 0.04621072088724584
2706 0.046193643754619367
2707 0.046176579239009974
2708 0.04615952732644018
2709 0.04614248800295312
2710 0.046125461254612546
2711 0.046108447067502764
2712 0.04609144542772861
2713 0.04607445632141541
2714 0.04605747973470892
2715 0.04604051565377532
2716 0.04602356406480118
2717 0.04600662495399337
2718 0.045989698307579104
2719 0.04597278411180581
2720 0.04595588235294118
2721 0.04593899301727306
2722 0.04592211609110948
2723 0.04590525156077855
2724 0.04588839941262849
2725 0.045871559633027525
2726 0.045854732208363905
2727 0.04583791712504584
2728 0.04582111436950147
2729 0.04580432392817882
2730 0.045787545787545784
2731 0.045770779934090074
2732 0.04575402635431918
2733 0.045737285034760336
2734 0.0457205559619605
2735 0.04570383912248629
2736 0.04568713450292398
2737 0.04567044208987943
2738 0.045653761869978084
2739 0.045637093829864916
2740 0.04562043795620438
2741 0.04560379423568041
2742 0.045587162654996356
2743 0.045570543200874954
2744 0.045553935860058306
2745 0.04553734061930783
2746 0.045520757465404224
2747 0.04550418638514744
2748 0.04548762736535662
2749 0.045471080392870136
2750 0.045454545454545456
2751 0.045438022537259176
2752 0.045421511627906974
2753 0.04540501271340356
2754 0.04538852578068264
2755 0.045372050816696916
2756 0.045355587808417995
2757 0.04533913674283642
2758 0.045322697606961566
2759 0.04530627038782167
2760 0.04528985507246377
2761 0.04527345164795364
2762 0.04525706010137581
2763 0.045240680419833514
2764 0.04522431259044862
2765 0.045207956600361664
2766 0.04519161243673174
2767 0.04517528008673654
2768 0.045158959537572256
2769 0.045142650776453595
2770 0.04512635379061372
2771 0.04511006856730422
2772 0.045093795093795096
2773 0.04507753335737468
2774 0.04506128334534967
2775 0.04504504504504504
2776 0.04502881844380403
2777 0.045012603528988115
2778 0.04499640028797696
2779 0.04498020870816841
2780 0.044964028776978415
2781 0.044947860481841066
2782 0.04493170381020848
2783 0.044915558749550846
2784 0.04489942528735632
2785 0.04488330341113106
2786 0.04486719310839914
2787 0.044851094366702544
2788 0.04483500717360115
2789 0.04481893151667264
2790 0.044802867383512544
2791 0.04478681476173414
2792 0.04477077363896848
2793 0.044754744002864305
2794 0.044738725841088046
2795 0.044722719141323794
2796 0.044706723891273246
2797 0.0446907400786557
2798 0.044674767691208005
2799 0.04465880671668453
2800 0.044642857142857144
2801 0.04462691895751517
2802 0.04461099214846538
2803 0.04459507670353193
2804 0.04457917261055635
2805 0.044563279857397504
2806 0.044547398431931576
2807 0.04453152832205201
2808 0.044515669515669515
2809 0.044499822000711994
2810 0.04448398576512456
2811 0.04446816079686944
2812 0.04445234708392603
2813 0.04443654461429079
2814 0.04442075337597726
2815 0.04440497335701599
2816 0.044389204545454544
2817 0.04437344692935747
2818 0.04435770049680625
2819 0.044341965235899256
2820 0.044326241134751775
2821 0.044310528181495924
2822 0.04429482636428065
2823 0.044279135671271695
2824 0.044263456090651555
2825 0.04424778761061947
2826 0.04423213021939137
2827 0.04421648390519986
2828 0.0442008486562942
2829 0.04418522446094026
2830 0.044169611307420496
2831 0.04415400918403391
2832 0.04413841807909605
2833 0.04412283798093893
2834 0.04410726887791108
2835 0.04409171075837742
2836 0.044076163610719324
2837 0.04406062742333451
2838 0.044045102184637065
2839 0.044029587883057414
2840 0.04401408450704225
2841 0.04399859204505456
2842 0.04398311048557354
2843 0.04396763981709462
2844 0.043952180028129395
2845 0.043936731107205626
2846 0.04392129304286718
2847 0.04390586582367404
2848 0.04389044943820225
2849 0.04387504387504387
2850 0.043859649122807015
2851 0.04384426517011575
2852 0.0438288920056101
2853 0.043813529617946025
2854 0.04379817799579538
2855 0.043782837127845885
2856 0.04376750700280112
2857 0.04375218760938047
2858 0.043736878936319105
2859 0.04372158097236796
2860 0.043706293706293704
2861 0.043691017126878715
2862 0.043675751222921035
2863 0.04366049598323437
2864 0.043645251396648044
2865 0.04363001745200698
2866 0.04361479413817167
2867 0.04359958144401814
2868 0.04358437935843794
2869 0.043569187870338096
2870 0.04355400696864112
2871 0.04353883664228492
2872 0.04352367688022284
2873 0.0435085276714236
2874 0.04349338900487126
2875 0.043478260869565216
2876 0.043463143254520165
2877 0.04344803614876608
2878 0.04343293954134816
2879 0.04341785342132685
2880 0.043402777777777776
2881 0.04338771259979174
2882 0.04337265787647467
2883 0.043357613596947626
2884 0.04334257975034674
2885 0.043327556325823226
2886 0.04331254331254331
2887 0.04329754069968826
2888 0.0432825484764543
2889 0.04326756663205261
2890 0.04325259515570934
2891 0.043237634036665515
2892 0.04322268326417704
2893 0.04320774282751469
2894 0.04319281271596406
2895 0.04317789291882556
2896 0.043162983425414365
2897 0.043148084225060404
2898 0.04313319530710835
2899 0.04311831666091756
2900 0.04310344827586207
2901 0.043088590141330575
2902 0.043073742246726394
2903 0.043058904581467446
2904 0.043044077134986224
2905 0.043029259896729774
2906 0.04301445285615967
2907 0.042999656002751976
2908 0.04298486932599725
2909 0.042970092815400485
2910 0.0429553264604811
2911 0.04294057025077293
2912 0.042925824175824176
2913 0.04291108822519739
2914 0.04289636238846946
2915 0.04288164665523156
2916 0.042866941015089165
2917 0.04285224545766198
2918 0.04283755997258396
2919 0.04316546762589928
2920 0.04315068493150685
2921 0.04313591235878124
2922 0.043121149897330596
2923 0.04310639753677729
2924 0.043091655266757865
2925 0.043076923076923075
2926 0.0430622009569378
2927 0.04304748889648104
2928 0.0430327868852459
2929 0.04301809491293957
2930 0.043003412969283276
2931 0.042988741044012284
2932 0.042974079126875855
2933 0.04295942720763723
2934 0.04294478527607362
2935 0.04293015332197615
2936 0.042915531335149866
2937 0.04290091930541369
2938 0.04288631722260041
2939 0.04287172507655665
2940 0.04285714285714286
2941 0.04284257055423325
2942 0.04282800815771584
2943 0.04281345565749235
2944 0.042798913043478264
2945 0.042784380305602714
2946 0.04276985743380855
2947 0.04275534441805225
2948 0.042740841248303935
2949 0.042726347914547304
2950 0.04271186440677966
2951 0.04269739071501186
2952 0.042682926829268296
2953 0.04266847273958686
2954 0.04265402843601896
2955 0.04263959390862944
2956 0.04262516914749662
2957 0.04261075414271221
2958 0.04259634888438134
2959 0.04258195336262251
2960 0.04256756756756757
2961 0.0425531914893617
2962 0.042538825118163405
2963 0.042524468444144446
2964 0.04251012145748988
2965 0.042495784148397976
2966 0.04248145650708024
2967 0.042467138523761376
2968 0.04245283018867924
2969 0.042438531492084874
2970 0.04242424242424243
2971 0.04240996297542915
2972 0.0423956931359354
2973 0.04238143289606458
2974 0.04236718224613315
2975 0.042352941176470586
2976 0.04233870967741935
2977 0.0423244877393349
2978 0.04231027535258563
2979 0.04229607250755287
2980 0.042281879194630875
2981 0.04226769540422677
2982 0.04225352112676056
2983 0.042239356352665104
2984 0.04222520107238606
2985 0.04221105527638191
2986 0.04219691895512391
2987 0.04218279209909608
2988 0.04216867469879518
2989 0.04215456674473068
2990 0.042140468227424746
2991 0.04212637913741224
2992 0.042112299465240643
2993 0.0420982292014701
2994 0.04208416833667335
2995 0.042070116861435726
2996 0.04205607476635514
2997 0.042042042042042045
2998 0.042028018679119414
2999 0.04201400466822274
3000 0.042
3001 0.04198600466511163
3002 0.04197201865423051
3003 0.04195804195804196
3004 0.041944074567243674
3005 0.041930116472545756
3006 0.041916167664670656
3007 0.041902228134353174
3008 0.04188829787234043
3009 0.04187437686939183
3010 0.04186046511627907
3011 0.041846562603786115
3012 0.04183266932270916
3013 0.04181878526385662
3014 0.0418049104180491
3015 0.041791044776119404
3016 0.04177718832891247
3017 0.04176334106728538
3018 0.041749502982107355
3019 0.04173567406425969
3020 0.041721854304635764
3021 0.041708043694141016
3022 0.04169424222369292
3023 0.041680449884220976
3024 0.041666666666666664
3025 0.04165289256198347
3026 0.041639127561136816
3027 0.04162537165510406
3028 0.0416116248348745
3029 0.04159788709144932
3030 0.041584158415841586
3031 0.04157043879907621
3032 0.04155672823218998
3033 0.04154302670623145
3034 0.04152933421226104
3035 0.041515650741350905
3036 0.041501976284584984
3037 0.04148831083305894
3038 0.041474654377880185
3039 0.04146100691016782
3040 0.04144736842105263
3041 0.04143373890167708
3042 0.04142011834319527
3043 0.04140650673677292
3044 0.04139290407358739
3045 0.041379310344827586
3046 0.04136572554169402
3047 0.041352149655398754
3048 0.04133858267716536
3049 0.04132502459822893
3050 0.04131147540983607
3051 0.04129793510324484
3052 0.04128440366972477
3053 0.04127088110055683
3054 0.0412573673870334
3055 0.041243862520458266
3056 0.0412303664921466
3057 0.04121687929342493
3058 0.041203400915631135
3059 0.041189931350114416
3060 0.041176470588235294
3061 0.041163018621365566
3062 0.041149575440888306
3063 0.04113614103819784
3064 0.041122715404699736
3065 0.041109298531810765
3066 0.0410958904109589
3067 0.04108249103358331
3068 0.04106910039113429
3069 0.04105571847507331
3070 0.04104234527687296
3071 0.041028980788016936
3072 0.041015625
3073 0.04100227790432802
3074 0.04098893949251789
3075 0.04097560975609756
3076 0.04096228868660598
3077 0.04094897627559311
3078 0.04093567251461988
3079 0.040922377395258204
3080 0.04090909090909091
3081 0.04089581304771178
3082 0.040882543802725504
3083 0.04086928316574765
3084 0.04085603112840467
3085 0.040842787682333875
3086 0.04082955281918341
3087 0.04081632653061224
3088 0.040803108808290155
3089 0.040789899643897704
3090 0.040776699029126215
3091 0.04076350695567777
3092 0.0407503234152652
3093 0.040737148399612025
3094 0.04072398190045249
3095 0.040710823909531506
3096 0.040697674418604654
3097 0.04068453341943817
3098 0.040671400903808906
3099 0.04065827686350436
3100 0.04064516129032258
3101 0.040632054176072234
3102 0.04061895551257253
3103 0.04060586529165324
3104 0.04059278350515464
3105 0.04057971014492753
3106 0.04056664520283323
3107 0.04055358867074348
3108 0.04054054054054054
3109 0.04052750080411708
3110 0.04051446945337621
3111 0.040501446480231434
3112 0.04048843187660668
3113 0.040475425634436235
3114 0.04046242774566474
3115 0.04044943820224719
3116 0.04043645699614891
3117 0.04042348411934552
3118 0.040410519563822966
3119 0.04039756332157743
3120 0.04038461538461539
3121 0.04037167574495354
3122 0.04035874439461883
3123 0.040345821325648415
3124 0.04033290653008963
3125 0.04032
3126 0.04030710172744722
3127 0.040294211704509114
3128 0.04028132992327366
3129 0.040268456375838924
3130 0.040255591054313096
3131 0.04024273395081444
3132 0.040229885057471264
3133 0.04021704436642196
3134 0.04020421186981493
3135 0.04019138755980861
3136 0.04017857142857143
3137 0.040165763468281795
3138 0.040152963671128104
3139 0.040140172029308696
3140 0.040127388535031845
3141 0.04011461318051576
3142 0.04010184595798854
3143 0.0400890868596882
3144 0.04007633587786259
3145 0.04006359300476948
3146 0.040050858232676415
3147 0.04003813155386082
3148 0.040025412960609914
3149 0.040012702445220705
3150 0.04
3151 0.03998730561726436
3152 0.0399746192893401
3153 0.039961941008563276
3154 0.039949270767279645
3155 0.03993660855784469
3156 0.039923954372623575
3157 0.03991130820399113
3158 0.039898670044331855
3159 0.039886039886039885
3160 0.039873417721518985
3161 0.039860803543182534
3162 0.03984819734345351
3163 0.03983559911476446
3164 0.03982300884955752
3165 0.03981042654028436
3166 0.03979785217940619
3167 0.039785285759393746
3168 0.03977272727272727
3169 0.039760176711896494
3170 0.03974763406940063
3171 0.039735099337748346
3172 0.03972257250945776
3173 0.03971005357705641
3174 0.03969754253308128
3175 0.03968503937007874
3176 0.039672544080604534
3177 0.039660056657223795
3178 0.039647577092511016
3179 0.03963510537905002
3180 0.03962264150943396
3181 0.039610185476265325
3182 0.039597737272155875
3183 0.03958529688972667
3184 0.03957286432160804
3185 0.03956043956043956
3186 0.03954802259887006
3187 0.039535613429557574
3188 0.039523212045169384
3189 0.03951081843838194
3190 0.03949843260188088
3191 0.039486054528361014
3192 0.039473684210526314
3193 0.03946132164108988
3194 0.039448966812773954
3195 0.03943661971830986
3196 0.039424280350438046
3197 0.03941194870190804
3198 0.039399624765478425
3199 0.03938730853391685
3200 0.039375
3201 0.03936269915651359
3202 0.03935040599625234
3203 0.03933812051201998
3204 0.03932584269662921
3205 0.039313572542901715
3206 0.039301310043668124
3207 0.03928905519176801
3208 0.03927680798004988
3209 0.039264568401371144
3210 0.03925233644859813
3211 0.03924011211460604
3212 0.03922789539227895
3213 0.0392156862745098
3214 0.03920348475420037
3215 0.039191290824261274
3216 0.03917910447761194
3217 0.039166925707180604
3218 0.03915475450590429
3219 0.0391425908667288
3220 0.0391304347826087
3221 0.039118286246507296
3222 0.03910614525139665
3223 0.039094011790257524
3224 0.039081885856079406
3225 0.03906976744186046
3226 0.03905765654060756
3227 0.039045553145336226
3228 0.03903345724907063
3229 0.039021368844843606
3230 0.03900928792569659
3231 0.03899721448467967
3232 0.038985148514851485
3233 0.03897309000927931
3234 0.03896103896103896
3235 0.03894899536321484
3236 0.03893695920889988
3237 0.03892493049119555
3238 0.03891290920321186
3239 0.03890089533806731
3240 0.03888888888888889
3241 0.038876889848812095
3242 0.038864898210980874
3243 0.03885291396854764
3244 0.03884093711467324
3245 0.03882896764252696
3246 0.038817005545286505
3247 0.03880505081613797
3248 0.03879310344827586
3249 0.038781163434903045
3250 0.03876923076923077
3251 0.03875730544447862
3252 0.03874538745387454
3253 0.03873347679065478
3254 0.03872157344806392
3255 0.03870967741935484
3256 0.0386977886977887
3257 0.03868590727663494
3258 0.03867403314917127
3259 0.038662166308683646
3260 0.03865030674846626
3261 0.03863845446182153
3262 0.03862660944206009
3263 0.03861477168250076
3264 0.03860294117647059
3265 0.03859111791730475
3266 0.0385793018983466
3267 0.03856749311294766
3268 0.038555691554467565
3269 0.03884980116243499
3270 0.038837920489296636
3271 0.03882604708040355
3272 0.03881418092909535
3273 0.03880232202871983
3274 0.03879047037263286
3275 0.038778625954198474
3276 0.03876678876678877
3277 0.03875495880378395
3278 0.0387431360585723
3279 0.03873132052455017
3280 0.03871951219512195
3281 0.03870771106370009
3282 0.038695917123705056
3283 0.038684130368565335
3284 0.038672350791717415
3285 0.03866057838660578
3286 0.0386488131466829
3287 0.03863705506540919
3288 0.03862530413625304
3289 0.038613560352690784
3290 0.03860182370820669
3291 0.03859009419629292
3292 0.038578371810449576
3293 0.03856665654418463
3294 0.03855494839101396
3295 0.0385432473444613
3296 0.03853155339805825
3297 0.038519866545344256
3298 0.03850818677986659
3299 0.03849651409518036
3300 0.03848484848484848
3301 0.038473189942441685
3302 0.038461538461538464
3303 0.0384498940357251
3304 0.03843825665859564
3305 0.03842662632375189
3306 0.038415003024803385
3307 0.038403386755367405
3308 0.03839177750906892
3309 0.03838017527954065
3310 0.03836858006042296
3311 0.03835699184536394
3312 0.03834541062801932
3313 0.03833383640205252
3314 0.038322269161134584
3315 0.038310708898944196
3316 0.03829915560916767
3317 0.038287609285498944
3318 0.038276069921639545
3319 0.03826453751129858
3320 0.03825301204819277
3321 0.038241493526046375
3322 0.03822998193859121
3323 0.038218477279566655
3324 0.038206979542719614
3325 0.03819548872180451
3326 0.03818400481058328
3327 0.038172527802825366
3328 0.038161057692307696
3329 0.03814959447281466
3330 0.038138138138138135
3331 0.038126688682077456
3332 0.03811524609843937
3333 0.038103810381038106
3334 0.03809238152369526
3335 0.03808095952023988
3336 0.03806954436450839
3337 0.038058136050344624
3338 0.03804673457159976
3339 0.03803533992213237
3340 0.03802395209580838
3341 0.038012571086501044
3342 0.03800119688809096
3343 0.03798982949446605
3344 0.03797846889952153
3345 0.03796711509715994
3346 0.03795576808129109
3347 0.03794442784583209
3348 0.03793309438470729
3349 0.03792176769184831
3350 0.03791044776119403
3351 0.03789913458669054
3352 0.03788782816229117
3353 0.037876528481956453
3354 0.037865235539654145
3355 0.03785394932935916
3356 0.037842669845053634
3357 0.03783139708072684
3358 0.03782013103037522
3359 0.037808871688002385
3360 0.037797619047619045
3361 0.037786373103243086
3362 0.03777513384889947
3363 0.03776390127862028
3364 0.03775267538644471
3365 0.03774145616641902
3366 0.03773024361259655
3367 0.03771903771903772
3368 0.03770783847980998
3369 0.03769664588898783
3370 0.03768545994065282
3371 0.037674280628893504
3372 0.03766310794780545
3373 0.03765194189149126
3374 0.03764078245406046
3375 0.03762962962962963
3376 0.037618483412322275
3377 0.03760734379626888
3378 0.03759621077560687
3379 0.037585084344480615
3380 0.03757396449704142
3381 0.0375628512274475
3382 0.037551744529863984
3383 0.0375406443984629
3384 0.037529550827423167
3385 0.037518463810930575
3386 0.03750738334317779
3387 0.037496309418364335
3388 0.03748524203069658
3389 0.03747418117438772
3390 0.03746312684365782
3391 0.037452079032733704
3392 0.03744103773584906
3393 0.03743000294724433
3394 0.03741897466116677
3395 0.0374079528718704
3396 0.03739693757361602
3397 0.03738592876067118
3398 0.03737492642731018
3399 0.03736393056781406
3400 0.03735294117647059
3401 0.03734195824757424
3402 0.03733098177542622
3403 0.03732001175433441
3404 0.0373090481786134
3405 0.037298091042584434
3406 0.03728714034057545
3407 0.03727619606692104
3408 0.03726525821596244
3409 0.03725432678204752
3410 0.037243401759530795
3411 0.03723248314277338
3412 0.037221570926143026
3413 0.037210665104014065
3414 0.03719976567076743
3415 0.03718887262079063
3416 0.03717798594847775
3417 0.03716710564822944
3418 0.0371562317144529
3419 0.03714536414156186
3420 0.03713450292397661
3421 0.03712364805612394
3422 0.03711279953243717
3423 0.03710195734735612
3424 0.0370911214953271
3425 0.03708029197080292
3426 0.037069468768242846
3427 0.03705865188211264
3428 0.03704784130688448
3429 0.037037037037037035
3430 0.03702623906705539
3431 0.03701544739143107
3432 0.03700466200466201
3433 0.03699388290125255
3434 0.036983110075713456
3435 0.03697234352256187
3436 0.0369615832363213
3437 0.03695082921152167
3438 0.036940081442699245
3439 0.03692933992439663
3440 0.03691860465116279
3441 0.036907875617553036
3442 0.036897152818129
3443 0.03688643624745861
3444 0.036875725900116146
3445 0.03686502177068215
3446 0.03685432385374347
3447 0.03684363214389324
3448 0.036832946635730855
3449 0.03682226732386199
3450 0.03681159420289855
3451 0.036800927267458705
3452 0.03679026651216686
3453 0.03677961193165363
3454 0.03676896352055588
3455 0.03675832127351664
3456 0.03674768518518518
3457 0.03673705525021695
3458 0.03672643146327357
3459 0.036715813819022836
3460 0.03670520231213873
3461 0.03669459693730136
3462 0.036683997689196994
3463 0.036673404562518046
3464 0.036662817551963045
3465 0.03665223665223665
3466 0.03664166185804962
3467 0.03663109316411883
3468 0.036620530565167245
3469 0.036609974055923894
3470 0.036599423631123916
3471 0.0365888792855085
3472 0.036578341013824886
3473 0.03656780881082637
3474 0.03655728267127231
3475 0.036546762589928054
3476 0.03653624856156502
3477 0.0365257405809606
3478 0.03651523864289822
3479 0.03650474274216729
3480 0.03649425287356322
3481 0.03648376903188739
3482 0.03647329121194716
3483 0.03646281940855584
3484 0.03645235361653272
3485 0.036441893830703016
3486 0.03643144004589788
3487 0.0364209922569544
3488 0.03641055045871559
3489 0.03640011464603038
3490 0.036389684813753584
3491 0.036379260956745915
3492 0.036368843069874
3493 0.03635843114801031
3494 0.0363480251860332
3495 0.036337625178826896
3496 0.036327231121281466
3497 0.03631684300829282
3498 0.03630646083476272
3499 0.03629608459559874
3500 0.03628571428571428
3501 0.036275349900028564
3502 0.03626499143346659
3503 0.03625463888095918
3504 0.036244292237442924
3505 0.0362339514978602
3506 0.036223616657159154
3507 0.036213287710293696
