1 1.0
2 1.0
3 1.0
4 1.0
5 1.0
6 1.0
7 0.8571428571428571
8 0.875
9 0.8888888888888888
10 0.9
11 0.9090909090909091
12 0.9166666666666666
13 0.9230769230769231
14 0.9285714285714286
15 0.9333333333333333
16 0.9375
17 0.9411764705882353
18 0.9444444444444444
19 0.9473684210526315
20 0.95
21 0.9523809523809523
22 0.9545454545454546
23 0.9565217391304348
24 0.9583333333333334
25 0.96
26 0.9615384615384616
27 0.9629629629629629
28 0.9642857142857143
29 0.9310344827586207
30 0.9333333333333333
31 0.9354838709677419
32 0.9375
33 0.9393939393939394
34 0.9411764705882353
35 0.9428571428571428
36 0.9444444444444444
37 0.9459459459459459
38 0.9473684210526315
39 0.9230769230769231
40 0.925
41 0.9024390243902439
42 0.8809523809523809
43 0.8837209302325582
44 0.8863636363636364
45 0.8888888888888888
46 0.8695652173913043
47 0.8723404255319149
48 0.875
49 0.8775510204081632
50 0.88
51 0.8823529411764706
52 0.8653846153846154
53 0.8679245283018868
54 0.8703703703703703
55 0.8545454545454545
56 0.8571428571428571
57 0.8421052631578947
58 0.8275862068965517
59 0.8135593220338984
60 0.8166666666666667
61 0.819672131147541
62 0.8064516129032258
63 0.7936507936507936
64 0.796875
65 0.7846153846153846
66 0.7878787878787878
67 0.7761194029850746
68 0.7647058823529411
69 0.7681159420289855
70 0.7714285714285715
71 0.7746478873239436
72 0.7777777777777778
73 0.7671232876712328
74 0.7702702702702703
75 0.76
76 0.7631578947368421
77 0.7532467532467533
78 0.7435897435897436
79 0.7468354430379747
80 0.7375
81 0.7283950617283951
82 0.7195121951219512
83 0.7228915662650602
84 0.7142857142857143
85 0.7058823529411765
86 0.6976744186046512
87 0.6896551724137931
88 0.6818181818181818
89 0.6741573033707865
90 0.6666666666666666
91 0.6593406593406593
92 0.6630434782608695
93 0.6666666666666666
94 0.6702127659574468
95 0.6631578947368421
96 0.6666666666666666
97 0.6597938144329897
98 0.6530612244897959
99 0.6464646464646465
100 0.64
101 0.6336633663366337
102 0.6372549019607843
103 0.6407766990291263
104 0.6346153846153846
105 0.6285714285714286
106 0.6320754716981132
107 0.6355140186915887
108 0.6388888888888888
109 0.6422018348623854
110 0.6363636363636364
111 0.6306306306306306
112 0.6339285714285714
113 0.6371681415929203
114 0.631578947368421
115 0.6260869565217392
116 0.6293103448275862
117 0.6324786324786325
118 0.6271186440677966
119 0.6218487394957983
120 0.625
121 0.6198347107438017
122 0.6147540983606558
123 0.6097560975609756
124 0.6048387096774194
125 0.6
126 0.6031746031746031
127 0.5984251968503937
128 0.6015625
129 0.5968992248062015
130 0.5923076923076923
131 0.5877862595419847
132 0.5833333333333334
133 0.5789473684210527
134 0.5746268656716418
135 0.5777777777777777
136 0.5735294117647058
137 0.5693430656934306
138 0.5652173913043478
139 0.5611510791366906
140 0.5571428571428572
141 0.5531914893617021
142 0.5563380281690141
143 0.5524475524475524
144 0.5486111111111112
145 0.5448275862068965
146 0.541095890410959
147 0.54421768707483
148 0.5405405405405406
149 0.5369127516778524
150 0.5333333333333333
151 0.5298013245033113
152 0.5263157894736842
153 0.5228758169934641
154 0.5194805194805194
155 0.5161290322580645
156 0.5192307692307693
157 0.5222929936305732
158 0.5253164556962026
159 0.5220125786163522
160 0.51875
161 0.515527950310559
162 0.5123456790123457
163 0.50920245398773
164 0.5060975609756098
165 0.509090909090909
166 0.5060240963855421
167 0.5029940119760479
168 0.5
169 0.4970414201183432
170 0.49411764705882355
171 0.49122807017543857
172 0.4883720930232558
173 0.4913294797687861
174 0.4885057471264368
175 0.4857142857142857
176 0.48295454545454547
177 0.480225988700565
178 0.48314606741573035
179 0.48044692737430167
180 0.4777777777777778
181 0.47513812154696133
182 0.4725274725274725
183 0.46994535519125685
184 0.4673913043478261
185 0.4648648648648649
186 0.46236559139784944
187 0.46524064171123
188 0.4627659574468085
189 0.4603174603174603
190 0.45789473684210524
191 0.45549738219895286
192 0.453125
193 0.45077720207253885
194 0.4484536082474227
195 0.4461538461538462
196 0.4489795918367347
197 0.4467005076142132
198 0.4494949494949495
199 0.4472361809045226
200 0.445
201 0.4427860696517413
202 0.4405940594059406
203 0.43842364532019706
204 0.4362745098039216
205 0.43414634146341463
206 0.4320388349514563
207 0.42995169082125606
208 0.4326923076923077
209 0.430622009569378
210 0.42857142857142855
211 0.4265402843601896
212 0.42452830188679247
213 0.4272300469483568
214 0.4252336448598131
215 0.4232558139534884
216 0.4212962962962963
217 0.41935483870967744
218 0.41743119266055045
219 0.4155251141552511
220 0.41363636363636364
221 0.4117647058823529
222 0.4099099099099099
223 0.4080717488789238
224 0.40625
225 0.40444444444444444
226 0.4026548672566372
227 0.4008810572687225
228 0.3991228070175439
229 0.39737991266375544
230 0.39565217391304347
231 0.3939393939393939
232 0.3922413793103448
233 0.3905579399141631
234 0.3888888888888889
235 0.3872340425531915
236 0.3855932203389831
237 0.38396624472573837
238 0.38235294117647056
239 0.3807531380753138
240 0.37916666666666665
241 0.3775933609958506
242 0.3760330578512397
243 0.37448559670781895
244 0.3770491803278688
245 0.37551020408163266
246 0.37398373983739835
247 0.3724696356275304
248 0.3709677419354839
249 0.36947791164658633
250 0.368
251 0.3665338645418327
252 0.36507936507936506
253 0.36363636363636365
254 0.36220472440944884
255 0.3607843137254902
256 0.359375
257 0.35797665369649806
258 0.35658914728682173
259 0.3590733590733591
260 0.3576923076923077
261 0.3563218390804598
262 0.3549618320610687
263 0.35361216730038025
264 0.3522727272727273
265 0.35094339622641507
266 0.34962406015037595
267 0.34831460674157305
268 0.35074626865671643
269 0.34944237918215615
270 0.34814814814814815
271 0.34686346863468637
272 0.34558823529411764
273 0.3443223443223443
274 0.34306569343065696
275 0.3418181818181818
276 0.34057971014492755
277 0.33935018050541516
278 0.3381294964028777
279 0.33691756272401435
280 0.3392857142857143
281 0.33807829181494664
282 0.33687943262411346
283 0.3392226148409894
284 0.3380281690140845
285 0.3368421052631579
286 0.3356643356643357
287 0.3344947735191638
288 0.3333333333333333
289 0.33217993079584773
290 0.3310344827586207
291 0.32989690721649484
292 0.3287671232876712
293 0.32764505119453924
294 0.3299319727891156
295 0.3288135593220339
296 0.3277027027027027
297 0.3265993265993266
298 0.32550335570469796
299 0.32441471571906355
300 0.3233333333333333
301 0.3222591362126246
302 0.3211920529801324
303 0.3201320132013201
304 0.3190789473684211
305 0.3180327868852459
306 0.31699346405228757
307 0.31596091205211724
308 0.31493506493506496
309 0.313915857605178
310 0.31290322580645163
311 0.31189710610932475
312 0.3108974358974359
313 0.30990415335463256
314 0.3089171974522293
315 0.30793650793650795
316 0.3069620253164557
317 0.305993690851735
318 0.3050314465408805
319 0.30407523510971785
320 0.303125
321 0.3052959501557632
322 0.30434782608695654
323 0.30340557275541796
324 0.30246913580246915
325 0.30153846153846153
326 0.3006134969325153
327 0.30275229357798167
328 0.3018292682926829
329 0.3009118541033435
330 0.30303030303030304
331 0.3021148036253776
332 0.30120481927710846
333 0.3003003003003003
334 0.2994011976047904
335 0.29850746268656714
336 0.2976190476190476
337 0.29673590504451036
338 0.2958579881656805
339 0.2949852507374631
340 0.29411764705882354
341 0.2932551319648094
342 0.29239766081871343
343 0.2915451895043732
344 0.29069767441860467
345 0.2898550724637681
346 0.28901734104046245
347 0.2881844380403458
348 0.29022988505747127
349 0.28939828080229224
350 0.2885714285714286
351 0.28774928774928776
352 0.2869318181818182
353 0.28611898016997167
354 0.2853107344632768
355 0.28450704225352114
356 0.28370786516853935
357 0.28291316526610644
358 0.28212290502793297
359 0.28133704735376047
360 0.28055555555555556
361 0.27977839335180055
362 0.27900552486187846
363 0.27823691460055094
364 0.2774725274725275
365 0.27671232876712326
366 0.27595628415300544
367 0.27520435967302453
368 0.27445652173913043
369 0.27371273712737126
370 0.27297297297297296
371 0.2749326145552561
372 0.27419354838709675
373 0.2734584450402145
374 0.2727272727272727
375 0.272
376 0.2712765957446808
377 0.27055702917771884
378 0.2698412698412698
379 0.2691292875989446
380 0.26842105263157895
381 0.2677165354330709
382 0.2670157068062827
383 0.26631853785900783
384 0.265625
385 0.2649350649350649
386 0.26424870466321243
387 0.26356589147286824
388 0.26288659793814434
389 0.2622107969151671
390 0.26153846153846155
391 0.2608695652173913
392 0.2602040816326531
393 0.2595419847328244
394 0.25888324873096447
395 0.2582278481012658
396 0.25757575757575757
397 0.25692695214105793
398 0.2562814070351759
399 0.2556390977443609
400 0.255
401 0.2543640897755611
402 0.2537313432835821
403 0.2531017369727047
404 0.2524752475247525
405 0.2518518518518518
406 0.2512315270935961
407 0.25061425061425063
408 0.25
409 0.24938875305623473
410 0.24878048780487805
411 0.24817518248175183
412 0.24757281553398058
413 0.2469733656174334
414 0.2463768115942029
415 0.2457831325301205
416 0.24519230769230768
417 0.2446043165467626
418 0.24401913875598086
419 0.24343675417661098
420 0.24285714285714285
421 0.24228028503562946
422 0.24170616113744076
423 0.24113475177304963
424 0.24056603773584906
425 0.24
426 0.23943661971830985
427 0.2388758782201405
428 0.2383177570093458
429 0.23776223776223776
430 0.2372093023255814
431 0.23897911832946636
432 0.23842592592592593
433 0.23787528868360278
434 0.23732718894009217
435 0.2367816091954023
436 0.23623853211009174
437 0.23569794050343248
438 0.23515981735159816
439 0.23462414578587698
440 0.2340909090909091
441 0.23356009070294784
442 0.2330316742081448
443 0.2325056433408578
444 0.23198198198198197
445 0.23146067415730337
446 0.23094170403587444
447 0.23042505592841164
448 0.22991071428571427
449 0.22939866369710468
450 0.2288888888888889
451 0.22838137472283815
452 0.22787610619469026
453 0.22737306843267108
454 0.22687224669603523
455 0.22637362637362637
456 0.22587719298245615
457 0.22538293216630198
458 0.22489082969432314
459 0.22657952069716775
460 0.22608695652173913
461 0.22559652928416485
462 0.22510822510822512
463 0.22462203023758098
464 0.22413793103448276
465 0.22365591397849463
466 0.22317596566523606
467 0.22269807280513917
468 0.2222222222222222
469 0.22174840085287847
470 0.22127659574468084
471 0.2208067940552017
472 0.22245762711864406
473 0.2219873150105708
474 0.22151898734177214
475 0.22105263157894736
476 0.22058823529411764
477 0.22012578616352202
478 0.2196652719665272
479 0.21920668058455114
480 0.21875
481 0.2182952182952183
482 0.21784232365145229
483 0.21739130434782608
484 0.21694214876033058
485 0.21649484536082475
486 0.21604938271604937
487 0.21560574948665298
488 0.21721311475409835
489 0.2167689161554192
490 0.2163265306122449
491 0.2158859470468432
492 0.21544715447154472
493 0.2150101419878296
494 0.2145748987854251
495 0.21414141414141413
496 0.21370967741935484
497 0.21327967806841047
498 0.21285140562248997
499 0.2124248496993988
500 0.212
501 0.21157684630738524
502 0.21115537848605578
503 0.21073558648111332
504 0.21031746031746032
505 0.2099009900990099
506 0.20948616600790515
507 0.21104536489151873
508 0.2106299212598425
509 0.21021611001964635
510 0.20980392156862746
511 0.20939334637964774
512 0.208984375
513 0.20857699805068225
514 0.20817120622568094
515 0.20776699029126214
516 0.20930232558139536
517 0.21083172147001933
518 0.21042471042471042
519 0.21001926782273603
520 0.20961538461538462
521 0.2092130518234165
522 0.20881226053639848
523 0.2084130019120459
524 0.20801526717557253
525 0.20761904761904762
526 0.20722433460076045
527 0.20683111954459202
528 0.20643939393939395
529 0.2060491493383743
530 0.20566037735849058
531 0.20527306967984935
532 0.20488721804511278
533 0.2045028142589118
534 0.20599250936329588
535 0.205607476635514
536 0.20522388059701493
537 0.2048417132216015
538 0.20446096654275092
539 0.20408163265306123
540 0.2037037037037037
541 0.2033271719038817
542 0.2029520295202952
543 0.20257826887661143
544 0.20220588235294118
545 0.2018348623853211
546 0.20146520146520147
547 0.20109689213893966
548 0.20072992700729927
549 0.20036429872495445
550 0.2
551 0.1996370235934664
552 0.19927536231884058
553 0.19891500904159132
554 0.19855595667870035
555 0.1981981981981982
556 0.19784172661870503
557 0.19748653500897667
558 0.1971326164874552
559 0.1967799642218247
560 0.19642857142857142
561 0.19607843137254902
562 0.19572953736654805
563 0.19538188277087035
564 0.1950354609929078
565 0.19469026548672566
566 0.19434628975265017
567 0.19400352733686066
568 0.1936619718309859
569 0.19332161687170474
570 0.19298245614035087
571 0.19264448336252188
572 0.19230769230769232
573 0.19197207678883071
574 0.1916376306620209
575 0.19130434782608696
576 0.1909722222222222
577 0.19064124783362218
578 0.1903114186851211
579 0.18998272884283246
580 0.1896551724137931
581 0.18932874354561102
582 0.18900343642611683
583 0.18867924528301888
584 0.18835616438356165
585 0.18803418803418803
586 0.18771331058020477
587 0.18739352640545145
588 0.1870748299319728
589 0.1867572156196944
590 0.1864406779661017
591 0.18612521150592218
592 0.1858108108108108
593 0.18549747048903878
594 0.18518518518518517
595 0.1865546218487395
596 0.18624161073825504
597 0.18592964824120603
598 0.18561872909698995
599 0.18530884808013356
600 0.185
601 0.18469217970049917
602 0.18438538205980065
603 0.18407960199004975
604 0.1837748344370861
605 0.1834710743801653
606 0.18316831683168316
607 0.1828665568369028
608 0.1825657894736842
609 0.18226600985221675
610 0.1819672131147541
611 0.18166939443535188
612 0.18137254901960784
613 0.18107667210440456
614 0.18078175895765472
615 0.18048780487804877
616 0.18019480519480519
617 0.17990275526742303
618 0.1796116504854369
619 0.17932148626817448
620 0.17903225806451614
621 0.178743961352657
622 0.17845659163987138
623 0.1781701444622793
624 0.1778846153846154
625 0.1776
626 0.17731629392971246
627 0.17703349282296652
628 0.1767515923566879
629 0.17647058823529413
630 0.1761904761904762
631 0.17591125198098256
632 0.17563291139240506
633 0.17535545023696683
634 0.1750788643533123
635 0.17480314960629922
636 0.17452830188679244
637 0.17425431711145997
638 0.17398119122257052
639 0.17370892018779344
640 0.1734375
641 0.1731669266770671
642 0.17289719626168223
643 0.17262830482115085
644 0.17236024844720496
645 0.17209302325581396
646 0.17182662538699692
647 0.17156105100463678
648 0.1712962962962963
649 0.17257318952234207
650 0.1723076923076923
651 0.17204301075268819
652 0.17177914110429449
653 0.17151607963246554
654 0.1712538226299694
655 0.17099236641221374
656 0.17073170731707318
657 0.1704718417047184
658 0.1702127659574468
659 0.16995447647951442
660 0.1696969696969697
661 0.16944024205748864
662 0.1691842900302115
663 0.1689291101055807
664 0.1686746987951807
665 0.16842105263157894
666 0.16816816816816818
667 0.1679160419790105
668 0.16766467065868262
669 0.16741405082212257
670 0.16716417910447762
671 0.16691505216095381
672 0.16666666666666666
673 0.1664190193164933
674 0.1661721068249258
675 0.16592592592592592
676 0.16568047337278108
677 0.1654357459379616
678 0.16519174041297935
679 0.16494845360824742
680 0.16470588235294117
681 0.1644640234948605
682 0.16422287390029325
683 0.16398243045387995
684 0.16374269005847952
685 0.1635036496350365
686 0.16326530612244897
687 0.16302765647743814
688 0.16279069767441862
689 0.1625544267053701
690 0.16231884057971013
691 0.16208393632416787
692 0.16184971098265896
693 0.16161616161616163
694 0.16138328530259366
695 0.16115107913669063
696 0.16091954022988506
697 0.1606886657101865
698 0.16045845272206305
699 0.16022889842632332
700 0.16
701 0.15977175463623394
702 0.15954415954415954
703 0.1593172119487909
704 0.1590909090909091
705 0.15886524822695036
706 0.15864022662889518
707 0.15841584158415842
708 0.15819209039548024
709 0.15796897038081806
710 0.15774647887323945
711 0.15752461322081576
712 0.15730337078651685
713 0.1570827489481066
714 0.15826330532212884
715 0.15804195804195803
716 0.15782122905027932
717 0.15760111576011157
718 0.1573816155988858
719 0.1571627260083449
720 0.15694444444444444
721 0.15672676837725383
722 0.15650969529085873
723 0.15629322268326418
724 0.15607734806629833
725 0.15586206896551724
726 0.15564738292011018
727 0.15543328748280605
728 0.15521978021978022
729 0.1550068587105624
730 0.1547945205479452
731 0.1545827633378933
732 0.15437158469945356
733 0.15416098226466576
734 0.1539509536784741
735 0.15374149659863945
736 0.15353260869565216
737 0.15332428765264586
738 0.15311653116531165
739 0.15290933694181327
740 0.1527027027027027
741 0.1524966261808367
742 0.1522911051212938
743 0.15208613728129206
744 0.15188172043010753
745 0.15167785234899328
746 0.15147453083109919
747 0.15127175368139223
748 0.15106951871657753
749 0.15086782376502003
750 0.15066666666666667
751 0.15046604527296936
752 0.1502659574468085
753 0.150066401062417
754 0.14986737400530503
755 0.14966887417218544
756 0.14947089947089948
757 0.14927344782034346
758 0.14907651715039577
759 0.14888010540184454
760 0.14868421052631578
761 0.14848883048620237
762 0.14829396325459318
763 0.14809960681520315
764 0.14790575916230367
765 0.1477124183006536
766 0.1475195822454308
767 0.14732724902216426
768 0.14713541666666666
769 0.1469440832249675
770 0.14675324675324675
771 0.14656290531776914
772 0.14637305699481865
773 0.1461836998706339
774 0.14599483204134367
775 0.14580645161290323
776 0.14561855670103094
777 0.14543114543114544
778 0.14524421593830333
779 0.14505776636713735
780 0.14487179487179488
781 0.1446862996158771
782 0.1445012787723785
783 0.14431673052362706
784 0.1441326530612245
785 0.14394904458598726
786 0.1450381679389313
787 0.144853875476493
788 0.1446700507614213
789 0.1444866920152091
790 0.14430379746835442
791 0.14412136536030343
792 0.14393939393939395
793 0.1437578814627995
794 0.14357682619647355
795 0.14339622641509434
796 0.14321608040201006
797 0.14303638644918445
798 0.14285714285714285
799 0.14267834793491865
800 0.1425
801 0.14232209737827714
802 0.14214463840399003
803 0.14196762141967623
804 0.1417910447761194
805 0.14161490683229813
806 0.141439205955335
807 0.1412639405204461
808 0.14108910891089108
809 0.14091470951792337
810 0.14074074074074075
811 0.1405672009864365
812 0.14039408866995073
813 0.14022140221402213
814 0.14004914004914004
815 0.13987730061349693
816 0.13970588235294118
817 0.13953488372093023
818 0.1393643031784841
819 0.1391941391941392
820 0.13902439024390245
821 0.13885505481120586
822 0.1386861313868613
823 0.1385176184690158
824 0.1383495145631068
825 0.13818181818181818
826 0.13801452784503632
827 0.13784764207980654
828 0.13768115942028986
829 0.13751507840772015
830 0.13734939759036144
831 0.1371841155234657
832 0.13701923076923078
833 0.1368547418967587
834 0.1366906474820144
835 0.13652694610778443
836 0.13636363636363635
837 0.13620071684587814
838 0.1360381861575179
839 0.13587604290822408
840 0.1357142857142857
841 0.13555291319857313
842 0.13539192399049882
843 0.13523131672597866
844 0.13507109004739337
845 0.1349112426035503
846 0.1347517730496454
847 0.1345926800472255
848 0.13443396226415094
849 0.13427561837455831
850 0.13411764705882354
851 0.13396004700352526
852 0.13380281690140844
853 0.1336459554513482
854 0.13348946135831383
855 0.13333333333333333
856 0.13317757009345793
857 0.13302217036172695
858 0.13286713286713286
859 0.13271245634458673
860 0.1325581395348837
861 0.13240418118466898
862 0.13225058004640372
863 0.1320973348783314
864 0.13194444444444445
865 0.13179190751445086
866 0.13163972286374134
867 0.1314878892733564
868 0.1313364055299539
869 0.13118527042577677
870 0.1310344827586207
871 0.13088404133180254
872 0.13073394495412843
873 0.13058419243986255
874 0.13043478260869565
875 0.13028571428571428
876 0.13013698630136986
877 0.12998859749144812
878 0.12984054669703873
879 0.1296928327645051
880 0.12954545454545455
881 0.12939841089670828
882 0.1292517006802721
883 0.1291053227633069
884 0.12895927601809956
885 0.1288135593220339
886 0.12866817155756208
887 0.12852311161217586
888 0.12837837837837837
889 0.12823397075365578
890 0.12808988764044943
891 0.12794612794612795
892 0.12780269058295965
893 0.1276595744680851
894 0.12751677852348994
895 0.12737430167597766
896 0.12723214285714285
897 0.12709030100334448
898 0.12694877505567928
899 0.12680756395995552
900 0.12666666666666668
901 0.12652608213096558
902 0.12638580931263857
903 0.12624584717607973
904 0.1261061946902655
905 0.12596685082872927
906 0.12582781456953643
907 0.1256890848952591
908 0.12555066079295155
909 0.1254125412541254
910 0.12527472527472527
911 0.1251372118551043
912 0.125
913 0.1248630887185104
914 0.12472647702407003
915 0.12459016393442623
916 0.12445414847161572
917 0.12431842966194111
918 0.12418300653594772
919 0.12404787812840043
920 0.12391304347826088
921 0.1237785016286645
922 0.12364425162689804
923 0.12351029252437704
924 0.12337662337662338
925 0.12324324324324325
926 0.12311015118790497
927 0.12297734627831715
928 0.12284482758620689
929 0.12271259418729817
930 0.12258064516129032
931 0.12244897959183673
932 0.1223175965665236
933 0.12218649517684887
934 0.12205567451820129
935 0.12192513368983957
936 0.12179487179487179
937 0.12166488794023479
938 0.12153518123667377
939 0.12140575079872204
940 0.12127659574468085
941 0.12114771519659936
942 0.12101910828025478
943 0.12089077412513255
944 0.12076271186440678
945 0.12063492063492064
946 0.12050739957716702
947 0.12038014783526928
948 0.12025316455696203
949 0.12012644889357219
950 0.12
951 0.11987381703470032
952 0.11974789915966387
953 0.11962224554039874
954 0.11949685534591195
955 0.1193717277486911
956 0.1192468619246862
957 0.11912225705329153
958 0.11899791231732777
959 0.11887382690302398
960 0.11875
961 0.1186264308012487
962 0.11850311850311851
963 0.11838006230529595
964 0.11825726141078838
965 0.11813471502590674
966 0.11801242236024845
967 0.11789038262668046
968 0.11776859504132231
969 0.11764705882352941
970 0.11752577319587629
971 0.11740473738414006
972 0.11728395061728394
973 0.1171634121274409
974 0.11704312114989733
975 0.11692307692307692
976 0.1168032786885246
977 0.11668372569089049
978 0.1165644171779141
979 0.11644535240040858
980 0.11632653061224489
981 0.1162079510703364
982 0.11608961303462322
983 0.11597151576805696
984 0.11585365853658537
985 0.11573604060913706
986 0.11561866125760649
987 0.11550151975683891
988 0.11538461538461539
989 0.11526794742163801
990 0.11515151515151516
991 0.11503531786074672
992 0.11491935483870967
993 0.1148036253776435
994 0.11468812877263582
995 0.11457286432160804
996 0.1144578313253012
997 0.11434302908726178
998 0.11422845691382766
999 0.11411411411411411
1000 0.114
1001 0.11388611388611389
1002 0.11377245508982035
1003 0.11365902293120637
1004 0.11354581673306773
1005 0.11343283582089553
1006 0.11332007952286283
1007 0.11320754716981132
1008 0.1130952380952381
1009 0.11298315163528246
1010 0.11287128712871287
1011 0.11275964391691394
1012 0.11264822134387352
1013 0.1125370187561698
1014 0.11242603550295859
1015 0.1123152709359606
1016 0.11220472440944881
1017 0.11209439528023599
1018 0.11198428290766209
1019 0.11187438665358194
1020 0.11176470588235295
1021 0.11165523996082272
1022 0.11154598825831702
1023 0.11143695014662756
1024 0.111328125
1025 0.11121951219512195
1026 0.1111111111111111
1027 0.11100292112950341
1028 0.11089494163424124
1029 0.11078717201166181
1030 0.11067961165048544
1031 0.11057225994180407
1032 0.11046511627906977
1033 0.11035818005808325
1034 0.1102514506769826
1035 0.11014492753623188
1036 0.11003861003861004
1037 0.10993249758919961
1038 0.10982658959537572
1039 0.109720885466795
1040 0.10961538461538461
1041 0.10951008645533142
1042 0.10940499040307101
1043 0.10930009587727708
1044 0.10919540229885058
1045 0.10909090909090909
1046 0.1089866156787763
1047 0.10888252148997135
1048 0.10877862595419847
1049 0.10867492850333652
1050 0.10857142857142857
1051 0.10846812559467174
1052 0.10836501901140684
1053 0.10826210826210826
1054 0.10815939278937381
1055 0.1080568720379147
1056 0.10795454545454546
1057 0.10785241248817408
1058 0.10775047258979206
1059 0.10764872521246459
1060 0.10754716981132076
1061 0.10744580584354382
1062 0.10734463276836158
1063 0.10724365004703669
1064 0.10714285714285714
1065 0.10704225352112676
1066 0.10694183864915573
1067 0.10684161199625117
1068 0.10674157303370786
1069 0.10664172123479888
1070 0.10654205607476636
1071 0.10644257703081232
1072 0.10634328358208955
1073 0.10624417520969245
1074 0.10614525139664804
1075 0.10604651162790697
1076 0.10594795539033457
1077 0.10584958217270195
1078 0.10575139146567718
1079 0.1056533827618165
1080 0.10555555555555556
1081 0.10545790934320073
1082 0.10536044362292052
1083 0.10526315789473684
1084 0.10516605166051661
1085 0.10506912442396313
1086 0.10497237569060773
1087 0.10487580496780129
1088 0.10477941176470588
1089 0.1046831955922865
1090 0.10458715596330276
1091 0.10449129239230064
1092 0.1043956043956044
1093 0.10430009149130832
1094 0.10420475319926874
1095 0.10410958904109589
1096 0.10401459854014598
1097 0.10391978122151321
1098 0.10382513661202186
1099 0.10373066424021839
1100 0.10363636363636364
1101 0.10354223433242507
1102 0.10344827586206896
1103 0.10335448776065277
1104 0.10326086956521739
1105 0.10316742081447963
1106 0.10307414104882459
1107 0.10298102981029811
1108 0.10288808664259928
1109 0.10279531109107304
1110 0.10270270270270271
1111 0.10261026102610261
1112 0.10251798561151079
1113 0.10242587601078167
1114 0.10233393177737882
1115 0.10224215246636771
1116 0.10215053763440861
1117 0.10205908683974933
1118 0.10196779964221825
1119 0.10187667560321716
1120 0.10178571428571428
1121 0.1016949152542373
1122 0.10160427807486631
1123 0.10151380231522707
1124 0.10142348754448399
1125 0.10133333333333333
1126 0.10124333925399645
1127 0.10115350488021295
1128 0.10106382978723404
1129 0.10097431355181577
1130 0.10088495575221239
1131 0.10079575596816977
1132 0.10070671378091872
1133 0.10061782877316858
1134 0.10052910052910052
1135 0.10044052863436123
1136 0.10035211267605634
1137 0.10026385224274406
1138 0.10017574692442882
1139 0.10008779631255488
1140 0.1
1141 0.09991235758106924
1142 0.09982486865148861
1143 0.09973753280839895
1144 0.09965034965034965
1145 0.09956331877729258
1146 0.09947643979057591
1147 0.0993897122929381
1148 0.09930313588850175
1149 0.09921671018276762
1150 0.09913043478260869
1151 0.09904430929626412
1152 0.09895833333333333
1153 0.09887250650477017
1154 0.09878682842287695
1155 0.0987012987012987
1156 0.0986159169550173
1157 0.09853068280034573
1158 0.09844559585492228
1159 0.09836065573770492
1160 0.09827586206896552
1161 0.09819121447028424
1162 0.0981067125645439
1163 0.09802235597592433
1164 0.0979381443298969
1165 0.09785407725321889
1166 0.09777015437392796
1167 0.09768637532133675
1168 0.0976027397260274
1169 0.09751924721984602
1170 0.09743589743589744
1171 0.09735269000853972
1172 0.09726962457337884
1173 0.09718670076726342
1174 0.09710391822827939
1175 0.09702127659574468
1176 0.09693877551020408
1177 0.09685641461342395
1178 0.0967741935483871
1179 0.09669211195928754
1180 0.09661016949152543
1181 0.09652836579170194
1182 0.09644670050761421
1183 0.09636517328825021
1184 0.09628378378378379
1185 0.09620253164556962
1186 0.09612141652613827
1187 0.09604043807919124
1188 0.09595959595959595
1189 0.095878889823381
1190 0.0957983193277311
1191 0.09571788413098237
1192 0.09563758389261745
1193 0.09555741827326068
1194 0.09547738693467336
1195 0.09539748953974896
1196 0.09531772575250837
1197 0.09523809523809523
1198 0.09515859766277128
1199 0.0950792326939116
1200 0.095
1201 0.09492089925062448
1202 0.09484193011647254
1203 0.09476309226932668
1204 0.0946843853820598
1205 0.0946058091286307
1206 0.0945273631840796
1207 0.09444904722452362
1208 0.09437086092715231
1209 0.09429280397022333
1210 0.09421487603305785
1211 0.09413707679603633
1212 0.09405940594059406
1213 0.09398186314921682
1214 0.09390444810543658
1215 0.09382716049382717
1216 0.09375
1217 0.09367296631059983
1218 0.09359605911330049
1219 0.09351927809680066
1220 0.09344262295081968
1221 0.09418509418509419
1222 0.09410801963993454
1223 0.09403107113654947
1224 0.09477124183006536
1225 0.0946938775510204
1226 0.09461663947797716
1227 0.0945395273023635
1228 0.09446254071661238
1229 0.09438567941415785
1230 0.0943089430894309
1231 0.09423233143785541
1232 0.09415584415584416
1233 0.09407948094079481
1234 0.0940032414910859
1235 0.09392712550607288
1236 0.09385113268608414
1237 0.09377526273241714
1238 0.09369951534733441
1239 0.09362389023405973
1240 0.0935483870967742
1241 0.09347300564061241
1242 0.09339774557165861
1243 0.09332260659694289
1244 0.0932475884244373
1245 0.09317269076305221
1246 0.09309791332263243
1247 0.09302325581395349
1248 0.09294871794871795
1249 0.09287429943955164
1250 0.0928
1251 0.09272581934452438
1252 0.0926517571884984
1253 0.09257781324820431
1254 0.09250398724082935
1255 0.09243027888446215
1256 0.09235668789808917
1257 0.09228321400159109
1258 0.09220985691573927
1259 0.09213661636219221
1260 0.09206349206349207
1261 0.09199048374306107
1262 0.0919175911251981
1263 0.09184481393507522
1264 0.09177215189873418
1265 0.091699604743083
1266 0.09162717219589257
1267 0.09155485398579322
1268 0.0914826498422713
1269 0.09141055949566587
1270 0.09133858267716535
1271 0.09126671911880409
1272 0.09119496855345911
1273 0.09112333071484682
1274 0.09105180533751962
1275 0.09098039215686274
1276 0.09090909090909091
1277 0.0908379013312451
1278 0.09076682316118936
1279 0.0906958561376075
1280 0.090625
1281 0.09055425448868072
1282 0.0904836193447738
1283 0.09041309431021044
1284 0.09034267912772585
1285 0.09027237354085603
1286 0.09020217729393468
1287 0.09013209013209013
1288 0.09006211180124224
1289 0.0899922420480993
1290 0.08992248062015504
1291 0.08985282726568551
1292 0.08978328173374613
1293 0.0897138437741686
1294 0.08964451313755796
1295 0.08957528957528957
1296 0.08950617283950617
1297 0.08943716268311488
1298 0.08936825885978428
1299 0.08929946112394149
1300 0.08923076923076922
1301 0.08916218293620293
1302 0.0890937019969278
1303 0.08902532617037605
1304 0.08895705521472393
1305 0.08888888888888889
1306 0.0888208269525268
1307 0.08875286916602908
1308 0.08868501529051988
1309 0.08861726508785332
1310 0.08854961832061069
1311 0.08848207475209764
1312 0.08841463414634146
1313 0.08834729626808835
1314 0.0882800608828006
1315 0.08821292775665399
1316 0.08814589665653495
1317 0.08807896735003796
1318 0.08801213960546282
1319 0.08794541319181198
1320 0.08787878787878788
1321 0.08781226343679031
1322 0.08774583963691376
1323 0.08767951625094482
1324 0.08761329305135952
1325 0.08754716981132075
1326 0.08748114630467571
1327 0.08741522230595328
1328 0.08734939759036145
1329 0.0872836719337848
1330 0.08721804511278196
1331 0.08715251690458302
1332 0.08708708708708708
1333 0.08702175543885972
1334 0.08695652173913043
1335 0.08689138576779026
1336 0.08682634730538923
1337 0.08676140613313388
1338 0.08669656203288491
1339 0.08663181478715459
1340 0.08656716417910448
1341 0.08650260999254288
1342 0.08643815201192251
1343 0.08637379002233805
1344 0.08630952380952381
1345 0.0862453531598513
1346 0.0861812778603269
1347 0.08611729769858946
1348 0.08605341246290801
1349 0.08598962194217939
1350 0.08592592592592592
1351 0.08586232420429311
1352 0.08579881656804733
1353 0.08573540280857354
1354 0.08567208271787297
1355 0.08560885608856089
1356 0.0855457227138643
1357 0.08548268238761975
1358 0.08541973490427099
1359 0.08535688005886681
1360 0.08529411764705883
1361 0.0852314474650992
1362 0.08516886930983847
1363 0.0851063829787234
1364 0.08504398826979472
1365 0.08498168498168499
1366 0.0849194729136164
1367 0.08485735186539868
1368 0.0847953216374269
1369 0.08473338203067933
1370 0.08467153284671533
1371 0.08460977388767323
1372 0.08454810495626822
1373 0.08448652585579024
1374 0.08442503639010189
1375 0.08436363636363636
1376 0.08430232558139535
1377 0.08424110384894698
1378 0.0841799709724238
1379 0.08411892675852067
1380 0.08405797101449275
1381 0.08399710354815351
1382 0.08393632416787265
1383 0.08387563268257411
1384 0.0838150289017341
1385 0.08375451263537906
1386 0.0836940836940837
1387 0.083633741888969
1388 0.08357348703170028
1389 0.08351331893448524
1390 0.08345323741007195
1391 0.08339324227174695
1392 0.08333333333333333
1393 0.0832735104091888
1394 0.08321377331420372
1395 0.08315412186379928
1396 0.0830945558739255
1397 0.08303507516105942
1398 0.08297567954220315
1399 0.08291636883488206
1400 0.08285714285714285
1401 0.08279800142755175
1402 0.08273894436519258
1403 0.08267997148966501
1404 0.08262108262108261
1405 0.08256227758007118
1406 0.08250355618776671
1407 0.0824449182658138
1408 0.08238636363636363
1409 0.0823278921220724
1410 0.08226950354609928
1411 0.08221119773210489
1412 0.0821529745042493
1413 0.08209483368719038
1414 0.08203677510608204
1415 0.08197879858657244
1416 0.08192090395480225
1417 0.08186309103740297
1418 0.08180535966149506
1419 0.0817477096546864
1420 0.08169014084507042
1421 0.08163265306122448
1422 0.08157524613220815
1423 0.08151791988756149
1424 0.08146067415730338
1425 0.08140350877192983
1426 0.08134642356241234
1427 0.08128941836019622
1428 0.08123249299719888
1429 0.08117564730580826
1430 0.08111888111888112
1431 0.08106219426974144
1432 0.08100558659217877
1433 0.08094905792044661
1434 0.08089260808926081
1435 0.0808362369337979
1436 0.0807799442896936
1437 0.08072372999304106
1438 0.08066759388038942
1439 0.08061153578874218
1440 0.08055555555555556
1441 0.08049965301873699
1442 0.08044382801664356
1443 0.08038808038808039
1444 0.08033240997229917
1445 0.08027681660899653
1446 0.08022130013831259
1447 0.0801658604008293
1448 0.08011049723756906
1449 0.0800552104899931
1450 0.08
1451 0.07994486560992418
1452 0.08057851239669421
1453 0.0805230557467309
1454 0.08046767537826685
1455 0.08041237113402062
1456 0.08035714285714286
1457 0.08030199039121483
1458 0.08024691358024691
1459 0.08019191226867718
1460 0.08013698630136987
1461 0.08008213552361396
1462 0.08002735978112176
1463 0.07997265892002735
1464 0.07991803278688525
1465 0.07986348122866894
1466 0.07980900409276943
1467 0.07975460122699386
1468 0.07970027247956403
1469 0.07964601769911504
1470 0.07959183673469387
1471 0.07953772943575799
1472 0.07948369565217392
1473 0.07942973523421588
1474 0.07937584803256445
1475 0.07932203389830508
1476 0.07926829268292683
1477 0.07921462423832092
1478 0.07916102841677942
1479 0.07910750507099391
1480 0.07905405405405405
1481 0.07900067521944631
1482 0.07894736842105263
1483 0.07889413351314903
1484 0.07884097035040431
1485 0.07878787878787878
1486 0.07873485868102288
1487 0.07868190988567586
1488 0.07862903225806452
1489 0.07857622565480188
1490 0.07852348993288591
1491 0.07847082494969819
1492 0.07841823056300268
1493 0.0783657066309444
1494 0.0783132530120482
1495 0.0782608695652174
1496 0.07820855614973261
1497 0.0781563126252505
1498 0.07810413885180241
1499 0.0780520346897932
1500 0.078
1501 0.07794803464357095
1502 0.07789613848202397
1503 0.07784431137724551
1504 0.07779255319148937
1505 0.07774086378737542
1506 0.07768924302788845
1507 0.0776376907763769
1508 0.07758620689655173
1509 0.0775347912524851
1510 0.07748344370860927
1511 0.07743216412971542
1512 0.07738095238095238
1513 0.07732980832782552
1514 0.0772787318361955
1515 0.07722772277227723
1516 0.07717678100263853
1517 0.07712590639419907
1518 0.07707509881422925
1519 0.07702435813034891
1520 0.07697368421052632
1521 0.07692307692307693
1522 0.07687253613666228
1523 0.07682206172028891
1524 0.07677165354330709
1525 0.07672131147540984
1526 0.07667103538663171
1527 0.07662082514734773
1528 0.07657068062827226
1529 0.07652060170045781
1530 0.07647058823529412
1531 0.07642064010450686
1532 0.07637075718015666
1533 0.07632093933463796
1534 0.07627118644067797
1535 0.0762214983713355
1536 0.076171875
1537 0.07612231620039037
1538 0.07607282184655396
1539 0.07602339181286549
1540 0.07597402597402597
1541 0.07592472420506165
1542 0.07587548638132295
1543 0.07582631237848347
1544 0.07577720207253887
1545 0.07572815533980583
1546 0.07567917205692108
1547 0.07563025210084033
1548 0.0755813953488372
1549 0.07553260167850226
1550 0.07548387096774194
1551 0.07543520309477757
1552 0.07538659793814433
1553 0.07533805537669028
1554 0.07528957528957529
1555 0.0752411575562701
1556 0.07519280205655526
1557 0.07514450867052024
1558 0.07509627727856226
1559 0.0750481077613855
1560 0.075
1561 0.07495195387572069
1562 0.07490396927016646
1563 0.07485604606525911
1564 0.0748081841432225
1565 0.07476038338658147
1566 0.07471264367816093
1567 0.07466496490108487
1568 0.07461734693877552
1569 0.0745697896749522
1570 0.07452229299363057
1571 0.07447485677912158
1572 0.07442748091603053
1573 0.0743801652892562
1574 0.07433290978398983
1575 0.07428571428571429
1576 0.07423857868020305
1577 0.07419150285351934
1578 0.0741444866920152
1579 0.0740975300823306
1580 0.07405063291139241
1581 0.07400379506641366
1582 0.07395701643489254
1583 0.0739102969046115
1584 0.07386363636363637
1585 0.07381703470031546
1586 0.07377049180327869
1587 0.07372400756143667
1588 0.07367758186397985
1589 0.0736312146003776
1590 0.07358490566037736
1591 0.07353865493400377
1592 0.07349246231155779
1593 0.07344632768361582
1594 0.07340025094102885
1595 0.07335423197492164
1596 0.07330827067669173
1597 0.07326236693800876
1598 0.07321652065081352
1599 0.07317073170731707
1600 0.073125
1601 0.0730793254216115
1602 0.07303370786516854
1603 0.07298814722395508
1604 0.07294264339152119
1605 0.07289719626168224
1606 0.07285180572851806
1607 0.07280647168637212
1608 0.07276119402985075
1609 0.07271597265382225
1610 0.07267080745341616
1611 0.07262569832402235
1612 0.07258064516129033
1613 0.07253564786112833
1614 0.0724907063197026
1615 0.07244582043343653
1616 0.0724009900990099
1617 0.07235621521335807
1618 0.0723114956736712
1619 0.07226683137739345
1620 0.07222222222222222
1621 0.07217766810610735
1622 0.0721331689272503
1623 0.07208872458410351
1624 0.07204433497536945
1625 0.072
1626 0.07195571955719557
1627 0.07191149354640443
1628 0.07186732186732187
1629 0.0718232044198895
1630 0.07177914110429448
1631 0.07173513182096873
