1 1.0
2 1.0
3 1.0
4 1.0
5 1.0
6 1.0
7 1.0
8 1.0
9 1.0
10 1.0
11 0.9090909090909091
12 0.9166666666666666
13 0.9230769230769231
14 0.9285714285714286
15 0.9333333333333333
16 0.9375
17 0.9411764705882353
18 0.8888888888888888
19 0.8947368421052632
20 0.9
21 0.9047619047619048
22 0.8636363636363636
23 0.8695652173913043
24 0.875
25 0.88
26 0.8461538461538461
27 0.8518518518518519
28 0.8571428571428571
29 0.8620689655172413
30 0.8666666666666667
31 0.8709677419354839
32 0.875
33 0.8787878787878788
34 0.8823529411764706
35 0.8857142857142857
36 0.8611111111111112
37 0.8378378378378378
38 0.8421052631578947
39 0.8205128205128205
40 0.825
41 0.8048780487804879
42 0.8095238095238095
43 0.7906976744186046
44 0.7954545454545454
45 0.8
46 0.8043478260869565
47 0.8085106382978723
48 0.7916666666666666
49 0.7959183673469388
50 0.8
51 0.803921568627451
52 0.8076923076923077
53 0.7924528301886793
54 0.7962962962962963
55 0.8
56 0.7857142857142857
57 0.7894736842105263
58 0.7758620689655172
59 0.7627118644067796
60 0.7666666666666667
61 0.7704918032786885
62 0.7741935483870968
63 0.7777777777777778
64 0.78125
65 0.7846153846153846
66 0.7727272727272727
67 0.7761194029850746
68 0.7647058823529411
69 0.7536231884057971
70 0.7428571428571429
71 0.7323943661971831
72 0.7222222222222222
73 0.726027397260274
74 0.7297297297297297
75 0.7333333333333333
76 0.7236842105263158
77 0.7142857142857143
78 0.7051282051282052
79 0.7088607594936709
80 0.7
81 0.691358024691358
82 0.6951219512195121
83 0.6867469879518072
84 0.6785714285714286
85 0.6823529411764706
86 0.6744186046511628
87 0.6666666666666666
88 0.6704545454545454
89 0.6741573033707865
90 0.6666666666666666
91 0.6593406593406593
92 0.6521739130434783
93 0.6451612903225806
94 0.6382978723404256
95 0.631578947368421
96 0.625
97 0.6185567010309279
98 0.6224489795918368
99 0.6161616161616161
100 0.61
101 0.6039603960396039
102 0.5980392156862745
103 0.5922330097087378
104 0.5961538461538461
105 0.6
106 0.6037735849056604
107 0.5981308411214953
108 0.5925925925925926
109 0.5871559633027523
110 0.5818181818181818
111 0.5765765765765766
112 0.5714285714285714
113 0.5752212389380531
114 0.5701754385964912
115 0.5739130434782609
116 0.5775862068965517
117 0.5726495726495726
118 0.5677966101694916
119 0.5630252100840336
120 0.5583333333333333
121 0.5619834710743802
122 0.5655737704918032
123 0.5609756097560976
124 0.5564516129032258
125 0.56
126 0.5555555555555556
127 0.5511811023622047
128 0.546875
129 0.5503875968992248
130 0.5538461538461539
131 0.549618320610687
132 0.5454545454545454
133 0.5413533834586466
134 0.5373134328358209
135 0.5333333333333333
136 0.5294117647058824
137 0.5255474452554745
138 0.5289855072463768
139 0.5323741007194245
140 0.5285714285714286
141 0.524822695035461
142 0.5211267605633803
143 0.5174825174825175
144 0.5138888888888888
145 0.5172413793103449
146 0.5136986301369864
147 0.5102040816326531
148 0.5067567567567568
149 0.5033557046979866
150 0.5066666666666667
151 0.5033112582781457
152 0.5
153 0.5032679738562091
154 0.5
155 0.4967741935483871
156 0.4935897435897436
157 0.49044585987261147
158 0.4873417721518987
159 0.48427672955974843
160 0.4875
161 0.484472049689441
162 0.48148148148148145
163 0.4785276073619632
164 0.47560975609756095
165 0.4727272727272727
166 0.46987951807228917
167 0.46706586826347307
168 0.4642857142857143
169 0.46153846153846156
170 0.4588235294117647
171 0.45614035087719296
172 0.45348837209302323
173 0.4508670520231214
174 0.4482758620689655
175 0.44571428571428573
176 0.4431818181818182
177 0.4406779661016949
178 0.43820224719101125
179 0.43575418994413406
180 0.43333333333333335
181 0.430939226519337
182 0.42857142857142855
183 0.4262295081967213
184 0.42934782608695654
185 0.42702702702702705
186 0.42473118279569894
187 0.42245989304812837
188 0.42021276595744683
189 0.41798941798941797
190 0.41578947368421054
191 0.41361256544502617
192 0.4114583333333333
193 0.40932642487046633
194 0.4072164948453608
195 0.40512820512820513
196 0.4030612244897959
197 0.4010152284263959
198 0.398989898989899
199 0.3969849246231156
200 0.395
201 0.39303482587064675
202 0.3910891089108911
203 0.39408866995073893
204 0.39215686274509803
205 0.3951219512195122
206 0.3932038834951456
207 0.391304347826087
208 0.3942307692307692
209 0.3923444976076555
210 0.3904761904761905
211 0.3886255924170616
212 0.3867924528301887
213 0.38497652582159625
214 0.38317757009345793
215 0.386046511627907
216 0.38425925925925924
217 0.3824884792626728
218 0.38073394495412843
219 0.3789954337899543
220 0.37727272727272726
221 0.3755656108597285
222 0.3738738738738739
223 0.37668161434977576
224 0.375
225 0.37333333333333335
226 0.37168141592920356
227 0.3700440528634361
228 0.3684210526315789
229 0.36681222707423583
230 0.3652173913043478
231 0.36363636363636365
232 0.3620689655172414
233 0.3648068669527897
234 0.36324786324786323
235 0.3617021276595745
236 0.3601694915254237
237 0.35864978902953587
238 0.35714285714285715
239 0.35564853556485354
240 0.3541666666666667
241 0.35269709543568467
242 0.3512396694214876
243 0.3497942386831276
244 0.3483606557377049
245 0.3469387755102041
246 0.34959349593495936
247 0.3481781376518219
248 0.3467741935483871
249 0.3453815261044177
250 0.344
251 0.3426294820717131
252 0.3412698412698413
253 0.33992094861660077
254 0.33858267716535434
255 0.33725490196078434
256 0.3359375
257 0.3346303501945525
258 0.3333333333333333
259 0.33204633204633205
260 0.33076923076923076
261 0.32950191570881227
262 0.3282442748091603
263 0.3269961977186312
264 0.32575757575757575
265 0.32452830188679244
266 0.3233082706766917
267 0.32209737827715357
268 0.3208955223880597
269 0.31970260223048325
270 0.31851851851851853
271 0.3173431734317343
272 0.3161764705882353
273 0.315018315018315
274 0.31386861313868614
275 0.31272727272727274
276 0.3115942028985507
277 0.3140794223826715
278 0.3129496402877698
279 0.3118279569892473
280 0.3107142857142857
281 0.3096085409252669
282 0.30851063829787234
283 0.30742049469964666
284 0.30633802816901406
285 0.30526315789473685
286 0.3041958041958042
287 0.30313588850174217
288 0.3020833333333333
289 0.30103806228373703
290 0.3
291 0.29896907216494845
292 0.2979452054794521
293 0.29692832764505117
294 0.29591836734693877
295 0.29491525423728815
296 0.2939189189189189
297 0.29292929292929293
298 0.29194630872483224
299 0.2909698996655518
300 0.29
301 0.28903654485049834
302 0.28807947019867547
303 0.2871287128712871
304 0.28618421052631576
305 0.28524590163934427
306 0.28431372549019607
307 0.28338762214983715
308 0.2824675324675325
309 0.2815533980582524
310 0.2806451612903226
311 0.2797427652733119
312 0.27884615384615385
313 0.2779552715654952
314 0.2770700636942675
315 0.2761904761904762
316 0.27531645569620256
317 0.2744479495268139
318 0.27358490566037735
319 0.27586206896551724
320 0.275
321 0.27414330218068533
322 0.2732919254658385
323 0.2724458204334365
324 0.2716049382716049
325 0.27076923076923076
326 0.27300613496932513
327 0.27217125382262997
328 0.27134146341463417
329 0.270516717325228
330 0.2696969696969697
331 0.2688821752265861
332 0.2680722891566265
333 0.2702702702702703
334 0.2694610778443114
335 0.26865671641791045
336 0.26785714285714285
337 0.26706231454005935
338 0.26627218934911245
339 0.26548672566371684
340 0.2647058823529412
341 0.26392961876832843
342 0.2631578947368421
343 0.26239067055393583
344 0.2616279069767442
345 0.2608695652173913
346 0.26011560693641617
347 0.25936599423631124
348 0.25862068965517243
349 0.25787965616045844
350 0.2571428571428571
351 0.2564102564102564
352 0.2556818181818182
353 0.254957507082153
354 0.2542372881355932
355 0.2535211267605634
356 0.25280898876404495
357 0.25210084033613445
358 0.2541899441340782
359 0.25348189415041783
360 0.25277777777777777
361 0.2520775623268698
362 0.2513812154696133
363 0.25068870523415976
364 0.25
365 0.2493150684931507
366 0.24863387978142076
367 0.24795640326975477
368 0.25
369 0.24932249322493225
370 0.24864864864864866
371 0.24797843665768193
372 0.24731182795698925
373 0.24664879356568364
374 0.24866310160427807
375 0.248
376 0.2473404255319149
377 0.246684350132626
378 0.24603174603174602
379 0.24538258575197888
380 0.24473684210526317
381 0.2440944881889764
382 0.24345549738219896
383 0.24281984334203655
384 0.2421875
385 0.24155844155844156
386 0.24093264248704663
387 0.24031007751937986
388 0.23969072164948454
389 0.2416452442159383
390 0.24102564102564103
391 0.24040920716112532
392 0.23979591836734693
393 0.23918575063613232
394 0.23857868020304568
395 0.2379746835443038
396 0.23737373737373738
397 0.2367758186397985
398 0.23618090452261306
399 0.23558897243107768
400 0.235
401 0.2344139650872818
402 0.236318407960199
403 0.23573200992555832
404 0.23514851485148514
405 0.2345679012345679
406 0.23399014778325122
407 0.2334152334152334
408 0.23284313725490197
409 0.23227383863080683
410 0.23170731707317074
411 0.23114355231143552
412 0.23058252427184467
413 0.23002421307506055
414 0.22946859903381642
415 0.2289156626506024
416 0.2283653846153846
417 0.2278177458033573
418 0.22727272727272727
419 0.22673031026252982
420 0.22857142857142856
421 0.22802850356294538
422 0.22748815165876776
423 0.22695035460992907
424 0.22641509433962265
425 0.22588235294117648
426 0.22535211267605634
427 0.22482435597189696
428 0.22429906542056074
429 0.22377622377622378
430 0.22325581395348837
431 0.22273781902552203
432 0.2222222222222222
433 0.22170900692840648
434 0.22119815668202766
435 0.2206896551724138
436 0.22018348623853212
437 0.21967963386727687
438 0.2191780821917808
439 0.21867881548974943
440 0.21818181818181817
441 0.21768707482993196
442 0.2171945701357466
443 0.21670428893905191
444 0.21621621621621623
445 0.2157303370786517
446 0.21524663677130046
447 0.21476510067114093
448 0.21428571428571427
449 0.21380846325167038
450 0.21333333333333335
451 0.21286031042128603
452 0.21460176991150443
453 0.2141280353200883
454 0.21365638766519823
455 0.21318681318681318
456 0.21271929824561403
457 0.212253829321663
458 0.21179039301310043
459 0.2113289760348584
460 0.2108695652173913
461 0.210412147505423
462 0.20995670995670995
463 0.20950323974082075
464 0.20905172413793102
465 0.2086021505376344
466 0.20815450643776823
467 0.20770877944325483
468 0.20726495726495728
469 0.2068230277185501
470 0.20638297872340425
471 0.2059447983014862
472 0.2055084745762712
473 0.20507399577167018
474 0.20464135021097046
475 0.20421052631578948
476 0.20378151260504201
477 0.20335429769392033
478 0.20292887029288703
479 0.20250521920668058
480 0.20208333333333334
481 0.20166320166320167
482 0.2012448132780083
483 0.20082815734989648
484 0.20041322314049587
485 0.2
486 0.19958847736625515
487 0.19917864476386038
488 0.1987704918032787
489 0.1983640081799591
490 0.19795918367346937
491 0.1975560081466395
492 0.19715447154471544
493 0.19675456389452334
494 0.19635627530364372
495 0.19595959595959597
496 0.19556451612903225
497 0.19517102615694165
498 0.19477911646586346
499 0.19438877755511022
500 0.194
501 0.1936127744510978
502 0.19322709163346613
503 0.19284294234592445
504 0.19246031746031747
505 0.19207920792079208
506 0.191699604743083
507 0.1913214990138067
508 0.19094488188976377
509 0.1905697445972495
510 0.19019607843137254
511 0.1898238747553816
512 0.189453125
513 0.18908382066276802
514 0.19066147859922178
515 0.19029126213592232
516 0.19186046511627908
517 0.19148936170212766
518 0.19111969111969113
519 0.1907514450867052
520 0.19038461538461537
521 0.19001919385796545
522 0.1896551724137931
523 0.18929254302103252
524 0.18893129770992367
525 0.18857142857142858
526 0.19011406844106463
527 0.18975332068311196
528 0.1893939393939394
529 0.1890359168241966
530 0.18867924528301888
531 0.18832391713747645
532 0.18796992481203006
533 0.18761726078799248
534 0.18726591760299627
535 0.18691588785046728
536 0.1865671641791045
537 0.186219739292365
538 0.18587360594795538
539 0.18552875695732837
540 0.18518518518518517
541 0.18484288354898337
542 0.18450184501845018
543 0.1841620626151013
544 0.18382352941176472
545 0.1834862385321101
546 0.18315018315018314
547 0.1846435100548446
548 0.1843065693430657
549 0.18397085610200364
550 0.18363636363636363
551 0.18330308529945555
552 0.18297101449275363
553 0.18264014466546113
554 0.18231046931407943
555 0.18198198198198198
556 0.18165467625899281
557 0.1813285457809695
558 0.1827956989247312
559 0.18246869409660108
560 0.18214285714285713
561 0.1836007130124777
562 0.18327402135231316
563 0.1847246891651865
564 0.18439716312056736
565 0.184070796460177
566 0.18374558303886926
567 0.18342151675485008
568 0.18309859154929578
569 0.1827768014059754
570 0.1824561403508772
571 0.18213660245183888
572 0.18181818181818182
573 0.18150087260034903
574 0.18118466898954705
575 0.1808695652173913
576 0.18055555555555555
577 0.18024263431542462
578 0.17993079584775087
579 0.17962003454231434
580 0.1793103448275862
581 0.17900172117039587
582 0.17869415807560138
583 0.1783876500857633
584 0.1780821917808219
585 0.17777777777777778
586 0.17747440273037543
587 0.17717206132879046
588 0.17687074829931973
589 0.1765704584040747
590 0.17627118644067796
591 0.17597292724196278
592 0.17567567567567569
593 0.17537942664418213
594 0.1750841750841751
595 0.17478991596638654
596 0.1761744966442953
597 0.17755443886097153
598 0.17725752508361203
599 0.17696160267111852
600 0.17666666666666667
601 0.17637271214642264
602 0.1777408637873754
603 0.17744610281923714
604 0.1771523178807947
605 0.1768595041322314
606 0.17656765676567657
607 0.17627677100494235
608 0.17598684210526316
609 0.17569786535303777
610 0.17704918032786884
611 0.176759410801964
612 0.17647058823529413
613 0.1761827079934747
614 0.1758957654723127
615 0.17560975609756097
616 0.17532467532467533
617 0.17504051863857376
618 0.17475728155339806
619 0.17447495961227788
620 0.17419354838709677
621 0.17391304347826086
622 0.17363344051446947
623 0.17335473515248795
624 0.17307692307692307
625 0.1728
626 0.17252396166134185
627 0.1722488038277512
628 0.17197452229299362
629 0.17170111287758347
630 0.17142857142857143
631 0.17115689381933438
632 0.17088607594936708
633 0.17061611374407584
634 0.17034700315457413
635 0.17165354330708663
636 0.17138364779874213
637 0.17111459968602827
638 0.17084639498432602
639 0.1705790297339593
640 0.1703125
641 0.17004680187207488
642 0.16978193146417445
643 0.16951788491446346
644 0.16925465838509315
645 0.16899224806201552
646 0.16873065015479877
647 0.16846986089644514
648 0.16820987654320987
649 0.1679506933744222
650 0.1676923076923077
651 0.1674347158218126
652 0.16717791411042945
653 0.1669218989280245
654 0.16666666666666666
655 0.166412213740458
656 0.16615853658536586
657 0.1659056316590563
658 0.1656534954407295
659 0.165402124430956
660 0.16515151515151516
661 0.1649016641452345
662 0.1646525679758308
663 0.16440422322775264
664 0.16415662650602408
665 0.16390977443609023
666 0.16366366366366367
667 0.1634182908545727
668 0.1631736526946108
669 0.16292974588938713
670 0.1626865671641791
671 0.16244411326378538
672 0.16220238095238096
673 0.16196136701337296
674 0.16172106824925817
675 0.16148148148148148
676 0.16124260355029585
677 0.16100443131462333
678 0.1607669616519174
679 0.16053019145802652
680 0.16029411764705884
681 0.16005873715124816
682 0.1598240469208211
683 0.1595900439238653
684 0.15935672514619884
685 0.1591240875912409
686 0.1588921282798834
687 0.1586608442503639
688 0.15843023255813954
689 0.15820029027576196
690 0.15797101449275364
691 0.1577424023154848
692 0.157514450867052
693 0.15873015873015872
694 0.1585014409221902
695 0.15827338129496402
696 0.15804597701149425
697 0.15781922525107603
698 0.15759312320916904
699 0.15736766809728184
700 0.15714285714285714
701 0.15691868758915833
702 0.15669515669515668
703 0.15647226173541964
704 0.15767045454545456
705 0.1574468085106383
706 0.15722379603399433
707 0.157001414427157
708 0.15677966101694915
709 0.15655853314527504
710 0.1563380281690141
711 0.15611814345991562
712 0.15589887640449437
713 0.15568022440392706
714 0.15546218487394958
715 0.15524475524475526
716 0.15502793296089384
717 0.15481171548117154
718 0.15459610027855153
719 0.15438108484005564
720 0.15416666666666667
721 0.1539528432732316
722 0.15373961218836565
723 0.15352697095435686
724 0.15331491712707182
725 0.15310344827586206
726 0.15289256198347106
727 0.15268225584594222
728 0.15247252747252749
729 0.1522633744855967
730 0.15205479452054796
731 0.1518467852257182
732 0.15163934426229508
733 0.15143246930422918
734 0.15122615803814715
735 0.1510204081632653
736 0.15081521739130435
737 0.15061058344640435
738 0.15040650406504066
739 0.15020297699594046
740 0.15
741 0.14979757085020243
742 0.1495956873315364
743 0.14939434724091522
744 0.14919354838709678
745 0.14899328859060404
746 0.1487935656836461
747 0.14859437751004015
748 0.1483957219251337
749 0.14819759679572764
750 0.148
751 0.1478029294274301
752 0.14760638297872342
753 0.14741035856573706
754 0.14721485411140584
755 0.14701986754966886
756 0.14814814814814814
757 0.14795244385733158
758 0.14775725593667546
759 0.14756258234519104
760 0.14736842105263157
761 0.1471747700394218
762 0.14698162729658792
763 0.14678899082568808
764 0.14659685863874344
765 0.14640522875816994
766 0.1462140992167102
767 0.14602346805736635
768 0.14583333333333334
769 0.14564369310793238
770 0.14545454545454545
771 0.14526588845654995
772 0.14507772020725387
773 0.1448900388098318
774 0.14470284237726097
775 0.14451612903225808
776 0.14432989690721648
777 0.14414414414414414
778 0.14395886889460155
779 0.14377406931964057
780 0.14358974358974358
781 0.14340588988476313
782 0.1432225063938619
783 0.14303959131545338
784 0.14285714285714285
785 0.14267515923566879
786 0.14249363867684478
787 0.1423125794155019
788 0.14213197969543148
789 0.14195183776932827
790 0.14177215189873418
791 0.1415929203539823
792 0.1414141414141414
793 0.14123581336696092
794 0.14105793450881612
795 0.14088050314465408
796 0.1407035175879397
797 0.14052697616060225
798 0.14035087719298245
799 0.14017521902377972
800 0.14
801 0.13982521847690388
802 0.1396508728179551
803 0.13947696139476962
804 0.13930348258706468
805 0.1391304347826087
806 0.13895781637717122
807 0.13878562577447337
808 0.13861386138613863
809 0.138442521631644
810 0.1382716049382716
811 0.1381011097410604
812 0.13793103448275862
813 0.13776137761377613
814 0.1375921375921376
815 0.1374233128834356
816 0.13725490196078433
817 0.13708690330477355
818 0.13691931540342298
819 0.13675213675213677
820 0.13658536585365855
821 0.1364190012180268
822 0.1362530413625304
823 0.13608748481166463
824 0.13592233009708737
825 0.13696969696969696
826 0.1368038740920097
827 0.13784764207980654
828 0.13768115942028986
829 0.13751507840772015
830 0.13734939759036144
831 0.1371841155234657
832 0.13701923076923078
833 0.1368547418967587
834 0.1366906474820144
835 0.13652694610778443
836 0.13636363636363635
837 0.13620071684587814
838 0.1360381861575179
839 0.13587604290822408
840 0.1357142857142857
841 0.13555291319857313
842 0.13539192399049882
843 0.13523131672597866
844 0.13507109004739337
845 0.1349112426035503
846 0.1347517730496454
847 0.1345926800472255
848 0.13443396226415094
849 0.13427561837455831
850 0.13411764705882354
851 0.13396004700352526
852 0.13380281690140844
853 0.1336459554513482
854 0.13348946135831383
855 0.13333333333333333
856 0.13317757009345793
857 0.13302217036172695
858 0.13286713286713286
859 0.13271245634458673
860 0.1325581395348837
861 0.13240418118466898
862 0.13225058004640372
863 0.1320973348783314
864 0.13194444444444445
865 0.13179190751445086
866 0.13163972286374134
867 0.1314878892733564
868 0.1313364055299539
869 0.13118527042577677
870 0.1310344827586207
871 0.13088404133180254
872 0.13073394495412843
873 0.13058419243986255
874 0.13043478260869565
875 0.13028571428571428
876 0.13013698630136986
877 0.12998859749144812
878 0.12984054669703873
879 0.1296928327645051
880 0.12954545454545455
881 0.12939841089670828
882 0.1292517006802721
883 0.1291053227633069
884 0.12895927601809956
885 0.1288135593220339
886 0.12866817155756208
887 0.12852311161217586
888 0.12837837837837837
889 0.12823397075365578
890 0.12808988764044943
891 0.12794612794612795
892 0.12780269058295965
893 0.1276595744680851
894 0.12751677852348994
895 0.12737430167597766
896 0.12723214285714285
897 0.12709030100334448
898 0.12694877505567928
899 0.12680756395995552
900 0.12666666666666668
901 0.12652608213096558
902 0.12638580931263857
903 0.12624584717607973
904 0.1261061946902655
905 0.12596685082872927
906 0.12582781456953643
907 0.1256890848952591
908 0.12555066079295155
909 0.1254125412541254
910 0.12527472527472527
911 0.1251372118551043
912 0.125
913 0.1248630887185104
914 0.12472647702407003
915 0.12459016393442623
916 0.12445414847161572
917 0.12431842966194111
918 0.12418300653594772
919 0.12404787812840043
920 0.12391304347826088
921 0.1237785016286645
922 0.12364425162689804
923 0.12351029252437704
924 0.12337662337662338
925 0.12324324324324325
926 0.12311015118790497
927 0.12297734627831715
928 0.12284482758620689
929 0.12271259418729817
930 0.12258064516129032
931 0.12244897959183673
932 0.1223175965665236
933 0.12218649517684887
934 0.12205567451820129
935 0.12192513368983957
936 0.12179487179487179
937 0.12166488794023479
938 0.12153518123667377
939 0.12140575079872204
940 0.12127659574468085
941 0.12114771519659936
942 0.12101910828025478
943 0.12089077412513255
944 0.12076271186440678
945 0.12063492063492064
946 0.12050739957716702
947 0.12038014783526928
948 0.12025316455696203
949 0.12012644889357219
950 0.12
951 0.11987381703470032
952 0.11974789915966387
953 0.11962224554039874
954 0.11949685534591195
955 0.1193717277486911
956 0.1192468619246862
957 0.11912225705329153
958 0.11899791231732777
959 0.11887382690302398
960 0.11875
961 0.1186264308012487
962 0.11850311850311851
963 0.11838006230529595
964 0.11825726141078838
965 0.11813471502590674
966 0.11801242236024845
967 0.11789038262668046
968 0.11776859504132231
969 0.11764705882352941
970 0.11752577319587629
971 0.11740473738414006
972 0.11728395061728394
973 0.1171634121274409
974 0.11704312114989733
975 0.11692307692307692
976 0.1168032786885246
977 0.11668372569089049
978 0.1165644171779141
979 0.11644535240040858
980 0.11632653061224489
981 0.1162079510703364
982 0.11608961303462322
983 0.11597151576805696
984 0.11585365853658537
985 0.11573604060913706
986 0.11561866125760649
987 0.11550151975683891
988 0.11538461538461539
989 0.11526794742163801
990 0.11515151515151516
991 0.11503531786074672
992 0.11491935483870967
993 0.1148036253776435
994 0.11468812877263582
995 0.11457286432160804
996 0.1144578313253012
997 0.11434302908726178
998 0.11523046092184369
999 0.11511511511511512
1000 0.115
1001 0.11588411588411589
1002 0.1157684630738523
1003 0.1156530408773679
1004 0.11553784860557768
1005 0.1154228855721393
1006 0.11530815109343936
1007 0.11519364448857994
1008 0.11507936507936507
1009 0.11496531219028741
1010 0.11485148514851486
1011 0.11473788328387735
1012 0.11462450592885376
1013 0.11451135241855874
1014 0.11439842209072978
1015 0.11428571428571428
1016 0.1141732283464567
1017 0.11406096361848574
1018 0.11394891944990176
1019 0.11383709519136408
1020 0.11372549019607843
1021 0.11361410381978453
1022 0.11350293542074363
1023 0.11339198435972629
1024 0.11328125
1025 0.11317073170731708
1026 0.11306042884990253
1027 0.11295034079844206
1028 0.11284046692607004
1029 0.11273080660835763
1030 0.11262135922330097
1031 0.11251212415130941
1032 0.1124031007751938
1033 0.1122942884801549
1034 0.11218568665377177
1035 0.11207729468599034
1036 0.11196911196911197
1037 0.11186113789778207
1038 0.11175337186897881
1039 0.11164581328200192
1040 0.11153846153846154
1041 0.11143131604226705
1042 0.11132437619961612
1043 0.1112176414189837
1044 0.1111111111111111
1045 0.11100478468899522
1046 0.11089866156787763
1047 0.11079274116523401
1048 0.11068702290076336
1049 0.11058150619637751
1050 0.11047619047619048
1051 0.11037107516650808
1052 0.11026615969581749
1053 0.11016144349477683
1054 0.11005692599620494
1055 0.10995260663507109
1056 0.10984848484848485
1057 0.1097445600756859
1058 0.10964083175803403
1059 0.10953729933899906
1060 0.10943396226415095
1061 0.10933081998114987
1062 0.10922787193973635
1063 0.10912511759172154
1064 0.10902255639097744
1065 0.10892018779342723
1066 0.10881801125703565
1067 0.10871602624179943
1068 0.10861423220973783
1069 0.10851262862488306
1070 0.10841121495327102
1071 0.10830999066293184
1072 0.10820895522388059
1073 0.10810810810810811
1074 0.10800744878957169
1075 0.10790697674418605
1076 0.10780669144981413
1077 0.10770659238625813
1078 0.10760667903525047
1079 0.10750695088044486
1080 0.10740740740740741
1081 0.10730804810360776
1082 0.10720887245841035
1083 0.10710987996306556
1084 0.1070110701107011
1085 0.10691244239631337
1086 0.10773480662983426
1087 0.10763569457221711
1088 0.10753676470588236
1089 0.10743801652892562
1090 0.10733944954128441
1091 0.10724106324472961
1092 0.10714285714285714
1093 0.1070448307410796
1094 0.10694698354661791
1095 0.10684931506849316
1096 0.10675182481751824
1097 0.10665451230628988
1098 0.10655737704918032
1099 0.10646041856232939
1100 0.10636363636363637
1101 0.10626702997275204
1102 0.10617059891107078
1103 0.10607434270172257
1104 0.10597826086956522
1105 0.10588235294117647
1106 0.1057866184448463
1107 0.10569105691056911
1108 0.1055956678700361
1109 0.1055004508566276
1110 0.10540540540540541
1111 0.10531053105310531
1112 0.1052158273381295
1113 0.10512129380053908
1114 0.10502692998204669
1115 0.10493273542600896
1116 0.10483870967741936
1117 0.10474485228290063
1118 0.10465116279069768
1119 0.10455764075067024
1120 0.10446428571428572
1121 0.10437109723461195
1122 0.10427807486631016
1123 0.10418521816562779
1124 0.10409252669039146
1125 0.104
1126 0.10390763765541741
1127 0.10381543921916593
1128 0.10372340425531915
1129 0.10363153232949512
1130 0.10353982300884956
1131 0.10344827586206896
1132 0.10335689045936396
1133 0.10326566637246248
1134 0.10317460317460317
1135 0.10308370044052863
1136 0.10299295774647887
1137 0.10290237467018469
1138 0.10281195079086115
1139 0.10272168568920105
1140 0.10263157894736842
1141 0.10254163014899212
1142 0.10245183887915937
1143 0.10236220472440945
1144 0.10227272727272728
1145 0.10218340611353711
1146 0.10209424083769633
1147 0.1020052310374891
1148 0.1019163763066202
1149 0.10182767624020887
1150 0.10173913043478261
1151 0.10165073848827107
1152 0.1015625
1153 0.10147441457068516
1154 0.10138648180242635
1155 0.1012987012987013
1156 0.10121107266435986
1157 0.10112359550561797
1158 0.10103626943005181
1159 0.10094909404659189
1160 0.10086206896551723
1161 0.10077519379844961
1162 0.10068846815834767
1163 0.10060189165950129
1164 0.10051546391752578
1165 0.10042918454935622
1166 0.10034305317324185
1167 0.10025706940874037
1168 0.10017123287671233
1169 0.10008554319931566
1170 0.1
1171 0.09991460290350128
1172 0.09982935153583618
1173 0.09974424552429667
1174 0.09965928449744463
1175 0.09957446808510638
1176 0.09948979591836735
1177 0.0994052676295667
1178 0.09932088285229201
1179 0.09923664122137404
1180 0.09915254237288136
1181 0.09906858594411516
1182 0.09898477157360407
1183 0.0989010989010989
1184 0.09881756756756757
1185 0.09873417721518987
1186 0.09865092748735245
1187 0.09856781802864364
1188 0.09848484848484848
1189 0.09840201850294365
1190 0.09831932773109243
1191 0.0982367758186398
1192 0.09815436241610738
1193 0.0980720871751886
1194 0.09798994974874371
1195 0.09790794979079498
1196 0.09782608695652174
1197 0.09774436090225563
1198 0.09766277128547579
1199 0.097581317764804
1200 0.0975
1201 0.0974188176519567
1202 0.0973377703826955
1203 0.09725685785536159
1204 0.09717607973421927
1205 0.0970954356846473
1206 0.09701492537313433
1207 0.09693454846727423
1208 0.09685430463576158
1209 0.0967741935483871
1210 0.09669421487603305
1211 0.09661436829066887
1212 0.09653465346534654
1213 0.09645507007419621
1214 0.09637561779242175
1215 0.0962962962962963
1216 0.0962171052631579
1217 0.0961380443714051
1218 0.0960591133004926
1219 0.09598031173092698
1220 0.0959016393442623
1221 0.09582309582309582
1222 0.09574468085106383
1223 0.09566639411283728
1224 0.09558823529411764
1225 0.09551020408163265
1226 0.09543230016313213
1227 0.09535452322738386
1228 0.09527687296416938
1229 0.0951993490642799
1230 0.0951219512195122
1231 0.0950446791226645
1232 0.09496753246753246
1233 0.0948905109489051
1234 0.09481361426256078
1235 0.09473684210526316
1236 0.09466019417475728
1237 0.09458367016976556
1238 0.09450726978998385
1239 0.09443099273607748
1240 0.09435483870967742
1241 0.09427880741337631
1242 0.09420289855072464
1243 0.09412711182622686
1244 0.09405144694533762
1245 0.09397590361445783
1246 0.09390048154093097
1247 0.09382518043303929
1248 0.09375
1249 0.09367493995196156
1250 0.0936
1251 0.09352517985611511
1252 0.09345047923322684
1253 0.09337589784517158
1254 0.09330143540669857
1255 0.09322709163346614
1256 0.09315286624203821
1257 0.09307875894988067
1258 0.09300476947535771
1259 0.09293089753772836
1260 0.09285714285714286
1261 0.09278350515463918
1262 0.09270998415213946
1263 0.09263657957244656
1264 0.0925632911392405
1265 0.09249011857707509
1266 0.0924170616113744
1267 0.09234411996842937
1268 0.09227129337539432
1269 0.09219858156028368
1270 0.09212598425196851
1271 0.0920535011801731
1272 0.09198113207547169
1273 0.09190887666928516
1274 0.09183673469387756
1275 0.09176470588235294
1276 0.09169278996865204
1277 0.09162098668754894
1278 0.09154929577464789
1279 0.09147771696637999
1280 0.09140625
1281 0.09133489461358314
1282 0.09126365054602184
1283 0.09119251753702261
1284 0.0911214953271028
1285 0.09105058365758754
1286 0.09097978227060653
1287 0.09090909090909091
1288 0.09083850931677019
1289 0.09076803723816912
1290 0.09069767441860466
1291 0.0906274206041828
1292 0.09055727554179567
1293 0.09048723897911833
1294 0.09041731066460587
1295 0.09034749034749034
1296 0.09027777777777778
1297 0.09020817270624518
1298 0.0901386748844376
1299 0.09006928406466513
1300 0.09
1301 0.08993082244427364
1302 0.08986175115207373
1303 0.08979278587874137
1304 0.0897239263803681
1305 0.0896551724137931
1306 0.08958652373660031
1307 0.08951798010711554
1308 0.08944954128440367
1309 0.08938120702826585
1310 0.08931297709923663
1311 0.08924485125858124
1312 0.08917682926829268
1313 0.0891089108910891
1314 0.08904109589041095
1315 0.08897338403041825
1316 0.08890577507598785
1317 0.0888382687927107
1318 0.08877086494688922
1319 0.0887035633055345
1320 0.08863636363636364
1321 0.08856926570779712
1322 0.08850226928895613
1323 0.08843537414965986
1324 0.08836858006042296
1325 0.08830188679245284
1326 0.08823529411764706
1327 0.08816880180859081
1328 0.08810240963855422
1329 0.08803611738148984
1330 0.08796992481203007
1331 0.0879038317054846
1332 0.08783783783783784
1333 0.08777194298574643
1334 0.08770614692653673
1335 0.08764044943820225
1336 0.0875748502994012
1337 0.087509349289454
1338 0.08744394618834081
1339 0.08737864077669903
1340 0.0873134328358209
1341 0.087248322147651
1342 0.08718330849478391
1343 0.08711839166046165
1344 0.08705357142857142
1345 0.08698884758364313
1346 0.08692421991084695
1347 0.08685968819599109
1348 0.08679525222551929
1349 0.08673091178650852
1350 0.08666666666666667
1351 0.08660251665433012
1352 0.08653846153846154
1353 0.08647450110864745
1354 0.086410635155096
1355 0.08634686346863468
1356 0.08628318584070796
1357 0.08621960206337509
1358 0.0861561119293078
1359 0.08609271523178808
1360 0.08602941176470588
1361 0.08596620132255695
1362 0.08590308370044053
1363 0.08584005869405723
1364 0.08577712609970674
1365 0.08571428571428572
1366 0.08565153733528551
1367 0.08558888076079005
1368 0.08552631578947369
1369 0.08546384222059898
1370 0.0854014598540146
1371 0.08533916849015317
1372 0.08527696793002916
1373 0.0852148579752367
1374 0.0851528384279476
1375 0.08509090909090909
1376 0.08502906976744186
1377 0.08496732026143791
1378 0.08490566037735849
1379 0.08484408992023205
1380 0.08478260869565217
1381 0.08472121650977553
1382 0.08465991316931983
1383 0.08459869848156182
1384 0.08453757225433527
1385 0.08447653429602887
1386 0.08441558441558442
1387 0.08435472242249459
1388 0.08429394812680115
1389 0.08423326133909287
1390 0.0841726618705036
1391 0.08411214953271028
1392 0.08405172413793104
1393 0.08399138549892318
1394 0.08393113342898136
1395 0.08387096774193549
1396 0.083810888252149
1397 0.08375089477451682
1398 0.08369098712446352
1399 0.08363116511794139
1400 0.08357142857142857
1401 0.0835117773019272
1402 0.08345221112696148
1403 0.08339272986457591
1404 0.08333333333333333
1405 0.08327402135231317
1406 0.08321479374110953
1407 0.08315565031982942
1408 0.08309659090909091
1409 0.0830376153300213
1410 0.08297872340425531
1411 0.08291991495393337
1412 0.08286118980169972
1413 0.08280254777070063
1414 0.08274398868458274
1415 0.08268551236749117
1416 0.0826271186440678
1417 0.08256880733944955
1418 0.08251057827926657
1419 0.0824524312896406
1420 0.0823943661971831
1421 0.08233638282899367
1422 0.08227848101265822
1423 0.08222066057624737
1424 0.08216292134831461
1425 0.08210526315789474
1426 0.0820476858345021
1427 0.08199018920812894
1428 0.0819327731092437
1429 0.08187543736878937
1430 0.08181818181818182
1431 0.08176100628930817
1432 0.08170391061452514
1433 0.08164689462665736
1434 0.08158995815899582
1435 0.08153310104529617
1436 0.08147632311977716
1437 0.081419624217119
1438 0.08136300417246176
1439 0.08130646282140375
1440 0.08125
1441 0.08119361554476058
1442 0.0811373092926491
1443 0.08108108108108109
1444 0.08102493074792244
1445 0.0809688581314879
1446 0.08091286307053942
1447 0.08085694540428473
1448 0.08080110497237569
1449 0.08074534161490683
1450 0.08068965517241379
1451 0.08063404548587182
1452 0.08057851239669421
1453 0.0805230557467309
1454 0.08046767537826685
1455 0.08041237113402062
1456 0.08035714285714286
1457 0.08030199039121483
1458 0.08024691358024691
1459 0.08019191226867718
1460 0.08013698630136987
1461 0.08008213552361396
1462 0.08002735978112176
1463 0.07997265892002735
1464 0.07991803278688525
1465 0.07986348122866894
1466 0.07980900409276943
1467 0.07975460122699386
1468 0.07970027247956403
1469 0.07964601769911504
1470 0.07959183673469387
1471 0.07953772943575799
1472 0.07948369565217392
1473 0.07942973523421588
1474 0.07937584803256445
1475 0.07932203389830508
1476 0.07926829268292683
1477 0.07921462423832092
1478 0.07916102841677942
1479 0.07910750507099391
1480 0.07905405405405405
1481 0.07900067521944631
1482 0.07894736842105263
1483 0.07889413351314903
1484 0.07884097035040431
1485 0.07878787878787878
1486 0.07873485868102288
1487 0.07868190988567586
1488 0.07862903225806452
1489 0.07857622565480188
1490 0.07852348993288591
1491 0.07847082494969819
1492 0.07841823056300268
1493 0.0783657066309444
1494 0.0783132530120482
1495 0.0782608695652174
1496 0.07820855614973261
1497 0.0781563126252505
1498 0.07810413885180241
1499 0.0780520346897932
1500 0.078
1501 0.07794803464357095
1502 0.07789613848202397
1503 0.07784431137724551
1504 0.07779255319148937
1505 0.07774086378737542
1506 0.07768924302788845
1507 0.0776376907763769
1508 0.07758620689655173
1509 0.0775347912524851
1510 0.07748344370860927
1511 0.07743216412971542
1512 0.07738095238095238
1513 0.07732980832782552
1514 0.0772787318361955
1515 0.07722772277227723
1516 0.07717678100263853
1517 0.07712590639419907
1518 0.07707509881422925
1519 0.07702435813034891
1520 0.07697368421052632
1521 0.07692307692307693
1522 0.07687253613666228
1523 0.07682206172028891
1524 0.07677165354330709
1525 0.07672131147540984
1526 0.07667103538663171
1527 0.07662082514734773
1528 0.07657068062827226
1529 0.07652060170045781
1530 0.07647058823529412
1531 0.07642064010450686
1532 0.07637075718015666
1533 0.07632093933463796
1534 0.07627118644067797
1535 0.0762214983713355
1536 0.076171875
1537 0.07612231620039037
1538 0.07607282184655396
1539 0.07602339181286549
1540 0.07597402597402597
1541 0.07592472420506165
1542 0.07587548638132295
1543 0.07582631237848347
1544 0.07577720207253887
1545 0.07572815533980583
1546 0.07567917205692108
1547 0.07563025210084033
1548 0.0755813953488372
1549 0.07553260167850226
1550 0.07548387096774194
1551 0.07543520309477757
1552 0.07538659793814433
1553 0.07533805537669028
1554 0.07528957528957529
1555 0.0752411575562701
1556 0.07519280205655526
1557 0.07514450867052024
1558 0.07509627727856226
1559 0.0750481077613855
1560 0.075
1561 0.07495195387572069
1562 0.07490396927016646
1563 0.07485604606525911
1564 0.0748081841432225
1565 0.07476038338658147
1566 0.07471264367816093
1567 0.07466496490108487
1568 0.07461734693877552
1569 0.0745697896749522
1570 0.07452229299363057
1571 0.07447485677912158
1572 0.07442748091603053
1573 0.0743801652892562
1574 0.07433290978398983
1575 0.07428571428571429
1576 0.07423857868020305
1577 0.07419150285351934
1578 0.0741444866920152
1579 0.0740975300823306
1580 0.07405063291139241
1581 0.07400379506641366
1582 0.07395701643489254
1583 0.0739102969046115
1584 0.07386363636363637
1585 0.07381703470031546
1586 0.07377049180327869
1587 0.07372400756143667
1588 0.07367758186397985
1589 0.0736312146003776
1590 0.07358490566037736
1591 0.07353865493400377
1592 0.07349246231155779
1593 0.07344632768361582
1594 0.07340025094102885
1595 0.07335423197492164
1596 0.07330827067669173
1597 0.07326236693800876
1598 0.07321652065081352
1599 0.07317073170731707
1600 0.073125
1601 0.0730793254216115
1602 0.07303370786516854
1603 0.07298814722395508
1604 0.07294264339152119
1605 0.07289719626168224
1606 0.07285180572851806
1607 0.07280647168637212
1608 0.07276119402985075
1609 0.07271597265382225
1610 0.07267080745341616
1611 0.07262569832402235
1612 0.07258064516129033
1613 0.07253564786112833
1614 0.0724907063197026
1615 0.07244582043343653
1616 0.0724009900990099
1617 0.07235621521335807
1618 0.0723114956736712
1619 0.07226683137739345
1620 0.07222222222222222
1621 0.07217766810610735
1622 0.0721331689272503
1623 0.07208872458410351
1624 0.07204433497536945
1625 0.072
1626 0.07195571955719557
1627 0.07191149354640443
1628 0.07186732186732187
1629 0.0718232044198895
1630 0.07177914110429448
1631 0.07173513182096873
1632 0.07169117647058823
1633 0.07164727495407226
1634 0.07160342717258263
1635 0.07155963302752294
1636 0.0715158924205379
1637 0.07147220525351253
1638 0.07142857142857142
1639 0.0713849908480781
1640 0.07134146341463414
1641 0.0712979890310786
1642 0.0712545676004872
1643 0.07121119902617164
1644 0.07116788321167883
1645 0.07112462006079028
1646 0.07108140947752126
1647 0.07103825136612021
1648 0.07099514563106796
1649 0.07095209217707701
1650 0.07090909090909091
1651 0.07086614173228346
1652 0.07082324455205811
1653 0.07078039927404718
1654 0.07073760580411124
1655 0.07069486404833837
1656 0.07065217391304347
1657 0.07060953530476766
1658 0.07056694813027745
1659 0.0705244122965642
1660 0.07048192771084337
1661 0.07043949428055388
1662 0.0703971119133574
1663 0.0703547805171377
1664 0.0703125
1665 0.07027027027027027
1666 0.0702280912364946
1667 0.07018596280743851
1668 0.07014388489208633
1669 0.0701018573996405
1670 0.07005988023952096
1671 0.07001795332136446
1672 0.06997607655502393
1673 0.06993424985056784
1674 0.06989247311827956
1675 0.06985074626865671
1676 0.06980906921241051
1677 0.06976744186046512
1678 0.0697258641239571
1679 0.06968433591423466
1680 0.06964285714285715
1681 0.06960142772159429
1682 0.06956004756242569
1683 0.06951871657754011
1684 0.06947743467933491
1685 0.06943620178041543
1686 0.0693950177935943
1687 0.06935388263189093
1688 0.0693127962085308
1689 0.06927175843694494
1690 0.06923076923076923
1691 0.06918982850384388
1692 0.06914893617021277
1693 0.06910809214412286
1694 0.0690672963400236
1695 0.06902654867256637
1696 0.06898584905660378
1697 0.06894519740718916
1698 0.06890459363957598
1699 0.06886403766921718
1700 0.0688235294117647
1701 0.06878306878306878
1702 0.06874265569917744
1703 0.06870229007633588
1704 0.06866197183098592
1705 0.0686217008797654
1706 0.06858147713950762
1707 0.06854130052724078
1708 0.06850117096018736
1709 0.0684610883557636
1710 0.06842105263157895
1711 0.06838106370543542
1712 0.0683411214953271
1713 0.06830122591943957
1714 0.06826137689614936
1715 0.06822157434402332
1716 0.06818181818181818
1717 0.0681421083284799
1718 0.0681024447031432
1719 0.06806282722513089
1720 0.06802325581395349
1721 0.06798373038930854
1722 0.06794425087108014
1723 0.06790481717933837
1724 0.06786542923433875
1725 0.06782608695652174
1726 0.06778679026651217
1727 0.0677475390851187
1728 0.06770833333333333
1729 0.06766917293233082
1730 0.0676300578034682
1731 0.06759098786828423
1732 0.06755196304849885
1733 0.0675129832660127
1734 0.06747404844290658
1735 0.06743515850144093
1736 0.0673963133640553
1737 0.06735751295336788
1738 0.06731875719217491
1739 0.06728004600345026
1740 0.06724137931034482
1741 0.0672027570361861
1742 0.06716417910447761
1743 0.06712564543889846
1744 0.06708715596330275
1745 0.0670487106017192
1746 0.06701030927835051
1747 0.06697195191757298
1748 0.06693363844393593
1749 0.06689536878216124
1750 0.06685714285714285
1751 0.06681896059394632
1752 0.06678082191780822
1753 0.06674272675413577
1754 0.06670467502850627
1755 0.06666666666666667
1756 0.06662870159453303
1757 0.0665907797381901
1758 0.06655290102389079
1759 0.06651506537805571
1760 0.06647727272727273
1761 0.06643952299829642
1762 0.06640181611804767
1763 0.06636415201361316
1764 0.0663265306122449
1765 0.06628895184135977
1766 0.06625141562853908
1767 0.06621392190152801
1768 0.0661764705882353
1769 0.06613906161673262
1770 0.06610169491525424
1771 0.0660643704121965
1772 0.06602708803611738
