1 1.0
2 1.0
3 1.0
4 1.0
5 1.0
6 1.0
7 1.0
8 1.0
9 1.0
10 1.0
11 1.0
12 1.0
13 1.0
14 1.0
15 1.0
16 1.0
17 1.0
18 1.0
19 1.0
20 1.0
21 1.0
22 1.0
23 1.0
24 1.0
25 1.0
26 0.9615384615384616
27 0.9629629629629629
28 0.9642857142857143
29 0.9655172413793104
30 0.9666666666666667
31 0.9354838709677419
32 0.9375
33 0.9090909090909091
34 0.8823529411764706
35 0.8857142857142857
36 0.8611111111111112
37 0.8648648648648649
38 0.8421052631578947
39 0.8461538461538461
40 0.85
41 0.8536585365853658
42 0.8571428571428571
43 0.8604651162790697
44 0.8636363636363636
45 0.8666666666666667
46 0.8695652173913043
47 0.851063829787234
48 0.8333333333333334
49 0.8163265306122449
50 0.82
51 0.803921568627451
52 0.7884615384615384
53 0.7735849056603774
54 0.7777777777777778
55 0.7818181818181819
56 0.7857142857142857
57 0.7719298245614035
58 0.7586206896551724
59 0.7457627118644068
60 0.75
61 0.7540983606557377
62 0.7419354838709677
63 0.7301587301587301
64 0.734375
65 0.7230769230769231
66 0.7121212121212122
67 0.7014925373134329
68 0.6911764705882353
69 0.6811594202898551
70 0.6857142857142857
71 0.6901408450704225
72 0.6805555555555556
73 0.684931506849315
74 0.6891891891891891
75 0.6933333333333334
76 0.6842105263157895
77 0.6753246753246753
78 0.6794871794871795
79 0.6708860759493671
80 0.675
81 0.6790123456790124
82 0.6707317073170732
83 0.6626506024096386
84 0.6547619047619048
85 0.6588235294117647
86 0.6511627906976745
87 0.6436781609195402
88 0.6477272727272727
89 0.651685393258427
90 0.6444444444444445
91 0.6373626373626373
92 0.6304347826086957
93 0.6236559139784946
94 0.6276595744680851
95 0.6210526315789474
96 0.6145833333333334
97 0.6082474226804123
98 0.6020408163265306
99 0.6060606060606061
100 0.61
101 0.6039603960396039
102 0.5980392156862745
103 0.5922330097087378
104 0.5865384615384616
105 0.580952380952381
106 0.5754716981132075
107 0.5700934579439252
108 0.5648148148148148
109 0.5596330275229358
110 0.5545454545454546
111 0.5585585585585585
112 0.5535714285714286
113 0.5486725663716814
114 0.543859649122807
115 0.5391304347826087
116 0.5431034482758621
117 0.5470085470085471
118 0.5508474576271186
119 0.5462184873949579
120 0.5416666666666666
121 0.5454545454545454
122 0.5409836065573771
123 0.5365853658536586
124 0.5403225806451613
125 0.536
126 0.5317460317460317
127 0.5275590551181102
128 0.5234375
129 0.5271317829457365
130 0.5307692307692308
131 0.5267175572519084
132 0.5303030303030303
133 0.5263157894736842
134 0.5223880597014925
135 0.5185185185185185
136 0.5147058823529411
137 0.5109489051094891
138 0.5072463768115942
139 0.5107913669064749
140 0.5071428571428571
141 0.5035460992907801
142 0.5
143 0.4965034965034965
144 0.4930555555555556
145 0.4896551724137931
146 0.4863013698630137
147 0.48299319727891155
148 0.4797297297297297
149 0.47651006711409394
150 0.47333333333333333
151 0.47019867549668876
152 0.46710526315789475
153 0.46405228758169936
154 0.461038961038961
155 0.45806451612903226
156 0.4551282051282051
157 0.45222929936305734
158 0.44936708860759494
159 0.44654088050314467
160 0.45
161 0.4472049689440994
162 0.4506172839506173
163 0.44785276073619634
164 0.45121951219512196
165 0.4484848484848485
166 0.4457831325301205
167 0.4431137724550898
168 0.44642857142857145
169 0.4437869822485207
170 0.4411764705882353
171 0.4444444444444444
172 0.4418604651162791
173 0.4393063583815029
174 0.4367816091954023
175 0.4342857142857143
176 0.4318181818181818
177 0.4293785310734463
178 0.42696629213483145
179 0.4245810055865922
180 0.42777777777777776
181 0.425414364640884
182 0.4230769230769231
183 0.4207650273224044
184 0.41847826086956524
185 0.41621621621621624
186 0.41397849462365593
187 0.4117647058823529
188 0.4095744680851064
189 0.4074074074074074
190 0.4052631578947368
191 0.4031413612565445
192 0.40625
193 0.40414507772020725
194 0.4020618556701031
195 0.4
196 0.4030612244897959
197 0.4010152284263959
198 0.398989898989899
199 0.3969849246231156
200 0.395
201 0.39303482587064675
202 0.3910891089108911
203 0.39408866995073893
204 0.39215686274509803
205 0.3951219512195122
206 0.3932038834951456
207 0.391304347826087
208 0.3894230769230769
209 0.3875598086124402
210 0.38571428571428573
211 0.38388625592417064
212 0.38207547169811323
213 0.38028169014084506
214 0.38317757009345793
215 0.3813953488372093
216 0.37962962962962965
217 0.3778801843317972
218 0.3761467889908257
219 0.3744292237442922
220 0.37272727272727274
221 0.37104072398190047
222 0.36936936936936937
223 0.36771300448430494
224 0.36607142857142855
225 0.36444444444444446
226 0.36283185840707965
227 0.36123348017621143
228 0.35964912280701755
229 0.35807860262008734
230 0.3565217391304348
231 0.354978354978355
232 0.35344827586206895
233 0.3562231759656652
234 0.3547008547008547
235 0.35319148936170214
236 0.3516949152542373
237 0.35443037974683544
238 0.35294117647058826
239 0.3514644351464435
240 0.35
241 0.34854771784232363
242 0.34710743801652894
243 0.345679012345679
244 0.3442622950819672
245 0.34285714285714286
246 0.34146341463414637
247 0.340080971659919
248 0.3387096774193548
249 0.3373493975903614
250 0.336
251 0.3386454183266932
252 0.3373015873015873
253 0.3359683794466403
254 0.3346456692913386
255 0.3333333333333333
256 0.33203125
257 0.33073929961089493
258 0.32945736434108525
259 0.3281853281853282
260 0.3269230769230769
261 0.32567049808429116
262 0.3244274809160305
263 0.3269961977186312
264 0.32575757575757575
265 0.32452830188679244
266 0.3233082706766917
267 0.32209737827715357
268 0.3208955223880597
269 0.31970260223048325
270 0.31851851851851853
271 0.3173431734317343
272 0.3161764705882353
273 0.315018315018315
274 0.31386861313868614
275 0.31272727272727274
276 0.3115942028985507
277 0.3104693140794224
278 0.30935251798561153
279 0.30824372759856633
280 0.30714285714285716
281 0.30604982206405695
282 0.3049645390070922
283 0.303886925795053
284 0.3028169014084507
285 0.30526315789473685
286 0.3041958041958042
287 0.30313588850174217
288 0.3020833333333333
289 0.30103806228373703
290 0.3
291 0.29896907216494845
292 0.2979452054794521
293 0.29692832764505117
294 0.29591836734693877
295 0.29491525423728815
296 0.2939189189189189
297 0.29292929292929293
298 0.29194630872483224
299 0.2909698996655518
300 0.29333333333333333
301 0.2956810631229236
302 0.2947019867549669
303 0.29372937293729373
304 0.29276315789473684
305 0.29180327868852457
306 0.2908496732026144
307 0.2931596091205212
308 0.2922077922077922
309 0.2912621359223301
310 0.2903225806451613
311 0.29260450160771706
312 0.2916666666666667
313 0.29073482428115016
314 0.2898089171974522
315 0.28888888888888886
316 0.2879746835443038
317 0.2870662460567823
318 0.2861635220125786
319 0.2852664576802508
320 0.2875
321 0.2866043613707165
322 0.2857142857142857
323 0.2848297213622291
324 0.2839506172839506
325 0.28307692307692306
326 0.2822085889570552
327 0.28440366972477066
328 0.28353658536585363
329 0.2826747720364742
330 0.28484848484848485
331 0.283987915407855
332 0.28313253012048195
333 0.2852852852852853
334 0.2844311377245509
335 0.2835820895522388
336 0.28273809523809523
337 0.2818991097922849
338 0.28106508875739644
339 0.28023598820059
340 0.27941176470588236
341 0.2785923753665689
342 0.2777777777777778
343 0.27696793002915454
344 0.2761627906976744
345 0.2753623188405797
346 0.2745664739884393
347 0.2737752161383285
348 0.27298850574712646
349 0.2722063037249284
350 0.2714285714285714
351 0.2706552706552707
352 0.26988636363636365
353 0.26912181303116145
354 0.268361581920904
355 0.2676056338028169
356 0.26685393258426965
357 0.2661064425770308
358 0.26536312849162014
359 0.2646239554317549
360 0.2638888888888889
361 0.2631578947368421
362 0.26243093922651933
363 0.26170798898071623
364 0.260989010989011
365 0.2602739726027397
366 0.25956284153005466
367 0.25885558583106266
368 0.2608695652173913
369 0.2601626016260163
370 0.2594594594594595
371 0.2587601078167116
372 0.25806451612903225
373 0.257372654155496
374 0.25668449197860965
375 0.256
376 0.2553191489361702
377 0.2546419098143236
378 0.25396825396825395
379 0.2532981530343008
380 0.25263157894736843
381 0.2545931758530184
382 0.25392670157068065
383 0.25326370757180156
384 0.2526041666666667
385 0.2519480519480519
386 0.25129533678756477
387 0.25064599483204136
388 0.25
389 0.2493573264781491
390 0.24871794871794872
391 0.2506393861892583
392 0.25
393 0.24936386768447838
394 0.24873096446700507
395 0.2481012658227848
396 0.25
397 0.24937027707808565
398 0.24874371859296482
399 0.24812030075187969
400 0.2475
401 0.24688279301745636
402 0.2462686567164179
403 0.2456575682382134
404 0.24504950495049505
405 0.24444444444444444
406 0.2438423645320197
407 0.24324324324324326
408 0.2426470588235294
409 0.24205378973105135
410 0.24146341463414633
411 0.24087591240875914
412 0.24029126213592233
413 0.2397094430992736
414 0.2391304347826087
415 0.2385542168674699
416 0.23798076923076922
417 0.23741007194244604
418 0.23684210526315788
419 0.23627684964200477
420 0.2357142857142857
421 0.23515439429928742
422 0.23459715639810427
423 0.23404255319148937
424 0.23349056603773585
425 0.23294117647058823
426 0.2323943661971831
427 0.23185011709601874
428 0.23130841121495327
429 0.23076923076923078
430 0.2302325581395349
431 0.2296983758700696
432 0.22916666666666666
433 0.22863741339491916
434 0.22811059907834103
435 0.22758620689655173
436 0.22706422018348624
437 0.22654462242562928
438 0.22602739726027396
439 0.2255125284738041
440 0.225
441 0.22448979591836735
442 0.2239819004524887
443 0.2234762979683973
444 0.22297297297297297
445 0.22247191011235956
446 0.2219730941704036
447 0.2214765100671141
448 0.22098214285714285
449 0.22271714922049
450 0.2222222222222222
451 0.22172949002217296
452 0.22123893805309736
453 0.22075055187637968
454 0.22026431718061673
455 0.21978021978021978
456 0.21929824561403508
457 0.2188183807439825
458 0.2183406113537118
459 0.2178649237472767
460 0.21739130434782608
461 0.21691973969631237
462 0.21645021645021645
463 0.2159827213822894
464 0.21551724137931033
465 0.21505376344086022
466 0.2145922746781116
467 0.21413276231263384
468 0.21367521367521367
469 0.21321961620469082
470 0.2127659574468085
471 0.21231422505307856
472 0.211864406779661
473 0.21141649048625794
474 0.2109704641350211
475 0.21052631578947367
476 0.21008403361344538
477 0.20964360587002095
478 0.20920502092050208
479 0.20876826722338204
480 0.20833333333333334
481 0.2079002079002079
482 0.2074688796680498
483 0.2070393374741201
484 0.2066115702479339
485 0.20618556701030927
486 0.205761316872428
487 0.2053388090349076
488 0.20491803278688525
489 0.20449897750511248
490 0.20408163265306123
491 0.20366598778004075
492 0.2032520325203252
493 0.2028397565922921
494 0.20242914979757085
495 0.20202020202020202
496 0.20161290322580644
497 0.2012072434607646
498 0.20080321285140562
499 0.20040080160320642
500 0.2
501 0.1996007984031936
502 0.199203187250996
503 0.1988071570576541
504 0.1984126984126984
505 0.19801980198019803
506 0.1976284584980237
507 0.19723865877712032
508 0.1968503937007874
509 0.19646365422396855
510 0.1980392156862745
511 0.19765166340508805
512 0.197265625
513 0.19883040935672514
514 0.19844357976653695
515 0.19805825242718447
516 0.19767441860465115
517 0.19729206963249515
518 0.1969111969111969
519 0.19653179190751446
520 0.19615384615384615
521 0.19577735124760076
522 0.19540229885057472
523 0.1950286806883365
524 0.1946564885496183
525 0.19428571428571428
526 0.19391634980988592
527 0.1935483870967742
528 0.19318181818181818
529 0.19281663516068054
530 0.19245283018867926
531 0.192090395480226
532 0.19172932330827067
533 0.19136960600375236
534 0.19101123595505617
535 0.19065420560747665
536 0.19029850746268656
537 0.18994413407821228
538 0.1895910780669145
539 0.18923933209647495
540 0.18888888888888888
541 0.18853974121996303
542 0.1881918819188192
543 0.1878453038674033
544 0.1875
545 0.1871559633027523
546 0.18681318681318682
547 0.18647166361974407
548 0.18613138686131386
549 0.18579234972677597
550 0.18545454545454546
551 0.1851179673321234
552 0.18478260869565216
553 0.1844484629294756
554 0.18411552346570398
555 0.1837837837837838
556 0.18345323741007194
557 0.18312387791741472
558 0.1827956989247312
559 0.18246869409660108
560 0.18214285714285713
561 0.18181818181818182
562 0.18149466192170818
563 0.1811722912966252
564 0.18085106382978725
565 0.18053097345132743
566 0.18021201413427562
567 0.18165784832451498
568 0.1813380281690141
569 0.18101933216168717
570 0.18070175438596492
571 0.18038528896672504
572 0.18006993006993008
573 0.17975567190226877
574 0.1794425087108014
575 0.1791304347826087
576 0.17881944444444445
577 0.17850953206239167
578 0.1782006920415225
579 0.17789291882556132
580 0.17758620689655172
581 0.17728055077452667
582 0.17697594501718214
583 0.17667238421955403
584 0.17636986301369864
585 0.17606837606837608
586 0.17747440273037543
587 0.17717206132879046
588 0.17687074829931973
589 0.1765704584040747
590 0.17627118644067796
591 0.17597292724196278
592 0.17567567567567569
593 0.17537942664418213
594 0.1750841750841751
595 0.17478991596638654
596 0.174496644295302
597 0.17420435510887772
598 0.17391304347826086
599 0.17362270450751252
600 0.17333333333333334
601 0.17304492512479203
602 0.17275747508305647
603 0.1724709784411277
604 0.17218543046357615
605 0.171900826446281
606 0.1716171617161716
607 0.171334431630972
608 0.17105263157894737
609 0.1724137931034483
610 0.1721311475409836
611 0.1718494271685761
612 0.1715686274509804
613 0.17128874388254486
614 0.17100977198697068
615 0.17073170731707318
616 0.17045454545454544
617 0.17017828200972449
618 0.16990291262135923
619 0.16962843295638125
620 0.1693548387096774
621 0.16908212560386474
622 0.16881028938906753
623 0.16853932584269662
624 0.16826923076923078
625 0.168
626 0.16773162939297126
627 0.1674641148325359
628 0.16719745222929935
629 0.1669316375198728
630 0.16666666666666666
631 0.1664025356576862
632 0.1661392405063291
633 0.16587677725118483
634 0.16561514195583596
635 0.16535433070866143
636 0.1650943396226415
637 0.16483516483516483
638 0.164576802507837
639 0.1643192488262911
640 0.1640625
641 0.16380655226209048
642 0.16355140186915887
643 0.16329704510108864
644 0.16304347826086957
645 0.16279069767441862
646 0.16253869969040247
647 0.16228748068006182
648 0.16203703703703703
649 0.1617873651771957
650 0.16153846153846155
651 0.16129032258064516
652 0.16104294478527606
653 0.16079632465543645
654 0.16055045871559634
655 0.16030534351145037
656 0.1600609756097561
657 0.1598173515981735
658 0.1595744680851064
659 0.15933232169954475
660 0.1590909090909091
661 0.1588502269288956
662 0.15861027190332327
663 0.1583710407239819
664 0.15813253012048192
665 0.15789473684210525
666 0.15765765765765766
667 0.15742128935532235
668 0.15718562874251496
669 0.15695067264573992
670 0.15671641791044777
671 0.15648286140089418
672 0.15625
673 0.15601783060921248
674 0.15578635014836795
675 0.15555555555555556
676 0.15532544378698224
677 0.155096011816839
678 0.15486725663716813
679 0.15463917525773196
680 0.15441176470588236
681 0.15418502202643172
682 0.15395894428152493
683 0.15373352855051245
684 0.15350877192982457
685 0.15328467153284672
686 0.15306122448979592
687 0.15283842794759825
688 0.15261627906976744
689 0.15239477503628446
690 0.15217391304347827
691 0.15195369030390737
692 0.15173410404624277
693 0.15151515151515152
694 0.15273775216138327
695 0.15251798561151078
696 0.15229885057471265
697 0.15208034433285508
698 0.1518624641833811
699 0.15164520743919885
700 0.15285714285714286
701 0.15263908701854492
702 0.15242165242165243
703 0.15220483641536273
704 0.15198863636363635
705 0.15177304964539007
706 0.15155807365439095
707 0.15134370579915135
708 0.15112994350282485
709 0.15091678420310295
710 0.15070422535211267
711 0.15049226441631505
712 0.1502808988764045
713 0.15007012622720897
714 0.14985994397759103
715 0.14965034965034965
716 0.1494413407821229
717 0.1492329149232915
718 0.149025069637883
719 0.14881780250347706
720 0.1486111111111111
721 0.14840499306518723
722 0.1481994459833795
723 0.1479944674965422
724 0.1477900552486188
725 0.14758620689655172
726 0.14738292011019283
727 0.14718019257221457
728 0.14697802197802198
729 0.1467764060356653
730 0.14657534246575343
731 0.146374829001368
732 0.14617486338797814
733 0.14597544338335608
734 0.14577656675749318
735 0.145578231292517
736 0.1453804347826087
737 0.1451831750339213
738 0.14498644986449866
739 0.14479025710419485
740 0.1445945945945946
741 0.14439946018893388
742 0.14420485175202155
743 0.1440107671601615
744 0.14381720430107528
745 0.1436241610738255
746 0.14343163538873996
747 0.14323962516733602
748 0.14304812834224598
749 0.14285714285714285
750 0.14266666666666666
751 0.14247669773635152
752 0.1422872340425532
753 0.14209827357237717
754 0.1419098143236074
755 0.14172185430463577
756 0.14153439153439154
757 0.14134742404227213
758 0.14116094986807387
759 0.14097496706192358
760 0.14078947368421052
761 0.14060446780551905
762 0.14041994750656167
763 0.1402359108781127
764 0.1400523560209424
765 0.13986928104575164
766 0.13968668407310705
767 0.1395045632333768
768 0.13932291666666666
769 0.13914174252275682
770 0.13896103896103895
771 0.13878080415045396
772 0.13860103626943004
773 0.1384217335058215
774 0.13824289405684753
775 0.13806451612903226
776 0.13788659793814434
777 0.1377091377091377
778 0.13753213367609254
779 0.13735558408215662
780 0.1371794871794872
781 0.13700384122919335
782 0.13682864450127877
783 0.13793103448275862
784 0.1377551020408163
785 0.1375796178343949
786 0.13740458015267176
787 0.1372299872935197
788 0.13705583756345177
789 0.13688212927756654
790 0.13670886075949368
791 0.13653603034134007
792 0.13636363636363635
793 0.13619167717528374
794 0.13602015113350127
795 0.13584905660377358
796 0.135678391959799
797 0.1355081555834379
798 0.13533834586466165
799 0.13516896120150187
800 0.135
801 0.1348314606741573
802 0.13466334164588528
803 0.13449564134495642
804 0.13432835820895522
805 0.1341614906832298
806 0.13399503722084366
807 0.13382899628252787
808 0.13366336633663367
809 0.1334981458590853
810 0.13333333333333333
811 0.13316892725030827
812 0.1330049261083744
813 0.13284132841328414
814 0.13267813267813267
815 0.1325153374233129
816 0.1323529411764706
817 0.13219094247246022
818 0.13202933985330073
819 0.13186813186813187
820 0.13170731707317074
821 0.1315468940316687
822 0.13138686131386862
823 0.13122721749696234
824 0.13106796116504854
825 0.13090909090909092
826 0.13075060532687652
827 0.13059250302297462
828 0.13043478260869565
829 0.13027744270205066
830 0.13012048192771083
831 0.1299638989169675
832 0.12980769230769232
833 0.12965186074429771
834 0.12949640287769784
835 0.12934131736526946
836 0.1291866028708134
837 0.12903225806451613
838 0.1288782816229117
839 0.12872467222884387
840 0.12857142857142856
841 0.12841854934601665
842 0.12826603325415678
843 0.12811387900355872
844 0.12796208530805686
845 0.12781065088757396
846 0.1276595744680851
847 0.12750885478158205
848 0.12735849056603774
849 0.127208480565371
850 0.12705882352941175
851 0.12690951821386603
852 0.1267605633802817
853 0.12661195779601406
854 0.12646370023419204
855 0.12631578947368421
856 0.1261682242990654
857 0.12602100350058343
858 0.1258741258741259
859 0.12572759022118743
860 0.12558139534883722
861 0.1254355400696864
862 0.12529002320185614
863 0.12514484356894554
864 0.125
865 0.12485549132947976
866 0.12471131639722864
867 0.1245674740484429
868 0.12442396313364056
869 0.12428078250863062
870 0.12413793103448276
871 0.12399540757749714
872 0.12385321100917432
873 0.12371134020618557
874 0.12356979405034325
875 0.12342857142857143
876 0.1232876712328767
877 0.12314709236031927
878 0.12300683371298406
879 0.12286689419795221
880 0.12272727272727273
881 0.12258796821793416
882 0.12244897959183673
883 0.12231030577576443
884 0.12217194570135746
885 0.12203389830508475
886 0.12189616252821671
887 0.12175873731679819
888 0.12162162162162163
889 0.12148481439820022
890 0.12134831460674157
891 0.12121212121212122
892 0.1210762331838565
893 0.12094064949608063
894 0.12080536912751678
895 0.12067039106145251
896 0.12053571428571429
897 0.12040133779264214
898 0.12026726057906459
899 0.12013348164627363
900 0.12
901 0.11986681465038845
902 0.1197339246119734
903 0.11960132890365449
904 0.11946902654867257
905 0.11933701657458563
906 0.11920529801324503
907 0.11907386990077178
908 0.11894273127753303
909 0.1188118811881188
910 0.11868131868131868
911 0.11855104281009879
912 0.11842105263157894
913 0.11829134720700986
914 0.11816192560175055
915 0.1180327868852459
916 0.11790393013100436
917 0.11777535441657579
918 0.11764705882352941
919 0.117519042437432
920 0.11739130434782609
921 0.11726384364820847
922 0.11713665943600868
923 0.11700975081256772
924 0.11688311688311688
925 0.11675675675675676
926 0.11663066954643629
927 0.11650485436893204
928 0.11637931034482758
929 0.116254036598493
930 0.11612903225806452
931 0.11600429645542427
932 0.11695278969957082
933 0.11682743837084673
934 0.11670235546038545
935 0.11657754010695187
936 0.11645299145299146
937 0.11632870864461047
938 0.1162046908315565
939 0.11714589989350373
940 0.11702127659574468
941 0.11689691817215728
942 0.11677282377919321
943 0.11664899257688228
944 0.11652542372881355
945 0.1164021164021164
946 0.11627906976744186
947 0.11615628299894404
948 0.1160337552742616
949 0.11591148577449947
950 0.11578947368421053
951 0.1156677181913775
952 0.11659663865546219
953 0.11647429171038824
954 0.11635220125786164
955 0.1162303664921466
956 0.11610878661087866
957 0.11598746081504702
958 0.11586638830897704
959 0.11574556830031282
960 0.115625
961 0.11550468262226847
962 0.11538461538461539
963 0.11526479750778816
964 0.11514522821576763
965 0.11502590673575129
966 0.11490683229813664
967 0.11478800413650465
968 0.11466942148760331
969 0.11455108359133127
970 0.11443298969072165
971 0.11431513903192585
972 0.11419753086419752
973 0.11408016443987667
974 0.11396303901437371
975 0.11384615384615385
976 0.11372950819672131
977 0.11361310133060389
978 0.11349693251533742
979 0.11338100102145046
980 0.11326530612244898
981 0.11314984709480122
982 0.11405295315682282
983 0.11393692777212615
984 0.11382113821138211
985 0.11370558375634518
986 0.11359026369168357
987 0.11347517730496454
988 0.11336032388663968
989 0.11324570273003033
990 0.11313131313131314
991 0.11301715438950555
992 0.11290322580645161
993 0.11278952668680765
994 0.11267605633802817
995 0.11256281407035176
996 0.11244979919678715
997 0.1123370110330993
998 0.11222444889779559
999 0.11211211211211211
1000 0.112
1001 0.11188811188811189
1002 0.11177644710578842
1003 0.11166500498504486
1004 0.11155378486055777
1005 0.11144278606965174
1006 0.11133200795228629
1007 0.1112214498510427
1008 0.1111111111111111
1009 0.1110009910802775
1010 0.11089108910891089
1011 0.11078140454995054
1012 0.11067193675889328
1013 0.11056268509378085
1014 0.11045364891518737
1015 0.1103448275862069
1016 0.11023622047244094
1017 0.11012782694198624
1018 0.1100196463654224
1019 0.1099116781157998
1020 0.10980392156862745
1021 0.11067580803134182
1022 0.11056751467710371
1023 0.1104594330400782
1024 0.1103515625
1025 0.11024390243902439
1026 0.1101364522417154
1027 0.11002921129503408
1028 0.10992217898832685
1029 0.1098153547133139
1030 0.10970873786407767
1031 0.1096023278370514
1032 0.10949612403100775
1033 0.10939012584704744
1034 0.109284332688588
1035 0.10917874396135266
1036 0.10907335907335908
1037 0.10896817743490839
1038 0.10886319845857419
1039 0.10875842155919153
1040 0.10865384615384616
1041 0.10854947166186359
1042 0.10844529750479846
1043 0.10834132310642378
1044 0.1082375478927203
1045 0.10813397129186603
1046 0.10803059273422562
1047 0.10792741165234002
1048 0.10782442748091603
1049 0.10772163965681601
1050 0.10761904761904761
1051 0.10751665080875357
1052 0.10741444866920152
1053 0.10731244064577398
1054 0.10721062618595825
1055 0.10710900473933649
1056 0.10700757575757576
1057 0.10690633869441817
1058 0.10680529300567108
1059 0.10670443814919736
1060 0.10660377358490566
1061 0.10650329877474081
1062 0.1064030131826742
1063 0.10630291627469426
1064 0.106203007518797
1065 0.10610328638497653
1066 0.10600375234521577
1067 0.10590440487347703
1068 0.10580524344569288
1069 0.10570626753975679
1070 0.10560747663551402
1071 0.10550887021475257
1072 0.10541044776119403
1073 0.10531220876048462
1074 0.10521415270018622
1075 0.10511627906976745
1076 0.1050185873605948
1077 0.10492107706592387
1078 0.10482374768089053
1079 0.10472659870250231
1080 0.10462962962962963
1081 0.10453283996299723
1082 0.1044362292051756
1083 0.10433979686057249
1084 0.10424354243542436
1085 0.10414746543778802
1086 0.10405156537753223
1087 0.10395584176632934
1088 0.10386029411764706
1089 0.10376492194674013
1090 0.10366972477064221
1091 0.10357470210815765
1092 0.10347985347985347
1093 0.10338517840805124
1094 0.10329067641681901
1095 0.10319634703196347
1096 0.1031021897810219
1097 0.10300820419325434
1098 0.1029143897996357
1099 0.10282074613284804
1100 0.10272727272727272
1101 0.10263396911898275
1102 0.10254083484573502
1103 0.10244786944696282
1104 0.10235507246376811
1105 0.10226244343891402
1106 0.10216998191681737
1107 0.1020776874435411
1108 0.10198555956678701
1109 0.1018935978358882
1110 0.1018018018018018
1111 0.10171017101710171
1112 0.10161870503597123
1113 0.10152740341419586
1114 0.10143626570915619
1115 0.10134529147982063
1116 0.10125448028673835
1117 0.10116383169203223
1118 0.10107334525939177
1119 0.10098302055406613
1120 0.10089285714285715
1121 0.1008028545941124
1122 0.10071301247771836
1123 0.1006233303650935
1124 0.10053380782918149
1125 0.10044444444444445
1126 0.10035523978685613
1127 0.1002661934338953
1128 0.10017730496453901
1129 0.10008857395925598
1130 0.1
1131 0.09991158267020336
1132 0.09982332155477032
1133 0.0997352162400706
1134 0.09964726631393298
1135 0.09955947136563877
1136 0.0994718309859155
1137 0.09938434476693052
1138 0.09929701230228472
1139 0.09920983318700614
1140 0.09912280701754386
1141 0.09903593339176162
1142 0.0989492119089317
1143 0.09886264216972879
1144 0.09877622377622378
1145 0.09868995633187773
1146 0.09860383944153578
1147 0.0985178727114211
1148 0.09843205574912892
1149 0.09834638816362054
1150 0.09826086956521739
1151 0.09817549956559514
1152 0.09809027777777778
1153 0.09800520381613183
1154 0.09792027729636049
1155 0.09783549783549783
1156 0.09775086505190311
1157 0.09766637856525497
1158 0.09758203799654577
1159 0.09749784296807593
1160 0.09741379310344828
1161 0.09732988802756244
1162 0.0972461273666093
1163 0.09716251074806535
1164 0.09707903780068729
1165 0.09699570815450644
1166 0.09777015437392796
1167 0.09768637532133675
1168 0.0976027397260274
1169 0.09751924721984602
1170 0.09743589743589744
1171 0.09735269000853972
1172 0.09726962457337884
1173 0.09718670076726342
1174 0.09710391822827939
1175 0.09702127659574468
1176 0.09693877551020408
1177 0.09685641461342395
1178 0.0967741935483871
1179 0.09669211195928754
1180 0.09661016949152543
1181 0.09652836579170194
1182 0.09644670050761421
1183 0.09636517328825021
1184 0.09628378378378379
1185 0.09620253164556962
1186 0.09612141652613827
1187 0.09604043807919124
1188 0.09595959595959595
1189 0.095878889823381
1190 0.0957983193277311
1191 0.09571788413098237
1192 0.09563758389261745
1193 0.09555741827326068
1194 0.09547738693467336
1195 0.09539748953974896
1196 0.09531772575250837
1197 0.09523809523809523
1198 0.09515859766277128
1199 0.0950792326939116
1200 0.095
1201 0.09492089925062448
1202 0.09484193011647254
1203 0.09476309226932668
1204 0.0946843853820598
1205 0.0946058091286307
1206 0.0945273631840796
1207 0.09444904722452362
1208 0.09437086092715231
1209 0.09429280397022333
1210 0.09421487603305785
1211 0.09413707679603633
1212 0.09405940594059406
1213 0.09398186314921682
1214 0.09390444810543658
1215 0.09382716049382717
1216 0.09375
1217 0.09367296631059983
1218 0.09359605911330049
1219 0.09351927809680066
1220 0.09344262295081968
1221 0.09336609336609336
1222 0.09328968903436989
1223 0.09321340964840556
1224 0.09313725490196079
1225 0.09306122448979592
1226 0.0929853181076672
1227 0.09290953545232274
1228 0.09283387622149837
1229 0.09275834011391375
1230 0.09268292682926829
1231 0.0926076360682372
1232 0.09253246753246754
1233 0.09245742092457421
1234 0.09319286871961102
1235 0.0931174089068826
1236 0.09304207119741101
1237 0.09296685529506872
1238 0.09289176090468497
1239 0.09281678773204197
1240 0.09274193548387097
1241 0.0926672038678485
1242 0.09259259259259259
1243 0.0925181013676589
1244 0.09244372990353698
1245 0.09236947791164658
1246 0.09229534510433386
1247 0.09222133119486768
1248 0.0921474358974359
1249 0.09207365892714171
1250 0.092
1251 0.09192645883293366
1252 0.09185303514376997
1253 0.09177972865123703
1254 0.09170653907496013
1255 0.09163346613545817
1256 0.09156050955414012
1257 0.09148766905330151
1258 0.09141494435612083
1259 0.09134233518665608
1260 0.09126984126984126
1261 0.09119746233148295
1262 0.09112519809825674
1263 0.09105304829770387
1264 0.09098101265822785
1265 0.09090909090909091
1266 0.09083728278041074
1267 0.09076558800315707
1268 0.09069400630914827
1269 0.09062253743104808
1270 0.09055118110236221
1271 0.0904799370574351
1272 0.09040880503144653
1273 0.09033778476040849
1274 0.09026687598116169
1275 0.09019607843137255
1276 0.09012539184952978
1277 0.09005481597494126
1278 0.08998435054773082
1279 0.08991399530883502
1280 0.08984375
1281 0.0897736143637783
1282 0.08970358814352575
1283 0.08963367108339829
1284 0.0895638629283489
1285 0.08949416342412451
1286 0.08942457231726283
1287 0.08935508935508936
1288 0.08928571428571429
1289 0.08921644685802949
1290 0.08914728682170543
1291 0.08907823392718822
1292 0.08978328173374613
1293 0.0897138437741686
1294 0.08964451313755796
1295 0.08957528957528957
1296 0.08950617283950617
1297 0.08943716268311488
1298 0.08936825885978428
1299 0.08929946112394149
1300 0.08923076923076922
1301 0.08916218293620293
1302 0.0890937019969278
1303 0.08902532617037605
1304 0.08895705521472393
1305 0.08888888888888889
1306 0.0888208269525268
1307 0.08875286916602908
1308 0.08868501529051988
1309 0.08861726508785332
1310 0.08854961832061069
1311 0.08848207475209764
1312 0.08841463414634146
1313 0.08834729626808835
1314 0.0882800608828006
1315 0.08821292775665399
1316 0.08814589665653495
1317 0.08807896735003796
1318 0.08801213960546282
1319 0.08794541319181198
1320 0.08787878787878788
1321 0.08781226343679031
1322 0.08774583963691376
1323 0.08767951625094482
1324 0.08761329305135952
1325 0.08754716981132075
1326 0.08748114630467571
1327 0.08741522230595328
1328 0.08734939759036145
1329 0.0872836719337848
1330 0.08721804511278196
1331 0.08715251690458302
1332 0.08708708708708708
1333 0.08702175543885972
1334 0.08695652173913043
1335 0.08689138576779026
1336 0.08682634730538923
1337 0.08676140613313388
1338 0.08669656203288491
1339 0.08663181478715459
1340 0.08656716417910448
1341 0.08650260999254288
1342 0.08643815201192251
1343 0.08637379002233805
1344 0.08630952380952381
1345 0.0862453531598513
1346 0.0861812778603269
1347 0.08611729769858946
1348 0.08605341246290801
1349 0.08598962194217939
1350 0.08592592592592592
1351 0.08586232420429311
1352 0.08579881656804733
1353 0.08573540280857354
1354 0.08567208271787297
1355 0.08560885608856089
1356 0.0855457227138643
1357 0.08548268238761975
1358 0.08541973490427099
1359 0.08535688005886681
1360 0.08529411764705883
1361 0.0852314474650992
1362 0.08516886930983847
1363 0.0851063829787234
1364 0.08504398826979472
1365 0.08498168498168499
1366 0.0849194729136164
1367 0.08485735186539868
1368 0.0847953216374269
1369 0.08473338203067933
1370 0.08467153284671533
1371 0.08460977388767323
1372 0.08454810495626822
1373 0.08448652585579024
1374 0.08442503639010189
1375 0.08509090909090909
1376 0.08502906976744186
1377 0.08496732026143791
1378 0.08490566037735849
1379 0.08484408992023205
1380 0.08478260869565217
1381 0.08472121650977553
1382 0.08465991316931983
1383 0.08459869848156182
1384 0.08453757225433527
1385 0.08447653429602887
1386 0.08441558441558442
1387 0.08435472242249459
1388 0.08429394812680115
1389 0.08423326133909287
1390 0.0841726618705036
1391 0.08411214953271028
1392 0.08405172413793104
1393 0.08399138549892318
1394 0.08393113342898136
1395 0.08387096774193549
1396 0.083810888252149
1397 0.08375089477451682
1398 0.08369098712446352
1399 0.08363116511794139
1400 0.08357142857142857
1401 0.0835117773019272
1402 0.08345221112696148
1403 0.08339272986457591
1404 0.08333333333333333
1405 0.08327402135231317
1406 0.08321479374110953
1407 0.08315565031982942
1408 0.08309659090909091
1409 0.0830376153300213
1410 0.08297872340425531
1411 0.08291991495393337
1412 0.08286118980169972
1413 0.08280254777070063
1414 0.08274398868458274
1415 0.08268551236749117
1416 0.0826271186440678
1417 0.08256880733944955
1418 0.08251057827926657
1419 0.0824524312896406
1420 0.0823943661971831
1421 0.08233638282899367
1422 0.08227848101265822
1423 0.08222066057624737
1424 0.08216292134831461
1425 0.08210526315789474
1426 0.0820476858345021
1427 0.08199018920812894
1428 0.0819327731092437
1429 0.08187543736878937
1430 0.08181818181818182
1431 0.08176100628930817
1432 0.08170391061452514
1433 0.08164689462665736
1434 0.08158995815899582
1435 0.08153310104529617
1436 0.08147632311977716
1437 0.081419624217119
1438 0.08136300417246176
1439 0.08200138985406533
1440 0.08194444444444444
1441 0.08188757807078417
1442 0.08183079056865465
1443 0.08177408177408177
1444 0.0817174515235457
1445 0.08166089965397924
1446 0.08160442600276625
1447 0.08154803040774015
1448 0.08149171270718232
1449 0.08143547273982056
1450 0.08137931034482758
1451 0.08132322536181943
1452 0.081267217630854
1453 0.08121128699242945
1454 0.0811554332874828
1455 0.08109965635738832
1456 0.08104395604395605
1457 0.08098833218943034
1458 0.08093278463648834
1459 0.08087731322823852
1460 0.08082191780821918
1461 0.08076659822039699
1462 0.08071135430916553
1463 0.08065618591934381
1464 0.08060109289617487
1465 0.08054607508532423
1466 0.08049113233287858
1467 0.08043626448534424
1468 0.08038147138964577
1469 0.08032675289312458
1470 0.08027210884353742
1471 0.08021753908905506
1472 0.08016304347826086
1473 0.08010862186014936
1474 0.08005427408412483
1475 0.08
1476 0.07994579945799458
1477 0.07989167230873392
1478 0.07983761840324763
1479 0.07978363759296822
1480 0.07972972972972973
1481 0.07967589466576637
1482 0.0796221322537112
1483 0.07956844234659474
1484 0.07951482479784366
1485 0.07946127946127945
1486 0.07940780619111709
1487 0.07935440484196368
1488 0.0793010752688172
1489 0.07924781732706515
1490 0.07919463087248323
1491 0.07914151576123407
1492 0.07908847184986595
1493 0.07903549899531145
1494 0.07898259705488621
1495 0.07892976588628763
1496 0.07887700534759358
1497 0.0788243152972612
1498 0.0787716955941255
1499 0.07871914609739826
1500 0.07866666666666666
1501 0.07861425716189208
1502 0.07856191744340879
1503 0.07850964737192283
1504 0.07845744680851063
1505 0.07840531561461794
1506 0.07835325365205843
1507 0.07830126078301261
1508 0.07824933687002653
1509 0.0781974817760106
1510 0.0781456953642384
1511 0.07809397749834547
1512 0.07804232804232804
1513 0.07799074686054197
1514 0.07793923381770146
1515 0.07788778877887789
1516 0.07783641160949868
1517 0.07778510217534608
1518 0.077733860342556
1519 0.07768268597761685
1520 0.07763157894736843
1521 0.07758053911900066
1522 0.07752956636005257
1523 0.07747866053841103
1524 0.07742782152230972
1525 0.07737704918032787
1526 0.07732634338138926
1527 0.07727570399476097
1528 0.07722513089005235
1529 0.07717462393721386
1530 0.07712418300653595
1531 0.07707380796864795
1532 0.07702349869451697
1533 0.0776255707762557
1534 0.07757496740547588
1535 0.07752442996742671
1536 0.07747395833333333
1537 0.07742355237475602
1538 0.07737321196358908
1539 0.07732293697205977
1540 0.07727272727272727
1541 0.07722258273848151
1542 0.07717250324254216
1543 0.07712248865845756
1544 0.07707253886010362
1545 0.07702265372168285
1546 0.07697283311772316
1547 0.07692307692307693
1548 0.07687338501291989
1549 0.07682375726275016
1550 0.07677419354838709
1551 0.07672469374597034
1552 0.07667525773195877
1553 0.07662588538312942
1554 0.07657657657657657
1555 0.07652733118971061
1556 0.07647814910025708
1557 0.07642903018625562
1558 0.07637997432605904
1559 0.07633098139833226
1560 0.07628205128205129
1561 0.07623318385650224
1562 0.0761843790012804
1563 0.07613563659628919
1564 0.07608695652173914
1565 0.07603833865814696
1566 0.07598978288633461
1567 0.07594128908742821
1568 0.07589285714285714
1569 0.0758444869343531
1570 0.07579617834394904
1571 0.07574793125397836
1572 0.07569974554707379
1573 0.07565162110616656
1574 0.07560355781448538
1575 0.07555555555555556
1576 0.07550761421319797
1577 0.07545973367152822
1578 0.07541191381495564
1579 0.07536415452818239
1580 0.07531645569620253
1581 0.07526881720430108
1582 0.0752212389380531
1583 0.07517372078332281
1584 0.07512626262626262
1585 0.0750788643533123
1586 0.07503152585119799
1587 0.07498424700693132
1588 0.07493702770780857
1589 0.07488986784140969
1590 0.07484276729559748
1591 0.07479572595851666
1592 0.07474874371859297
1593 0.07470182046453233
1594 0.07465495608531995
1595 0.07460815047021943
1596 0.07456140350877193
1597 0.07451471509079524
1598 0.07446808510638298
1599 0.07442151344590368
1600 0.074375
1601 0.07432854465958776
1602 0.07428214731585518
1603 0.07423580786026202
1604 0.07418952618453865
1605 0.07414330218068536
1606 0.07409713574097136
1607 0.07405102675793404
1608 0.0740049751243781
1609 0.07395898073337477
1610 0.07391304347826087
1611 0.07386716325263812
1612 0.07382133995037221
1613 0.07377557346559206
1614 0.07372986369268897
1615 0.07368421052631578
1616 0.07363861386138613
1617 0.0735930735930736
1618 0.07354758961681088
1619 0.07350216182828907
1620 0.0734567901234568
1621 0.07341147439851943
1622 0.07336621454993834
1623 0.07332101047443007
1624 0.07327586206896551
1625 0.07323076923076922
1626 0.07318573185731857
1627 0.07314074984634296
1628 0.07309582309582309
1629 0.07305095150399017
1630 0.07300613496932515
1631 0.07296137339055794
1632 0.07291666666666667
1633 0.07287201469687692
1634 0.07282741738066095
1635 0.072782874617737
1636 0.07273838630806846
1637 0.07269395235186317
1638 0.07264957264957266
1639 0.0726052471018914
1640 0.07256097560975609
1641 0.0725167580743449
1642 0.07247259439707673
1643 0.07242848447961046
1644 0.07238442822384428
1645 0.07234042553191489
1646 0.07229647630619684
1647 0.07225258044930176
1648 0.07220873786407767
1649 0.07216494845360824
1650 0.07212121212121213
1651 0.07207752877044216
1652 0.07203389830508475
1653 0.07199032062915911
1654 0.07194679564691657
1655 0.07190332326283988
1656 0.07185990338164251
1657 0.07181653590826795
1658 0.07177322074788903
1659 0.07172995780590717
1660 0.07168674698795181
1661 0.0716435881998796
1662 0.07160048134777376
1663 0.07155742633794347
1664 0.07151442307692307
1665 0.07147147147147147
1666 0.07142857142857142
1667 0.07138572285542892
1668 0.07134292565947242
1669 0.0713001797483523
1670 0.07125748502994012
1671 0.07121484141232795
1672 0.07117224880382775
1673 0.07112970711297072
1674 0.07108721624850657
1675 0.07104477611940299
1676 0.07100238663484487
1677 0.07096004770423375
1678 0.07091775923718713
1679 0.07087552114353782
1680 0.07083333333333333
1681 0.07079119571683522
1682 0.07074910820451843
1683 0.0707070707070707
1684 0.07066508313539192
1685 0.07062314540059347
1686 0.07058125741399762
1687 0.07053941908713693
1688 0.07049763033175356
1689 0.0704558910597987
1690 0.07041420118343195
1691 0.0703725606150207
1692 0.07033096926713948
1693 0.07028942705256941
1694 0.07024793388429752
1695 0.07020648967551622
1696 0.07016509433962265
1697 0.07012374779021803
1698 0.07008244994110718
1699 0.07004120070629782
1700 0.07
1701 0.06995884773662552
1702 0.0699177438307873
1703 0.06987668819729888
1704 0.0698356807511737
1705 0.06979472140762463
1706 0.0697538100820633
1707 0.06971294669009959
1708 0.06967213114754098
1709 0.06963136337039204
1710 0.0695906432748538
1711 0.06954997077732321
1712 0.06950934579439252
1713 0.0694687682428488
1714 0.06942823803967328
1715 0.06938775510204082
1716 0.06934731934731934
1717 0.06930693069306931
1718 0.06926658905704307
1719 0.06922629435718441
1720 0.06918604651162791
1721 0.06914584543869844
1722 0.06910569105691057
1723 0.06906558328496808
1724 0.06902552204176333
1725 0.06898550724637681
1726 0.06894553881807648
1727 0.06890561667631731
1728 0.06886574074074074
1729 0.06882591093117409
1730 0.06878612716763005
1731 0.06874638937030618
1732 0.0687066974595843
1733 0.06866705135603
1734 0.06862745098039216
1735 0.0685878962536023
1736 0.06854838709677419
1737 0.06850892343120323
1738 0.06846950517836593
1739 0.0684301322599195
1740 0.06839080459770115
1741 0.06835152211372775
1742 0.06831228473019518
1743 0.06827309236947791
1744 0.06823394495412843
1745 0.06819484240687679
1746 0.06815578465063
1747 0.06811677160847167
1748 0.06807780320366133
1749 0.06803887935963408
1750 0.068
1751 0.06796116504854369
1752 0.06792237442922375
1753 0.06788362806617228
1754 0.06784492588369441
1755 0.0678062678062678
1756 0.06776765375854214
1757 0.06772908366533864
1758 0.0676905574516496
1759 0.06765207504263786
1760 0.06761363636363636
1761 0.06757524134014764
1762 0.06753688989784336
1763 0.06749858196256381
1764 0.06746031746031746
1765 0.06742209631728045
1766 0.06738391845979615
1767 0.06734578381437464
1768 0.0673076923076923
1769 0.06726964386659129
1770 0.0672316384180791
1771 0.06719367588932806
1772 0.06715575620767494
1773 0.06711787930062042
1774 0.06708004509582864
1775 0.06704225352112676
1776 0.0670045045045045
1777 0.06696679797411367
1778 0.06692913385826772
1779 0.06689151208544127
1780 0.06685393258426967
1781 0.06681639528354857
1782 0.06677890011223345
1783 0.06674144699943915
1784 0.06670403587443946
1785 0.06666666666666667
1786 0.06662933930571109
1787 0.06659205372132065
1788 0.06655480984340045
1789 0.0665176076020123
1790 0.0664804469273743
1791 0.0664433277498604
1792 0.06640625
1793 0.06636921360847742
1794 0.06633221850613155
1795 0.06629526462395544
1796 0.06625835189309577
1797 0.06622148024485253
1798 0.06618464961067853
1799 0.06614785992217899
1800 0.0661111111111111
1801 0.06607440310938367
1802 0.0660377358490566
1803 0.06600110926234054
