1 0.9907600828787573
2 3.8794226876005258
3 0.16095001781701965
4 0.5629694836202473
5 0.32603732118989587
6 0.7996975793330668
7 3.4091593875347845
8 0.9560354443568355
9 0.726363656016682
10 1.41922656502704
11 0.13324862435997564
12 1.3097863333676767
13 0.9095682299304032
14 0.19914401642876486
15 1.46316237363818
16 0.9831914230034123
17 0.17285369891939414
18 0.9562343143707212
19 0.5806791746926263
20 1.4611405919809308
21 0.7928342865644512
22 0.8325785416307118
23 0.7261563462226547
24 1.076899517806004
25 0.12804023589811134
26 0.5024501203356861
27 0.4616799881541547
28 0.5202933215339764
29 0.7908350112884959
30 0.13953524187347485
31 0.6267056586547355
32 0.4295455340376041
33 1.5698226136791944
34 0.5663532768044314
35 0.8298058636591334
36 0.979181901019564
37 0.16728744725091121
38 0.3747326432775132
39 0.5534622148597166
40 0.009914878147636749
41 0.05894391471632277
42 0.9963817016121423
43 0.42794056164899785
44 0.41592830302889566
45 0.9940809322280243
46 0.019066207867365546
