1 1.172119807830575
2 0.46901083416215905
3 1.3319713742325363
4 0.4210093829305215
5 0.1394545017635339
6 0.2600229043813807
7 0.028228122935438367
8 0.4359213137902662
9 0.2780633052754875
10 0.35675690179356834
11 0.5524689029716544
12 0.31721586521009854
13 0.33830732636839167
14 0.2070092623380034
15 0.9650743301701161
16 1.318506475858591
17 0.955676263720047
18 3.8887872653787916
19 0.508000525127165
20 1.1568806176885778
21 0.5269716789251268
22 0.8864660209859547
23 0.2753405583748015
24 0.16039315502210127
25 0.6944895670296851
26 0.49801949343373736
27 0.9215636012800341
28 1.4224407972931181
29 0.7460901411908065
30 0.21804194086741796
31 0.5960886928474008
32 1.853089476037734
33 0.3722122146810962
34 0.8635768432811716
35 0.661307996367943
36 0.6560222772652887
37 2.371644879375809
38 0.9177979480549462
39 0.07222233074398833
40 0.8473773276226756
41 2.032327068457504
42 0.7016521246852341
43 0.026149432440200005
44 2.1708868686209972
45 1.0780817758289187
46 0.04509742209525915
47 0.4279695102641943
48 1.0363840170777219
49 0.8977497077340125
50 1.3251178248908473
51 0.5291118216889057
52 0.8384792139259721
53 0.9910027665664314
54 0.41607821531566413
55 0.20188181101495237
56 0.4149099120459932
57 0.5532060665767092
58 1.0778863750279861
59 0.21397895903583497
60 0.2747280343955223
