1 1.3248300011683052
2 0.49088681951858265
3 0.9728451567751554
4 2.149872015868459
5 0.8499670574446087
6 0.4416526753495771
7 0.6034872114006109
8 0.584717822025939
9 0.3205261022882968
10 0.8237089756405598
11 0.2691620950505316
12 0.7183156070105334
13 0.495844209322053
14 0.049447337265162455
15 0.9550241465004521
16 0.7419059674390088
17 0.18339142758799917
18 0.30396829301061074
19 0.3877877817927905
20 1.1974953962685724
21 1.4395640963318932
22 1.5265241906145952
23 0.7091996725504565
24 0.30159775062818983
25 0.4527889403091925
26 0.4034877459234838
27 0.9733379144822178
28 0.28670113149853504
29 3.6913334774446986
30 0.37632483729794824
31 0.8442840330761403
32 0.055962132144494754
33 1.008845069545517
34 0.7968218915534188
35 0.20860044083481727
36 0.4909795439536308
37 1.622510494077407
38 0.41391084037054054
39 0.45611330349705326
40 0.6183085462279964
41 0.6764951764323099
42 0.7204833583462811
43 0.2235923934618476
44 2.154623459090722
45 0.4116595771730337
46 0.05258000970805819
47 2.7565893838037328
48 0.550102646315207
49 0.04356360818994688
50 0.4655723555116677
51 0.8497340543477374
52 0.0380642149777577
53 1.1539412367776827
54 0.12566441690740557
55 0.881823289604195
56 0.09659884122220379
57 0.17851504900768547
