1 1.0
2 1.0
3 1.0
4 1.0
5 1.0
6 1.0
7 1.0
8 1.0
9 1.0
10 1.0
11 1.0
12 1.0
13 1.0
14 1.0
15 1.0
16 1.0
17 1.0
18 1.0
19 1.0
20 1.0
21 1.0
22 1.0
23 1.0
24 1.0
25 1.0
26 1.0
27 1.0
28 1.0
29 1.0
30 1.0
31 1.0
32 1.0
33 1.0
34 0.9705882352941176
35 0.9428571428571428
36 0.9444444444444444
37 0.9459459459459459
38 0.9473684210526315
39 0.9487179487179487
40 0.95
41 0.9512195121951219
42 0.9523809523809523
43 0.9534883720930233
44 0.9545454545454546
45 0.9555555555555556
46 0.9565217391304348
47 0.9361702127659575
48 0.9375
49 0.9387755102040817
50 0.94
51 0.9411764705882353
52 0.9423076923076923
53 0.9433962264150944
54 0.9444444444444444
55 0.9272727272727272
56 0.9285714285714286
57 0.9122807017543859
58 0.9137931034482759
59 0.9152542372881356
60 0.9166666666666666
61 0.9180327868852459
62 0.9193548387096774
63 0.9206349206349206
64 0.921875
65 0.9230769230769231
66 0.9242424242424242
67 0.9253731343283582
68 0.9264705882352942
69 0.927536231884058
70 0.9142857142857143
71 0.9154929577464789
72 0.9166666666666666
73 0.9041095890410958
74 0.9054054054054054
75 0.8933333333333333
76 0.881578947368421
77 0.8831168831168831
78 0.8717948717948718
79 0.8734177215189873
80 0.875
81 0.8641975308641975
82 0.8658536585365854
83 0.8554216867469879
84 0.8452380952380952
85 0.8470588235294118
86 0.8488372093023255
87 0.8390804597701149
88 0.8409090909090909
89 0.8426966292134831
90 0.8444444444444444
91 0.8351648351648352
92 0.8260869565217391
93 0.8279569892473119
94 0.8297872340425532
95 0.8315789473684211
96 0.8333333333333334
97 0.8247422680412371
98 0.8163265306122449
99 0.8181818181818182
100 0.82
101 0.8217821782178217
102 0.8235294117647058
103 0.8252427184466019
104 0.8269230769230769
105 0.8285714285714286
106 0.8301886792452831
107 0.822429906542056
108 0.8148148148148148
109 0.8165137614678899
110 0.8181818181818182
111 0.8108108108108109
112 0.8125
113 0.8141592920353983
114 0.8157894736842105
115 0.8173913043478261
116 0.8103448275862069
117 0.8034188034188035
118 0.8050847457627118
119 0.8067226890756303
120 0.8083333333333333
121 0.8099173553719008
122 0.8032786885245902
123 0.8048780487804879
124 0.8064516129032258
125 0.8
126 0.8015873015873016
127 0.7952755905511811
128 0.7890625
129 0.7906976744186046
130 0.7846153846153846
131 0.7862595419847328
132 0.7878787878787878
133 0.7894736842105263
134 0.7910447761194029
135 0.7925925925925926
136 0.7867647058823529
137 0.781021897810219
138 0.782608695652174
139 0.7841726618705036
140 0.7857142857142857
141 0.7872340425531915
142 0.7816901408450704
143 0.7832167832167832
144 0.7847222222222222
145 0.7862068965517242
146 0.7876712328767124
147 0.782312925170068
148 0.7837837837837838
149 0.7785234899328859
150 0.78
151 0.7814569536423841
152 0.7828947368421053
153 0.7843137254901961
154 0.7857142857142857
155 0.7806451612903226
156 0.782051282051282
157 0.7834394904458599
158 0.7784810126582279
159 0.779874213836478
160 0.78125
161 0.782608695652174
162 0.7839506172839507
163 0.7791411042944786
164 0.7804878048780488
165 0.7757575757575758
166 0.7771084337349398
167 0.7724550898203593
168 0.7678571428571429
169 0.7633136094674556
170 0.7647058823529411
171 0.7660818713450293
172 0.7674418604651163
173 0.7687861271676301
174 0.764367816091954
175 0.7657142857142857
176 0.7613636363636364
177 0.7627118644067796
178 0.7640449438202247
179 0.7597765363128491
180 0.7611111111111111
181 0.7624309392265194
182 0.7582417582417582
183 0.7540983606557377
184 0.7554347826086957
185 0.7567567567567568
186 0.7580645161290323
187 0.7593582887700535
188 0.7553191489361702
189 0.7566137566137566
190 0.7578947368421053
191 0.7539267015706806
192 0.75
193 0.7461139896373057
194 0.7474226804123711
195 0.7487179487179487
196 0.7448979591836735
197 0.7461928934010152
198 0.7474747474747475
199 0.7437185929648241
200 0.74
201 0.7412935323383084
202 0.7425742574257426
203 0.7438423645320197
204 0.7401960784313726
205 0.7414634146341463
206 0.7378640776699029
207 0.7391304347826086
208 0.7403846153846154
209 0.7368421052631579
210 0.7333333333333333
211 0.7345971563981043
212 0.7311320754716981
213 0.7276995305164319
214 0.7289719626168224
215 0.7302325581395349
216 0.7314814814814815
217 0.728110599078341
218 0.7293577981651376
219 0.730593607305936
220 0.7272727272727273
221 0.7239819004524887
222 0.7252252252252253
223 0.7219730941704036
224 0.71875
225 0.72
226 0.7212389380530974
227 0.7224669603524229
228 0.7236842105263158
229 0.7248908296943232
230 0.7217391304347827
231 0.7229437229437229
232 0.7241379310344828
233 0.7253218884120172
234 0.7264957264957265
235 0.7276595744680852
236 0.7288135593220338
237 0.729957805907173
238 0.7310924369747899
239 0.7322175732217573
240 0.7291666666666666
241 0.7302904564315352
242 0.731404958677686
243 0.7325102880658436
244 0.7295081967213115
245 0.7306122448979592
246 0.7317073170731707
247 0.7327935222672065
248 0.7298387096774194
249 0.7269076305220884
250 0.728
251 0.7250996015936255
252 0.7222222222222222
253 0.7193675889328063
254 0.7204724409448819
255 0.7215686274509804
256 0.72265625
257 0.7237354085603113
258 0.7248062015503876
259 0.722007722007722
260 0.7192307692307692
261 0.7203065134099617
262 0.7213740458015268
263 0.7224334600760456
264 0.7234848484848485
265 0.720754716981132
266 0.7218045112781954
267 0.7228464419475655
268 0.7238805970149254
269 0.724907063197026
270 0.725925925925926
271 0.7269372693726938
272 0.7279411764705882
273 0.7252747252747253
274 0.7226277372262774
275 0.7236363636363636
276 0.7246376811594203
277 0.7256317689530686
278 0.7266187050359713
279 0.7240143369175627
280 0.725
281 0.7259786476868327
282 0.723404255319149
283 0.7208480565371025
284 0.721830985915493
285 0.7192982456140351
286 0.7202797202797203
287 0.7212543554006968
288 0.7222222222222222
289 0.7197231833910035
290 0.7172413793103448
291 0.7147766323024055
292 0.7157534246575342
293 0.7133105802047781
294 0.7108843537414966
295 0.711864406779661
296 0.7094594594594594
297 0.7070707070707071
298 0.7080536912751678
299 0.7090301003344481
300 0.7066666666666667
301 0.707641196013289
302 0.7086092715231788
303 0.7095709570957096
304 0.7105263157894737
305 0.7114754098360656
306 0.7091503267973857
307 0.7068403908794788
308 0.7045454545454546
309 0.7055016181229773
310 0.7032258064516129
311 0.7041800643086816
312 0.7019230769230769
313 0.6996805111821086
314 0.7006369426751592
315 0.7015873015873015
316 0.7025316455696202
317 0.7034700315457413
318 0.7044025157232704
319 0.7021943573667712
320 0.703125
321 0.7009345794392523
322 0.7018633540372671
323 0.6996904024767802
324 0.6975308641975309
325 0.6984615384615385
326 0.696319018404908
327 0.6972477064220184
328 0.698170731707317
329 0.6990881458966566
330 0.7
331 0.7009063444108762
332 0.7018072289156626
333 0.6996996996996997
334 0.7005988023952096
335 0.7014925373134329
336 0.7023809523809523
337 0.7032640949554896
338 0.7041420118343196
339 0.7020648967551623
340 0.7029411764705882
341 0.7038123167155426
342 0.7017543859649122
343 0.6997084548104956
344 0.6976744186046512
345 0.6985507246376812
346 0.6965317919075145
347 0.6974063400576369
348 0.6982758620689655
349 0.6962750716332379
350 0.6942857142857143
351 0.6951566951566952
352 0.6960227272727273
353 0.6940509915014165
354 0.6949152542372882
355 0.6929577464788732
356 0.6938202247191011
357 0.6946778711484594
358 0.6955307262569832
359 0.6935933147632312
360 0.6916666666666667
361 0.6925207756232687
362 0.6906077348066298
363 0.6914600550964187
364 0.6923076923076923
365 0.6931506849315069
366 0.6912568306010929
367 0.6893732970027248
368 0.6902173913043478
369 0.6883468834688347
370 0.6891891891891891
371 0.6900269541778976
372 0.6881720430107527
373 0.6890080428954424
374 0.6898395721925134
375 0.688
376 0.6888297872340425
377 0.6896551724137931
378 0.6904761904761905
379 0.6886543535620053
380 0.6868421052631579
381 0.6876640419947506
382 0.6858638743455497
383 0.6866840731070496
384 0.6848958333333334
385 0.6831168831168831
386 0.6839378238341969
387 0.6847545219638242
388 0.6829896907216495
389 0.6812339331619537
390 0.6820512820512821
391 0.6828644501278772
392 0.6836734693877551
393 0.6844783715012722
394 0.682741116751269
395 0.6835443037974683
396 0.6818181818181818
397 0.6801007556675063
398 0.6809045226130653
399 0.6791979949874687
400 0.68
401 0.6783042394014963
402 0.6791044776119403
403 0.6799007444168734
404 0.6806930693069307
405 0.6790123456790124
406 0.6798029556650246
407 0.6781326781326781
408 0.6764705882352942
409 0.6748166259168704
410 0.6731707317073171
411 0.6739659367396593
412 0.6747572815533981
413 0.6755447941888619
414 0.6739130434782609
415 0.672289156626506
416 0.6706730769230769
417 0.6714628297362111
418 0.6698564593301436
419 0.6682577565632458
420 0.669047619047619
421 0.669833729216152
422 0.6682464454976303
423 0.6690307328605201
424 0.6698113207547169
425 0.668235294117647
426 0.6666666666666666
427 0.6651053864168618
428 0.6635514018691588
429 0.6643356643356644
430 0.6651162790697674
431 0.6635730858468677
432 0.6620370370370371
433 0.6605080831408776
434 0.6612903225806451
435 0.6620689655172414
436 0.6628440366972477
437 0.6636155606407322
438 0.6643835616438356
439 0.6651480637813212
440 0.6659090909090909
441 0.6643990929705216
442 0.665158371040724
443 0.6636568848758465
444 0.6644144144144144
445 0.6651685393258427
446 0.6636771300448431
447 0.6621923937360179
448 0.6629464285714286
449 0.6636971046770601
450 0.6644444444444444
451 0.6651884700665188
452 0.665929203539823
453 0.6666666666666666
454 0.6651982378854625
455 0.6637362637362637
456 0.6644736842105263
457 0.6630196936542669
458 0.6637554585152838
459 0.664488017429194
460 0.6630434782608695
461 0.6637744034707158
462 0.6645021645021645
463 0.6652267818574514
464 0.6637931034482759
465 0.6623655913978495
466 0.6630901287553648
467 0.6616702355460385
468 0.6623931623931624
469 0.6609808102345416
470 0.6617021276595745
471 0.6624203821656051
472 0.663135593220339
473 0.6617336152219874
474 0.6624472573839663
475 0.6631578947368421
476 0.6638655462184874
477 0.6624737945492662
478 0.6631799163179917
479 0.6638830897703549
480 0.6645833333333333
481 0.6652806652806653
482 0.6659751037344398
483 0.6645962732919255
484 0.6632231404958677
485 0.6639175257731958
486 0.6646090534979424
487 0.6632443531827515
488 0.6618852459016393
489 0.6605316973415133
490 0.6591836734693878
491 0.6578411405295316
492 0.6585365853658537
493 0.6592292089249493
494 0.659919028340081
495 0.6606060606060606
496 0.6592741935483871
497 0.6599597585513078
498 0.6606425702811245
499 0.6593186372745491
500 0.66
501 0.6586826347305389
502 0.6573705179282868
503 0.6560636182902585
504 0.6547619047619048
505 0.6534653465346535
506 0.6541501976284585
507 0.6548323471400395
508 0.6535433070866141
509 0.6522593320235757
510 0.6529411764705882
511 0.6536203522504892
512 0.654296875
513 0.6549707602339181
514 0.6556420233463035
515 0.6563106796116505
516 0.6569767441860465
517 0.6576402321083172
518 0.6563706563706564
519 0.6570327552986512
520 0.6576923076923077
521 0.6583493282149712
522 0.6590038314176245
523 0.6596558317399618
524 0.6603053435114504
525 0.660952380952381
526 0.6596958174904943
527 0.6603415559772297
528 0.6609848484848485
529 0.6616257088846881
530 0.6622641509433962
531 0.6610169491525424
532 0.6616541353383458
533 0.6622889305816135
534 0.6610486891385767
535 0.6616822429906543
536 0.6623134328358209
537 0.6610800744878957
538 0.6617100371747212
539 0.660482374768089
540 0.6592592592592592
541 0.6598890942698706
542 0.6586715867158671
543 0.6593001841620626
544 0.6599264705882353
545 0.6605504587155964
546 0.6611721611721612
547 0.659963436928702
548 0.6605839416058394
549 0.6612021857923497
550 0.66
551 0.6606170598911071
552 0.6612318840579711
553 0.6618444846292948
554 0.6624548736462094
555 0.6630630630630631
556 0.6636690647482014
557 0.6624775583482945
558 0.6630824372759857
559 0.6636851520572451
560 0.6642857142857143
561 0.6648841354723708
562 0.6637010676156584
563 0.6625222024866785
564 0.6613475177304965
565 0.6601769911504425
566 0.6590106007067138
567 0.6596119929453262
568 0.6602112676056338
569 0.6608084358523726
570 0.6614035087719298
571 0.660245183887916
572 0.6608391608391608
573 0.6596858638743456
574 0.6602787456445993
575 0.6608695652173913
576 0.6597222222222222
577 0.6603119584055459
578 0.6608996539792388
579 0.6597582037996546
580 0.6603448275862069
581 0.6592082616179001
582 0.6597938144329897
583 0.6586620926243568
584 0.6575342465753424
585 0.6581196581196581
586 0.6569965870307167
587 0.65587734241908
588 0.6564625850340136
589 0.6570458404074703
590 0.6559322033898305
591 0.6548223350253807
592 0.6537162162162162
593 0.654300168634064
594 0.6548821548821548
595 0.653781512605042
596 0.6543624161073825
597 0.6532663316582915
598 0.6538461538461539
599 0.654424040066778
600 0.655
601 0.6555740432612313
602 0.6561461794019934
603 0.6550580431177446
604 0.6556291390728477
605 0.6545454545454545
606 0.6534653465346535
607 0.6540362438220758
608 0.6546052631578947
609 0.6535303776683087
610 0.6524590163934426
611 0.6530278232405892
612 0.6535947712418301
613 0.6541598694942904
614 0.6547231270358306
615 0.6552845528455284
616 0.6542207792207793
617 0.6547811993517018
618 0.6537216828478964
619 0.654281098546042
620 0.6548387096774193
621 0.6537842190016103
622 0.6543408360128617
623 0.6548956661316212
624 0.655448717948718
625 0.6544
626 0.6549520766773163
627 0.6539074960127592
628 0.6544585987261147
629 0.6550079491255962
630 0.6555555555555556
631 0.6561014263074485
632 0.6566455696202531
633 0.655608214849921
634 0.6561514195583596
635 0.6566929133858268
636 0.6572327044025157
637 0.6562009419152276
638 0.6567398119122257
639 0.6557120500782473
640 0.65625
641 0.656786271450858
642 0.6557632398753894
643 0.6547433903576982
644 0.6537267080745341
645 0.6542635658914728
646 0.653250773993808
647 0.652241112828439
648 0.6527777777777778
649 0.6533127889060092
650 0.6538461538461539
651 0.6543778801843319
652 0.6549079754601227
653 0.655436447166922
654 0.654434250764526
655 0.6534351145038167
656 0.6524390243902439
657 0.6514459665144596
658 0.6519756838905775
659 0.6525037936267072
660 0.6530303030303031
661 0.6520423600605144
662 0.6510574018126888
663 0.6515837104072398
664 0.6521084337349398
665 0.6526315789473685
666 0.6531531531531531
667 0.6521739130434783
668 0.6511976047904192
669 0.6517189835575485
670 0.6522388059701493
671 0.6527570789865872
672 0.6532738095238095
673 0.6537890044576523
674 0.6543026706231454
675 0.6533333333333333
676 0.6538461538461539
677 0.6528803545051699
678 0.6533923303834809
679 0.6539027982326951
680 0.6544117647058824
681 0.6549192364170338
682 0.655425219941349
683 0.6544655929721815
684 0.6549707602339181
685 0.654014598540146
686 0.6545189504373178
687 0.653566229985444
688 0.6526162790697675
689 0.6516690856313497
690 0.6507246376811594
691 0.6497829232995659
692 0.6502890173410405
693 0.6493506493506493
694 0.6498559077809798
695 0.6503597122302158
696 0.6508620689655172
697 0.6499282639885222
698 0.6489971346704871
699 0.648068669527897
700 0.6485714285714286
701 0.6490727532097005
702 0.6481481481481481
703 0.6486486486486487
704 0.6477272727272727
705 0.64822695035461
706 0.6473087818696884
707 0.6463932107496464
708 0.6454802259887006
709 0.6445698166431594
710 0.643661971830986
711 0.6441631504922645
712 0.6446629213483146
713 0.6451612903225806
714 0.6456582633053222
715 0.6447552447552447
716 0.6438547486033519
717 0.6429567642956764
718 0.6420612813370473
719 0.6425591098748261
720 0.6430555555555556
721 0.6421636615811374
722 0.6426592797783933
723 0.6431535269709544
724 0.643646408839779
725 0.6427586206896552
726 0.6418732782369146
727 0.640990371389271
728 0.6401098901098901
729 0.6406035665294925
730 0.6410958904109589
731 0.640218878248974
732 0.639344262295082
733 0.6384720327421555
734 0.6376021798365122
735 0.638095238095238
736 0.6385869565217391
737 0.6390773405698779
738 0.6382113821138211
739 0.6373477672530447
740 0.6364864864864865
741 0.6356275303643725
742 0.6361185983827493
743 0.6366083445491252
744 0.6370967741935484
745 0.6375838926174496
746 0.6367292225201072
747 0.6358768406961178
748 0.6350267379679144
749 0.6355140186915887
750 0.6346666666666667
751 0.6351531291611185
752 0.6343085106382979
753 0.6347941567065073
754 0.6339522546419099
755 0.633112582781457
756 0.6335978835978836
757 0.6340819022457067
758 0.6345646437994723
759 0.6337285902503293
760 0.6328947368421053
761 0.6320630749014454
762 0.6325459317585301
763 0.6317169069462647
764 0.6321989528795812
765 0.6313725490196078
766 0.6318537859007833
767 0.6323337679269883
768 0.6328125
769 0.6319895968790638
770 0.6311688311688312
771 0.6303501945525292
772 0.6308290155440415
773 0.6313065976714101
774 0.6317829457364341
775 0.6309677419354839
776 0.6314432989690721
777 0.631917631917632
778 0.6323907455012854
779 0.631578947368421
780 0.6307692307692307
781 0.6312419974391805
782 0.6317135549872123
783 0.6309067688378033
784 0.6313775510204082
785 0.6305732484076433
786 0.6310432569974554
787 0.6302414231257941
788 0.6294416243654822
789 0.6286438529784537
790 0.6278481012658228
791 0.6283185840707964
792 0.6275252525252525
793 0.626733921815889
794 0.6259445843828715
795 0.6264150943396226
796 0.6268844221105527
797 0.6273525721455459
798 0.6278195488721805
799 0.6270337922403004
800 0.6275
801 0.6267166042446941
802 0.6271820448877805
803 0.6264009962640099
804 0.6268656716417911
805 0.6260869565217392
806 0.6253101736972705
807 0.6245353159851301
808 0.625
809 0.6254635352286774
810 0.6246913580246913
811 0.625154130702836
812 0.624384236453202
813 0.6236162361623616
814 0.6240786240786241
815 0.6245398773006134
816 0.6237745098039216
817 0.6242350061199511
818 0.6234718826405868
819 0.6239316239316239
820 0.6231707317073171
821 0.6224116930572473
822 0.621654501216545
823 0.6221142162818954
824 0.6225728155339806
825 0.6218181818181818
826 0.6210653753026635
827 0.6215235792019347
828 0.6219806763285024
829 0.6212303980699638
830 0.6216867469879518
831 0.6221419975932612
832 0.6213942307692307
833 0.6206482593037215
834 0.6211031175059952
835 0.6203592814371257
836 0.6196172248803827
837 0.6188769414575866
838 0.6193317422434368
839 0.6185935637663885
840 0.6190476190476191
841 0.619500594530321
842 0.6187648456057007
843 0.6192170818505338
844 0.6184834123222749
845 0.6189349112426036
846 0.6182033096926713
847 0.6186540731995277
848 0.6179245283018868
849 0.6183745583038869
850 0.6188235294117647
851 0.6192714453584018
852 0.6197183098591549
853 0.6201641266119577
854 0.6194379391100703
855 0.6187134502923977
856 0.6179906542056075
857 0.6184364060676779
858 0.6188811188811189
859 0.619324796274738
860 0.6197674418604651
861 0.6190476190476191
862 0.6183294663573086
863 0.6176129779837776
864 0.6168981481481481
865 0.6173410404624278
866 0.6166281755196305
867 0.615916955017301
868 0.6152073732718893
869 0.6156501726121979
870 0.6149425287356322
871 0.6153846153846154
872 0.6146788990825688
873 0.6139747995418099
874 0.6132723112128147
875 0.6137142857142858
876 0.613013698630137
877 0.61345496009122
878 0.6127562642369021
879 0.6120591581342435
880 0.6125
881 0.6129398410896708
882 0.6133786848072562
883 0.6138165345413363
884 0.6131221719457014
885 0.6124293785310735
886 0.6117381489841986
887 0.6121758737316798
888 0.6126126126126126
889 0.6130483689538808
890 0.6123595505617978
891 0.6127946127946128
892 0.6132286995515696
893 0.6136618141097424
894 0.6129753914988815
895 0.6134078212290502
896 0.6127232142857143
897 0.6120401337792643
898 0.6124721603563474
899 0.6117908787541713
900 0.6111111111111112
901 0.6104328523862376
902 0.6108647450110865
903 0.6101882613510521
904 0.6106194690265486
905 0.611049723756906
906 0.6114790286975718
907 0.6108048511576626
908 0.6112334801762115
909 0.6116611661166117
910 0.6120879120879121
911 0.6125137211855104
912 0.6129385964912281
913 0.6122672508214677
914 0.612691466083151
915 0.6120218579234973
916 0.611353711790393
917 0.6117775354416576
918 0.6122004357298475
919 0.6126224156692056
920 0.6130434782608696
921 0.6134636264929425
922 0.6127982646420824
923 0.6132177681473456
924 0.6136363636363636
925 0.614054054054054
926 0.6144708423326134
927 0.6138079827400216
928 0.6142241379310345
929 0.6135629709364908
930 0.613978494623656
931 0.6143931256713212
932 0.6137339055793991
933 0.6130760986066452
934 0.6134903640256959
935 0.6128342245989304
936 0.6121794871794872
937 0.6125933831376734
938 0.6119402985074627
939 0.6112886048988285
940 0.6106382978723405
941 0.6110520722635494
942 0.6114649681528662
943 0.6118769883351007
944 0.611228813559322
945 0.6116402116402117
946 0.6109936575052854
947 0.6114044350580782
948 0.6118143459915611
949 0.6111696522655427
950 0.611578947368421
951 0.61198738170347
952 0.6123949579831933
953 0.6117523609653726
954 0.6121593291404612
955 0.612565445026178
956 0.6129707112970711
957 0.6123301985370951
958 0.6116910229645094
959 0.6120959332638165
960 0.6114583333333333
961 0.6118626430801248
962 0.6122661122661123
963 0.612668743509865
964 0.6130705394190872
965 0.6134715025906736
966 0.6128364389233955
967 0.6132368148914168
968 0.612603305785124
969 0.6119711042311662
970 0.6113402061855671
971 0.6107106076210093
972 0.6100823045267489
973 0.6104830421377184
974 0.6108829568788501
975 0.6102564102564103
976 0.610655737704918
977 0.6100307062436029
978 0.6094069529652352
979 0.6087844739530133
980 0.6081632653061224
981 0.6085626911314985
982 0.6079429735234216
983 0.6073245167853509
984 0.6077235772357723
985 0.6081218274111675
986 0.6075050709939148
987 0.6068895643363729
988 0.6072874493927125
989 0.6066734074823054
990 0.6060606060606061
991 0.6064581231079718
992 0.6068548387096774
993 0.6062437059415912
994 0.6066398390342053
995 0.6060301507537689
996 0.6054216867469879
997 0.6058174523570712
998 0.6062124248496994
999 0.6056056056056056
1000 0.606
1001 0.6053946053946054
1002 0.6047904191616766
1003 0.6051844466600199
1004 0.6055776892430279
1005 0.6049751243781094
1006 0.6043737574552683
1007 0.6047666335650447
1008 0.6051587301587301
1009 0.6055500495540139
1010 0.6059405940594059
1011 0.6053412462908012
1012 0.6057312252964426
1013 0.6061204343534057
1014 0.606508875739645
1015 0.6068965517241379
1016 0.6072834645669292
1017 0.6076696165191741
1018 0.6070726915520629
1019 0.6064769381746811
1020 0.6068627450980392
1021 0.6072477962781586
1022 0.6076320939334638
1023 0.6080156402737048
1024 0.607421875
1025 0.6068292682926829
1026 0.6062378167641326
1027 0.6066212268743915
1028 0.6060311284046692
1029 0.6054421768707483
1030 0.6048543689320388
1031 0.6052376333656644
1032 0.6056201550387597
1033 0.6060019361084221
1034 0.6054158607350096
1035 0.6057971014492753
1036 0.6061776061776062
1037 0.6055930568948891
1038 0.6059730250481695
1039 0.6053897978825794
1040 0.6048076923076923
1041 0.6042267050912584
1042 0.6046065259117083
1043 0.6049856184084372
1044 0.6044061302681992
1045 0.6038277511961723
1046 0.6042065009560229
1047 0.6045845272206304
1048 0.6049618320610687
1049 0.6053384175405148
1050 0.6057142857142858
1051 0.6051379638439581
1052 0.6045627376425855
1053 0.6049382716049383
1054 0.6043643263757116
1055 0.6037914691943128
1056 0.6041666666666666
1057 0.6045411542100284
1058 0.6049149338374291
1059 0.6043437204910292
1060 0.6037735849056604
1061 0.6041470311027333
1062 0.6045197740112994
1063 0.6048918156161807
1064 0.6052631578947368
1065 0.6046948356807512
1066 0.6041275797373359
1067 0.6044985941893158
1068 0.6039325842696629
1069 0.6043030869971936
1070 0.6046728971962617
1071 0.6050420168067226
1072 0.6044776119402985
1073 0.6048462255358807
1074 0.6052141527001862
1075 0.6046511627906976
1076 0.6050185873605948
1077 0.6053853296193129
1078 0.6057513914656771
1079 0.6051899907321594
1080 0.6055555555555555
1081 0.6049953746530989
1082 0.6044362292051756
1083 0.6048014773776547
1084 0.6051660516605166
1085 0.6055299539170507
1086 0.6049723756906077
1087 0.6053357865685373
1088 0.6047794117647058
1089 0.6051423324150597
1090 0.6045871559633027
1091 0.6049495875343721
1092 0.6053113553113553
1093 0.6047575480329369
1094 0.6042047531992687
1095 0.6036529680365297
1096 0.6031021897810219
1097 0.6034639927073838
1098 0.6029143897996357
1099 0.6023657870791629
1100 0.6027272727272728
1101 0.6021798365122616
1102 0.6025408348457351
1103 0.6029011786038078
1104 0.6023550724637681
1105 0.6027149321266968
1106 0.6030741410488246
1107 0.6034327009936766
1108 0.6028880866425993
1109 0.6032461677186655
1110 0.6036036036036037
1111 0.6039603960396039
1112 0.60431654676259
1113 0.6037735849056604
1114 0.6032315978456014
1115 0.6035874439461884
1116 0.6030465949820788
1117 0.603401969561325
1118 0.6037567084078712
1119 0.6041108132260947
1120 0.6044642857142857
1121 0.6039250669045495
1122 0.6033868092691622
1123 0.603739982190561
1124 0.6040925266903915
1125 0.6044444444444445
1126 0.6039076376554174
1127 0.6042590949423248
1128 0.6046099290780141
1129 0.604074402125775
1130 0.6035398230088496
1131 0.6030061892130858
1132 0.6033568904593639
1133 0.6037069726390115
1134 0.6031746031746031
1135 0.6035242290748899
1136 0.6038732394366197
1137 0.604221635883905
1138 0.6045694200351494
1139 0.6049165935030729
1140 0.6052631578947368
1141 0.6056091148115688
1142 0.6059544658493871
1143 0.605424321959755
1144 0.6057692307692307
1145 0.605240174672489
1146 0.6055846422338569
1147 0.6050566695727986
1148 0.6045296167247387
1149 0.6048738033072236
1150 0.6052173913043478
1151 0.6055603822762815
1152 0.6059027777777778
1153 0.606244579358196
1154 0.6057192374350087
1155 0.6060606060606061
1156 0.606401384083045
1157 0.6067415730337079
1158 0.6070811744386874
1159 0.6074201898188093
1160 0.6068965517241379
1161 0.6072351421188631
1162 0.6067125645438899
1163 0.6070507308684436
1164 0.6073883161512027
1165 0.607725321888412
