1 1.0
2 1.0
3 1.0
4 1.0
5 1.0
6 1.0
7 1.0
8 1.0
9 1.0
10 1.0
11 1.0
12 1.0
13 1.0
14 1.0
15 1.0
16 1.0
17 1.0
18 1.0
19 1.0
20 1.0
21 1.0
22 1.0
23 1.0
24 1.0
25 1.0
26 1.0
27 1.0
28 1.0
29 1.0
30 1.0
31 1.0
32 1.0
33 1.0
34 1.0
35 1.0
36 1.0
37 0.972972972972973
38 0.9736842105263158
39 0.9743589743589743
40 0.975
41 0.975609756097561
42 0.9761904761904762
43 0.9767441860465116
44 0.9772727272727273
45 0.9777777777777777
46 0.9782608695652174
47 0.9787234042553191
48 0.9791666666666666
49 0.9795918367346939
50 0.98
51 0.9803921568627451
52 0.9807692307692307
53 0.9811320754716981
54 0.9814814814814815
55 0.9818181818181818
56 0.9821428571428571
57 0.9824561403508771
58 0.9827586206896551
59 0.9661016949152542
60 0.9666666666666667
61 0.9672131147540983
62 0.967741935483871
63 0.9682539682539683
64 0.96875
65 0.9692307692307692
66 0.9696969696969697
67 0.9701492537313433
68 0.9705882352941176
69 0.9710144927536232
70 0.9714285714285714
71 0.971830985915493
72 0.9583333333333334
73 0.958904109589041
74 0.9594594594594594
75 0.96
76 0.9605263157894737
77 0.948051948051948
78 0.9487179487179487
79 0.9493670886075949
80 0.95
81 0.9506172839506173
82 0.9512195121951219
83 0.9518072289156626
84 0.9523809523809523
85 0.9529411764705882
86 0.9534883720930233
87 0.9540229885057471
88 0.9431818181818182
89 0.9438202247191011
90 0.9333333333333333
91 0.9230769230769231
92 0.9130434782608695
93 0.9139784946236559
94 0.9148936170212766
95 0.9052631578947369
96 0.90625
97 0.9072164948453608
98 0.9081632653061225
99 0.9090909090909091
100 0.91
101 0.9108910891089109
102 0.9117647058823529
103 0.912621359223301
104 0.9134615384615384
105 0.9142857142857143
106 0.9150943396226415
107 0.9158878504672897
108 0.9166666666666666
109 0.9174311926605505
110 0.9181818181818182
111 0.918918918918919
112 0.9107142857142857
113 0.911504424778761
114 0.9035087719298246
115 0.9043478260869565
116 0.896551724137931
117 0.8974358974358975
118 0.8983050847457628
119 0.8991596638655462
120 0.9
121 0.8925619834710744
122 0.8934426229508197
123 0.8943089430894309
124 0.8951612903225806
125 0.896
126 0.8968253968253969
127 0.8976377952755905
128 0.890625
129 0.8837209302325582
130 0.8769230769230769
131 0.8702290076335878
132 0.8636363636363636
133 0.8646616541353384
134 0.8656716417910447
135 0.8666666666666667
136 0.8602941176470589
137 0.8613138686131386
138 0.8623188405797102
139 0.8633093525179856
140 0.8642857142857143
141 0.8581560283687943
142 0.8591549295774648
143 0.8601398601398601
144 0.8611111111111112
145 0.8620689655172413
146 0.863013698630137
147 0.8571428571428571
148 0.8581081081081081
149 0.8590604026845637
150 0.86
151 0.8543046357615894
152 0.8552631578947368
153 0.8496732026143791
154 0.8441558441558441
155 0.8451612903225807
156 0.8397435897435898
157 0.8407643312101911
158 0.8417721518987342
159 0.8427672955974843
160 0.84375
161 0.84472049689441
162 0.8395061728395061
163 0.8404907975460123
164 0.8353658536585366
165 0.8363636363636363
166 0.8313253012048193
167 0.8323353293413174
168 0.8273809523809523
169 0.8224852071005917
170 0.8235294117647058
171 0.8187134502923976
172 0.8197674418604651
173 0.815028901734104
174 0.8103448275862069
175 0.8114285714285714
176 0.8125
177 0.8135593220338984
178 0.8146067415730337
179 0.8156424581005587
180 0.8166666666666667
181 0.8176795580110497
182 0.8186813186813187
183 0.819672131147541
184 0.8206521739130435
185 0.8216216216216217
186 0.8172043010752689
187 0.8128342245989305
188 0.8138297872340425
189 0.8148148148148148
190 0.8157894736842105
191 0.8115183246073299
192 0.8125
193 0.8082901554404145
194 0.8092783505154639
195 0.8102564102564103
196 0.8061224489795918
197 0.8071065989847716
198 0.8080808080808081
199 0.8040201005025126
200 0.805
201 0.8009950248756219
202 0.801980198019802
203 0.8029556650246306
204 0.803921568627451
205 0.8048780487804879
206 0.8058252427184466
207 0.8067632850241546
208 0.8076923076923077
209 0.8086124401913876
210 0.8047619047619048
211 0.8056872037914692
212 0.8018867924528302
213 0.7981220657276995
214 0.7990654205607477
215 0.8
216 0.8009259259259259
217 0.8018433179723502
218 0.7981651376146789
219 0.7990867579908676
220 0.8
221 0.7963800904977375
222 0.7927927927927928
223 0.7892376681614349
224 0.7857142857142857
225 0.7866666666666666
226 0.7831858407079646
227 0.7841409691629956
228 0.7807017543859649
229 0.777292576419214
230 0.7782608695652173
231 0.7792207792207793
232 0.7801724137931034
233 0.7811158798283262
234 0.782051282051282
235 0.7829787234042553
236 0.7838983050847458
237 0.7805907172995781
238 0.7815126050420168
239 0.7824267782426778
240 0.7833333333333333
241 0.7842323651452282
242 0.78099173553719
243 0.7818930041152263
244 0.7827868852459017
245 0.7795918367346939
246 0.7804878048780488
247 0.7813765182186235
248 0.782258064516129
249 0.7791164658634538
250 0.78
251 0.7808764940239044
252 0.7817460317460317
253 0.7786561264822134
254 0.7795275590551181
255 0.7764705882352941
256 0.77734375
257 0.7782101167315175
258 0.7790697674418605
259 0.7799227799227799
260 0.7807692307692308
261 0.7777777777777778
262 0.7786259541984732
263 0.779467680608365
264 0.7765151515151515
265 0.7773584905660378
266 0.7781954887218046
267 0.7790262172284644
268 0.7761194029850746
269 0.7769516728624535
270 0.7777777777777778
271 0.7785977859778598
272 0.7757352941176471
273 0.7765567765567766
274 0.7773722627737226
275 0.7781818181818182
276 0.7753623188405797
277 0.776173285198556
278 0.7769784172661871
279 0.7777777777777778
280 0.7785714285714286
281 0.7793594306049823
282 0.7801418439716312
283 0.7809187279151943
284 0.7816901408450704
285 0.7824561403508772
286 0.7832167832167832
287 0.7804878048780488
288 0.7777777777777778
289 0.7785467128027682
290 0.7758620689655172
291 0.7731958762886598
292 0.773972602739726
293 0.7713310580204779
294 0.7687074829931972
295 0.7694915254237288
296 0.7668918918918919
297 0.7643097643097643
298 0.7651006711409396
299 0.7658862876254181
300 0.7666666666666667
301 0.7674418604651163
302 0.7682119205298014
303 0.768976897689769
304 0.7664473684210527
305 0.7672131147540984
306 0.7647058823529411
307 0.762214983713355
308 0.762987012987013
309 0.7637540453074434
310 0.7645161290322581
311 0.7620578778135049
312 0.7628205128205128
313 0.7635782747603834
314 0.7611464968152867
315 0.7587301587301587
316 0.7563291139240507
317 0.7539432176656151
318 0.7547169811320755
319 0.7554858934169278
320 0.753125
321 0.7538940809968847
322 0.7546583850931677
323 0.7554179566563467
324 0.7561728395061729
325 0.7569230769230769
326 0.754601226993865
327 0.7522935779816514
328 0.75
329 0.7507598784194529
330 0.7484848484848485
331 0.7492447129909365
332 0.75
333 0.7507507507507507
334 0.7514970059880239
335 0.7522388059701492
336 0.7529761904761905
337 0.7537091988130564
338 0.7544378698224852
339 0.7551622418879056
340 0.7558823529411764
341 0.7536656891495601
342 0.7543859649122807
343 0.7551020408163265
344 0.752906976744186
345 0.7536231884057971
346 0.7514450867052023
347 0.7492795389048992
348 0.7471264367816092
349 0.7478510028653295
350 0.7485714285714286
351 0.7464387464387464
352 0.7443181818181818
353 0.7450424929178471
354 0.7429378531073446
355 0.7436619718309859
356 0.7415730337078652
357 0.7394957983193278
358 0.7374301675977654
359 0.7381615598885793
360 0.7388888888888889
361 0.7368421052631579
362 0.7375690607734806
363 0.7382920110192838
364 0.7362637362637363
365 0.7342465753424657
366 0.73224043715847
367 0.7329700272479565
368 0.7336956521739131
369 0.7344173441734417
370 0.7351351351351352
371 0.7331536388140162
372 0.7311827956989247
373 0.7319034852546917
374 0.732620320855615
375 0.7333333333333333
376 0.7340425531914894
377 0.7347480106100795
378 0.7328042328042328
379 0.7335092348284961
380 0.7342105263157894
381 0.7349081364829396
382 0.7356020942408377
383 0.7336814621409922
384 0.734375
385 0.7350649350649351
386 0.7357512953367875
387 0.7364341085271318
388 0.7371134020618557
389 0.7352185089974294
390 0.7333333333333333
391 0.7340153452685422
392 0.7346938775510204
393 0.7353689567430025
394 0.7360406091370558
395 0.7367088607594937
396 0.7373737373737373
397 0.7355163727959698
398 0.7336683417085427
399 0.7343358395989975
400 0.7325
401 0.7331670822942643
402 0.7338308457711443
403 0.7344913151364765
404 0.7326732673267327
405 0.7308641975308642
406 0.7315270935960592
407 0.7321867321867321
408 0.7303921568627451
409 0.7286063569682152
410 0.7292682926829268
411 0.7299270072992701
412 0.7305825242718447
413 0.7288135593220338
414 0.7294685990338164
415 0.727710843373494
416 0.7283653846153846
417 0.7290167865707434
418 0.7272727272727273
419 0.7255369928400954
420 0.7261904761904762
421 0.7244655581947743
422 0.7251184834123223
423 0.723404255319149
424 0.7240566037735849
425 0.7223529411764706
426 0.7230046948356808
427 0.7236533957845434
428 0.7242990654205608
429 0.7226107226107226
430 0.7232558139534884
431 0.7215777262180975
432 0.7199074074074074
433 0.7182448036951501
434 0.7188940092165899
435 0.7172413793103448
436 0.7178899082568807
437 0.7185354691075515
438 0.7168949771689498
439 0.715261958997722
440 0.7159090909090909
441 0.7165532879818595
442 0.7171945701357466
443 0.7178329571106095
444 0.7184684684684685
445 0.7191011235955056
446 0.7174887892376681
447 0.7181208053691275
448 0.71875
449 0.7193763919821826
450 0.7177777777777777
451 0.7184035476718403
452 0.7190265486725663
453 0.7196467991169978
454 0.7180616740088106
455 0.7186813186813187
456 0.7192982456140351
457 0.7177242888402626
458 0.7183406113537117
459 0.7167755991285403
460 0.717391304347826
461 0.7158351409978309
462 0.7142857142857143
463 0.712742980561555
464 0.7133620689655172
465 0.7118279569892473
466 0.7124463519313304
467 0.7109207708779444
468 0.7115384615384616
469 0.7100213219616205
470 0.7106382978723405
471 0.7112526539278131
472 0.7097457627118644
473 0.7103594080338267
474 0.7109704641350211
475 0.7115789473684211
476 0.7121848739495799
477 0.7127882599580713
478 0.7133891213389121
479 0.7139874739039666
480 0.7145833333333333
481 0.7151767151767152
482 0.7136929460580913
483 0.7142857142857143
484 0.7148760330578512
485 0.7134020618556701
486 0.7139917695473251
487 0.7145790554414785
488 0.7131147540983607
489 0.7137014314928425
490 0.7142857142857143
491 0.714867617107943
492 0.7134146341463414
493 0.7119675456389453
494 0.7125506072874493
495 0.7111111111111111
496 0.7096774193548387
497 0.710261569416499
498 0.7088353413654619
499 0.7094188376753507
500 0.708
501 0.7065868263473054
502 0.7051792828685259
503 0.7037773359840954
504 0.7023809523809523
505 0.7029702970297029
506 0.7035573122529645
507 0.7041420118343196
508 0.7047244094488189
509 0.7033398821218074
510 0.703921568627451
511 0.7025440313111546
512 0.701171875
513 0.7017543859649122
514 0.7023346303501945
515 0.7029126213592233
516 0.7034883720930233
517 0.7040618955512572
518 0.7046332046332047
519 0.7052023121387283
520 0.7038461538461539
521 0.7044145873320538
522 0.7049808429118773
523 0.7055449330783938
524 0.7061068702290076
525 0.7047619047619048
526 0.7034220532319392
527 0.7039848197343453
528 0.7045454545454546
529 0.7051039697542533
530 0.7037735849056603
531 0.7024482109227872
532 0.7030075187969925
533 0.7035647279549718
534 0.704119850187266
535 0.7046728971962617
536 0.7052238805970149
537 0.7039106145251397
538 0.7044609665427509
539 0.7050092764378478
540 0.7055555555555556
541 0.7042513863216266
542 0.7047970479704797
543 0.7053406998158379
544 0.7058823529411765
545 0.7045871559633028
546 0.7051282051282052
547 0.7056672760511883
548 0.7062043795620438
549 0.7049180327868853
550 0.7036363636363636
551 0.7041742286751361
552 0.7047101449275363
553 0.705244122965642
554 0.7057761732851986
555 0.7045045045045045
556 0.7032374100719424
557 0.7019748653500898
558 0.7007168458781362
559 0.7012522361359571
560 0.7017857142857142
561 0.7005347593582888
562 0.701067615658363
563 0.7015985790408525
564 0.700354609929078
565 0.7008849557522124
566 0.7014134275618374
567 0.7019400352733686
568 0.7024647887323944
569 0.7012302284710018
570 0.7
571 0.7005253940455342
572 0.6993006993006993
573 0.699825479930192
574 0.6986062717770035
575 0.6991304347826087
576 0.6979166666666666
577 0.6984402079722704
578 0.698961937716263
579 0.6994818652849741
580 0.7
581 0.6987951807228916
582 0.6993127147766323
583 0.6998284734133791
584 0.7003424657534246
585 0.7008547008547008
586 0.7013651877133106
587 0.7001703577512777
588 0.7006802721088435
589 0.7011884550084889
590 0.7
591 0.6988155668358714
592 0.6993243243243243
593 0.6998313659359191
594 0.6986531986531986
595 0.6991596638655462
596 0.6996644295302014
597 0.7001675041876047
598 0.7006688963210702
599 0.7011686143572621
600 0.7
601 0.7004991680532446
602 0.6993355481727574
603 0.6998341625207297
604 0.7003311258278145
605 0.7008264462809918
606 0.7013201320132013
607 0.7018121911037891
608 0.7006578947368421
609 0.7011494252873564
610 0.7016393442622951
611 0.7004909983633388
612 0.7009803921568627
613 0.7014681892332789
614 0.7003257328990228
615 0.7008130081300813
616 0.7012987012987013
617 0.7017828200972447
618 0.7006472491909385
619 0.7011308562197092
620 0.7
621 0.6988727858293076
622 0.6993569131832797
623 0.6998394863563403
624 0.7003205128205128
625 0.6992
626 0.6996805111821086
627 0.7001594896331739
628 0.6990445859872612
629 0.699523052464229
630 0.7
631 0.7004754358161648
632 0.6993670886075949
633 0.69826224328594
634 0.6987381703470031
635 0.6992125984251969
636 0.699685534591195
637 0.7001569858712716
638 0.700626959247649
639 0.701095461658842
640 0.7
641 0.7004680187207488
642 0.7009345794392523
643 0.7013996889580093
644 0.7018633540372671
645 0.7007751937984497
646 0.7012383900928792
647 0.7017001545595054
648 0.7021604938271605
649 0.7026194144838213
650 0.703076923076923
651 0.7035330261136713
652 0.7039877300613497
653 0.7044410413476263
654 0.7033639143730887
655 0.7038167938931298
656 0.7042682926829268
657 0.7047184170471842
658 0.7036474164133738
659 0.7040971168437026
660 0.703030303030303
661 0.7019667170953101
662 0.702416918429003
663 0.702865761689291
664 0.7018072289156626
665 0.7007518796992481
666 0.7012012012012012
667 0.7001499250374813
668 0.6991017964071856
669 0.6995515695067265
670 0.7
671 0.7004470938897168
672 0.7008928571428571
673 0.7013372956909361
674 0.701780415430267
675 0.7022222222222222
676 0.7026627218934911
677 0.7031019202363368
678 0.7020648967551623
679 0.7025036818851251
680 0.7029411764705882
681 0.7033773861967695
682 0.7038123167155426
683 0.7027818448023426
684 0.7017543859649122
685 0.7007299270072993
686 0.7011661807580175
687 0.7001455604075691
688 0.7005813953488372
689 0.7010159651669086
690 0.7014492753623188
691 0.7018813314037626
692 0.7023121387283237
693 0.7012987012987013
694 0.7017291066282421
695 0.702158273381295
696 0.7025862068965517
697 0.703012912482066
698 0.7020057306590258
699 0.7010014306151645
700 0.7014285714285714
701 0.7018544935805991
702 0.7022792022792023
703 0.7027027027027027
704 0.703125
705 0.7021276595744681
706 0.7025495750708215
707 0.7015558698727016
708 0.7005649717514124
709 0.7009873060648801
710 0.7014084507042253
711 0.70042194092827
712 0.7008426966292135
713 0.7012622720897616
714 0.7016806722689075
715 0.7006993006993008
716 0.6997206703910615
717 0.700139470013947
718 0.6991643454038997
719 0.6995827538247567
720 0.7
721 0.7004160887656034
722 0.7008310249307479
723 0.7012448132780082
724 0.7016574585635359
725 0.7020689655172414
726 0.7011019283746557
727 0.7001375515818432
728 0.7005494505494505
729 0.6995884773662552
730 0.6986301369863014
731 0.6976744186046512
732 0.6980874316939891
733 0.6971350613915416
734 0.6961852861035422
735 0.6965986394557823
736 0.6970108695652174
737 0.6974219810040706
738 0.6978319783197832
739 0.6982408660351827
740 0.6986486486486486
741 0.699055330634278
742 0.6994609164420486
743 0.6985195154777928
744 0.6975806451612904
745 0.697986577181208
746 0.6970509383378016
747 0.6961178045515395
748 0.696524064171123
749 0.6955941255006676
750 0.6946666666666667
751 0.6937416777629827
752 0.6941489361702128
753 0.6945551128818062
754 0.6936339522546419
755 0.6940397350993377
756 0.6944444444444444
757 0.6935270805812418
758 0.6939313984168866
759 0.6930171277997365
760 0.6934210526315789
761 0.6938239159001314
762 0.6929133858267716
763 0.6920052424639581
764 0.6924083769633508
765 0.6928104575163399
766 0.6919060052219321
767 0.6910039113428944
768 0.69140625
769 0.6918075422626788
770 0.6922077922077922
771 0.6926070038910506
772 0.6930051813471503
773 0.6934023285899095
774 0.6937984496124031
775 0.6929032258064516
776 0.6932989690721649
777 0.6936936936936937
778 0.6928020565552699
779 0.6919127086007703
780 0.6923076923076923
781 0.6927016645326505
782 0.6930946291560103
783 0.6934865900383141
784 0.6926020408163265
785 0.6929936305732484
786 0.6921119592875318
787 0.6925031766200762
788 0.6916243654822335
789 0.6920152091254753
790 0.6911392405063291
791 0.6915297092288243
792 0.6919191919191919
793 0.691046658259773
794 0.6914357682619647
795 0.6918238993710691
796 0.6922110552763819
797 0.6913425345043914
798 0.6917293233082706
799 0.690863579474343
800 0.69125
801 0.6916354556803995
802 0.6907730673316709
803 0.6911581569115816
804 0.6915422885572139
805 0.6919254658385093
806 0.6923076923076923
807 0.6926889714993805
808 0.693069306930693
809 0.6934487021013597
810 0.6925925925925925
811 0.6929716399506781
812 0.6933497536945813
813 0.6937269372693727
814 0.6941031941031941
815 0.6932515337423313
816 0.6936274509803921
817 0.6927784577723378
818 0.6919315403422983
819 0.6910866910866911
820 0.6914634146341463
821 0.6918392204628502
822 0.6909975669099757
823 0.6913730255164034
824 0.691747572815534
825 0.6921212121212121
826 0.6912832929782082
827 0.6916565900846433
828 0.6908212560386473
829 0.6911942098914354
830 0.6903614457831325
831 0.690734055354994
832 0.6911057692307693
833 0.6902761104441777
834 0.6894484412470024
835 0.6898203592814371
836 0.6901913875598086
837 0.6905615292712067
838 0.6909307875894988
839 0.6912991656734208
840 0.6916666666666667
841 0.6920332936979786
842 0.6923990498812351
843 0.6927639383155397
844 0.693127962085308
845 0.693491124260355
846 0.693853427895981
847 0.693034238488784
848 0.6933962264150944
849 0.6937573616018846
850 0.6941176470588235
851 0.6933019976498237
852 0.6936619718309859
853 0.6928487690504103
854 0.6920374707259953
855 0.6923976608187135
856 0.6915887850467289
857 0.691948658109685
858 0.6923076923076923
859 0.6926658905704307
860 0.6930232558139535
861 0.6933797909407665
862 0.6925754060324826
863 0.6929316338354577
864 0.6932870370370371
865 0.6936416184971098
866 0.6928406466512702
867 0.6931949250288351
868 0.6923963133640553
869 0.6915995397008056
870 0.6919540229885057
871 0.6923076923076923
872 0.6926605504587156
873 0.693012600229095
874 0.6922196796338673
875 0.6925714285714286
876 0.6929223744292238
877 0.69327251995439
878 0.693621867881549
879 0.6928327645051194
880 0.6931818181818182
881 0.6935300794551645
882 0.6927437641723356
883 0.6930917327293318
884 0.6923076923076923
885 0.6926553672316385
886 0.6918735891647856
887 0.6910935738444194
888 0.6903153153153153
889 0.6906636670416197
890 0.6910112359550562
891 0.6902356902356902
892 0.6905829596412556
893 0.6909294512877939
894 0.6912751677852349
895 0.6905027932960894
896 0.6908482142857143
897 0.6900780379041248
898 0.6904231625835189
899 0.6907675194660734
900 0.6911111111111111
901 0.6914539400665927
902 0.6906873614190687
903 0.6910299003322259
904 0.6913716814159292
905 0.6906077348066298
906 0.6909492273730684
907 0.6912899669239251
908 0.6905286343612335
909 0.6908690869086909
910 0.6912087912087912
911 0.6915477497255763
912 0.6907894736842105
913 0.6911281489594743
914 0.6914660831509847
915 0.6907103825136612
916 0.6910480349344978
917 0.6902944383860414
918 0.6895424836601307
919 0.6887921653971708
920 0.6891304347826087
921 0.6894679695982627
922 0.6898047722342733
923 0.6901408450704225
924 0.6904761904761905
925 0.6897297297297297
926 0.6900647948164147
927 0.6903991370010788
928 0.6896551724137931
929 0.689989235737352
930 0.689247311827957
931 0.6895810955961332
932 0.6899141630901288
933 0.6891747052518756
934 0.6895074946466809
935 0.6898395721925134
936 0.6891025641025641
937 0.6894343649946638
938 0.6886993603411514
939 0.6890308839190629
940 0.6882978723404255
941 0.6875664187035069
942 0.6868365180467091
943 0.6861081654294804
944 0.6853813559322034
945 0.6857142857142857
946 0.686046511627907
947 0.6863780359028511
948 0.6856540084388185
949 0.684931506849315
950 0.6842105263157895
951 0.6845425867507886
952 0.6838235294117647
953 0.6841552990556139
954 0.6844863731656184
955 0.6848167539267016
956 0.6841004184100419
957 0.6844305120167189
958 0.6847599164926931
959 0.6850886339937435
960 0.684375
961 0.6847034339229969
962 0.685031185031185
963 0.6853582554517134
964 0.6846473029045643
965 0.6849740932642487
966 0.6842650103519669
967 0.6845915201654602
968 0.6849173553719008
969 0.6842105263157895
970 0.6835051546391753
971 0.6838311019567456
972 0.684156378600823
973 0.68448098663926
974 0.6848049281314168
975 0.6841025641025641
976 0.6834016393442623
977 0.6827021494370522
978 0.6830265848670757
979 0.6823289070480082
980 0.6826530612244898
981 0.6819571865443425
982 0.6822810590631364
983 0.681586978636826
984 0.681910569105691
985 0.682233502538071
986 0.6815415821501014
987 0.6818642350557245
988 0.6811740890688259
989 0.6804853387259858
990 0.6808080808080809
991 0.6811301715438951
992 0.6804435483870968
993 0.6807653575025177
994 0.6810865191146881
995 0.6804020100502512
996 0.679718875502008
997 0.679037111334002
998 0.6793587174348698
999 0.6796796796796797
1000 0.679
1001 0.6793206793206793
1002 0.6796407185628742
1003 0.6799601196410767
1004 0.6802788844621513
1005 0.6805970149253732
1006 0.679920477137177
1007 0.6792452830188679
1008 0.6785714285714286
1009 0.6778989098116948
1010 0.6782178217821783
1011 0.6775469831849654
1012 0.6778656126482213
1013 0.6781836130306022
1014 0.6775147928994083
1015 0.677832512315271
1016 0.6771653543307087
1017 0.6764995083579154
1018 0.6758349705304518
1019 0.6751717369970559
1020 0.6745098039215687
1021 0.67384916748286
1022 0.6741682974559687
1023 0.6735092864125122
1024 0.673828125
1025 0.6741463414634147
1026 0.6734892787524367
1027 0.6738072054527751
1028 0.6741245136186771
1029 0.673469387755102
1030 0.6737864077669903
1031 0.6741028128031038
1032 0.6734496124031008
1033 0.6727976766698935
1034 0.6731141199226306
1035 0.6734299516908212
1036 0.6737451737451737
1037 0.6730954676952748
1038 0.6734104046242775
1039 0.6727622714148219
1040 0.6721153846153847
1041 0.6714697406340058
1042 0.6708253358925144
1043 0.6701821668264621
1044 0.6695402298850575
1045 0.6698564593301436
1046 0.6701720841300192
1047 0.670487106017192
1048 0.6698473282442748
1049 0.669208770257388
1050 0.6695238095238095
1051 0.6698382492863939
1052 0.6692015209125475
1053 0.6695156695156695
1054 0.6698292220113852
1055 0.6701421800947868
1056 0.6704545454545454
1057 0.6698202459791863
1058 0.6701323251417769
1059 0.6694995278564684
1060 0.6688679245283019
1061 0.6691800188501413
1062 0.6694915254237288
1063 0.6698024459078081
1064 0.6691729323308271
1065 0.6694835680751173
1066 0.6697936210131332
1067 0.6701030927835051
1068 0.6704119850187266
1069 0.6707202993451824
1070 0.6710280373831776
1071 0.6713352007469654
1072 0.6716417910447762
1073 0.6710158434296365
1074 0.6713221601489758
1075 0.6706976744186046
1076 0.671003717472119
1077 0.6703806870937791
1078 0.6697588126159555
1079 0.6691380908248378
1080 0.6694444444444444
1081 0.669750231267345
1082 0.6700554528650647
1083 0.6694367497691598
1084 0.6697416974169742
1085 0.6700460829493088
1086 0.6694290976058932
1087 0.6697332106715731
1088 0.6700367647058824
1089 0.6703397612488522
1090 0.6697247706422018
1091 0.6700274977085243
1092 0.6703296703296703
1093 0.6706312900274474
1094 0.6709323583180987
1095 0.6712328767123288
1096 0.6706204379562044
1097 0.6700091157702825
1098 0.6703096539162113
1099 0.6706096451319381
1100 0.67
1101 0.670299727520436
1102 0.6705989110707804
1103 0.670897552130553
1104 0.6711956521739131
1105 0.6714932126696832
1106 0.6717902350813744
1107 0.6720867208672087
1108 0.6714801444043321
1109 0.6708746618575293
1110 0.6711711711711712
1111 0.6714671467146714
1112 0.670863309352518
1113 0.6702605570530099
1114 0.670556552962298
1115 0.6699551569506726
1116 0.6693548387096774
1117 0.6696508504923904
1118 0.6699463327370304
1119 0.6702412868632708
1120 0.6696428571428571
1121 0.6699375557537912
1122 0.6702317290552585
1123 0.6696349065004452
1124 0.6699288256227758
1125 0.6702222222222223
1126 0.6696269982238011
1127 0.6699201419698314
1128 0.6693262411347518
1129 0.6696191319751993
1130 0.6699115044247788
1131 0.6702033598585323
1132 0.6704946996466431
1133 0.6707855251544572
1134 0.6701940035273368
1135 0.6704845814977973
1136 0.670774647887324
