1 1.0
2 1.0
3 1.0
4 1.0
5 1.0
6 1.0
7 1.0
8 1.0
9 1.0
10 1.0
11 1.0
12 1.0
13 1.0
14 1.0
15 1.0
16 1.0
17 1.0
18 0.9444444444444444
19 0.9473684210526315
20 0.95
21 0.9523809523809523
22 0.9545454545454546
23 0.9565217391304348
24 0.9583333333333334
25 0.96
26 0.9230769230769231
27 0.9259259259259259
28 0.9285714285714286
29 0.9310344827586207
30 0.9
31 0.9032258064516129
32 0.90625
33 0.9090909090909091
34 0.9117647058823529
35 0.8857142857142857
36 0.8888888888888888
37 0.8918918918918919
38 0.8947368421052632
39 0.8974358974358975
40 0.9
41 0.9024390243902439
42 0.9047619047619048
43 0.9069767441860465
44 0.8863636363636364
45 0.8888888888888888
46 0.8913043478260869
47 0.8936170212765957
48 0.8958333333333334
49 0.8979591836734694
50 0.88
51 0.8823529411764706
52 0.8653846153846154
53 0.8490566037735849
54 0.8518518518518519
55 0.8545454545454545
56 0.8392857142857143
57 0.8245614035087719
58 0.8275862068965517
59 0.8305084745762712
60 0.8333333333333334
61 0.8360655737704918
62 0.8387096774193549
63 0.8253968253968254
64 0.828125
65 0.8153846153846154
66 0.8181818181818182
67 0.8208955223880597
68 0.8088235294117647
69 0.8115942028985508
70 0.8142857142857143
71 0.8169014084507042
72 0.8194444444444444
73 0.8082191780821918
74 0.8108108108108109
75 0.8133333333333334
76 0.8157894736842105
77 0.8051948051948052
78 0.8076923076923077
79 0.810126582278481
80 0.8
81 0.8024691358024691
82 0.7926829268292683
83 0.7831325301204819
84 0.7857142857142857
85 0.788235294117647
86 0.7906976744186046
87 0.7816091954022989
88 0.7840909090909091
89 0.7865168539325843
90 0.7777777777777778
91 0.7692307692307693
92 0.7717391304347826
93 0.7634408602150538
94 0.7659574468085106
95 0.7684210526315789
96 0.7708333333333334
97 0.7731958762886598
98 0.7653061224489796
99 0.7676767676767676
100 0.77
101 0.7722772277227723
102 0.7745098039215687
103 0.7669902912621359
104 0.7692307692307693
105 0.7619047619047619
106 0.7547169811320755
107 0.7570093457943925
108 0.7592592592592593
109 0.7522935779816514
110 0.7454545454545455
111 0.7387387387387387
112 0.7321428571428571
113 0.7345132743362832
114 0.7368421052631579
115 0.7391304347826086
116 0.7327586206896551
117 0.7350427350427351
118 0.7372881355932204
119 0.7394957983193278
120 0.7333333333333333
121 0.7272727272727273
122 0.7213114754098361
123 0.7235772357723578
124 0.717741935483871
125 0.72
126 0.7142857142857143
127 0.7165354330708661
128 0.7109375
129 0.7131782945736435
130 0.7153846153846154
131 0.7099236641221374
132 0.7045454545454546
133 0.706766917293233
134 0.7014925373134329
135 0.6962962962962963
136 0.6985294117647058
137 0.6934306569343066
138 0.6884057971014492
139 0.6906474820143885
140 0.6928571428571428
141 0.6950354609929078
142 0.6901408450704225
143 0.6923076923076923
144 0.6944444444444444
145 0.696551724137931
146 0.6917808219178082
147 0.6870748299319728
148 0.6824324324324325
149 0.6778523489932886
150 0.6733333333333333
151 0.6688741721854304
152 0.6644736842105263
153 0.6601307189542484
154 0.6623376623376623
155 0.6645161290322581
156 0.6602564102564102
157 0.6624203821656051
158 0.6645569620253164
159 0.6666666666666666
160 0.66875
161 0.6708074534161491
162 0.6728395061728395
163 0.6748466257668712
164 0.676829268292683
165 0.6787878787878788
166 0.6746987951807228
167 0.6706586826347305
168 0.6726190476190477
169 0.6686390532544378
170 0.6647058823529411
171 0.6666666666666666
172 0.6686046511627907
173 0.6647398843930635
174 0.6666666666666666
175 0.6685714285714286
176 0.6704545454545454
177 0.6666666666666666
178 0.6629213483146067
179 0.664804469273743
180 0.6611111111111111
181 0.6574585635359116
182 0.6538461538461539
183 0.6502732240437158
184 0.6521739130434783
185 0.6486486486486487
186 0.6451612903225806
187 0.6417112299465241
188 0.6436170212765957
189 0.6402116402116402
190 0.6421052631578947
191 0.6387434554973822
192 0.640625
193 0.6424870466321243
194 0.6443298969072165
195 0.6461538461538462
196 0.6428571428571429
197 0.6446700507614214
198 0.6464646464646465
199 0.6482412060301508
200 0.65
201 0.6517412935323383
202 0.6534653465346535
203 0.6551724137931034
204 0.6568627450980392
205 0.6585365853658537
206 0.6601941747572816
207 0.6618357487922706
208 0.6634615384615384
209 0.6650717703349283
210 0.6666666666666666
211 0.6635071090047393
212 0.660377358490566
213 0.6619718309859155
214 0.6635514018691588
215 0.6604651162790698
216 0.6620370370370371
217 0.6589861751152074
218 0.6605504587155964
219 0.6575342465753424
220 0.6590909090909091
221 0.6561085972850679
222 0.6576576576576577
223 0.6547085201793722
224 0.65625
225 0.6533333333333333
226 0.6548672566371682
227 0.6563876651982379
228 0.6578947368421053
229 0.6593886462882096
230 0.6608695652173913
231 0.658008658008658
232 0.6551724137931034
233 0.6523605150214592
234 0.6538461538461539
235 0.6553191489361702
236 0.6567796610169492
237 0.6540084388185654
238 0.6554621848739496
239 0.6569037656903766
240 0.6583333333333333
241 0.6597510373443983
242 0.6611570247933884
243 0.6584362139917695
244 0.6598360655737705
245 0.6612244897959184
246 0.6626016260162602
247 0.6639676113360324
248 0.6612903225806451
249 0.6586345381526104
250 0.66
251 0.6613545816733067
252 0.6626984126984127
253 0.6640316205533597
254 0.6653543307086615
255 0.6627450980392157
256 0.66015625
257 0.6575875486381323
258 0.6589147286821705
259 0.6602316602316602
260 0.6615384615384615
261 0.6628352490421456
262 0.6641221374045801
263 0.6615969581749049
264 0.6628787878787878
265 0.6641509433962264
266 0.6654135338345865
267 0.6666666666666666
268 0.667910447761194
269 0.6691449814126395
270 0.6703703703703704
271 0.6678966789667896
272 0.6654411764705882
273 0.663003663003663
274 0.6642335766423357
275 0.6618181818181819
276 0.6594202898550725
277 0.6570397111913358
278 0.6546762589928058
279 0.6559139784946236
280 0.6571428571428571
281 0.6548042704626335
282 0.6524822695035462
283 0.6501766784452296
284 0.647887323943662
285 0.6456140350877193
286 0.6433566433566433
287 0.6445993031358885
288 0.6458333333333334
289 0.6470588235294118
290 0.6482758620689655
291 0.6460481099656358
292 0.6472602739726028
293 0.6484641638225256
294 0.6496598639455783
295 0.6474576271186441
296 0.6486486486486487
297 0.6498316498316499
298 0.6510067114093959
299 0.6488294314381271
300 0.65
301 0.6511627906976745
302 0.652317880794702
303 0.6501650165016502
304 0.6513157894736842
305 0.6524590163934426
306 0.6503267973856209
307 0.6514657980456026
308 0.6493506493506493
309 0.6504854368932039
310 0.6516129032258065
311 0.6495176848874598
312 0.6474358974358975
313 0.645367412140575
314 0.643312101910828
315 0.6444444444444445
316 0.6455696202531646
317 0.6435331230283912
318 0.6446540880503144
319 0.6426332288401254
320 0.640625
321 0.6417445482866043
322 0.6428571428571429
323 0.6439628482972136
324 0.6450617283950617
325 0.6430769230769231
326 0.6441717791411042
327 0.6422018348623854
328 0.6432926829268293
329 0.6443768996960486
330 0.6454545454545455
331 0.6435045317220544
332 0.6445783132530121
333 0.6456456456456456
334 0.6467065868263473
335 0.6477611940298508
336 0.6458333333333334
337 0.6439169139465876
338 0.6420118343195266
339 0.640117994100295
340 0.6411764705882353
341 0.6392961876832844
342 0.6403508771929824
343 0.641399416909621
344 0.6424418604651163
345 0.6405797101449275
346 0.638728323699422
347 0.6368876080691642
348 0.6379310344827587
349 0.6361031518624641
350 0.6342857142857142
351 0.6353276353276354
352 0.6363636363636364
353 0.6345609065155807
354 0.632768361581921
355 0.6338028169014085
356 0.6348314606741573
357 0.6330532212885154
358 0.6340782122905028
359 0.6350974930362117
360 0.6333333333333333
361 0.631578947368421
362 0.6298342541436464
363 0.6308539944903582
364 0.6291208791208791
365 0.6301369863013698
366 0.6311475409836066
367 0.6321525885558583
368 0.6304347826086957
369 0.6287262872628726
370 0.6297297297297297
371 0.6307277628032345
372 0.6290322580645161
373 0.6273458445040214
374 0.6283422459893048
375 0.6266666666666667
376 0.625
377 0.6259946949602122
378 0.6243386243386243
379 0.6226912928759895
380 0.6236842105263158
381 0.6246719160104987
382 0.6230366492146597
383 0.6240208877284595
384 0.625
385 0.625974025974026
386 0.6243523316062176
387 0.6227390180878553
388 0.6211340206185567
389 0.622107969151671
390 0.6230769230769231
391 0.6240409207161125
392 0.6224489795918368
393 0.6234096692111959
394 0.6218274111675127
395 0.620253164556962
396 0.6186868686868687
397 0.6171284634760705
398 0.6155778894472361
399 0.6165413533834586
400 0.615
401 0.6134663341645885
402 0.6144278606965174
403 0.6129032258064516
404 0.6138613861386139
405 0.6123456790123457
406 0.6133004926108374
407 0.6142506142506142
408 0.6151960784313726
409 0.6136919315403423
410 0.6146341463414634
411 0.6155717761557178
412 0.6140776699029126
413 0.612590799031477
414 0.6111111111111112
415 0.6096385542168675
416 0.6105769230769231
417 0.6115107913669064
418 0.6124401913875598
419 0.6133651551312649
420 0.611904761904762
421 0.6104513064133017
422 0.6113744075829384
423 0.6122931442080378
424 0.6132075471698113
425 0.611764705882353
426 0.6126760563380281
427 0.6135831381733021
428 0.6144859813084113
429 0.6130536130536131
430 0.6139534883720931
431 0.6148491879350348
432 0.6134259259259259
433 0.6120092378752887
434 0.6129032258064516
435 0.6137931034482759
436 0.6146788990825688
437 0.6132723112128147
438 0.6118721461187214
439 0.6104783599088838
440 0.6113636363636363
441 0.6099773242630385
442 0.6108597285067874
443 0.6094808126410836
444 0.6081081081081081
445 0.6089887640449438
446 0.6076233183856502
447 0.6062639821029083
448 0.6049107142857143
449 0.6057906458797327
450 0.6044444444444445
451 0.6031042128603105
452 0.6039823008849557
453 0.6048565121412803
454 0.6035242290748899
455 0.6021978021978022
456 0.6030701754385965
457 0.6039387308533917
458 0.6026200873362445
459 0.6034858387799564
460 0.6043478260869565
461 0.6030368763557483
462 0.6038961038961039
463 0.6047516198704104
464 0.6056034482758621
465 0.6043010752688172
466 0.6051502145922747
467 0.6038543897216274
468 0.6025641025641025
469 0.603411513859275
470 0.6042553191489362
471 0.6050955414012739
472 0.6038135593220338
473 0.6046511627906976
474 0.6054852320675106
475 0.6042105263157894
476 0.6050420168067226
477 0.6037735849056604
478 0.604602510460251
479 0.605427974947808
480 0.6041666666666666
481 0.604989604989605
482 0.6037344398340249
483 0.6045548654244306
484 0.6053719008264463
485 0.6041237113402061
486 0.602880658436214
487 0.6016427104722792
488 0.6004098360655737
489 0.6012269938650306
490 0.6020408163265306
491 0.6028513238289206
492 0.6016260162601627
493 0.6024340770791075
494 0.6032388663967612
495 0.602020202020202
496 0.6008064516129032
497 0.5995975855130785
498 0.5983935742971888
499 0.5971943887775552
500 0.598
501 0.5988023952095808
502 0.5976095617529881
503 0.5984095427435387
504 0.5992063492063492
505 0.6
506 0.5988142292490118
507 0.5976331360946746
508 0.5984251968503937
509 0.5972495088408645
510 0.596078431372549
511 0.5949119373776908
512 0.595703125
513 0.594541910331384
514 0.5953307392996109
515 0.596116504854369
516 0.5968992248062015
517 0.5957446808510638
518 0.5945945945945946
519 0.5934489402697495
520 0.5923076923076923
521 0.5930902111324377
522 0.5938697318007663
523 0.5946462715105163
524 0.5954198473282443
525 0.5942857142857143
526 0.5950570342205324
527 0.5939278937381404
528 0.5928030303030303
529 0.5935727788279773
530 0.5924528301886792
531 0.591337099811676
532 0.5921052631578947
533 0.5909943714821764
534 0.5898876404494382
535 0.5906542056074766
536 0.5914179104477612
537 0.5921787709497207
538 0.5929368029739777
539 0.5936920222634509
540 0.5925925925925926
541 0.5933456561922366
542 0.5940959409594095
543 0.5930018416206262
544 0.5919117647058824
545 0.5908256880733945
546 0.5897435897435898
547 0.5886654478976234
548 0.5894160583941606
549 0.5883424408014571
550 0.5890909090909091
551 0.5898366606170599
552 0.5887681159420289
553 0.5877034358047016
554 0.5884476534296029
555 0.5891891891891892
556 0.5899280575539568
557 0.5906642728904847
558 0.589605734767025
559 0.590339892665474
560 0.5892857142857143
561 0.5882352941176471
562 0.5889679715302492
563 0.5896980461811723
564 0.5904255319148937
565 0.5911504424778761
566 0.5918727915194346
567 0.5925925925925926
568 0.5915492957746479
569 0.5922671353251318
570 0.5912280701754385
571 0.5919439579684763
572 0.5909090909090909
573 0.5898778359511344
574 0.5905923344947736
575 0.591304347826087
576 0.5920138888888888
577 0.5909878682842288
578 0.5916955017301038
579 0.5906735751295337
580 0.5896551724137931
581 0.5886402753872634
582 0.5893470790378007
583 0.5900514579759862
584 0.5907534246575342
585 0.5914529914529915
586 0.5921501706484642
587 0.5911413969335605
588 0.5918367346938775
589 0.5908319185059423
590 0.5898305084745763
591 0.5905245346869712
592 0.5912162162162162
593 0.5902192242833052
594 0.5909090909090909
595 0.5899159663865546
596 0.5889261744966443
597 0.5879396984924623
598 0.5869565217391305
599 0.5876460767946577
600 0.5866666666666667
601 0.5856905158069884
602 0.584717607973422
603 0.5854063018242123
604 0.5860927152317881
605 0.5867768595041323
606 0.5874587458745875
607 0.586490939044481
608 0.587171052631579
609 0.5878489326765188
610 0.5885245901639344
611 0.5875613747954174
612 0.5882352941176471
613 0.5872756933115824
614 0.5879478827361564
615 0.5886178861788618
616 0.5892857142857143
617 0.5883306320907618
618 0.587378640776699
619 0.5864297253634895
620 0.5870967741935483
621 0.5877616747181964
622 0.5868167202572347
623 0.5874799357945425
624 0.5881410256410257
625 0.5872
626 0.5878594249201278
627 0.5869218500797448
628 0.5875796178343949
629 0.5882352941176471
630 0.5873015873015873
631 0.5863708399366085
632 0.5870253164556962
633 0.5860979462875198
634 0.5851735015772871
635 0.584251968503937
636 0.5833333333333334
637 0.5839874411302983
638 0.5846394984326019
639 0.5852895148669797
640 0.584375
641 0.5850234009360374
642 0.5856697819314641
643 0.5847589424572317
644 0.5838509316770186
645 0.5844961240310077
646 0.5851393188854489
647 0.5842349304482226
648 0.5848765432098766
649 0.5839753466872111
650 0.5846153846153846
651 0.5852534562211982
652 0.5843558282208589
653 0.5849923430321593
654 0.5856269113149847
655 0.5847328244274809
656 0.5853658536585366
657 0.5844748858447488
658 0.5835866261398176
659 0.582701062215478
660 0.5818181818181818
661 0.5824508320726173
662 0.5830815709969789
663 0.583710407239819
664 0.5843373493975904
665 0.5849624060150376
666 0.5840840840840841
667 0.5847076461769115
668 0.5838323353293413
669 0.5829596412556054
670 0.582089552238806
671 0.5827123695976155
672 0.5833333333333334
673 0.5839524517087668
674 0.5830860534124629
675 0.5837037037037037
676 0.584319526627219
677 0.5834564254062038
678 0.584070796460177
679 0.5832106038291606
680 0.5823529411764706
681 0.5814977973568282
682 0.5821114369501467
683 0.5812591508052709
684 0.5804093567251462
685 0.581021897810219
686 0.5801749271137027
687 0.5807860262008734
688 0.5813953488372093
689 0.5820029027576198
690 0.5826086956521739
691 0.5832127351664255
692 0.5823699421965318
693 0.5815295815295816
694 0.5821325648414986
695 0.5827338129496403
696 0.5818965517241379
697 0.5824964131994261
698 0.5816618911174785
699 0.5822603719599427
700 0.5828571428571429
701 0.5820256776034237
702 0.5811965811965812
703 0.5817923186344239
704 0.5823863636363636
705 0.5829787234042553
706 0.5835694050991501
707 0.5841584158415841
708 0.5833333333333334
709 0.5825105782792666
710 0.5816901408450704
711 0.5808720112517581
712 0.5814606741573034
713 0.5820476858345021
714 0.5826330532212886
715 0.5832167832167832
716 0.5824022346368715
717 0.5829846582984658
718 0.5835654596100278
719 0.5827538247566064
720 0.5833333333333334
721 0.5839112343966713
722 0.5831024930747922
723 0.5822959889349931
724 0.5828729281767956
725 0.5834482758620689
726 0.5826446280991735
727 0.5818431911966988
728 0.5824175824175825
729 0.5829903978052127
730 0.5835616438356165
731 0.5841313269493844
732 0.5833333333333334
733 0.582537517053206
734 0.5831062670299727
735 0.5836734693877551
736 0.5828804347826086
737 0.582089552238806
738 0.5826558265582655
739 0.5818673883626523
740 0.581081081081081
741 0.581646423751687
742 0.5822102425876011
743 0.5814266487213997
744 0.581989247311828
745 0.5825503355704698
746 0.5831099195710456
747 0.5836680053547524
748 0.5842245989304813
749 0.5834445927903872
750 0.584
751 0.5845539280958721
752 0.5851063829787234
753 0.5856573705179283
754 0.5848806366047745
755 0.5841059602649007
756 0.5846560846560847
757 0.583883751651255
758 0.5844327176781002
759 0.5836627140974967
760 0.5828947368421052
761 0.5821287779237845
762 0.5813648293963255
763 0.581913499344692
764 0.5824607329842932
765 0.5830065359477125
766 0.5822454308093995
767 0.5827900912646675
768 0.5833333333333334
769 0.5838751625487646
770 0.5844155844155844
771 0.5836575875486382
772 0.582901554404145
773 0.5821474773609314
774 0.582687338501292
775 0.5819354838709677
776 0.5811855670103093
777 0.5804375804375804
778 0.5809768637532133
779 0.5802310654685494
780 0.5807692307692308
781 0.5813060179257362
782 0.5818414322250639
783 0.5823754789272031
784 0.5816326530612245
785 0.5821656050955414
786 0.5826972010178118
787 0.5819567979669632
788 0.5824873096446701
789 0.5817490494296578
790 0.5810126582278481
791 0.5802781289506953
792 0.5808080808080808
793 0.5813366960907944
794 0.5818639798488665
795 0.5823899371069182
796 0.5829145728643216
797 0.5821831869510665
798 0.581453634085213
799 0.5819774718397998
800 0.58125
801 0.5805243445692884
802 0.5810473815461347
803 0.5815691158156912
804 0.582089552238806
805 0.5813664596273292
806 0.5818858560794045
807 0.5811648079306072
808 0.5804455445544554
809 0.580964153275649
810 0.5802469135802469
811 0.5795314426633785
812 0.5788177339901478
813 0.5793357933579336
814 0.5798525798525799
815 0.5803680981595092
816 0.5808823529411765
817 0.5813953488372093
818 0.5819070904645477
819 0.5824175824175825
820 0.5817073170731707
821 0.582216808769793
822 0.5827250608272506
823 0.583232077764277
824 0.5837378640776699
825 0.583030303030303
826 0.5835351089588378
827 0.5828295042321644
828 0.5833333333333334
829 0.5826296743063932
830 0.5819277108433735
831 0.5812274368231047
832 0.5805288461538461
833 0.581032412965186
834 0.580335731414868
835 0.5808383233532934
836 0.5801435406698564
837 0.5806451612903226
838 0.581145584725537
839 0.5816448152562574
840 0.5821428571428572
841 0.5814506539833532
842 0.5819477434679335
843 0.5812574139976275
844 0.5817535545023697
845 0.5822485207100592
846 0.5815602836879432
847 0.5820543093270366
848 0.5813679245283019
849 0.5806831566548881
850 0.58
851 0.5804935370152762
852 0.5809859154929577
853 0.5814771395076201
854 0.5819672131147541
855 0.5812865497076023
856 0.580607476635514
857 0.5799299883313885
858 0.5792540792540792
859 0.5797438882421421
860 0.5802325581395349
861 0.5795586527293844
862 0.580046403712297
863 0.5805330243337196
864 0.5798611111111112
865 0.5791907514450867
866 0.5796766743648961
867 0.5790080738177624
868 0.5794930875576036
869 0.5799769850402762
870 0.5793103448275863
871 0.5797933409873708
872 0.5802752293577982
873 0.579610538373425
874 0.5789473684210527
875 0.5782857142857143
876 0.5776255707762558
877 0.5769669327251995
878 0.5763097949886105
879 0.5756541524459613
880 0.575
881 0.5743473325766175
882 0.5748299319727891
883 0.5753114382785957
884 0.5746606334841629
885 0.5740112994350283
886 0.5744920993227991
887 0.5738444193912063
888 0.5743243243243243
889 0.5748031496062992
890 0.5741573033707865
891 0.5735129068462402
892 0.5739910313901345
893 0.5733482642777156
894 0.5738255033557047
895 0.5731843575418994
896 0.5736607142857143
897 0.5741360089186176
898 0.5734966592427617
899 0.5739710789766407
900 0.5744444444444444
901 0.5738068812430632
902 0.5742793791574279
903 0.574750830564784
904 0.5752212389380531
905 0.574585635359116
906 0.5750551876379691
907 0.5755237045203969
908 0.5748898678414097
909 0.5753575357535754
910 0.5747252747252747
911 0.575192096597146
912 0.5745614035087719
913 0.5750273822562979
914 0.5754923413566739
915 0.5759562841530055
916 0.5764192139737991
917 0.5757906215921483
918 0.5762527233115469
919 0.5756256800870512
920 0.5760869565217391
921 0.5765472312703583
922 0.5770065075921909
923 0.5774647887323944
924 0.5768398268398268
925 0.5762162162162162
926 0.5766738660907127
927 0.5760517799352751
928 0.5765086206896551
929 0.5758880516684607
930 0.5752688172043011
931 0.5746509129967776
932 0.575107296137339
933 0.5744908896034298
934 0.5738758029978587
935 0.574331550802139
936 0.5737179487179487
937 0.5741728922091782
938 0.5746268656716418
939 0.5740149094781682
940 0.574468085106383
941 0.5749202975557917
942 0.5753715498938429
943 0.574761399787911
944 0.5741525423728814
945 0.5746031746031746
946 0.5739957716701902
947 0.5744456177402323
948 0.5748945147679325
949 0.5742887249736565
950 0.5747368421052632
951 0.5751840168243953
952 0.5756302521008403
953 0.5760755508919203
954 0.5754716981132075
955 0.574869109947644
956 0.5753138075313807
957 0.5757575757575758
958 0.5751565762004175
959 0.5755995828988529
960 0.575
961 0.5754422476586889
962 0.5748440748440748
963 0.5742471443406023
964 0.5736514522821576
965 0.5730569948186528
966 0.5734989648033126
967 0.5729058945191313
968 0.5733471074380165
969 0.5727554179566563
970 0.5721649484536082
971 0.5715756951596292
972 0.5720164609053497
973 0.5724563206577595
974 0.5728952772073922
975 0.5733333333333334
976 0.5737704918032787
977 0.5742067553735927
978 0.5746421267893661
979 0.575076608784474
980 0.5755102040816327
981 0.5759429153924567
982 0.5763747454175153
983 0.5768056968463886
984 0.5762195121951219
985 0.5756345177664974
986 0.5760649087221096
987 0.5764944275582573
988 0.5769230769230769
989 0.5773508594539939
990 0.5767676767676768
991 0.5771947527749748
992 0.5766129032258065
993 0.5760322255790534
994 0.5754527162977867
995 0.5748743718592965
996 0.5742971887550201
997 0.5747241725175527
998 0.5751503006012024
999 0.5745745745745746
1000 0.575
1001 0.5744255744255744
1002 0.5738522954091816
1003 0.5742771684945165
1004 0.5747011952191236
1005 0.5751243781094527
1006 0.5755467196819085
1007 0.5759682224428997
1008 0.5763888888888888
1009 0.5758176412289395
1010 0.5762376237623762
1011 0.5756676557863502
1012 0.575098814229249
1013 0.5755182625863771
1014 0.5749506903353058
1015 0.574384236453202
1016 0.5748031496062992
1017 0.5752212389380531
1018 0.574656188605108
1019 0.5750736015701668
1020 0.5754901960784313
1021 0.574926542605289
1022 0.5753424657534246
1023 0.5747800586510264
1024 0.5751953125
1025 0.5746341463414634
1026 0.5750487329434698
1027 0.5744888023369036
1028 0.5739299610894941
1029 0.5743440233236151
1030 0.574757281553398
1031 0.5751697381183317
1032 0.5755813953488372
1033 0.5750242013552759
1034 0.574468085106383
1035 0.5739130434782609
1036 0.5743243243243243
1037 0.5747348119575699
1038 0.5751445086705202
1039 0.575553416746872
1040 0.5759615384615384
1041 0.5754082612872238
1042 0.5758157389635317
1043 0.576222435282838
1044 0.5766283524904214
1045 0.5760765550239234
1046 0.5755258126195029
1047 0.5759312320916905
1048 0.575381679389313
1049 0.5757864632983795
1050 0.5752380952380952
1051 0.5746907706945766
1052 0.5750950570342205
1053 0.5754985754985755
1054 0.5749525616698292
1055 0.5744075829383887
1056 0.5738636363636364
1057 0.5733207190160833
1058 0.5737240075614367
1059 0.5731822474032106
1060 0.5735849056603773
1061 0.5730442978322338
1062 0.5725047080979284
1063 0.5729068673565381
1064 0.5733082706766918
1065 0.5737089201877934
1066 0.573170731707317
1067 0.5726335520149953
1068 0.5720973782771536
1069 0.5724976613657624
1070 0.5719626168224299
1071 0.5714285714285714
1072 0.5708955223880597
1073 0.570363466915191
1074 0.5707635009310987
1075 0.5702325581395349
1076 0.5697026022304833
1077 0.5691736304549675
1078 0.5686456400742115
1079 0.5690454124189064
1080 0.5685185185185185
1081 0.5689176688251619
1082 0.5683918669131238
1083 0.5678670360110804
1084 0.5673431734317343
1085 0.567741935483871
1086 0.5681399631675875
1087 0.5685372585096596
1088 0.5689338235294118
1089 0.5684113865932048
1090 0.5678899082568807
1091 0.5673693858845096
1092 0.5677655677655677
1093 0.5672461116193962
1094 0.56672760511883
1095 0.5671232876712329
1096 0.5675182481751825
1097 0.5670009115770283
1098 0.5664845173041895
1099 0.5668789808917197
1100 0.5663636363636364
1101 0.5658492279745686
1102 0.5653357531760436
1103 0.5657298277425205
1104 0.5652173913043478
1105 0.5647058823529412
1106 0.5641952983725136
1107 0.5636856368563685
1108 0.5631768953068592
1109 0.5626690712353472
1110 0.5630630630630631
1111 0.5625562556255626
1112 0.5629496402877698
1113 0.5624438454627134
1114 0.5619389587073609
1115 0.5614349775784754
1116 0.5609318996415771
1117 0.5604297224709042
1118 0.5599284436493739
1119 0.5594280607685433
1120 0.5589285714285714
1121 0.5584299732381802
1122 0.5579322638146168
1123 0.5583259127337489
1124 0.5587188612099644
1125 0.5582222222222222
1126 0.5577264653641207
1127 0.5572315882874889
1128 0.5576241134751773
1129 0.5580159433126661
1130 0.5575221238938053
1131 0.5570291777188329
1132 0.5565371024734982
1133 0.5569285083848191
1134 0.5564373897707231
1135 0.5568281938325991
1136 0.5563380281690141
1137 0.55584872471416
1138 0.5553602811950791
1139 0.5548726953467954
1140 0.5552631578947368
1141 0.5556529360210342
1142 0.5560420315236427
1143 0.5555555555555556
1144 0.5559440559440559
1145 0.5563318777292576
1146 0.555846422338569
1147 0.5553618134263295
1148 0.5557491289198606
1149 0.556135770234987
