1 1.0
2 1.0
3 1.0
4 1.0
5 1.0
6 1.0
7 1.0
8 0.875
9 0.8888888888888888
10 0.9
11 0.9090909090909091
12 0.9166666666666666
13 0.9230769230769231
14 0.9285714285714286
15 0.9333333333333333
16 0.9375
17 0.9411764705882353
18 0.9444444444444444
19 0.9473684210526315
20 0.95
21 0.9523809523809523
22 0.9545454545454546
23 0.9565217391304348
24 0.9583333333333334
25 0.96
26 0.9615384615384616
27 0.9629629629629629
28 0.9642857142857143
29 0.9655172413793104
30 0.9666666666666667
31 0.967741935483871
32 0.9375
33 0.9393939393939394
34 0.9411764705882353
35 0.9428571428571428
36 0.9444444444444444
37 0.9459459459459459
38 0.9473684210526315
39 0.9487179487179487
40 0.95
41 0.9512195121951219
42 0.9285714285714286
43 0.9302325581395349
44 0.9318181818181818
45 0.9111111111111111
46 0.9130434782608695
47 0.9148936170212766
48 0.8958333333333334
49 0.8979591836734694
50 0.9
51 0.9019607843137255
52 0.8846153846153846
53 0.8867924528301887
54 0.8703703703703703
55 0.8727272727272727
56 0.875
57 0.8771929824561403
58 0.8793103448275862
59 0.8813559322033898
60 0.8666666666666667
61 0.8688524590163934
62 0.8709677419354839
63 0.873015873015873
64 0.875
65 0.8615384615384616
66 0.8636363636363636
67 0.8507462686567164
68 0.8529411764705882
69 0.855072463768116
70 0.8571428571428571
71 0.8591549295774648
72 0.8611111111111112
73 0.863013698630137
74 0.8648648648648649
75 0.8666666666666667
76 0.868421052631579
77 0.8701298701298701
78 0.8717948717948718
79 0.8734177215189873
80 0.875
81 0.8765432098765432
82 0.8780487804878049
83 0.8674698795180723
84 0.8571428571428571
85 0.8470588235294118
86 0.8372093023255814
87 0.8275862068965517
88 0.8295454545454546
89 0.8314606741573034
90 0.8333333333333334
91 0.8351648351648352
92 0.8369565217391305
93 0.8387096774193549
94 0.8404255319148937
95 0.8315789473684211
96 0.8333333333333334
97 0.8350515463917526
98 0.8367346938775511
99 0.8383838383838383
100 0.84
101 0.8415841584158416
102 0.8431372549019608
103 0.8446601941747572
104 0.8365384615384616
105 0.8285714285714286
106 0.8301886792452831
107 0.822429906542056
108 0.8148148148148148
109 0.8165137614678899
110 0.8090909090909091
111 0.8108108108108109
112 0.8125
113 0.8053097345132744
114 0.8070175438596491
115 0.808695652173913
116 0.8103448275862069
117 0.811965811965812
118 0.8050847457627118
119 0.8067226890756303
120 0.8
121 0.8016528925619835
122 0.8032786885245902
123 0.8048780487804879
124 0.7983870967741935
125 0.8
126 0.8015873015873016
127 0.8031496062992126
128 0.796875
129 0.7984496124031008
130 0.8
131 0.8015267175572519
132 0.7954545454545454
133 0.7894736842105263
134 0.7835820895522388
135 0.7777777777777778
136 0.7794117647058824
137 0.781021897810219
138 0.782608695652174
139 0.7769784172661871
140 0.7714285714285715
141 0.7730496453900709
142 0.7746478873239436
143 0.7762237762237763
144 0.7777777777777778
145 0.7793103448275862
146 0.7808219178082192
147 0.782312925170068
148 0.7837837837837838
149 0.785234899328859
150 0.7866666666666666
151 0.7814569536423841
152 0.7828947368421053
153 0.7843137254901961
154 0.7792207792207793
155 0.7806451612903226
156 0.782051282051282
157 0.7770700636942676
158 0.7784810126582279
159 0.779874213836478
160 0.78125
161 0.782608695652174
162 0.7777777777777778
163 0.7791411042944786
164 0.774390243902439
165 0.7696969696969697
166 0.7650602409638554
167 0.7604790419161677
168 0.7619047619047619
169 0.7633136094674556
170 0.7647058823529411
171 0.7660818713450293
172 0.7674418604651163
173 0.7687861271676301
174 0.764367816091954
175 0.7657142857142857
176 0.7670454545454546
177 0.768361581920904
178 0.7696629213483146
179 0.770949720670391
180 0.7722222222222223
181 0.7734806629834254
182 0.7747252747252747
183 0.7759562841530054
184 0.7717391304347826
185 0.772972972972973
186 0.7741935483870968
187 0.7700534759358288
188 0.7712765957446809
189 0.7724867724867724
190 0.7736842105263158
191 0.774869109947644
192 0.7760416666666666
193 0.7772020725388601
194 0.7731958762886598
195 0.7743589743589744
196 0.7755102040816326
197 0.7766497461928934
198 0.7777777777777778
199 0.7788944723618091
200 0.78
201 0.7761194029850746
202 0.7772277227722773
203 0.7733990147783252
204 0.7745098039215687
205 0.7707317073170732
206 0.7718446601941747
207 0.7681159420289855
208 0.7692307692307693
209 0.7655502392344498
210 0.7666666666666667
211 0.7630331753554502
212 0.7641509433962265
213 0.7605633802816901
214 0.7570093457943925
215 0.7581395348837209
216 0.7546296296296297
217 0.7557603686635944
218 0.7568807339449541
219 0.7579908675799086
220 0.759090909090909
221 0.7601809954751131
222 0.7567567567567568
223 0.757847533632287
224 0.7589285714285714
225 0.76
226 0.7566371681415929
227 0.7577092511013216
228 0.7543859649122807
229 0.7554585152838428
230 0.7521739130434782
231 0.7532467532467533
232 0.7543103448275862
233 0.7510729613733905
234 0.7478632478632479
235 0.7489361702127659
236 0.75
237 0.7468354430379747
238 0.7478991596638656
239 0.7489539748953975
240 0.75
241 0.7510373443983402
242 0.7520661157024794
243 0.7530864197530864
244 0.75
245 0.7510204081632653
246 0.7479674796747967
247 0.7449392712550608
248 0.7459677419354839
249 0.7469879518072289
250 0.748
251 0.7450199203187251
252 0.746031746031746
253 0.7430830039525692
254 0.7401574803149606
255 0.7372549019607844
256 0.73828125
257 0.7354085603112841
258 0.7325581395348837
259 0.7297297297297297
260 0.7307692307692307
261 0.7318007662835249
262 0.732824427480916
263 0.7338403041825095
264 0.7310606060606061
265 0.7320754716981132
266 0.7330827067669173
267 0.7340823970037453
268 0.7313432835820896
269 0.7286245353159851
270 0.7296296296296296
271 0.7269372693726938
272 0.7279411764705882
273 0.7252747252747253
274 0.7262773722627737
275 0.7236363636363636
276 0.7246376811594203
277 0.7256317689530686
278 0.7266187050359713
279 0.7275985663082437
280 0.7285714285714285
281 0.7259786476868327
282 0.723404255319149
283 0.7243816254416962
284 0.721830985915493
285 0.7192982456140351
286 0.7167832167832168
287 0.7142857142857143
288 0.7152777777777778
289 0.71280276816609
290 0.7137931034482758
291 0.7147766323024055
292 0.7123287671232876
293 0.7133105802047781
294 0.7108843537414966
295 0.711864406779661
296 0.7128378378378378
297 0.7104377104377104
298 0.7114093959731543
299 0.7123745819397993
300 0.71
301 0.7109634551495017
302 0.7119205298013245
303 0.7128712871287128
304 0.7138157894736842
305 0.7147540983606557
306 0.7156862745098039
307 0.7133550488599348
308 0.711038961038961
309 0.7119741100323624
310 0.7129032258064516
311 0.7106109324758842
312 0.7115384615384616
313 0.7092651757188498
314 0.7101910828025477
315 0.7111111111111111
316 0.7120253164556962
317 0.7129337539432177
318 0.710691823899371
319 0.7084639498432602
320 0.709375
321 0.7102803738317757
322 0.7111801242236024
323 0.7089783281733746
324 0.7067901234567902
325 0.7076923076923077
326 0.7085889570552147
327 0.7064220183486238
328 0.7073170731707317
329 0.7051671732522796
330 0.706060606060606
331 0.7039274924471299
332 0.7048192771084337
333 0.7027027027027027
334 0.7035928143712575
335 0.7044776119402985
336 0.7023809523809523
337 0.7002967359050445
338 0.6982248520710059
339 0.6991150442477876
340 0.6970588235294117
341 0.6979472140762464
342 0.695906432748538
343 0.6967930029154519
344 0.6976744186046512
345 0.6985507246376812
346 0.6994219653179191
347 0.7002881844380403
348 0.6982758620689655
349 0.6991404011461319
350 0.6971428571428572
351 0.6951566951566952
352 0.6960227272727273
353 0.6968838526912181
354 0.6977401129943502
355 0.6985915492957746
356 0.699438202247191
357 0.6974789915966386
358 0.6983240223463687
359 0.6991643454038997
360 0.6972222222222222
361 0.6980609418282548
362 0.6961325966850829
363 0.696969696969697
364 0.6978021978021978
365 0.6986301369863014
366 0.6967213114754098
367 0.6948228882833788
368 0.6956521739130435
369 0.6964769647696477
370 0.6945945945945946
371 0.6954177897574124
372 0.6935483870967742
373 0.6943699731903485
374 0.6925133689839572
375 0.6933333333333334
376 0.6914893617021277
377 0.6896551724137931
378 0.6878306878306878
379 0.6886543535620053
380 0.6868421052631579
381 0.6876640419947506
382 0.6884816753926701
383 0.6892950391644909
384 0.6875
385 0.6883116883116883
386 0.6865284974093264
387 0.6873385012919897
388 0.6881443298969072
389 0.6889460154241646
390 0.6871794871794872
391 0.6879795396419437
392 0.6862244897959183
393 0.6870229007633588
394 0.6878172588832487
395 0.6886075949367089
396 0.6893939393939394
397 0.690176322418136
398 0.6909547738693468
399 0.6917293233082706
400 0.69
401 0.6907730673316709
402 0.6915422885572139
403 0.6923076923076923
404 0.693069306930693
405 0.6938271604938272
406 0.6945812807881774
407 0.6928746928746928
408 0.6911764705882353
409 0.6919315403422983
410 0.6902439024390243
411 0.6885644768856448
412 0.6868932038834952
413 0.6852300242130751
414 0.6859903381642513
415 0.6843373493975904
416 0.6826923076923077
417 0.6810551558752997
418 0.6818181818181818
419 0.6825775656324582
420 0.6833333333333333
421 0.6817102137767221
422 0.6800947867298578
423 0.6808510638297872
424 0.6816037735849056
425 0.68
426 0.6807511737089202
427 0.6814988290398126
428 0.6799065420560748
429 0.6806526806526807
430 0.6813953488372093
431 0.6821345707656613
432 0.6828703703703703
433 0.6836027713625866
434 0.684331797235023
435 0.6850574712643678
436 0.6857798165137615
437 0.6864988558352403
438 0.684931506849315
439 0.6856492027334852
440 0.6863636363636364
441 0.6848072562358276
442 0.6855203619909502
443 0.6862302483069977
444 0.6869369369369369
445 0.6853932584269663
446 0.6860986547085202
447 0.6868008948545862
448 0.6852678571428571
449 0.6859688195991092
450 0.6866666666666666
451 0.6873614190687362
452 0.6880530973451328
453 0.6887417218543046
454 0.6872246696035242
455 0.6857142857142857
456 0.6842105263157895
457 0.6827133479212254
458 0.6834061135371179
459 0.681917211328976
460 0.6826086956521739
461 0.6832971800433839
462 0.6818181818181818
463 0.6825053995680346
464 0.6810344827586207
465 0.6817204301075269
466 0.6824034334763949
467 0.6809421841541756
468 0.6794871794871795
469 0.6801705756929638
470 0.6808510638297872
471 0.6794055201698513
472 0.6779661016949152
473 0.678646934460888
474 0.6772151898734177
475 0.6778947368421052
476 0.6785714285714286
477 0.6771488469601677
478 0.6778242677824268
479 0.6764091858037579
480 0.6770833333333334
481 0.6777546777546778
482 0.6763485477178424
483 0.6749482401656315
484 0.6756198347107438
485 0.6762886597938145
486 0.676954732510288
487 0.6776180698151951
488 0.6762295081967213
489 0.6748466257668712
490 0.6755102040816326
491 0.6761710794297352
492 0.6747967479674797
493 0.6754563894523327
494 0.6740890688259109
495 0.6747474747474748
496 0.6754032258064516
497 0.6740442655935613
498 0.6746987951807228
499 0.6753507014028056
500 0.676
501 0.6766467065868264
502 0.6752988047808764
503 0.6759443339960238
504 0.6746031746031746
505 0.6752475247524753
506 0.6739130434782609
507 0.6725838264299803
508 0.6732283464566929
509 0.6738703339882122
510 0.6745098039215687
511 0.675146771037182
512 0.673828125
513 0.6744639376218323
514 0.6731517509727627
515 0.6737864077669903
516 0.6744186046511628
517 0.6750483558994197
518 0.6756756756756757
519 0.6763005780346821
520 0.676923076923077
521 0.6756238003838771
522 0.6762452107279694
523 0.6749521988527725
524 0.6736641221374046
525 0.6723809523809524
526 0.6711026615969582
527 0.6717267552182163
528 0.6704545454545454
529 0.6691871455576559
530 0.6698113207547169
531 0.6685499058380414
532 0.6691729323308271
533 0.6697936210131332
534 0.6704119850187266
535 0.6710280373831776
536 0.6716417910447762
537 0.6722532588454376
538 0.6728624535315985
539 0.6716141001855288
540 0.6722222222222223
541 0.6728280961182994
542 0.6715867158671587
543 0.6721915285451197
544 0.6727941176470589
545 0.671559633027523
546 0.6721611721611722
547 0.6727605118829981
548 0.6733576642335767
549 0.6739526411657559
550 0.6745454545454546
551 0.6733212341197822
552 0.6721014492753623
553 0.6708860759493671
554 0.6696750902527075
555 0.6684684684684684
556 0.6690647482014388
557 0.6678635547576302
558 0.6684587813620072
559 0.669051878354204
560 0.6678571428571428
561 0.6684491978609626
562 0.6690391459074733
563 0.6678507992895204
564 0.6684397163120568
565 0.6690265486725664
566 0.6696113074204947
567 0.6701940035273368
568 0.6690140845070423
569 0.6678383128295254
570 0.6684210526315789
571 0.6690017513134852
572 0.6695804195804196
573 0.6701570680628273
574 0.6689895470383276
575 0.6695652173913044
576 0.6701388888888888
577 0.6707105719237435
578 0.6695501730103807
579 0.6701208981001727
580 0.6706896551724137
581 0.6712564543889845
582 0.6701030927835051
583 0.6706689536878216
584 0.6695205479452054
585 0.67008547008547
586 0.6706484641638225
587 0.6712095400340715
588 0.6717687074829932
589 0.6723259762308998
590 0.6728813559322034
591 0.6734348561759729
592 0.6739864864864865
593 0.6745362563237775
594 0.6750841750841751
595 0.6756302521008404
596 0.674496644295302
597 0.6750418760469011
598 0.6755852842809364
599 0.676126878130217
600 0.675
601 0.6755407653910149
602 0.6760797342192691
603 0.6749585406301825
604 0.6754966887417219
605 0.6760330578512397
606 0.6765676567656765
607 0.6754530477759473
608 0.6743421052631579
609 0.6748768472906403
610 0.6754098360655738
611 0.6759410801963993
612 0.6748366013071896
613 0.6753670473083198
614 0.6742671009771987
615 0.6731707317073171
616 0.6737012987012987
617 0.6742301458670988
618 0.6747572815533981
619 0.6752827140549273
620 0.6741935483870968
621 0.6747181964573269
622 0.6752411575562701
623 0.6757624398073836
624 0.6746794871794872
625 0.6752
626 0.6757188498402555
627 0.6762360446570973
628 0.6767515923566879
629 0.6772655007949125
630 0.6761904761904762
631 0.6767036450079239
632 0.6772151898734177
633 0.6761453396524486
634 0.6766561514195584
635 0.6755905511811023
636 0.6761006289308176
637 0.6750392464678179
638 0.6739811912225705
639 0.6744913928012519
640 0.675
641 0.6755070202808112
642 0.6744548286604362
643 0.6749611197511665
644 0.6754658385093167
645 0.6744186046511628
646 0.6749226006191951
647 0.6754250386398764
648 0.6759259259259259
649 0.674884437596302
650 0.6753846153846154
651 0.6758832565284179
652 0.6763803680981595
653 0.6768759571209801
654 0.6758409785932722
655 0.6763358778625954
656 0.676829268292683
657 0.6773211567732116
658 0.6762917933130699
659 0.6752655538694993
660 0.6757575757575758
661 0.6747352496217852
662 0.675226586102719
663 0.6742081447963801
664 0.6731927710843374
665 0.6721804511278195
666 0.6711711711711712
667 0.671664167916042
668 0.6706586826347305
669 0.6696562032884903
670 0.6686567164179105
671 0.669150521609538
672 0.6696428571428571
673 0.6701337295690936
674 0.6706231454005934
675 0.6696296296296296
676 0.6686390532544378
677 0.6691285081240768
678 0.6696165191740413
679 0.6686303387334315
680 0.6676470588235294
681 0.6681350954478708
682 0.6686217008797654
683 0.6691068814055637
684 0.6695906432748538
685 0.6686131386861314
686 0.6690962099125365
687 0.6695778748180495
688 0.6700581395348837
689 0.6705370101596516
690 0.6710144927536232
691 0.6714905933429812
692 0.6719653179190751
693 0.670995670995671
694 0.670028818443804
695 0.6690647482014388
696 0.6695402298850575
697 0.6700143472022956
698 0.669054441260745
699 0.6695278969957081
700 0.6685714285714286
701 0.6676176890156919
702 0.6680911680911681
703 0.6685633001422475
704 0.6690340909090909
705 0.6695035460992907
706 0.6685552407932012
707 0.669024045261669
708 0.6694915254237288
709 0.6699576868829337
710 0.6690140845070423
711 0.6680731364275668
712 0.6685393258426966
713 0.667601683029453
714 0.6680672268907563
715 0.6685314685314685
716 0.6675977653631285
717 0.6680613668061367
718 0.6671309192200557
719 0.6675938803894298
720 0.6666666666666666
721 0.665742024965326
722 0.6648199445983379
723 0.6639004149377593
724 0.664364640883978
725 0.663448275862069
726 0.6639118457300276
727 0.6643741403026134
728 0.6634615384615384
729 0.663923182441701
730 0.663013698630137
731 0.6634746922024624
732 0.6639344262295082
733 0.6630286493860846
734 0.6634877384196185
735 0.6639455782312925
736 0.6644021739130435
737 0.6648575305291723
738 0.6653116531165312
739 0.6644113667117727
740 0.6648648648648648
741 0.6653171390013495
742 0.6657681940700808
743 0.6662180349932705
744 0.6653225806451613
745 0.6644295302013423
746 0.6635388739946381
747 0.6639892904953146
748 0.6644385026737968
749 0.6635514018691588
750 0.6626666666666666
751 0.6617842876165113
752 0.6622340425531915
753 0.6626826029216467
754 0.6631299734748011
755 0.6635761589403973
756 0.6640211640211641
757 0.6631439894319683
758 0.6635883905013192
759 0.6627140974967062
760 0.6631578947368421
761 0.6622864651773982
762 0.6614173228346457
763 0.6605504587155964
764 0.6596858638743456
765 0.6601307189542484
766 0.660574412532637
767 0.6597131681877445
768 0.66015625
769 0.659297789336801
770 0.6597402597402597
771 0.6588845654993515
772 0.6593264248704663
773 0.6597671410090556
774 0.6602067183462532
775 0.6606451612903226
776 0.6610824742268041
777 0.6615186615186616
778 0.6606683804627249
779 0.6611039794608472
780 0.6615384615384615
781 0.6619718309859155
782 0.6624040920716112
783 0.6628352490421456
784 0.6632653061224489
785 0.6624203821656051
786 0.6615776081424937
787 0.662007623888183
788 0.6624365482233503
789 0.6628643852978454
790 0.6632911392405063
791 0.6624525916561315
792 0.6628787878787878
793 0.6620428751576293
794 0.6624685138539043
795 0.6628930817610063
796 0.6633165829145728
797 0.6624843161856964
798 0.6629072681704261
799 0.6620775969962454
800 0.6625
801 0.66167290886392
802 0.6620947630922693
803 0.6625155666251556
804 0.6616915422885572
805 0.662111801242236
806 0.6612903225806451
807 0.6604708798017348
808 0.6608910891089109
809 0.6600741656365884
810 0.6604938271604939
811 0.6609124537607891
812 0.6613300492610837
813 0.6617466174661747
814 0.6621621621621622
815 0.6625766871165644
816 0.6629901960784313
817 0.6621787025703795
818 0.6625916870415648
819 0.663003663003663
820 0.6634146341463415
821 0.6638246041412911
822 0.6642335766423357
823 0.6646415552855407
824 0.6638349514563107
825 0.6630303030303031
826 0.6634382566585957
827 0.6638452237001209
828 0.6642512077294686
829 0.6634499396863691
830 0.6626506024096386
831 0.6618531889290012
832 0.6622596153846154
833 0.6626650660264105
834 0.6618705035971223
835 0.6610778443113773
836 0.6614832535885168
837 0.6618876941457587
838 0.662291169451074
839 0.6626936829558999
840 0.6619047619047619
841 0.6623067776456599
842 0.66270783847981
843 0.6631079478054567
844 0.6635071090047393
845 0.6627218934911243
846 0.6619385342789598
847 0.6623376623376623
848 0.6627358490566038
849 0.6631330977620731
850 0.6623529411764706
851 0.6615746180963572
852 0.6619718309859155
853 0.6623681125439624
854 0.6627634660421545
855 0.6631578947368421
856 0.6635514018691588
857 0.6639439906651109
858 0.6631701631701632
859 0.6635622817229336
860 0.6627906976744186
861 0.6631823461091754
862 0.6635730858468677
863 0.6639629200463499
864 0.6643518518518519
865 0.6647398843930635
866 0.6651270207852193
867 0.6655132641291811
868 0.6658986175115207
869 0.6651323360184119
870 0.664367816091954
871 0.6636050516647531
872 0.6639908256880734
873 0.6643757159221076
874 0.6647597254004577
875 0.6651428571428571
876 0.6643835616438356
877 0.6636259977194983
878 0.662870159453303
879 0.6621160409556314
880 0.6625
881 0.6617480136208853
882 0.6609977324263039
883 0.6613816534541337
884 0.6617647058823529
885 0.6621468926553672
886 0.662528216704289
887 0.6629086809470124
888 0.6632882882882883
889 0.6636670416197975
890 0.6640449438202247
891 0.6632996632996633
892 0.6625560538116592
893 0.6618141097424413
894 0.6610738255033557
895 0.6614525139664804
896 0.6607142857142857
897 0.6610925306577481
898 0.6614699331848553
899 0.660734149054505
900 0.6611111111111111
901 0.6614872364039955
902 0.6607538802660754
903 0.6611295681063123
904 0.661504424778761
905 0.661878453038674
906 0.6611479028697572
907 0.6604189636163176
908 0.6596916299559471
909 0.6600660066006601
910 0.6604395604395604
911 0.6597145993413831
912 0.6600877192982456
913 0.6593647316538883
914 0.6597374179431073
915 0.659016393442623
916 0.6593886462882096
917 0.6597600872410033
918 0.6601307189542484
919 0.6605005440696409
920 0.6608695652173913
921 0.6601520086862106
922 0.6605206073752712
923 0.6608884073672806
924 0.6601731601731602
925 0.6605405405405406
926 0.6609071274298056
927 0.6612729234088457
928 0.6616379310344828
929 0.6609257265877287
930 0.6612903225806451
931 0.6616541353383458
932 0.6609442060085837
933 0.6613076098606645
934 0.6616702355460385
935 0.6620320855614973
936 0.6613247863247863
937 0.6616862326574173
938 0.662046908315565
939 0.6613418530351438
940 0.6606382978723404
941 0.6609989373007439
942 0.6602972399150743
943 0.6606574761399788
944 0.6610169491525424
945 0.6613756613756614
946 0.6617336152219874
947 0.662090813093981
948 0.6624472573839663
949 0.6628029504741834
950 0.6631578947368421
951 0.6624605678233438
952 0.6617647058823529
953 0.6610703043022036
954 0.6614255765199162
955 0.6617801047120419
956 0.6621338912133892
957 0.6614420062695925
958 0.6607515657620042
959 0.6611053180396246
960 0.6614583333333334
961 0.6618106139438086
962 0.6621621621621622
963 0.6625129802699896
964 0.6628630705394191
965 0.6632124352331606
966 0.6625258799171843
967 0.6628748707342296
968 0.6632231404958677
969 0.6635706914344686
970 0.6628865979381443
971 0.6632337796086509
972 0.6635802469135802
973 0.6639260020554985
974 0.6642710472279261
975 0.6646153846153846
976 0.6639344262295082
977 0.6642784032753326
978 0.6646216768916156
979 0.6639427987742594
980 0.6642857142857143
981 0.6646279306829765
982 0.664969450101833
983 0.6653102746693794
984 0.665650406504065
985 0.6649746192893401
986 0.665314401622718
987 0.6656534954407295
988 0.6659919028340081
989 0.6663296258847321
990 0.6666666666666666
991 0.6659939455095862
992 0.6663306451612904
993 0.6666666666666666
994 0.6659959758551308
995 0.6663316582914572
996 0.6666666666666666
997 0.6670010030090271
998 0.6663326653306614
999 0.6666666666666666
1000 0.667
1001 0.6663336663336663
1002 0.6666666666666666
1003 0.6669990029910269
1004 0.6663346613545816
1005 0.6666666666666666
1006 0.6669980119284294
1007 0.6663356504468719
1008 0.6656746031746031
1009 0.666005946481665
1010 0.6663366336633664
1011 0.6656775469831849
1012 0.6650197628458498
1013 0.6653504442250741
1014 0.665680473372781
1015 0.6660098522167488
1016 0.6663385826771654
1017 0.6666666666666666
1018 0.6669941060903732
1019 0.6663395485770363
1020 0.6666666666666666
1021 0.6669931439764937
1022 0.6673189823874756
1023 0.6666666666666666
1024 0.6669921875
1025 0.6673170731707317
1026 0.6676413255360624
1027 0.667964946445959
1028 0.6682879377431906
1029 0.6686103012633625
1030 0.6689320388349514
1031 0.6692531522793405
1032 0.6695736434108527
1033 0.6689254598257502
1034 0.6692456479690522
1035 0.6685990338164252
1036 0.667953667953668
1037 0.6682738669238187
1038 0.6685934489402697
1039 0.6689124157844081
1040 0.6692307692307692
1041 0.6695485110470701
1042 0.6698656429942419
1043 0.6692233940556088
1044 0.6695402298850575
1045 0.6698564593301436
1046 0.6701720841300192
1047 0.6695319961795606
1048 0.6698473282442748
1049 0.669208770257388
1050 0.6695238095238095
1051 0.6698382492863939
1052 0.6701520912547528
1053 0.6695156695156695
1054 0.6698292220113852
1055 0.6691943127962086
1056 0.6695075757575758
1057 0.6688741721854304
1058 0.6691871455576559
1059 0.6694995278564684
1060 0.6698113207547169
1061 0.6701225259189444
1062 0.6704331450094162
1063 0.6707431796801505
1064 0.6710526315789473
1065 0.6713615023474179
1066 0.6707317073170732
1067 0.6710402999062793
1068 0.6713483146067416
1069 0.6707202993451824
1070 0.6700934579439253
1071 0.6704014939309056
1072 0.6697761194029851
1073 0.6700838769804287
1074 0.6703910614525139
1075 0.6706976744186046
1076 0.6700743494423792
1077 0.669452181987001
1078 0.6697588126159555
1079 0.670064874884152
1080 0.6703703703703704
1081 0.6706753006475485
1082 0.6709796672828097
1083 0.6712834718374885
1084 0.6715867158671587
1085 0.6718894009216589
1086 0.6712707182320442
1087 0.6706531738730451
1088 0.6709558823529411
1089 0.6712580348943985
1090 0.671559633027523
1091 0.6709440879926672
1092 0.6703296703296703
1093 0.6697163769441903
1094 0.670018281535649
1095 0.6703196347031963
1096 0.6697080291970803
1097 0.6700091157702825
1098 0.6693989071038251
1099 0.6687898089171974
1100 0.6690909090909091
1101 0.6693914623069936
1102 0.6696914700544465
1103 0.6699909338168631
1104 0.6693840579710145
1105 0.6687782805429864
1106 0.6690777576853526
1107 0.6684733514001807
1108 0.6687725631768953
1109 0.6690712353471596
1110 0.6684684684684684
1111 0.6678667866786678
1112 0.6681654676258992
1113 0.6684636118598383
1114 0.6687612208258528
1115 0.6690582959641256
1116 0.6693548387096774
1117 0.6696508504923904
1118 0.6699463327370304
1119 0.6702412868632708
1120 0.6705357142857142
1121 0.6699375557537912
1122 0.6693404634581105
1123 0.6696349065004452
1124 0.6699288256227758
1125 0.6693333333333333
1126 0.6696269982238011
1127 0.6699201419698314
1128 0.6693262411347518
1129 0.6687333923826395
1130 0.6690265486725664
1131 0.6693191865605659
1132 0.6696113074204947
1133 0.6690203000882613
1134 0.6693121693121693
1135 0.6696035242290749
1136 0.6698943661971831
1137 0.6701846965699209
1138 0.6695957820738138
1139 0.6698858647936786
1140 0.6701754385964912
1141 0.6695880806310254
1142 0.6690017513134852
1143 0.668416447944007
1144 0.6678321678321678
1145 0.6681222707423581
1146 0.6684118673647469
1147 0.6687009590235397
1148 0.6681184668989547
1149 0.6675369886858138
1150 0.6678260869565218
1151 0.6672458731537794
1152 0.6666666666666666
1153 0.6660884648742411
1154 0.6663778162911612
1155 0.6666666666666666
1156 0.666955017301038
1157 0.6672428694900605
1158 0.6666666666666666
1159 0.6669542709232097
1160 0.6672413793103448
