1 0.617649244012471
2 1.8416436173282678
3 0.8172737224418967
4 0.47704914621520983
5 1.2944133863667104
6 0.5404679270853415
7 0.6094205904910085
8 1.269090437503345
9 2.078581774030465
10 0.31578307243557396
11 0.870068540007594
12 1.163232538515732
13 0.313778473475626
14 0.9418956768526824
15 0.5420473041339523
16 0.4334760945712053
17 1.7992043656772572
18 0.5784294329463582
19 0.5998448604207507
20 0.5293932065207797
21 1.0815074625700842
22 1.0464125325674154
23 0.3235030364403486
24 0.6463507329197858
25 0.8669609160600655
26 1.7681732384002276
27 0.17024215934059608
28 0.3420849226762977
29 0.4604662142762681
30 0.35948699234766585
31 0.14830211866318996
32 0.6023983509265639
33 0.13366912205024128
34 0.14156575404532173
35 0.20628694959493665
36 0.14425786940720733
37 1.1608693903390128
38 1.1275978039628742
39 0.13607509917484656
40 1.0786823156376455
41 1.7011054053742076
42 0.29429531639784257
43 0.9553655441177236
44 0.20185931406402394
45 0.409065626134272
46 0.9273538227053616
47 0.22031457420152883
48 0.9536988981159703
49 0.6692773715277076
50 0.951741747561783
51 0.37886074703069783
52 0.9523403371499226
53 1.0069425229633742
54 0.845643306347714
55 0.6081247090598676
56 0.49529638542699256
57 1.2556505090503853
58 0.13800522050774092
59 0.3841550386369877
60 0.626200979104113
61 0.5052762838939692
62 1.0920909530430392
63 0.9527546249596557
64 0.4657390583417691
65 0.3916332642498984
66 0.5607662082031338
67 0.3299216460329867
68 0.09027626744238236
69 0.905146460477495
70 0.11511802639697918
71 0.26113745413765627
72 0.7167829328592
73 0.8517255279349596
74 0.6559819600154765
75 0.8907647533732208
76 0.06537449619153504
77 0.9435913869658475
78 0.9903814975402494
79 0.5645582237657486
