1 0.9368132860796297
2 0.9250121191812974
3 0.7975687096165275
4 2.1751760390873804
5 0.6382788162905064
6 0.6457325807590905
7 0.8920687242719498
8 1.618854399913863
9 0.2512709518645265
10 0.5599972553912267
11 0.18692557131090495
12 0.7676075518837843
13 0.4501201039109212
14 0.15904317005309035
15 1.2612992584920824
16 0.8751763108076849
17 0.23538826871053312
18 0.45386897296109374
19 0.9897282774449715
20 0.8576570195951242
21 0.057814558163404556
22 1.727109734237738
23 0.9853829928166502
24 0.5631173807517239
25 0.7693611613048013
26 0.2573389689992541
27 3.182174639889582
28 0.42629439186036727
29 0.3414065356280726
30 1.2170966440177529
31 1.0537982560950936
32 1.4898680068342116
33 0.7895830945714137
34 1.3799657900941356
35 0.5845255576028828
36 0.2660203438304353
37 1.114316527887171
38 0.8566850923642236
39 0.6649579428929844
40 0.819191944404952
41 0.6608238742283826
42 0.8312082308224104
43 1.4766934510499354
44 0.11545867333280552
45 1.5550329250207646
46 0.11564331800246896
47 0.6556729541807431
48 0.8083011890518635
49 1.0365027072156405
50 0.8793516986062241
51 1.0664733326481795
52 0.3872799524692387
53 0.5138166516294925
54 0.2624036843868053
55 0.767713578315406
56 0.42564656540303614
57 0.3204565723876029
58 0.9283675019852735
59 0.7827301221476287
60 0.7397119485676176
61 0.7494295630293111
62 0.9668638565240392
63 0.179886364930791
64 0.8042907116942742
65 0.9422797626529603
66 0.8941205657241903
67 0.13069319050693562
