1 1.0
2 1.0
3 1.0
4 1.0
5 1.0
6 1.0
7 1.0
8 0.875
9 0.8888888888888888
10 0.9
11 0.9090909090909091
12 0.9166666666666666
13 0.9230769230769231
14 0.9285714285714286
15 0.9333333333333333
16 0.9375
17 0.8823529411764706
18 0.8888888888888888
19 0.8947368421052632
20 0.9
21 0.9047619047619048
22 0.8636363636363636
23 0.8695652173913043
24 0.8333333333333334
25 0.84
26 0.8076923076923077
27 0.8148148148148148
28 0.8214285714285714
29 0.8275862068965517
30 0.8333333333333334
31 0.8387096774193549
32 0.84375
33 0.8484848484848485
34 0.8235294117647058
35 0.8285714285714286
36 0.8333333333333334
37 0.8108108108108109
38 0.7894736842105263
39 0.7948717948717948
40 0.775
41 0.7804878048780488
42 0.7619047619047619
43 0.7674418604651163
44 0.75
45 0.7555555555555555
