1 0.05049187955576514
2 0.1879043964261777
3 1.3230675061828492
4 2.033515467931814
5 0.345446403785246
6 0.3355308606043387
7 0.37579829655633273
8 0.5456113750634313
9 0.41401032138046007
10 0.09523215471403647
11 0.1646012441103633
12 3.567052439363539
13 0.527751425439877
14 0.9142422962990053
15 0.06001392407376185
16 0.19590476054211778
17 0.8741902814216151
18 0.5751934583339412
19 0.46719769567104547
20 1.3795460159342396
21 0.08645413927255335
22 0.22216772482451483
23 0.601531946965044
24 0.9986383023182476
25 1.0374655555179602
26 1.20422322236528
27 1.0547387388022316
28 1.0871094494654052
29 0.5769242875291855
30 0.28682563340995665
31 0.025126253946240643
32 0.9735930255702876
33 1.513795745011127
34 0.4621705724513691
35 0.4635620470984218
36 0.021505627582906858
37 0.05501332447731882
38 1.0435868391537735
39 0.8359666837423902
40 0.2863454534441654
41 0.07287860550174328
42 0.07310002297764824
43 0.5560059504689675
44 0.029453434565502312
45 0.09923482377178265
46 0.9996884351545564
47 0.49128194594458285
