1 0.3339138214003492
2 0.0987621157644744
3 1.32202985343629
4 0.21509668178379535
5 0.20870122530385554
6 0.5356720876922261
7 1.2777711354300154
8 0.695306750629496
9 1.8565116155136727
10 1.0375431815361738
11 0.22225313987846185
12 0.7435543878464156
13 2.811026492193891
14 0.1290315912823223
15 1.1763753580711493
16 1.0943602834084623
17 1.613059440632762
18 0.03183117965575533
19 0.5398822432159763
20 0.19642477198796526
21 0.15994906529034505
22 0.26625695758579276
23 0.5433020252439695
24 0.9752359266967553
25 0.733858244164889
26 1.341069113124557
27 0.2098859457548002
28 0.44333327554325475
29 1.189195092121183
30 0.8080537603615373
31 0.12325063969565007
32 0.319727811813901
33 0.5007227010022909
34 0.12270930764725871
35 0.3507183444620821
36 0.6050313230148721
37 0.7529889942667569
38 0.06654753235500743
39 0.321607029343779
40 0.8918112709743807
41 0.154185571907407
42 0.6738577639393807
43 0.0722933158915543
