1 1.2250546684432067
2 2.0225491257791246
3 1.7934107691807175
4 0.47673755614602426
5 0.33383679439391667
6 0.5509862384753565
7 0.6001402245731283
8 0.4990345365094267
9 0.7199055710358886
10 0.9883577388437602
11 1.071977989051651
12 0.9691544168580756
13 0.5114260724777162
14 0.47326981876722074
15 0.10852002399094493
16 0.05244119267144532
17 0.3191569772940423
18 0.7098577274268044
19 0.5466914375247642
20 0.5073867401852218
21 0.17733442641038633
22 0.902377961309073
23 0.08490616686421752
24 0.8697056614230316
25 0.1972651265206119
26 0.14003131160309168
27 0.9951617666238303
28 1.2631486662376201
29 0.7554061633165466
30 0.34834051273646616
31 0.18067809578187227
32 0.3168816667456283
33 0.4721436500782862
34 0.9461104346235657
35 0.8277872424690702
36 0.25360666978887075
37 0.6240319833752677
38 1.0050606233149597
39 0.9574856594720124
40 0.030007515192920897
