1 1.0
2 1.0
3 1.0
4 1.0
5 1.0
6 1.0
7 1.0
8 1.0
9 1.0
10 1.0
11 1.0
12 1.0
13 1.0
14 0.9285714285714286
15 0.9333333333333333
16 0.9375
17 0.9411764705882353
18 0.9444444444444444
19 0.9473684210526315
20 0.95
21 0.9523809523809523
22 0.9545454545454546
23 0.9565217391304348
24 0.9583333333333334
25 0.96
26 0.9615384615384616
27 0.9259259259259259
28 0.8928571428571429
29 0.896551724137931
30 0.9
31 0.8709677419354839
32 0.875
33 0.8787878787878788
34 0.8823529411764706
35 0.8571428571428571
36 0.8611111111111112
