1 1.0
2 1.0
3 1.0
4 1.0
5 1.0
6 1.0
7 1.0
8 1.0
9 1.0
10 1.0
11 1.0
12 1.0
13 1.0
14 1.0
15 1.0
16 1.0
17 1.0
18 1.0
19 0.9473684210526315
20 0.9
21 0.9047619047619048
22 0.9090909090909091
23 0.9130434782608695
24 0.875
25 0.84
26 0.8076923076923077
27 0.7777777777777778
28 0.75
29 0.7241379310344828
30 0.7
31 0.6774193548387096
32 0.6875
33 0.6666666666666666
34 0.6764705882352942
35 0.6571428571428571
36 0.6388888888888888
37 0.6216216216216216
38 0.6052631578947368
39 0.5897435897435898
40 0.575
41 0.5609756097560976
42 0.5714285714285714
