1 0.8132347772447929
2 0.539503164731529
3 0.307707318615398
4 0.9617675491197165
5 1.4995423252755615
6 0.10133889402456944
7 1.0872873805843775
8 0.5309068035070872
9 0.2795209087388661
10 0.9816216788197419
11 0.21558195006975275
12 1.0520562352149996
13 0.9651701169993709
14 0.10473821464729983
15 0.8484556349615713
16 0.45319698881253645
17 0.05841649140341065
18 0.5105348661401943
19 0.5717108481188768
20 0.27911966737304117
21 0.307369451646726
22 0.27972854760803045
23 0.06738252945456999
24 0.3651751708353038
25 0.27627894982833895
