1 1.0
2 1.0
3 1.0
4 1.0
5 1.0
6 1.0
7 1.0
8 1.0
9 1.0
10 1.0
11 1.0
12 1.0
13 1.0
14 1.0
15 1.0
16 1.0
17 1.0
18 1.0
19 1.0
20 1.0
21 1.0
22 1.0
23 1.0
24 1.0
25 1.0
26 1.0
27 1.0
28 0.9642857142857143
29 0.9655172413793104
30 0.9666666666666667
31 0.967741935483871
32 0.96875
33 0.9696969696969697
34 0.9705882352941176
35 0.9714285714285714
36 0.9722222222222222
37 0.972972972972973
38 0.9473684210526315
39 0.9487179487179487
40 0.95
41 0.926829268292683
42 0.9285714285714286
43 0.9069767441860465
44 0.9090909090909091
45 0.9111111111111111
46 0.9130434782608695
47 0.9148936170212766
48 0.8958333333333334
49 0.8979591836734694
50 0.9
51 0.8823529411764706
52 0.8846153846153846
53 0.8867924528301887
54 0.8703703703703703
55 0.8727272727272727
56 0.875
57 0.8771929824561403
58 0.8620689655172413
59 0.864406779661017
60 0.8666666666666667
61 0.8688524590163934
62 0.8548387096774194
63 0.8571428571428571
64 0.859375
65 0.8461538461538461
66 0.8484848484848485
67 0.8507462686567164
68 0.8382352941176471
69 0.8405797101449275
70 0.8428571428571429
71 0.8450704225352113
72 0.8472222222222222
73 0.8493150684931506
74 0.8513513513513513
75 0.84
76 0.8289473684210527
77 0.8181818181818182
78 0.8205128205128205
79 0.810126582278481
80 0.8
81 0.7901234567901234
82 0.7804878048780488
83 0.7831325301204819
84 0.7738095238095238
85 0.7647058823529411
86 0.7558139534883721
87 0.7471264367816092
88 0.7386363636363636
89 0.7415730337078652
90 0.7333333333333333
91 0.7252747252747253
92 0.7282608695652174
93 0.7311827956989247
94 0.723404255319149
95 0.7263157894736842
96 0.7291666666666666
97 0.7216494845360825
98 0.7142857142857143
99 0.7070707070707071
100 0.71
101 0.7029702970297029
102 0.7058823529411765
