1 0.36669138172475607
2 1.0993010348106775
3 0.3380348064885995
4 1.3356799021083068
5 2.4123498789129263
6 0.974722335989887
7 1.3616779801122822
8 0.8427857553679377
9 2.2147070248198766
10 0.32141390896842037
11 0.37370900543739677
12 1.260788871028738
13 2.1339651548449425
14 0.029958272728283088
15 2.4264199652076024
16 1.0332620647932536
17 1.9232102736300967
18 2.273125607366553
19 0.32970271644745347
20 0.5677395343936934
21 0.8001742518552132
22 0.9237919710404451
23 1.6479830991160744
24 0.19933507896851496
25 2.068722680427308
26 0.902018363670962
27 0.39060576289331095
28 0.2707966539558583
29 1.1161025698119318
30 1.3956527349936991
31 0.26124275056686613
32 1.7491848606549396
33 0.5123884771459181
34 1.071023266688171
35 1.1178755416454509
36 0.9805465670722646
37 1.4448061170128286
38 0.3774604893720452
39 0.7857873069940149
40 1.220948861217281
41 1.5888162215873571
42 1.3136787898356763
43 1.0880628074007215
44 1.4161705591007818
45 0.29338863794717424
46 1.207913484056972
47 0.6907424002257341
48 0.9915091609473408
49 1.1712930974504248
50 1.0579891968591135
51 2.955191202202759
52 1.7509728714525326
53 0.7041853574123154
54 2.5339025379511835
55 1.3183095800229394
56 0.8039362984639864
57 0.2648434618794838
58 0.970957529590137
59 0.6081879928345677
60 1.0573471184934162
61 0.9875486042066821
62 1.8124704504456546
63 0.9809345962015772
64 1.1405084260506855
65 0.9385991805531666
66 1.1493675295170942
67 1.1332837488901184
68 1.0813165999585523
69 0.6488136252418067
70 0.44847584881840585
71 1.0227277917424153
72 1.9812293899832438
73 0.555151850300536
74 1.013367540600769
75 0.1833065714505169
76 1.261860264952154
77 0.6605871507088928
78 0.8376367588576491
79 0.7278002924650507
80 1.0650574416490048
81 2.475649529589092
82 1.1169325111495245
83 1.0739201892960082
84 0.9238763053226321
85 1.1009772377783729
86 1.3882809210050455
87 1.0595292555787823
88 0.5953995207338797
89 0.9154173046039364
90 1.1509218220423223
91 1.0348759398883896
92 1.5061396112782244
93 0.355855056636709
94 0.9981955730626016
95 0.985689953082879
96 1.2091389373476797
97 0.8722112422031505
98 1.464332557833538
99 0.8419836493311481
100 0.23790643734089145
101 1.0319732994291095
102 1.0123180907649523
103 0.8807591918044057
104 0.34419718282802675
105 1.2784441253394543
106 0.9981713584003397
107 0.9243979447281854
108 1.189883301142293
109 1.3044650751821611
110 1.2116248480865706
111 0.9816185966776344
112 0.680862062489637
113 1.2085635683462355
114 0.8249010152443045
115 0.9941960107452443
116 1.1410154580697687
117 1.0150825048676237
118 1.0507109861855783
119 0.9526375807730906
120 0.7887307942321027
121 0.7534394154473307
122 1.3030082845817597
123 2.027445232057009
124 0.9680136785026785
125 1.9990770560662334
126 0.26137352956558824
127 1.1065933992321064
128 0.8083727594722963
129 1.010152140360594
130 1.2207995169177415
131 1.1114074277344963
132 1.0218213431615029
133 1.564289116457824
134 1.4265231682123498
135 1.170905446756709
136 1.0027325640001379
137 1.4714149340715204
138 1.186631910459704
139 0.8439343724122295
140 0.9696300878884765
141 1.0066143015947855
142 0.9733586031362743
143 0.7414227987581435
144 0.9878967299092045
145 1.5840741370666573
146 0.4963019754563836
147 1.0799143682922268
148 1.2862101857548665
149 0.9976438815432256
150 0.4701939197892388
151 1.220405564823918
152 1.167176731941826
153 1.0240227065250669
154 0.8531222977788483
155 1.016496949868743
156 1.6440530950614112
157 0.9772340800833317
158 1.115346261695771
159 1.0063715632769352
160 0.9998456749214588
161 0.5717492362391843
162 1.0077313053534622
163 1.0056670701952701
164 1.1651840799576723
165 1.0033274037949849
166 0.9876592105072852
167 0.996409151736335
168 1.0018956649049577
169 0.5842200756695334
170 1.0147180547360812
171 1.9516167822824284
172 0.9997157301069867
173 0.9856091519177496
174 1.7163091681510196
175 1.0989844977747885
176 0.8008042773268034
177 1.0042188102877616
178 0.505826753394812
179 1.0148140807128607
180 1.0190126899051712
181 1.0138359469544456
182 0.8923796479191233
183 1.3556303356866237
184 1.1328874490253684
185 0.4591518666290008
186 1.0272580299252756
187 1.0006222024048912
188 0.6731296977254533
189 0.987695600426771
190 0.8376309594321012
