1 2.236138684965174
2 0.442950500503042
3 0.1073830538053252
4 0.95386077585221
5 0.5486182181201039
6 0.12944408976813745
7 0.10089665860537682
8 0.43077917169614166
9 0.28487374683220745
10 0.4490969477776499
11 0.14636822558335177
12 0.1641215541564395
13 0.5163165033679563
14 0.24450811013162824
15 1.3172449669705062
16 0.790041955918516
17 0.018830380534825455
18 0.3175927775978763
19 0.2369856416914748
20 1.3014400500554428
21 0.8278152146401657
22 0.5588481172254651
23 0.319801463252001
24 0.13942418152330754
25 0.16143189806520153
26 0.37382988919657995
27 0.05152386525425439
