1 0.3691566042410946
2 0.4791498521585282
3 0.39823998446771347
4 0.1823900720029795
5 0.07570900822158248
6 0.5495166769591068
7 1.659468817109982
8 1.2866424395121179
9 1.1756365613139939
10 1.0148715550125684
11 0.6817040100648174
12 0.07782851093810508
13 0.19510162987955332
14 0.9565498347650809
15 0.5732799596649923
16 0.2363052917021488
17 0.9322327985818994
18 0.5571089266008163
19 0.2590944919590077
20 0.018916090009475334
21 0.8968889168835293
22 0.20489476232650872
23 0.8903112969755019
24 0.41791604076197636
25 0.6863433460782781
26 0.5185612485874331
27 0.9517714784088696
28 0.5396595546416894
29 0.08962082260055312
30 0.13209727510776134
31 0.24873177781773853
32 0.5592837824250716
33 0.48752182987102527
34 0.07005086646156164
35 0.056146500044788154
36 0.24923624727066473
37 0.04894707487463814
