1 0.47083330380561816
2 1.6931224675002494
3 1.8683756340649351
4 0.1660806943277507
5 2.2273411675436985
6 0.5900431517503032
7 0.21227797006599058
8 0.08306785740736711
9 1.0171555536368246
10 1.1855477082439385
11 0.30363659709220975
12 3.0574559162942916
13 0.6460724743718598
14 0.7900251142470198
15 0.11859699262818088
16 0.2494216039625899
17 0.5885586801374201
18 0.19707154858966425
19 0.31943291578891486
20 0.5663192449552499
21 0.6714388502071968
22 0.03541404162871485
23 0.41237717451570033
24 0.09208992838423205
25 0.2056919539458017
26 0.23057901736208536
27 0.5756901386003915
28 0.7924393515442956
29 0.10071098285837678
30 0.5381043499192525
31 1.1967408639090924
32 0.710150225339883
33 0.31664270831334307
34 0.3159189415549108
35 0.6590825447026399
36 0.5435176009444089
37 0.281223385314836
38 0.08775641956859707
39 0.021946275312980334
40 0.11003217622500244
41 0.04824900213065687
