1 0.3250365939071585
2 0.4856723585055055
3 0.5799499140542957
4 0.7475898490822551
5 0.2760860121687551
6 1.0686331436111682
7 0.748916573718977
8 0.38659722236810085
9 0.39412874154321426
10 0.18825503321081807
11 0.4396353273169149
12 1.0572348323903829
13 0.04862974482098214
14 0.8564323640228237
15 0.4777842101435207
16 0.5852099506747932
17 0.4139919331371769
18 1.7499296628238208
19 0.2740032946597969
20 0.27747631385388727
21 0.7731328345842138
22 0.17195213185306227
23 0.30873315801552265
24 0.4116618132827753
25 0.9121428618990566
26 0.17453502258601236
27 0.6705396305143909
28 0.2960782319637462
29 0.5432954435557535
30 0.015998249673272503
31 0.2939612915731146
32 0.3337769947905632
33 0.06137145252763297
34 0.5273355133403201
35 0.2110499093034487
36 0.6871002421295141
37 0.12779252195971474
38 0.7618616492227867
39 0.5057389341621895
40 0.2524517906600246
41 0.45656551818212027
42 0.05051230342903572
43 0.796861022930082
44 0.14990202649529788
45 0.527932936936098
46 0.5082353446178324
47 0.28937552660508975
48 0.5754391945654797
49 0.14391253107610485
