1 0.8236634261461594
2 0.4825692800421532
3 0.5081141885144953
4 1.4713648637549008
5 0.1749393162907683
6 0.025453039410022422
7 0.38007995221801105
8 2.3487877567403506
9 1.0291452290011822
10 0.6749695761790024
11 0.5829936398130802
12 0.8423083032504359
13 0.26287474748843076
14 0.2618615603877624
15 0.5817304294078269
16 1.2025682391492072
17 0.42759417648920794
18 0.5493581117827355
19 0.3623526468736441
20 0.1965282351743146
21 0.6745416372248556
22 0.033202549006235996
23 0.10175905310585855
24 0.036007071694331955
25 0.5755416987987167
26 0.6391935758772062
27 0.4774204011213912
28 0.6151973896068218
29 0.0633034568073293
30 0.046884962533968524
