1 0.09312780746656048
2 0.7255415342619105
3 0.959031874451369
4 1.1808752742599546
5 0.6109214419570719
6 0.22758231372732352
7 0.24820734766529043
8 0.22185895117596627
9 1.3428276037317952
10 1.5850076560136583
11 1.6070490801368624
12 0.9988437315065389
13 0.49026772106163774
14 0.376877464557427
15 0.8352926419841096
16 1.2285633272214946
17 0.37713110906904657
18 0.9525404811999866
19 2.1742123780686096
20 0.649201653079373
21 0.04539303704032001
22 0.5736738848494067
23 0.6074893225764385
24 0.34364039138009056
25 0.7858900576467258
26 0.5907496860979855
27 0.564328294648132
28 0.20380421423644918
29 0.25192750287063725
30 0.47447433082776547
31 0.3217930893362052
32 0.872732363087026
33 0.3977090794031079
34 0.024162326091504073
35 0.004733466261538608
36 0.6241033800570283
37 0.8206596551717921
38 0.5910297862104832
39 0.3499857040505121
40 0.7052615631192017
41 0.1391171580178537
42 0.10646067759240417
43 0.14640910144440122
44 0.2578633992785365
45 0.18192750767598562
46 0.665037950166742
47 0.009587331124798015
48 0.44907379004844444
