1 1.0
2 1.0
3 1.0
4 1.0
5 1.0
6 1.0
7 1.0
8 1.0
9 1.0
10 1.0
11 1.0
12 1.0
13 1.0
14 1.0
15 1.0
16 1.0
17 0.9411764705882353
18 0.9444444444444444
19 0.9473684210526315
20 0.95
21 0.9523809523809523
22 0.9545454545454546
23 0.9130434782608695
24 0.9166666666666666
25 0.92
26 0.9230769230769231
27 0.9259259259259259
28 0.8928571428571429
29 0.896551724137931
30 0.9
31 0.8709677419354839
32 0.875
33 0.8787878787878788
34 0.8823529411764706
35 0.8571428571428571
36 0.8611111111111112
37 0.8378378378378378
38 0.8421052631578947
39 0.8205128205128205
40 0.825
41 0.8048780487804879
42 0.8095238095238095
43 0.813953488372093
44 0.8181818181818182
45 0.8
46 0.8043478260869565
47 0.7872340425531915
48 0.7916666666666666
49 0.7755102040816326
50 0.76
51 0.7647058823529411
52 0.75
53 0.7547169811320755
54 0.7407407407407407
55 0.7272727272727273
56 0.7321428571428571
57 0.7192982456140351
58 0.7241379310344828
59 0.7288135593220338
60 0.7333333333333333
61 0.7377049180327869
62 0.7258064516129032
63 0.7301587301587301
64 0.71875
65 0.7230769230769231
66 0.7272727272727273
67 0.7313432835820896
68 0.7205882352941176
69 0.7101449275362319
70 0.7
71 0.6901408450704225
72 0.6805555555555556
73 0.6712328767123288
74 0.6756756756756757
75 0.6666666666666666
76 0.6578947368421053
77 0.6493506493506493
78 0.6410256410256411
79 0.6455696202531646
80 0.6375
81 0.6296296296296297
82 0.6219512195121951
83 0.6144578313253012
84 0.6071428571428571
85 0.6
86 0.6046511627906976
87 0.5977011494252874
88 0.5909090909090909
89 0.5842696629213483
90 0.5777777777777777
91 0.5824175824175825
92 0.5760869565217391
93 0.5698924731182796
94 0.5638297872340425
95 0.5684210526315789
96 0.5625
97 0.5670103092783505
