1 1.0
2 1.0
3 1.0
4 1.0
5 1.0
6 1.0
7 1.0
8 1.0
9 1.0
10 1.0
11 0.9090909090909091
12 0.9166666666666666
13 0.9230769230769231
14 0.9285714285714286
15 0.8666666666666667
16 0.8125
17 0.8235294117647058
18 0.7777777777777778
19 0.7368421052631579
20 0.75
21 0.7142857142857143
22 0.7272727272727273
23 0.7391304347826086
24 0.75
25 0.76
26 0.7692307692307693
27 0.7777777777777778
28 0.7857142857142857
29 0.7586206896551724
30 0.7666666666666667
31 0.7741935483870968
32 0.78125
33 0.7878787878787878
34 0.7941176470588235
35 0.7714285714285715
36 0.7777777777777778
37 0.7567567567567568
38 0.7631578947368421
39 0.7435897435897436
40 0.75
41 0.7560975609756098
42 0.7619047619047619
43 0.7674418604651163
44 0.75
45 0.7333333333333333
46 0.717391304347826
47 0.7021276595744681
48 0.7083333333333334
49 0.7142857142857143
50 0.72
51 0.7058823529411765
52 0.7115384615384616
53 0.6981132075471698
54 0.6851851851851852
55 0.6909090909090909
56 0.6785714285714286
57 0.6666666666666666
58 0.6551724137931034
59 0.6440677966101694
60 0.6333333333333333
61 0.639344262295082
62 0.6290322580645161
63 0.6190476190476191
64 0.625
65 0.6153846153846154
66 0.6060606060606061
67 0.5970149253731343
68 0.5882352941176471
69 0.5942028985507246
70 0.5857142857142857
71 0.5915492957746479
72 0.5972222222222222
73 0.589041095890411
74 0.5945945945945946
75 0.6
76 0.6052631578947368
77 0.6103896103896104
78 0.6153846153846154
79 0.6075949367088608
80 0.6
81 0.5925925925925926
82 0.5853658536585366
83 0.5903614457831325
84 0.5833333333333334
85 0.5764705882352941
86 0.5813953488372093
87 0.5747126436781609
88 0.5681818181818182
89 0.5617977528089888
90 0.5555555555555556
91 0.5494505494505495
92 0.5543478260869565
