1 1.0
2 1.0
3 1.0
4 1.0
5 1.0
6 1.0
7 1.0
8 1.0
9 1.0
10 1.0
11 1.0
12 1.0
13 1.0
14 1.0
15 1.0
16 1.0
17 0.9411764705882353
18 0.9444444444444444
19 0.9473684210526315
20 0.9
21 0.9047619047619048
22 0.9090909090909091
23 0.9130434782608695
24 0.9166666666666666
25 0.88
26 0.8461538461538461
27 0.8148148148148148
28 0.8214285714285714
29 0.7931034482758621
30 0.8
31 0.7741935483870968
32 0.78125
33 0.7878787878787878
34 0.7941176470588235
35 0.8
36 0.8055555555555556
37 0.7837837837837838
38 0.7631578947368421
39 0.7692307692307693
40 0.75
41 0.7317073170731707
42 0.7380952380952381
43 0.7441860465116279
44 0.75
45 0.7555555555555555
46 0.7608695652173914
47 0.7446808510638298
48 0.7291666666666666
49 0.7142857142857143
50 0.7
51 0.7058823529411765
52 0.6923076923076923
53 0.6792452830188679
54 0.6666666666666666
55 0.6727272727272727
56 0.6607142857142857
57 0.6491228070175439
58 0.6379310344827587
59 0.6271186440677966
60 0.6333333333333333
61 0.6229508196721312
62 0.6129032258064516
63 0.6190476190476191
64 0.625
65 0.6153846153846154
66 0.6212121212121212
67 0.6119402985074627
68 0.6176470588235294
69 0.6231884057971014
70 0.6142857142857143
71 0.6197183098591549
