1 1.0
2 1.0
3 1.0
4 1.0
5 1.0
6 1.0
7 1.0
8 0.875
9 0.8888888888888888
10 0.9
11 0.8181818181818182
12 0.8333333333333334
13 0.8461538461538461
14 0.8571428571428571
15 0.8666666666666667
16 0.875
17 0.8823529411764706
18 0.8333333333333334
19 0.8421052631578947
20 0.8
21 0.8095238095238095
22 0.7727272727272727
23 0.7391304347826086
24 0.7083333333333334
25 0.72
26 0.6923076923076923
27 0.7037037037037037
28 0.7142857142857143
29 0.7241379310344828
30 0.7333333333333333
31 0.7096774193548387
32 0.6875
33 0.696969696969697
34 0.6764705882352942
35 0.6857142857142857
36 0.6944444444444444
37 0.7027027027027027
38 0.6842105263157895
39 0.6666666666666666
40 0.675
41 0.6585365853658537
42 0.6666666666666666
43 0.6744186046511628
44 0.6818181818181818
45 0.6888888888888889
46 0.6739130434782609
47 0.6808510638297872
48 0.6666666666666666
49 0.6530612244897959
50 0.66
51 0.6470588235294118
52 0.6538461538461539
53 0.6415094339622641
54 0.6481481481481481
55 0.6545454545454545
56 0.6428571428571429
57 0.6491228070175439
58 0.6551724137931034
59 0.6610169491525424
60 0.65
61 0.639344262295082
62 0.6290322580645161
63 0.6190476190476191
64 0.609375
65 0.6
66 0.5909090909090909
67 0.582089552238806
68 0.5882352941176471
69 0.5797101449275363
70 0.5714285714285714
71 0.5774647887323944
72 0.5833333333333334
73 0.5753424657534246
74 0.581081081081081
75 0.5733333333333334
76 0.5657894736842105
77 0.5584415584415584
78 0.5512820512820513
79 0.5569620253164557
80 0.55
81 0.5555555555555556
