1 1.0
2 1.0
3 1.0
4 1.0
5 1.0
6 1.0
7 1.0
8 1.0
9 1.0
10 1.0
11 1.0
12 1.0
13 1.0
14 1.0
15 1.0
16 1.0
17 1.0
18 1.0
19 1.0
20 0.95
21 0.9523809523809523
22 0.9545454545454546
23 0.9130434782608695
24 0.9166666666666666
25 0.92
26 0.9230769230769231
27 0.9259259259259259
28 0.9285714285714286
29 0.9310344827586207
30 0.9333333333333333
31 0.9354838709677419
32 0.90625
33 0.9090909090909091
34 0.8823529411764706
35 0.8857142857142857
36 0.8888888888888888
37 0.8918918918918919
38 0.868421052631579
39 0.8717948717948718
40 0.85
41 0.8536585365853658
42 0.8571428571428571
43 0.8604651162790697
44 0.8636363636363636
45 0.8666666666666667
46 0.8695652173913043
47 0.851063829787234
48 0.8541666666666666
49 0.8571428571428571
50 0.84
51 0.8431372549019608
52 0.8461538461538461
53 0.8301886792452831
54 0.8333333333333334
55 0.8363636363636363
56 0.8392857142857143
57 0.8245614035087719
58 0.8275862068965517
59 0.8135593220338984
60 0.8166666666666667
61 0.8032786885245902
62 0.8064516129032258
63 0.8095238095238095
64 0.796875
65 0.7846153846153846
66 0.7878787878787878
67 0.7910447761194029
68 0.7794117647058824
69 0.7681159420289855
70 0.7571428571428571
71 0.7464788732394366
72 0.75
73 0.7397260273972602
74 0.7297297297297297
75 0.72
76 0.7105263157894737
77 0.7012987012987013
78 0.6923076923076923
79 0.6962025316455697
80 0.7
