1 1.0
2 1.0
3 1.0
4 1.0
5 1.0
6 1.0
7 1.0
8 1.0
9 1.0
10 1.0
11 1.0
12 1.0
13 1.0
14 1.0
15 1.0
16 1.0
17 1.0
18 1.0
19 1.0
20 1.0
21 1.0
22 1.0
23 1.0
24 1.0
25 1.0
26 1.0
27 1.0
28 1.0
29 1.0
30 1.0
31 1.0
32 1.0
33 1.0
34 1.0
35 1.0
36 1.0
37 1.0
38 1.0
39 1.0
40 1.0
41 1.0
42 0.9761904761904762
43 0.9534883720930233
44 0.9545454545454546
45 0.9555555555555556
46 0.9565217391304348
47 0.9574468085106383
48 0.9583333333333334
49 0.9591836734693877
50 0.96
51 0.9411764705882353
52 0.9230769230769231
53 0.9245283018867925
54 0.9259259259259259
55 0.9272727272727272
56 0.9285714285714286
57 0.9298245614035088
58 0.9310344827586207
59 0.9322033898305084
60 0.9333333333333333
61 0.9344262295081968
62 0.9354838709677419
63 0.9365079365079365
64 0.921875
65 0.9076923076923077
66 0.9090909090909091
67 0.9104477611940298
68 0.8970588235294118
69 0.8985507246376812
70 0.9
71 0.8873239436619719
72 0.8888888888888888
73 0.8904109589041096
74 0.8918918918918919
75 0.88
76 0.881578947368421
77 0.8831168831168831
78 0.8846153846153846
79 0.8860759493670886
80 0.8875
81 0.8888888888888888
82 0.8780487804878049
83 0.8795180722891566
84 0.8809523809523809
85 0.8705882352941177
86 0.872093023255814
87 0.8735632183908046
88 0.875
89 0.8764044943820225
90 0.8777777777777778
91 0.8791208791208791
92 0.8804347826086957
93 0.8709677419354839
94 0.8723404255319149
95 0.8736842105263158
96 0.875
97 0.865979381443299
98 0.8673469387755102
99 0.8686868686868687
100 0.86
101 0.8613861386138614
102 0.8529411764705882
103 0.8543689320388349
104 0.8461538461538461
105 0.8476190476190476
106 0.839622641509434
107 0.8317757009345794
108 0.8333333333333334
109 0.8256880733944955
110 0.8181818181818182
111 0.8108108108108109
112 0.8125
113 0.8053097345132744
114 0.8070175438596491
115 0.8
116 0.7931034482758621
117 0.7948717948717948
118 0.788135593220339
119 0.7815126050420168
120 0.7833333333333333
121 0.7768595041322314
122 0.7704918032786885
123 0.7723577235772358
124 0.7661290322580645
125 0.76
126 0.7619047619047619
127 0.7637795275590551
128 0.765625
129 0.7674418604651163
130 0.7692307692307693
131 0.7709923664122137
132 0.7651515151515151
133 0.7669172932330827
134 0.7686567164179104
135 0.762962962962963
136 0.7573529411764706
137 0.7518248175182481
138 0.7536231884057971
139 0.7553956834532374
140 0.7571428571428571
141 0.7588652482269503
142 0.7535211267605634
143 0.7482517482517482
144 0.75
145 0.7448275862068966
146 0.7397260273972602
147 0.7414965986394558
148 0.7364864864864865
149 0.7315436241610739
150 0.7333333333333333
151 0.7284768211920529
152 0.7302631578947368
153 0.7254901960784313
154 0.7272727272727273
155 0.7290322580645161
156 0.7243589743589743
157 0.7261146496815286
158 0.7215189873417721
159 0.7169811320754716
160 0.71875
161 0.7204968944099379
162 0.7222222222222222
163 0.7177914110429447
164 0.7195121951219512
165 0.7151515151515152
166 0.7108433734939759
167 0.7065868263473054
168 0.7023809523809523
169 0.6982248520710059
170 0.7
171 0.7017543859649122
172 0.6976744186046512
173 0.6994219653179191
174 0.7011494252873564
175 0.6971428571428572
176 0.6988636363636364
177 0.6949152542372882
178 0.6910112359550562
179 0.6871508379888268
180 0.6833333333333333
181 0.6850828729281768
182 0.6813186813186813
183 0.6775956284153005
184 0.6793478260869565
185 0.6756756756756757
186 0.6720430107526881
187 0.6684491978609626
188 0.6648936170212766
189 0.6666666666666666
190 0.6631578947368421
191 0.6596858638743456
192 0.6614583333333334
193 0.6580310880829016
194 0.654639175257732
195 0.6512820512820513
196 0.6530612244897959
197 0.649746192893401
198 0.6464646464646465
199 0.6432160804020101
200 0.64
201 0.6368159203980099
202 0.6336633663366337
203 0.6354679802955665
204 0.6372549019607843
205 0.6341463414634146
206 0.6310679611650486
207 0.6280193236714976
208 0.625
209 0.6267942583732058
210 0.6285714285714286
211 0.6255924170616114
212 0.6226415094339622
213 0.6197183098591549
214 0.616822429906542
215 0.6139534883720931
216 0.6157407407407407
217 0.6175115207373272
218 0.6146788990825688
219 0.6118721461187214
220 0.6136363636363636
221 0.6108597285067874
222 0.6126126126126126
223 0.6098654708520179
224 0.6071428571428571
225 0.6088888888888889
226 0.6061946902654868
227 0.6035242290748899
228 0.6008771929824561
229 0.5982532751091703
230 0.5956521739130435
231 0.5930735930735931
232 0.5948275862068966
233 0.592274678111588
234 0.5897435897435898
235 0.5872340425531914
236 0.5847457627118644
237 0.5822784810126582
238 0.5798319327731093
239 0.5774058577405857
240 0.575
241 0.5726141078838174
242 0.5702479338842975
243 0.5679012345679012
244 0.5655737704918032
245 0.563265306122449
246 0.5650406504065041
247 0.562753036437247
248 0.5604838709677419
249 0.5582329317269076
250 0.556
251 0.5537848605577689
252 0.5515873015873016
253 0.549407114624506
254 0.547244094488189
255 0.5450980392156862
256 0.546875
257 0.5486381322957199
258 0.5503875968992248
259 0.5482625482625483
260 0.55
261 0.5478927203065134
262 0.5458015267175572
263 0.5475285171102662
264 0.5454545454545454
265 0.5433962264150943
266 0.5451127819548872
267 0.5430711610486891
268 0.5410447761194029
269 0.5427509293680297
270 0.5407407407407407
271 0.5424354243542435
272 0.5404411764705882
273 0.5384615384615384
274 0.5364963503649635
275 0.5345454545454545
276 0.532608695652174
277 0.5306859205776173
278 0.5287769784172662
279 0.5304659498207885
280 0.5321428571428571
281 0.5302491103202847
282 0.5283687943262412
283 0.5265017667844523
284 0.5246478873239436
285 0.5228070175438596
286 0.5209790209790209
287 0.519163763066202
288 0.5173611111111112
289 0.5190311418685121
290 0.5172413793103449
291 0.5154639175257731
292 0.5136986301369864
293 0.5119453924914675
294 0.5102040816326531
295 0.5084745762711864
296 0.5101351351351351
297 0.5084175084175084
298 0.5067114093959731
299 0.5050167224080268
300 0.5033333333333333
301 0.5016611295681063
302 0.5
303 0.49834983498349833
304 0.4967105263157895
305 0.49508196721311476
306 0.4934640522875817
307 0.49185667752442996
308 0.4902597402597403
309 0.4886731391585761
310 0.49032258064516127
311 0.4919614147909968
312 0.49038461538461536
313 0.48881789137380194
314 0.4872611464968153
315 0.4857142857142857
316 0.48417721518987344
317 0.48264984227129337
318 0.4811320754716981
319 0.47962382445141066
320 0.478125
321 0.4797507788161994
322 0.4782608695652174
323 0.47678018575851394
324 0.47530864197530864
325 0.47384615384615386
326 0.4723926380368098
327 0.4709480122324159
328 0.4695121951219512
329 0.47112462006079026
330 0.4696969696969697
331 0.46827794561933533
332 0.46987951807228917
333 0.47147147147147145
334 0.47305389221556887
335 0.4716417910447761
336 0.47023809523809523
337 0.4688427299703264
338 0.46745562130177515
339 0.46607669616519176
340 0.4647058823529412
341 0.4662756598240469
342 0.4649122807017544
343 0.46355685131195334
344 0.46511627906976744
345 0.463768115942029
346 0.4624277456647399
347 0.4610951008645533
348 0.45977011494252873
349 0.4584527220630373
350 0.46
351 0.46153846153846156
352 0.4602272727272727
353 0.45892351274787535
354 0.4576271186440678
355 0.4563380281690141
356 0.4550561797752809
357 0.453781512605042
358 0.45251396648044695
359 0.45403899721448465
360 0.4527777777777778
361 0.4515235457063712
362 0.45027624309392267
363 0.45179063360881544
364 0.45054945054945056
365 0.44931506849315067
366 0.44808743169398907
367 0.44686648501362397
368 0.4483695652173913
369 0.44715447154471544
370 0.44594594594594594
371 0.444743935309973
372 0.4435483870967742
373 0.44235924932975873
374 0.4411764705882353
375 0.44266666666666665
376 0.44148936170212766
377 0.44297082228116713
378 0.4417989417989418
379 0.44063324538258575
380 0.4421052631578947
381 0.4409448818897638
382 0.4397905759162304
383 0.4386422976501306
384 0.4401041666666667
385 0.43896103896103894
386 0.4378238341968912
387 0.43669250645994834
388 0.43556701030927836
389 0.4370179948586118
390 0.4358974358974359
391 0.43478260869565216
392 0.4336734693877551
393 0.43256997455470736
394 0.434010152284264
395 0.43291139240506327
396 0.4318181818181818
397 0.4332493702770781
398 0.4321608040201005
399 0.43107769423558895
400 0.43
401 0.428927680798005
402 0.43034825870646765
403 0.4292803970223325
404 0.4282178217821782
405 0.4271604938271605
406 0.42610837438423643
407 0.4250614250614251
408 0.42401960784313725
409 0.4229828850855746
410 0.4219512195121951
411 0.4209245742092457
412 0.4199029126213592
413 0.4188861985472155
414 0.4178743961352657
415 0.41686746987951806
416 0.41586538461538464
417 0.4148681055155875
418 0.4138755980861244
419 0.4128878281622912
420 0.4119047619047619
421 0.41092636579572445
422 0.4099526066350711
423 0.408983451536643
424 0.4080188679245283
425 0.40941176470588236
426 0.4084507042253521
427 0.40749414519906324
428 0.40654205607476634
429 0.40559440559440557
430 0.4046511627906977
431 0.4037122969837587
432 0.4027777777777778
433 0.4018475750577367
434 0.4032258064516129
435 0.40229885057471265
436 0.4013761467889908
437 0.40045766590389015
438 0.3995433789954338
439 0.39863325740318906
440 0.4
441 0.39909297052154197
442 0.39819004524886875
443 0.3972911963882618
444 0.3963963963963964
445 0.3955056179775281
446 0.39461883408071746
447 0.39373601789709173
448 0.39285714285714285
449 0.39198218262806234
450 0.39111111111111113
451 0.3902439024390244
452 0.3893805309734513
453 0.39072847682119205
454 0.3898678414096916
455 0.389010989010989
456 0.3881578947368421
457 0.387308533916849
458 0.3864628820960699
459 0.38562091503267976
460 0.3847826086956522
461 0.3839479392624729
462 0.38311688311688313
463 0.38228941684665224
464 0.38146551724137934
465 0.38064516129032255
466 0.3798283261802575
467 0.3811563169164882
468 0.3803418803418803
469 0.3795309168443497
470 0.37872340425531914
471 0.37791932059447986
472 0.3771186440677966
473 0.3763213530655391
474 0.3755274261603376
475 0.37473684210526315
476 0.3739495798319328
477 0.3731656184486373
478 0.3723849372384937
479 0.3736951983298539
480 0.3729166666666667
481 0.37214137214137216
482 0.37136929460580914
483 0.37060041407867494
484 0.36983471074380164
485 0.36907216494845363
486 0.3683127572016461
487 0.3675564681724846
488 0.3668032786885246
489 0.3660531697341513
490 0.3653061224489796
491 0.3645621181262729
492 0.3638211382113821
493 0.3630831643002028
494 0.3623481781376518
495 0.3616161616161616
496 0.36088709677419356
497 0.36217303822937624
498 0.3614457831325301
499 0.36072144288577157
500 0.36
501 0.3592814371257485
502 0.35856573705179284
503 0.35984095427435386
504 0.35912698412698413
505 0.3584158415841584
506 0.3577075098814229
507 0.35700197238658776
508 0.3562992125984252
509 0.3555992141453831
510 0.35490196078431374
511 0.3542074363992172
512 0.353515625
513 0.35282651072124754
514 0.3521400778210117
515 0.35145631067961164
516 0.3507751937984496
517 0.35009671179883944
518 0.34942084942084944
519 0.348747591522158
520 0.34807692307692306
521 0.3474088291746641
522 0.34674329501915707
523 0.34608030592734224
524 0.34541984732824427
525 0.34476190476190477
526 0.344106463878327
527 0.34345351043643263
528 0.3428030303030303
529 0.34215500945179583
530 0.34150943396226413
531 0.3408662900188324
532 0.34022556390977443
533 0.3395872420262664
534 0.3389513108614232
535 0.3383177570093458
536 0.3376865671641791
537 0.33891992551210426
538 0.34014869888475835
539 0.34137291280148424
540 0.34074074074074073
541 0.34011090573012936
542 0.33948339483394835
543 0.3388581952117864
544 0.3382352941176471
545 0.3376146788990826
546 0.336996336996337
547 0.33638025594149906
548 0.3375912408759124
549 0.33697632058287796
550 0.33636363636363636
551 0.33575317604355714
552 0.3351449275362319
553 0.3345388788426763
554 0.33393501805054154
555 0.3333333333333333
556 0.3327338129496403
557 0.3339317773788151
558 0.3333333333333333
559 0.33273703041144903
560 0.33214285714285713
561 0.3315508021390374
562 0.3309608540925267
563 0.33037300177619894
564 0.33156028368794327
565 0.3309734513274336
566 0.3303886925795053
567 0.3298059964726631
568 0.32922535211267606
569 0.3286467486818981
570 0.3280701754385965
571 0.3274956217162872
572 0.3269230769230769
573 0.3263525305410122
574 0.32578397212543553
575 0.3269565217391304
576 0.328125
577 0.3275563258232236
578 0.32698961937716264
579 0.32642487046632124
580 0.3258620689655172
581 0.3253012048192771
582 0.32646048109965636
583 0.3259005145797599
584 0.3253424657534247
585 0.3247863247863248
586 0.3242320819112628
587 0.32367972742759793
588 0.3231292517006803
589 0.3225806451612903
590 0.3220338983050847
591 0.32148900169204736
592 0.32094594594594594
593 0.32040472175379425
594 0.31986531986531985
595 0.31932773109243695
596 0.3187919463087248
597 0.31825795644891125
598 0.3177257525083612
599 0.31719532554257096
600 0.31666666666666665
601 0.3178036605657238
602 0.31727574750830567
603 0.3167495854063018
604 0.3162251655629139
605 0.315702479338843
606 0.31518151815181517
607 0.31466227347611203
608 0.31414473684210525
609 0.3136288998357964
610 0.31311475409836065
611 0.31260229132569556
612 0.31209150326797386
613 0.31158238172920066
614 0.3127035830618892
615 0.3121951219512195
616 0.3116883116883117
617 0.31118314424635335
618 0.3106796116504854
619 0.31017770597738287
620 0.3096774193548387
621 0.30917874396135264
622 0.3102893890675241
623 0.3097913322632424
624 0.3092948717948718
625 0.3088
626 0.3083067092651757
627 0.3078149920255183
628 0.3073248407643312
629 0.3068362480127186
630 0.30793650793650795
631 0.3074484944532488
632 0.3069620253164557
633 0.30647709320695105
634 0.305993690851735
635 0.30551181102362207
636 0.3050314465408805
637 0.304552590266876
638 0.30407523510971785
639 0.30359937402190923
640 0.303125
641 0.30265210608424337
642 0.30218068535825543
643 0.30171073094867806
644 0.30124223602484473
645 0.30077519379844964
646 0.30030959752321984
647 0.29984544049459044
648 0.2993827160493827
649 0.300462249614792
650 0.3
651 0.2995391705069124
652 0.299079754601227
653 0.2986217457886677
654 0.2981651376146789
655 0.29770992366412213
656 0.2972560975609756
657 0.2968036529680365
658 0.29635258358662614
659 0.2959028831562974
660 0.29545454545454547
661 0.2950075642965204
662 0.2945619335347432
663 0.29411764705882354
664 0.2936746987951807
665 0.2932330827067669
666 0.2927927927927928
667 0.2938530734632684
668 0.2934131736526946
669 0.2929745889387145
670 0.29253731343283584
671 0.29210134128166915
672 0.2916666666666667
673 0.2912332838038633
674 0.29080118694362017
675 0.2903703703703704
676 0.28994082840236685
677 0.29098966026587886
678 0.29056047197640117
679 0.2916053019145803
680 0.2911764705882353
681 0.2907488986784141
682 0.2903225806451613
683 0.28989751098096633
684 0.2894736842105263
685 0.28905109489051095
686 0.2886297376093295
687 0.28820960698689957
688 0.28924418604651164
689 0.2888243831640058
690 0.28840579710144926
691 0.28798842257597684
692 0.2875722543352601
693 0.2886002886002886
694 0.2881844380403458
695 0.28776978417266186
696 0.28735632183908044
697 0.28694404591104733
698 0.28653295128939826
699 0.2861230329041488
700 0.2857142857142857
701 0.28530670470756064
702 0.2849002849002849
703 0.2844950213371266
704 0.2840909090909091
705 0.28368794326241137
706 0.28328611898017
707 0.2828854314002829
708 0.2824858757062147
709 0.2820874471086037
710 0.28169014084507044
711 0.2812939521800281
712 0.2808988764044944
713 0.2805049088359046
714 0.2801120448179272
715 0.2811188811188811
716 0.2807262569832402
717 0.2803347280334728
718 0.2799442896935933
719 0.2795549374130737
720 0.2791666666666667
721 0.2787794729542302
722 0.278393351800554
723 0.27800829875518673
724 0.2776243093922652
725 0.2772413793103448
726 0.2768595041322314
727 0.27785419532324623
728 0.2774725274725275
729 0.2784636488340192
730 0.27808219178082194
731 0.2777017783857729
732 0.2773224043715847
733 0.27694406548431105
734 0.276566757493188
735 0.2761904761904762
736 0.2758152173913043
737 0.27544097693351427
738 0.2764227642276423
739 0.27604871447902574
740 0.2756756756756757
741 0.27530364372469635
742 0.2749326145552561
743 0.27456258411843876
744 0.27419354838709675
745 0.2738255033557047
746 0.2734584450402145
747 0.2744310575635877
748 0.27406417112299464
749 0.27369826435246997
750 0.2733333333333333
751 0.2729693741677763
752 0.2726063829787234
753 0.27224435590969454
754 0.2718832891246684
755 0.271523178807947
756 0.27116402116402116
757 0.27080581241743723
758 0.2704485488126649
759 0.27140974967061926
760 0.2710526315789474
761 0.2706964520367937
762 0.27034120734908135
763 0.2699868938401048
764 0.2696335078534031
765 0.269281045751634
766 0.2689295039164491
767 0.2685788787483703
768 0.2682291666666667
769 0.26788036410923277
770 0.2675324675324675
771 0.26718547341115434
772 0.266839378238342
773 0.2664941785252264
774 0.2661498708010336
775 0.2658064516129032
776 0.2654639175257732
777 0.2651222651222651
778 0.2647814910025707
779 0.2644415917843389
780 0.2641025641025641
781 0.26376440460947503
782 0.26342710997442453
783 0.26309067688378035
784 0.2627551020408163
785 0.2624203821656051
786 0.26208651399491095
787 0.2617534942820839
788 0.2614213197969543
789 0.2623574144486692
790 0.2620253164556962
791 0.2629582806573957
792 0.26262626262626265
793 0.26229508196721313
794 0.2619647355163728
795 0.26163522012578616
796 0.2613065326633166
797 0.26097867001254704
798 0.2606516290726817
799 0.26032540675844806
800 0.26
801 0.2596754057428215
802 0.2593516209476309
803 0.2590286425902864
804 0.25870646766169153
805 0.25838509316770186
806 0.25806451612903225
807 0.2577447335811648
808 0.25742574257425743
809 0.25710754017305315
810 0.25679012345679014
811 0.25770653514180025
812 0.25738916256157635
813 0.25830258302583026
814 0.257985257985258
815 0.25766871165644173
816 0.25735294117647056
817 0.25703794369645044
818 0.2567237163814181
819 0.2564102564102564
820 0.25609756097560976
821 0.2557856272838002
822 0.25547445255474455
823 0.2551640340218712
824 0.25485436893203883
825 0.2545454545454545
826 0.2542372881355932
827 0.2539298669891173
828 0.2536231884057971
829 0.25331724969843183
830 0.25301204819277107
831 0.2527075812274368
832 0.25240384615384615
833 0.25210084033613445
834 0.2517985611510791
835 0.25149700598802394
836 0.25239234449760767
837 0.2520908004778972
838 0.25178997613365156
839 0.25148986889153757
840 0.2511904761904762
841 0.25089179548156954
842 0.2505938242280285
843 0.25029655990510086
844 0.25
845 0.24970414201183433
846 0.24940898345153664
847 0.24911452184179456
848 0.24882075471698112
849 0.24852767962308597
850 0.24823529411764705
851 0.24794359576968272
852 0.2476525821596244
853 0.2473622508792497
854 0.24707259953161592
855 0.247953216374269
856 0.24766355140186916
857 0.24737456242707118
858 0.24825174825174826
859 0.2479627473806752
860 0.24767441860465117
861 0.24854819976771197
862 0.2482598607888631
863 0.24797219003476245
864 0.24768518518518517
865 0.24739884393063583
866 0.2471131639722864
867 0.24682814302191464
868 0.2465437788018433
869 0.24626006904487918
870 0.24597701149425288
871 0.24569460390355913
872 0.24541284403669725
873 0.24513172966781213
874 0.2448512585812357
875 0.24457142857142858
876 0.24429223744292236
877 0.24401368301026224
878 0.2437357630979499
879 0.2434584755403868
880 0.2431818181818182
881 0.24290578887627695
882 0.24263038548752835
883 0.24235560588901472
884 0.2420814479638009
885 0.24180790960451978
886 0.24153498871331827
887 0.24126268320180383
888 0.240990990990991
889 0.2407199100112486
890 0.24044943820224718
891 0.24017957351290684
892 0.2399103139013453
893 0.23964165733482642
894 0.23937360178970918
895 0.23910614525139665
896 0.23883928571428573
897 0.23857302118171683
898 0.2383073496659243
899 0.23804226918798665
900 0.23777777777777778
901 0.23751387347391786
902 0.23835920177383593
903 0.23809523809523808
904 0.23783185840707965
905 0.23756906077348067
906 0.23730684326710816
907 0.237045203969129
908 0.23788546255506607
909 0.2376237623762376
910 0.23736263736263735
911 0.23710208562019758
912 0.23684210526315788
913 0.23658269441401972
914 0.2363238512035011
915 0.2360655737704918
916 0.23580786026200873
917 0.23555070883315157
918 0.23529411764705882
919 0.235038084874864
920 0.23478260869565218
921 0.23452768729641693
922 0.23427331887201736
923 0.23401950162513543
924 0.23376623376623376
925 0.23351351351351352
926 0.23326133909287258
927 0.23300970873786409
928 0.23275862068965517
929 0.232508073196986
930 0.23225806451612904
931 0.23308270676691728
932 0.23283261802575106
933 0.23258306538049303
934 0.23233404710920771
935 0.2320855614973262
936 0.23183760683760685
937 0.23159018143009605
938 0.23134328358208955
939 0.23109691160809373
940 0.23085106382978723
941 0.230605738575983
942 0.23036093418259024
943 0.2301166489925769
944 0.2298728813559322
945 0.22962962962962963
946 0.22938689217758984
947 0.22914466737064415
948 0.2289029535864979
949 0.22866174920969443
950 0.22842105263157894
951 0.22818086225026288
952 0.22794117647058823
953 0.22770199370409233
954 0.22746331236897274
955 0.22722513089005236
956 0.22698744769874477
957 0.2277951933124347
958 0.22755741127348644
959 0.2273201251303441
960 0.22708333333333333
961 0.22684703433922998
962 0.22661122661122662
963 0.22637590861889928
964 0.22614107883817428
965 0.22590673575129533
966 0.2267080745341615
967 0.2264736297828335
968 0.22727272727272727
969 0.22703818369453044
970 0.2268041237113402
971 0.22657054582904224
972 0.22633744855967078
973 0.2261048304213772
974 0.22587268993839835
975 0.22564102564102564
976 0.22540983606557377
977 0.22517911975435004
978 0.2249488752556237
979 0.2247191011235955
980 0.22448979591836735
981 0.22426095820591233
982 0.2240325865580448
983 0.22380467955239064
984 0.22357723577235772
985 0.2233502538071066
986 0.2231237322515213
987 0.22289766970618036
988 0.22267206477732793
989 0.2224469160768453
990 0.2222222222222222
991 0.22199798183652875
992 0.2217741935483871
993 0.2215508559919436
994 0.22132796780684105
995 0.22110552763819097
996 0.22088353413654618
997 0.22066198595787362
998 0.22044088176352705
999 0.22022022022022023
1000 0.22
1001 0.21978021978021978
1002 0.21956087824351297
1003 0.2193419740777667
1004 0.21912350597609562
1005 0.21890547263681592
1006 0.21868787276341947
1007 0.21847070506454816
1008 0.21825396825396826
1009 0.2180376610505451
1010 0.21782178217821782
1011 0.2176063303659743
1012 0.21739130434782608
1013 0.21816386969397827
1014 0.21794871794871795
1015 0.21773399014778325
1016 0.21751968503937008
1017 0.21730580137659783
1018 0.21709233791748528
1019 0.2168792934249264
1020 0.21666666666666667
1021 0.21645445641527913
1022 0.2162426614481409
1023 0.21603128054740958
1024 0.2158203125
1025 0.21560975609756097
1026 0.21539961013645223
1027 0.21518987341772153
1028 0.21498054474708173
1029 0.21477162293488825
1030 0.2145631067961165
1031 0.21532492725509214
1032 0.21511627906976744
1033 0.2149080348499516
1034 0.21470019342359767
1035 0.21545893719806763
1036 0.21525096525096524
1037 0.21504339440694312
1038 0.21483622350674375
1039 0.21462945139557266
1040 0.2144230769230769
1041 0.21421709894332372
1042 0.21401151631477927
1043 0.21380632790028764
1044 0.2136015325670498
1045 0.21339712918660286
1046 0.21319311663479923
1047 0.21298949379178606
1048 0.21278625954198474
1049 0.21258341277407056
1050 0.2123809523809524
1051 0.21217887725975262
1052 0.21197718631178708
1053 0.2117758784425451
1054 0.21157495256166983
1055 0.21137440758293838
1056 0.21117424242424243
1057 0.2109744560075686
1058 0.2107750472589792
1059 0.210576015108593
1060 0.21037735849056605
1061 0.21017907634307256
1062 0.20998116760828625
1063 0.20978363123236124
1064 0.20958646616541354
1065 0.20938967136150236
1066 0.20919324577861162
1067 0.20899718837863168
1068 0.20880149812734083
1069 0.20860617399438727
1070 0.20841121495327103
1071 0.20821661998132587
1072 0.2080223880597015
1073 0.20782851817334577
1074 0.20763500931098697
1075 0.20744186046511628
1076 0.20724907063197026
1077 0.20705663881151345
1078 0.20686456400742115
1079 0.20667284522706209
1080 0.2064814814814815
1081 0.2062904717853839
1082 0.20609981515711645
1083 0.2059095106186519
1084 0.20571955719557194
1085 0.2055299539170507
1086 0.20534069981583794
1087 0.20515179392824287
1088 0.20496323529411764
1089 0.20477502295684114
1090 0.20458715596330276
1091 0.20439963336388633
1092 0.2042124542124542
1093 0.2040256175663312
1094 0.20383912248628885
1095 0.20365296803652969
1096 0.20346715328467152
1097 0.203281677301732
1098 0.20309653916211293
1099 0.20382165605095542
1100 0.20363636363636364
1101 0.20345140781108084
1102 0.20326678765880218
1103 0.20308250226654578
1104 0.2028985507246377
1105 0.20271493212669683
1106 0.20253164556962025
1107 0.2023486901535682
1108 0.20216606498194944
1109 0.20198376916140667
1110 0.2018018018018018
1111 0.20162016201620162
1112 0.2014388489208633
1113 0.20125786163522014
1114 0.20107719928186715
1115 0.20089686098654708
1116 0.2007168458781362
1117 0.20053715308863027
1118 0.2003577817531306
1119 0.20017873100983022
1120 0.2
1121 0.19982158786797502
1122 0.19964349376114082
1123 0.19946571682991987
1124 0.199288256227758
1125 0.1991111111111111
1126 0.1989342806394316
1127 0.19875776397515527
1128 0.19858156028368795
1129 0.19840566873339238
1130 0.19823008849557522
1131 0.19805481874447392
1132 0.1978798586572438
1133 0.1977052074139453
1134 0.19753086419753085
1135 0.1973568281938326
1136 0.19718309859154928
1137 0.19700967458223395
1138 0.1968365553602812
1139 0.19666374012291485
1140 0.19649122807017544
1141 0.19631901840490798
1142 0.19614711033274956
1143 0.19597550306211722
1144 0.1958041958041958
1145 0.19563318777292577
1146 0.19546247818499127
1147 0.1952920662598082
1148 0.1951219512195122
1149 0.19495213228894692
1150 0.19478260869565217
1151 0.19461337966985232
1152 0.19444444444444445
1153 0.194275802254987
1154 0.19410745233968804
1155 0.19393939393939394
1156 0.19377162629757785
1157 0.19360414866032843
1158 0.19343696027633853
1159 0.19327006039689387
1160 0.19310344827586207
1161 0.1929371231696813
1162 0.1927710843373494
1163 0.19260533104041272
1164 0.19243986254295534
1165 0.192274678111588
1166 0.19210977701543738
1167 0.1919451585261354
1168 0.1917808219178082
1169 0.19161676646706588
1170 0.19145299145299147
1171 0.19128949615713065
1172 0.19112627986348124
1173 0.19096334185848252
1174 0.19080068143100512
1175 0.19063829787234043
1176 0.19047619047619047
1177 0.1903143585386576
1178 0.19015280135823429
1179 0.18999151823579305
1180 0.18983050847457628
1181 0.1896697713801863
1182 0.1895093062605753
1183 0.1893491124260355
1184 0.1891891891891892
1185 0.1890295358649789
1186 0.18887015177065766
1187 0.18871103622577928
1188 0.18855218855218855
1189 0.1883936080740118
1190 0.18823529411764706
1191 0.18807724601175482
1192 0.18791946308724833
1193 0.18776194467728416
1194 0.18760469011725292
1195 0.18744769874476988
1196 0.18729096989966554
1197 0.1871345029239766
1198 0.18697829716193656
1199 0.18682235195996663
1200 0.18666666666666668
1201 0.186511240632806
1202 0.18635607321131448
1203 0.18703241895261846
1204 0.1877076411960133
1205 0.187551867219917
1206 0.18739635157545606
1207 0.1872410936205468
1208 0.1870860927152318
1209 0.1869313482216708
1210 0.18677685950413223
1211 0.18662262592898432
1212 0.18646864686468648
1213 0.1863149216817807
1214 0.18616144975288304
1215 0.1860082304526749
1216 0.18585526315789475
1217 0.18570254724732949
1218 0.18555008210180624
1219 0.18539786710418377
1220 0.18524590163934426
1221 0.1850941850941851
1222 0.18494271685761046
1223 0.1847914963205233
1224 0.184640522875817
1225 0.18448979591836734
1226 0.18433931484502447
1227 0.18418907905460472
1228 0.18403908794788273
1229 0.1838893409275834
1230 0.183739837398374
1231 0.18359057676685622
1232 0.18344155844155843
1233 0.18329278183292783
1234 0.18314424635332252
1235 0.18299595141700406
1236 0.18284789644012944
1237 0.18270008084074374
1238 0.1825525040387722
1239 0.1824051654560129
1240 0.18225806451612903
1241 0.18211120064464142
1242 0.1819645732689211
1243 0.18181818181818182
1244 0.18167202572347266
1245 0.18152610441767067
1246 0.18138041733547353
1247 0.18123496391339214
1248 0.18108974358974358
1249 0.18094475580464373
1250 0.1808
1251 0.1806554756195044
1252 0.1805111821086262
1253 0.18036711891460494
1254 0.18022328548644337
1255 0.1800796812749004
1256 0.17993630573248406
1257 0.17979315831344472
1258 0.17965023847376788
1259 0.17950754567116758
1260 0.17936507936507937
1261 0.17922283901665345
1262 0.179080824088748
1263 0.1789390340459224
1264 0.1787974683544304
1265 0.17865612648221343
1266 0.17851500789889416
1267 0.17837411207576953
1268 0.17823343848580442
1269 0.1780929866036249
1270 0.17795275590551182
1271 0.1778127458693942
1272 0.17767295597484276
1273 0.17753338570306362
1274 0.17739403453689168
1275 0.1772549019607843
1276 0.17711598746081506
1277 0.17697729052466718
1278 0.17683881064162754
1279 0.17670054730258014
1280 0.1765625
1281 0.17642466822794692
1282 0.17628705148205928
1283 0.17614964925954793
1284 0.17601246105919002
1285 0.17665369649805449
1286 0.17651632970451012
1287 0.17637917637917638
1288 0.17624223602484473
1289 0.1761055081458495
1290 0.175968992248062
1291 0.1758326878388846
1292 0.17569659442724458
1293 0.17556071152358854
1294 0.17542503863987635
1295 0.17528957528957528
1296 0.17515432098765432
1297 0.17501927525057825
1298 0.17565485362095531
1299 0.17551963048498845
1300 0.1753846153846154
1301 0.17524980784012298
1302 0.17511520737327188
1303 0.17498081350729086
1304 0.17484662576687116
1305 0.17471264367816092
1306 0.17457886676875958
1307 0.17444529456771232
1308 0.1743119266055046
1309 0.17417876241405653
1310 0.17404580152671756
1311 0.17391304347826086
1312 0.17378048780487804
1313 0.17364813404417365
1314 0.1735159817351598
1315 0.17338403041825096
1316 0.17325227963525835
1317 0.17312072892938496
1318 0.17298937784522003
1319 0.1728582259287339
1320 0.17272727272727273
1321 0.17259651778955337
1322 0.17246596066565809
1323 0.17233560090702948
1324 0.17220543806646527
1325 0.1720754716981132
1326 0.17194570135746606
1327 0.17181612660135645
1328 0.1716867469879518
1329 0.17155756207674944
1330 0.17218045112781954
1331 0.1720510894064613
1332 0.17192192192192193
1333 0.17179294823705926
1334 0.17166416791604197
1335 0.17153558052434456
1336 0.17140718562874252
1337 0.1712789827973074
1338 0.1711509715994021
1339 0.17102315160567588
1340 0.1708955223880597
1341 0.17076808351976136
1342 0.1706408345752608
1343 0.17051377513030527
1344 0.17113095238095238
1345 0.17100371747211895
1346 0.17087667161961367
1347 0.17074981440237566
1348 0.17062314540059348
1349 0.17049666419570053
1350 0.17037037037037037
1351 0.1702442635085122
1352 0.17011834319526628
1353 0.17073170731707318
1354 0.1706056129985229
1355 0.17047970479704797
1356 0.17035398230088494
1357 0.1709653647752395
1358 0.17083946980854198
1359 0.17071376011773362
1360 0.17058823529411765
1361 0.1704628949301984
1362 0.17033773861967694
1363 0.1702127659574468
1364 0.17008797653958943
1365 0.16996336996336997
1366 0.1698389458272328
1367 0.16971470373079736
1368 0.1695906432748538
1369 0.16946676406135866
1370 0.16934306569343066
1371 0.16921954777534645
1372 0.16909620991253643
1373 0.16897305171158047
1374 0.16885007278020378
1375 0.16872727272727273
1376 0.1686046511627907
1377 0.16848220769789396
1378 0.1683599419448476
1379 0.16823785351704135
1380 0.1681159420289855
1381 0.16799420709630702
1382 0.1678726483357453
1383 0.16775126536514823
1384 0.1676300578034682
1385 0.16750902527075812
1386 0.1673881673881674
1387 0.167267483777938
1388 0.16714697406340057
1389 0.16702663786897048
1390 0.1669064748201439
1391 0.1667864845434939
1392 0.16666666666666666
1393 0.1665470208183776
1394 0.16642754662840745
1395 0.16630824372759856
1396 0.166189111747851
1397 0.16607015032211883
1398 0.1659513590844063
1399 0.1658327376697641
1400 0.1657142857142857
1401 0.1655960028551035
1402 0.16547788873038516
1403 0.16535994297933002
1404 0.16524216524216523
1405 0.16512455516014235
1406 0.16500711237553342
1407 0.1648898365316276
1408 0.16477272727272727
1409 0.1646557842441448
1410 0.16453900709219857
1411 0.16513111268603828
1412 0.165014164305949
1413 0.164897381457891
1414 0.16478076379066478
1415 0.16466431095406361
1416 0.16454802259887005
1417 0.16443189837685251
1418 0.16431593794076163
1419 0.164200140944327
1420 0.16408450704225352
1421 0.16396903589021816
1422 0.16385372714486637
1423 0.16373858046380885
1424 0.16362359550561797
1425 0.16350877192982455
1426 0.16339410939691446
1427 0.16327960756832516
1428 0.16316526610644258
1429 0.1630510846745976
1430 0.16293706293706295
1431 0.1628232005590496
1432 0.1627094972067039
1433 0.162595952547104
1434 0.16248256624825663
1435 0.16236933797909409
1436 0.16225626740947074
1437 0.162839248434238
1438 0.1627260083449235
1439 0.1626129256428075
1440 0.1625
1441 0.16238723108952116
1442 0.1622746185852982
1443 0.16216216216216217
1444 0.16274238227146814
1445 0.16262975778546712
1446 0.16251728907330568
1447 0.16240497581202487
1448 0.162292817679558
1449 0.1621808143547274
1450 0.16206896551724137
1451 0.16195727084769124
1452 0.1618457300275482
1453 0.16173434273916035
1454 0.16162310866574967
1455 0.16151202749140894
1456 0.1614010989010989
1457 0.16129032258064516
1458 0.16117969821673525
1459 0.16106922549691569
1460 0.16095890410958905
1461 0.16084873374401096
1462 0.16073871409028728
1463 0.16062884483937115
1464 0.16051912568306012
1465 0.16040955631399317
1466 0.16030013642564803
1467 0.1601908657123381
1468 0.1600817438692098
1469 0.15997277059223963
1470 0.1598639455782313
1471 0.15975526852481306
1472 0.15964673913043478
1473 0.15953835709436523
1474 0.15943012211668928
1475 0.15932203389830507
1476 0.15921409214092141
1477 0.15910629654705485
1478 0.15899864682002707
1479 0.15889114266396215
1480 0.15878378378378377
1481 0.1586765698852127
1482 0.15856950067476383
1483 0.15846257585974377
1484 0.158355795148248
1485 0.15824915824915825
1486 0.15814266487213996
1487 0.15803631472763954
1488 0.15793010752688172
1489 0.15782404298186703
1490 0.15771812080536912
1491 0.15761234071093225
1492 0.15750670241286863
1493 0.15740120562625587
1494 0.15729585006693442
1495 0.15719063545150502
1496 0.1570855614973262
1497 0.1569806279225117
1498 0.1568758344459279
1499 0.15677118078719146
1500 0.15666666666666668
1501 0.15656229180546302
1502 0.15645805592543274
1503 0.15635395874916833
1504 0.15625
1505 0.15614617940199335
1506 0.15604249667994688
1507 0.15593895155938953
1508 0.15583554376657824
1509 0.15573227302849568
1510 0.15562913907284767
1511 0.1555261416280609
1512 0.15542328042328044
1513 0.1553205551883675
1514 0.15521796565389695
1515 0.1551155115511551
1516 0.1550131926121372
1517 0.15491100856954515
1518 0.15480895915678525
1519 0.15470704410796576
1520 0.15460526315789475
1521 0.15450361604207757
1522 0.15440210249671485
1523 0.15430072225869992
1524 0.1541994750656168
1525 0.1540983606557377
1526 0.15399737876802097
1527 0.15389652914210872
1528 0.1537958115183246
1529 0.15369522563767168
1530 0.15359477124183007
1531 0.1534944480731548
1532 0.15339425587467362
1533 0.1532941943900848
1534 0.15319426336375488
1535 0.15309446254071662
1536 0.15299479166666666
1537 0.15289525048796357
1538 0.1527958387516255
1539 0.15269655620532813
1540 0.1525974025974026
1541 0.15249837767683322
1542 0.15239948119325553
1543 0.152300712896954
1544 0.15220207253886012
1545 0.15210355987055016
1546 0.1520051746442432
1547 0.15190691661279895
1548 0.15180878552971577
1549 0.15235635894125243
1550 0.15225806451612903
1551 0.1521598968407479
1552 0.15206185567010308
1553 0.1519639407598197
1554 0.15186615186615188
1555 0.1517684887459807
1556 0.15167095115681234
1557 0.15157353885677585
1558 0.1514762516046213
1559 0.15137908915971776
1560 0.15128205128205127
1561 0.15118513773222295
1562 0.15108834827144688
1563 0.1509916826615483
1564 0.15089514066496162
1565 0.15079872204472844
1566 0.15070242656449553
1567 0.15060625398851307
1568 0.15051020408163265
1569 0.1504142766093053
1570 0.1503184713375796
1571 0.15022278803309994
1572 0.15012722646310434
1573 0.15003178639542275
1574 0.14993646759847523
1575 0.14984126984126983
1576 0.14974619289340102
1577 0.14965123652504755
1578 0.14955640050697086
1579 0.14946168461051298
1580 0.14936708860759493
1581 0.14927261227071473
1582 0.14917825537294563
1583 0.1490840176879343
1584 0.14898989898989898
1585 0.14889589905362777
1586 0.14880201765447668
1587 0.148708254568368
1588 0.1486146095717884
1589 0.1485210824417873
1590 0.14842767295597484
1591 0.14833438089252043
1592 0.14824120603015076
1593 0.14814814814814814
1594 0.1480552070263488
1595 0.14796238244514107
1596 0.14786967418546365
1597 0.14777708202880402
1598 0.1476846057571965
1599 0.14759224515322075
1600 0.1475
1601 0.14740787008119924
1602 0.14731585518102372
1603 0.1472239550842171
1604 0.14713216957605985
1605 0.1470404984423676
1606 0.14757160647571607
1607 0.14747977598008713
1608 0.14738805970149255
1609 0.14729645742697328
1610 0.14720496894409937
1611 0.14711359404096835
1612 0.14702233250620347
1613 0.14693118412895226
1614 0.14684014869888476
1615 0.14674922600619195
1616 0.14665841584158415
1617 0.14656771799628943
1618 0.14647713226205192
1619 0.14638665843113033
1620 0.14629629629629629
1621 0.1462060456508328
1622 0.1461159062885327
1623 0.14602587800369685
1624 0.145935960591133
1625 0.14584615384615385
1626 0.14575645756457564
1627 0.14566687154271665
1628 0.14557739557739557
1629 0.14548802946593
1630 0.14539877300613496
1631 0.14530962599632127
1632 0.14522058823529413
1633 0.1451316595223515
1634 0.14504283965728273
1635 0.14495412844036698
1636 0.14486552567237163
1637 0.144777031154551
1638 0.1446886446886447
1639 0.14460036607687615
1640 0.1445121951219512
1641 0.14442413162705667
1642 0.14433617539585872
1643 0.14424832623250153
1644 0.14416058394160583
1645 0.14407294832826747
1646 0.14398541919805588
1647 0.14389799635701275
1648 0.14381067961165048
1649 0.14372346876895087
1650 0.14363636363636365
1651 0.14354936402180496
1652 0.14346246973365617
1653 0.14337568058076225
1654 0.14328899637243048
1655 0.143202416918429
1656 0.1431159420289855
1657 0.14302957151478576
1658 0.14294330518697226
1659 0.14285714285714285
1660 0.1427710843373494
1661 0.14268512944009631
1662 0.14259927797833935
1663 0.14251352976548406
1664 0.1424278846153846
1665 0.14234234234234233
1666 0.14225690276110445
1667 0.14217156568686262
1668 0.1420863309352518
1669 0.1420011983223487
1670 0.14191616766467066
1671 0.14183123877917414
1672 0.1417464114832536
1673 0.14166168559474
1674 0.14157706093189965
1675 0.14149253731343284
1676 0.14140811455847255
1677 0.1413237924865832
1678 0.14123957091775924
1679 0.14115544967242405
1680 0.14107142857142857
1681 0.14098750743604996
1682 0.14090368608799048
1683 0.1408199643493761
1684 0.14073634204275534
1685 0.1406528189910979
1686 0.14056939501779359
1687 0.14048606994665086
1688 0.14040284360189573
1689 0.14031971580817051
1690 0.14023668639053255
1691 0.140153755174453
1692 0.1400709219858156
1693 0.13998818665091553
1694 0.1399055489964581
1695 0.13982300884955753
1696 0.13974056603773585
1697 0.13965822038892162
1698 0.14016489988221437
1699 0.14008240141259565
1700 0.14
1701 0.13991769547325103
1702 0.1398354876615746
1703 0.13975337639459776
1704 0.1396713615023474
1705 0.13958944281524927
1706 0.1395076201641266
1707 0.13942589338019917
1708 0.13934426229508196
1709 0.13926272674078408
1710 0.1391812865497076
1711 0.13909994155464642
1712 0.13901869158878505
1713 0.1389375364856976
1714 0.13885647607934656
1715 0.13877551020408163
1716 0.1386946386946387
1717 0.13861386138613863
1718 0.13853317811408614
1719 0.13845258871436883
1720 0.13837209302325582
1721 0.13829169087739687
1722 0.13821138211382114
1723 0.13813116656993615
1724 0.13805104408352667
1725 0.13797101449275362
1726 0.13789107763615296
1727 0.13781123335263462
1728 0.13773148148148148
1729 0.13765182186234817
1730 0.1375722543352601
1731 0.13749277874061236
1732 0.1374133949191686
1733 0.13733410271206
1734 0.13725490196078433
1735 0.1371757925072046
1736 0.13709677419354838
1737 0.13701784686240645
1738 0.13693901035673187
1739 0.136860264519839
1740 0.1367816091954023
1741 0.1372774267662263
1742 0.13719862227324914
1743 0.13711990820424555
1744 0.13704128440366972
1745 0.13696275071633238
1746 0.13688430698739978
1747 0.13680595306239268
1748 0.13672768878718536
1749 0.13664951400800457
1750 0.13657142857142857
1751 0.13649343232438607
1752 0.13641552511415525
1753 0.1363377067883628
1754 0.1362599771949829
1755 0.1361823361823362
1756 0.13610478359908884
1757 0.13602731929425158
1758 0.13594994311717862
1759 0.1358726549175668
1760 0.13579545454545455
1761 0.1357183418512209
1762 0.13564131668558457
1763 0.13556437889960296
1764 0.1354875283446712
1765 0.13541076487252124
1766 0.13533408833522084
1767 0.1352574985851726
1768 0.1351809954751131
1769 0.13510457885811192
1770 0.13502824858757062
1771 0.13495200451722192
1772 0.13487584650112866
1773 0.13479977439368301
1774 0.13472378804960541
1775 0.13464788732394367
1776 0.13513513513513514
1777 0.13505908835115363
1778 0.13498312710911137
1779 0.13490725126475547
1780 0.1348314606741573
1781 0.13475575519371139
1782 0.13468013468013468
1783 0.1346045989904655
1784 0.13452914798206278
1785 0.13445378151260504
1786 0.1343784994400896
1787 0.13430330162283155
1788 0.1347874720357942
1789 0.13471212968138624
1790 0.13463687150837989
1791 0.13456169737576773
1792 0.13448660714285715
1793 0.13441160066926938
1794 0.1343366778149387
1795 0.13426183844011141
1796 0.13418708240534521
1797 0.13411240957150808
1798 0.13403781979977752
1799 0.1339633129516398
1800 0.1338888888888889
1801 0.13381454747362576
1802 0.13429522752497225
1803 0.13422074320576816
1804 0.13414634146341464
1805 0.13407202216066483
1806 0.13399778516057587
1807 0.13392363032650803
1808 0.1338495575221239
1809 0.1337755666113875
1810 0.13370165745856355
1811 0.13362782992821645
1812 0.1335540838852097
1813 0.1334804191947049
1814 0.13340683572216097
1815 0.13333333333333333
1816 0.13325991189427314
1817 0.13318657127132635
1818 0.1331133113311331
1819 0.13304013194062672
1820 0.13296703296703297
1821 0.13289401427786932
1822 0.132821075740944
1823 0.13274821722435545
1824 0.13267543859649122
1825 0.1326027397260274
1826 0.13253012048192772
1827 0.1324575807334428
1828 0.1323851203501094
1829 0.1323127392017496
1830 0.13224043715846995
1831 0.13216821409066085
1832 0.13209606986899564
1833 0.1320240043644299
1834 0.13195201744820065
1835 0.13188010899182562
1836 0.1318082788671024
1837 0.1317365269461078
1838 0.13166485310119697
1839 0.13159325720500273
1840 0.13152173913043477
1841 0.13145029875067898
1842 0.13137893593919653
1843 0.13130765056972327
1844 0.13123644251626898
1845 0.13116531165311654
1846 0.13109425785482123
1847 0.13102328099621008
1848 0.13095238095238096
1849 0.13088155759870201
1850 0.1308108108108108
1851 0.1307401404646137
1852 0.1306695464362851
1853 0.1305990286022666
1854 0.13052858683926646
1855 0.13045822102425875
1856 0.13038793103448276
1857 0.1303177167474421
1858 0.1302475780409042
1859 0.1301775147928994
1860 0.13010752688172042
1861 0.13003761418592155
1862 0.12996777658431793
1863 0.12989801395598496
1864 0.1298283261802575
1865 0.1297587131367292
1866 0.12968917470525188
1867 0.12961971076593465
1868 0.13008565310492506
1869 0.13001605136436598
1870 0.12994652406417112
1871 0.12987707108498128
1872 0.12980769230769232
1873 0.12973838761345435
1874 0.12966915688367128
1875 0.1296
1876 0.12953091684434967
1877 0.12946190729888118
1878 0.12939297124600638
1879 0.12932410856838744
1880 0.12925531914893618
1881 0.1291866028708134
1882 0.12911795961742828
1883 0.1290493892724376
1884 0.12898089171974522
1885 0.12891246684350133
1886 0.1288441145281018
1887 0.1287758346581876
1888 0.12870762711864406
1889 0.12863949179460032
1890 0.12857142857142856
1891 0.1285034373347435
1892 0.1284355179704017
1893 0.12836767036450078
1894 0.1282998944033791
1895 0.12823218997361477
1896 0.1281645569620253
1897 0.12809699525566684
1898 0.1280295047418335
1899 0.12796208530805686
1900 0.12789473684210526
1901 0.12782745923198316
1902 0.1277602523659306
1903 0.12769311613242249
1904 0.12762605042016806
1905 0.12755905511811025
1906 0.12749213011542498
1907 0.1274252753015207
1908 0.12735849056603774
1909 0.12729177579884757
1910 0.12722513089005236
1911 0.1271585557299843
1912 0.12709205020920503
1913 0.12702561421850497
1914 0.12695924764890282
1915 0.12689295039164492
1916 0.1268267223382046
1917 0.1267605633802817
1918 0.1266944734098019
1919 0.1266284523189161
1920 0.1265625
1921 0.12649661634565332
1922 0.12643080124869926
1923 0.12636505460218408
1924 0.1262993762993763
1925 0.12623376623376623
1926 0.1261682242990654
1927 0.12610275038920601
1928 0.12603734439834025
1929 0.12597200622083982
1930 0.12590673575129532
1931 0.1258415328845158
1932 0.12577639751552794
1933 0.12571132953957578
1934 0.12564632885211996
1935 0.12558139534883722
1936 0.12551652892561985
1937 0.1254517294785751
1938 0.12538699690402477
1939 0.12532233109850438
1940 0.12525773195876289
1941 0.125193199381762
1942 0.12512873326467558
1943 0.12506433350488935
1944 0.125
1945 0.1249357326478149
1946 0.1248715313463515
1947 0.12480739599383667
1948 0.12474332648870637
1949 0.12467932272960493
1950 0.12461538461538461
1951 0.12455151204510508
1952 0.1244877049180328
1953 0.12442396313364056
1954 0.12436028659160696
1955 0.12429667519181585
1956 0.12423312883435583
1957 0.12416964741951968
1958 0.12410623084780388
1959 0.12404287901990811
1960 0.1239795918367347
1961 0.12391636919938807
1962 0.12385321100917432
1963 0.1237901171676006
1964 0.12372708757637474
1965 0.12366412213740458
1966 0.12360122075279756
1967 0.1235383833248602
1968 0.12347560975609756
1969 0.1234128999492128
1970 0.1233502538071066
1971 0.1232876712328767
1972 0.12322515212981744
1973 0.12316269640141916
1974 0.12310030395136778
1975 0.1230379746835443
1976 0.12297570850202429
1977 0.12291350531107739
1978 0.12285136501516683
1979 0.12278928751894896
1980 0.12272727272727273
1981 0.1226653205451792
1982 0.12260343087790111
1983 0.12254160363086233
1984 0.12247983870967742
1985 0.12241813602015113
1986 0.12235649546827794
1987 0.12229491696024157
1988 0.12223340040241448
1989 0.12217194570135746
1990 0.1221105527638191
1991 0.1220492214967353
1992 0.12198795180722892
1993 0.12192674360260913
1994 0.12186559679037111
1995 0.12180451127819548
1996 0.12174348697394789
1997 0.12168252378567852
1998 0.12162162162162163
1999 0.12156078039019509
2000 0.1215
2001 0.12143928035982009
2002 0.12137862137862138
2003 0.12131802296555168
2004 0.12125748502994012
2005 0.12119700748129676
2006 0.12113659022931206
2007 0.1210762331838565
2008 0.12101593625498008
2009 0.1209556993529119
2010 0.1208955223880597
2011 0.12083540527100944
2012 0.12077534791252485
2013 0.12071535022354694
2014 0.12065541211519365
2015 0.1205955334987593
2016 0.12053571428571429
2017 0.12047595438770452
2018 0.12041625371655104
2019 0.12035661218424963
2020 0.12029702970297029
2021 0.12023750618505691
2022 0.1201780415430267
2023 0.12011863568956994
2024 0.12005928853754941
2025 0.12
2026 0.11994076999012833
2027 0.11988159842131228
2028 0.11982248520710059
2029 0.11976343026121242
2030 0.11970443349753694
2031 0.12013786312161497
2032 0.12007874015748031
2033 0.12001967535661584
2034 0.119960668633235
2035 0.1199017199017199
2036 0.11984282907662082
2037 0.11978399607265587
2038 0.1197252208047105
2039 0.11966650318783717
2040 0.11960784313725491
2041 0.11954924056834886
2042 0.11949069539666993
2043 0.1194322075379344
2044 0.11937377690802348
2045 0.11931540342298289
2046 0.11925708699902249
2047 0.11919882755251587
2048 0.119140625
2049 0.11908247925817472
2050 0.11902439024390243
2051 0.1189663578742077
2052 0.1189083820662768
2053 0.11885046273745738
2054 0.11879259980525804
2055 0.11873479318734793
2056 0.11867704280155641
2057 0.11861934856587263
2058 0.1185617103984451
2059 0.11850412821758136
2060 0.11844660194174757
2061 0.11838913148956817
2062 0.11833171677982542
2063 0.11827435773145904
2064 0.1187015503875969
2065 0.11864406779661017
2066 0.1185866408518877
2067 0.1185292694726657
2068 0.11847195357833655
2069 0.11841469308844853
2070 0.11835748792270531
2071 0.11830033800096572
2072 0.11824324324324324
2073 0.11818620356970574
2074 0.11812921890067503
2075 0.1180722891566265
2076 0.11801541425818883
2077 0.11795859412614347
2078 0.11790182868142444
2079 0.11784511784511785
2080 0.11778846153846154
2081 0.11773185968284479
2082 0.11767531219980788
2083 0.11761881901104176
2084 0.11756238003838772
2085 0.11750599520383694
2086 0.1174496644295302
2087 0.11739338763775754
2088 0.11733716475095786
2089 0.11728099569171853
2090 0.11722488038277512
2091 0.117168818747011
2092 0.11711281070745698
2093 0.11705685618729098
2094 0.11700095510983763
2095 0.11694510739856802
2096 0.11688931297709923
2097 0.11683357176919408
2098 0.11677788369876073
2099 0.11672224868985231
2100 0.11666666666666667
2101 0.11661113755354593
2102 0.11655566127497621
2103 0.11650023775558725
2104 0.11644486692015209
2105 0.1163895486935867
2106 0.11633428300094967
2107 0.11627906976744186
2108 0.11622390891840607
2109 0.1161688003793267
2110 0.11611374407582939
2111 0.11605873993368072
2112 0.11600378787878787
2113 0.1159488878371983
2114 0.11589403973509933
2115 0.11583924349881797
2116 0.11578449905482041
2117 0.11572980632971186
2118 0.11567516525023608
2119 0.11562057574327513
2120 0.11556603773584906
2121 0.11551155115511551
2122 0.11545711592836946
2123 0.11540273198304286
2124 0.11534839924670433
2125 0.11529411764705882
2126 0.11523988711194733
2127 0.1151857075693465
2128 0.11513157894736842
2129 0.11507750117426022
2130 0.11502347417840375
2131 0.11496949788831534
2132 0.1149155722326454
2133 0.11486169714017816
2134 0.1148078725398313
2135 0.11475409836065574
2136 0.11470037453183521
2137 0.114646700982686
2138 0.1145930776426567
2139 0.11453950444132772
2140 0.11448598130841121
2141 0.11443250817375059
2142 0.11437908496732026
2143 0.11432571161922539
2144 0.1142723880597015
2145 0.11421911421911422
2146 0.11416589002795899
2147 0.11411271541686073
2148 0.11405959031657356
2149 0.11400651465798045
2150 0.11395348837209303
2151 0.11390051139005114
2152 0.11384758364312268
2153 0.1137947050627032
2154 0.11374187558031569
2155 0.1136890951276102
2156 0.11363636363636363
2157 0.11358368103847936
2158 0.11353104726598702
2159 0.11347846225104215
2160 0.11342592592592593
2161 0.11337343822304488
2162 0.11332099907493062
2163 0.11326860841423948
2164 0.11321626617375231
2165 0.11316397228637413
2166 0.11311172668513389
2167 0.11305952930318412
2168 0.11300738007380073
2169 0.11295527893038267
2170 0.11290322580645161
2171 0.11285122063565177
2172 0.11279926335174954
2173 0.11274735388863323
2174 0.11269549218031279
2175 0.11264367816091954
2176 0.11259191176470588
2177 0.11254019292604502
2178 0.11248852157943066
2179 0.11243689765947683
2180 0.11238532110091744
2181 0.11233379183860615
2182 0.11228230980751604
2183 0.11223087494273935
2184 0.11217948717948718
2185 0.11212814645308924
2186 0.11207685269899359
2187 0.11202560585276634
2188 0.11197440585009141
2189 0.11192325262677022
2190 0.11187214611872145
2191 0.11182108626198083
2192 0.11177007299270073
2193 0.11171910624715002
2194 0.11166818596171377
2195 0.11161731207289294
2196 0.11156648451730419
2197 0.11151570323167956
2198 0.11146496815286625
2199 0.11141427921782629
2200 0.11136363636363636
2201 0.1113130395274875
2202 0.11126248864668484
2203 0.1112119836586473
2204 0.11116152450090744
2205 0.1111111111111111
2206 0.11106074342701723
2207 0.11101042138649751
2208 0.11096014492753623
2209 0.11090991398822997
2210 0.11085972850678733
2211 0.11080958842152872
2212 0.11075949367088607
2213 0.11070944419340262
2214 0.11065943992773261
2215 0.11060948081264109
2216 0.11055956678700361
2217 0.11050969778980604
2218 0.11045987376014428
2219 0.11041009463722397
2220 0.11036036036036036
2221 0.11031067086897794
2222 0.11026102610261027
2223 0.11021142600089968
2224 0.11016187050359712
2225 0.1101123595505618
2226 0.11006289308176101
2227 0.11001347103726987
2228 0.1099640933572711
2229 0.10991475998205473
2230 0.10986547085201794
2231 0.10981622590766472
2232 0.10976702508960573
2233 0.109717868338558
2234 0.10966875559534467
2235 0.10961968680089486
2236 0.10957066189624329
2237 0.10952168082253018
2238 0.10947274352100089
2239 0.1094238499330058
2240 0.109375
2241 0.10932619366354306
2242 0.10927743086529884
2243 0.10922871154703521
2244 0.10918003565062388
2245 0.1091314031180401
2246 0.10908281389136243
2247 0.10903426791277258
2248 0.10898576512455516
2249 0.10893730546909737
2250 0.10888888888888888
2251 0.10884051532652154
2252 0.10879218472468917
2253 0.10874389702618731
2254 0.10869565217391304
2255 0.10864745011086474
2256 0.10859929078014184
2257 0.10855117412494461
2258 0.10850310008857396
2259 0.10845506861443116
2260 0.1084070796460177
2261 0.10835913312693499
2262 0.10831122900088418
2263 0.10826336721166593
2264 0.10821554770318022
2265 0.10816777041942605
2266 0.10812003530450133
2267 0.10807234230260256
2268 0.10802469135802469
2269 0.10797708241516087
2270 0.10792951541850221
2271 0.10788199031263761
2272 0.10783450704225352
2273 0.10778706555213374
2274 0.1077396657871592
2275 0.1076923076923077
2276 0.10764499121265378
2277 0.10759771629336846
2278 0.10755048287971905
2279 0.1075032909170689
2280 0.1074561403508772
2281 0.10740903112669882
2282 0.10736196319018405
2283 0.1073149364870784
2284 0.10726795096322242
2285 0.10722100656455143
2286 0.10717410323709536
2287 0.10712724092697858
2288 0.10708041958041958
2289 0.10703363914373089
2290 0.10698689956331878
2291 0.1069402007856831
2292 0.10689354275741711
2293 0.10684692542520716
2294 0.1068003487358326
2295 0.10675381263616558
2296 0.10670731707317073
2297 0.10666086199390509
2298 0.10661444734551784
2299 0.10656807307525011
2300 0.10652173913043478
2301 0.10647544545849631
2302 0.10642919200695047
2303 0.10638297872340426
2304 0.10633680555555555
2305 0.10629067245119306
2306 0.106244579358196
2307 0.10619852622453403
2308 0.1061525129982669
2309 0.10610653962754439
2310 0.10606060606060606
2311 0.10601471224578105
2312 0.10596885813148789
2313 0.10592304366623433
2314 0.10587726879861711
2315 0.10583153347732181
2316 0.10578583765112262
2317 0.10574018126888217
2318 0.10569456427955133
2319 0.10564898663216904
2320 0.10560344827586207
2321 0.1055579491598449
2322 0.10551248923341947
2323 0.10546706844597503
2324 0.10542168674698796
2325 0.1053763440860215
2326 0.10533104041272572
2327 0.10528577567683713
2328 0.1056701030927835
2329 0.1056247316444826
2330 0.1055793991416309
2331 0.10553410553410554
2332 0.10548885077186965
2333 0.10544363480497214
2334 0.10539845758354756
2335 0.10535331905781585
2336 0.1053082191780822
2337 0.10526315789473684
2338 0.10521813515825491
2339 0.10517315091919624
2340 0.10512820512820513
2341 0.10508329773601026
2342 0.10503842869342442
2343 0.10499359795134443
2344 0.10494880546075085
2345 0.10490405117270789
2346 0.10485933503836317
2347 0.1048146570089476
2348 0.10477001703577513
2349 0.10472541507024266
2350 0.1046808510638298
2351 0.10463632496809869
2352 0.10459183673469388
2353 0.10454738631534212
2354 0.10450297366185217
2355 0.10445859872611465
2356 0.10441426146010187
2357 0.10436996181586763
2358 0.10432569974554708
2359 0.10428147520135651
2360 0.10423728813559321
2361 0.10419313850063533
2362 0.10414902624894158
2363 0.10410495133305121
2364 0.10406091370558376
2365 0.1040169133192389
2366 0.10397295012679628
2367 0.10392902408111533
2368 0.10388513513513513
2369 0.10384128324187421
2370 0.10379746835443038
2371 0.1037536904259806
2372 0.10370994940978077
2373 0.10366624525916561
2374 0.10362257792754845
2375 0.10357894736842105
2376 0.10353535353535354
2377 0.10349179638199411
2378 0.10344827586206896
2379 0.1034047919293821
2380 0.10336134453781512
2381 0.10331793364132717
2382 0.10327455919395466
2383 0.10323122114981116
2384 0.10318791946308725
2385 0.10314465408805032
2386 0.10310142497904443
2387 0.10305823209049016
2388 0.10301507537688442
2389 0.10297195479280033
2390 0.10292887029288703
2391 0.1028858218318695
2392 0.1028428093645485
2393 0.10279983284580026
2394 0.10275689223057644
2395 0.10271398747390396
2396 0.10267111853088481
2397 0.10262828535669587
2398 0.10258548790658882
2399 0.10254272613588995
2400 0.1025
2401 0.102457309454394
2402 0.10241465445462115
2403 0.10237203495630462
2404 0.10232945091514144
2405 0.10228690228690229
2406 0.10224438902743142
2407 0.10220191109264645
2408 0.10215946843853821
2409 0.10211706102117062
2410 0.1020746887966805
2411 0.10203235172127748
2412 0.10199004975124377
2413 0.10194778284293411
2414 0.10190555095277548
2415 0.10186335403726708
2416 0.10182119205298014
2417 0.10177906495655771
2418 0.10173697270471464
2419 0.1016949152542373
2420 0.10165289256198347
2421 0.10161090458488228
2422 0.10156895127993394
2423 0.10152703260420966
2424 0.10148514851485149
2425 0.10144329896907217
2426 0.10140148392415499
2427 0.10135970333745364
2428 0.1013179571663921
2429 0.10127624536846438
2430 0.10123456790123457
2431 0.10119292472233649
2432 0.10115131578947369
2433 0.10110974106041924
2434 0.10106820049301561
2435 0.10102669404517454
2436 0.10098522167487685
2437 0.10094378334017234
2438 0.10090237899917966
2439 0.1008610086100861
2440 0.10081967213114754
2441 0.10077836952068825
2442 0.10073710073710074
2443 0.10069586573884569
2444 0.10065466448445172
2445 0.10061349693251534
2446 0.10057236304170074
2447 0.10053126277073968
2448 0.10049019607843138
2449 0.1004491629236423
2450 0.10040816326530612
2451 0.1003671970624235
2452 0.100326264274062
2453 0.1002853648593559
2454 0.10024449877750612
2455 0.10020366598778004
2456 0.1001628664495114
2457 0.10012210012210013
2458 0.1000813669650122
2459 0.10004066693777959
2460 0.1
2461 0.09995936611133685
2462 0.09991876523151909
2463 0.09987819732034105
2464 0.09983766233766234
2465 0.0997971602434077
2466 0.09975669099756691
2467 0.09971625456019456
2468 0.09967585089141005
2469 0.09963547995139732
2470 0.09959514170040486
2471 0.09955483609874545
2472 0.09951456310679611
2473 0.09947432268499798
2474 0.09943411479385611
2475 0.0993939393939394
2476 0.09935379644588045
2477 0.09931368591037545
2478 0.09927360774818401
2479 0.09923356192012908
2480 0.09919354838709678
2481 0.09915356711003627
2482 0.0991136180499597
2483 0.09907370116794201
2484 0.09903381642512077
2485 0.09899396378269618
2486 0.09895414320193081
2487 0.09891435464414958
2488 0.09887459807073955
2489 0.09883487344314985
2490 0.09879518072289156
2491 0.09875551987153754
2492 0.09871589085072231
2493 0.098676293622142
2494 0.09863672814755413
2495 0.09859719438877755
2496 0.0985576923076923
2497 0.09851822186623949
2498 0.09847878302642114
2499 0.09843937575030012
2500 0.0984
2501 0.09836065573770492
2502 0.09832134292565947
2503 0.0982820615261686
2504 0.09824281150159744
2505 0.09820359281437126
2506 0.09816440542697526
2507 0.09812524930195453
2508 0.09808612440191387
2509 0.09804703068951774
2510 0.09800796812749003
2511 0.0979689366786141
2512 0.09792993630573249
2513 0.09789096697174691
2514 0.09785202863961814
2515 0.0978131212723658
2516 0.09777424483306836
2517 0.09773539928486293
2518 0.0976965845909452
2519 0.09765780071456927
2520 0.09761904761904762
2521 0.09758032526775089
2522 0.09754163362410785
2523 0.09750297265160524
2524 0.09746434231378764
2525 0.09742574257425743
2526 0.09738717339667459
2527 0.09734863474475663
2528 0.09731012658227849
2529 0.09727164887307237
2530 0.09723320158102766
2531 0.09719478467009088
2532 0.0971563981042654
2533 0.09711804184761152
2534 0.09707971586424625
2535 0.0970414201183432
2536 0.09700315457413249
2537 0.09696491919590067
2538 0.09692671394799054
2539 0.0968885387948011
2540 0.09724409448818898
2541 0.09720582447855175
2542 0.0971675845790716
2543 0.0971293747542273
2544 0.09709119496855347
2545 0.09705304518664047
2546 0.09701492537313433
2547 0.09697683549273656
2548 0.09693877551020408
2549 0.09690074539034915
2550 0.09686274509803922
2551 0.09682477459819679
2552 0.09678683385579938
2553 0.09674892283587935
2554 0.09671104150352389
2555 0.09667318982387475
2556 0.09663536776212832
2557 0.0965975752835354
2558 0.0965598123534011
2559 0.0965220789370848
2560 0.096484375
2561 0.09644670050761421
2562 0.09640905542544886
2563 0.0963714397190792
2564 0.09633385335413416
2565 0.0962962962962963
2566 0.09625876851130163
2567 0.09622126996493961
2568 0.09618380062305296
2569 0.09614636045153756
2570 0.09610894941634242
2571 0.09607156748346947
2572 0.09603421461897356
2573 0.0959968907889623
2574 0.09595959595959595
2575 0.09592233009708738
2576 0.09588509316770186
2577 0.09584788513775708
2578 0.09581070597362297
2579 0.0957735556417216
2580 0.09573643410852713
2581 0.09569934134056567
2582 0.09566227730441518
2583 0.09562524196670538
2584 0.09558823529411764
2585 0.09555125725338491
2586 0.09551430781129157
2587 0.09547738693467336
2588 0.09544049459041731
2589 0.09540363074546157
2590 0.09536679536679536
2591 0.0953299884214589
2592 0.09529320987654322
2593 0.09525645969919012
2594 0.09521973785659213
2595 0.0951830443159923
2596 0.09514637904468413
2597 0.09510974201001156
2598 0.09507313317936875
2599 0.09503655252020007
2600 0.09538461538461539
2601 0.09534794309880815
2602 0.09531129900076864
2603 0.09527468305800998
2604 0.09523809523809523
2605 0.09520153550863723
2606 0.09516500383729855
2607 0.09512850019179134
2608 0.0950920245398773
2609 0.09505557684936758
2610 0.0950191570881226
2611 0.0949827652240521
2612 0.09494640122511486
2613 0.09491006505931879
2614 0.09487375669472073
2615 0.09483747609942639
2616 0.09480122324159021
2617 0.09476499808941537
2618 0.09472880061115355
2619 0.09469263077510501
2620 0.09465648854961832
2621 0.09462037390309043
2622 0.09458428680396644
2623 0.0945482272207396
2624 0.09451219512195122
2625 0.09447619047619048
2626 0.09444021325209444
2627 0.09440426341834793
2628 0.0943683409436834
2629 0.09433244579688094
2630 0.09429657794676806
2631 0.09426073736221968
2632 0.09422492401215805
2633 0.09418913786555261
2634 0.09415337889141989
2635 0.09411764705882353
2636 0.09408194233687406
2637 0.09404626469472886
2638 0.09401061410159212
2639 0.09397499052671467
2640 0.09393939393939393
2641 0.09390382430897387
2642 0.09386828160484481
2643 0.09383276579644344
2644 0.09379727685325265
2645 0.09376181474480151
2646 0.09372637944066516
2647 0.09369097091046467
2648 0.09365558912386707
2649 0.09362023405058513
2650 0.09358490566037736
2651 0.09354960392304791
2652 0.09351432880844646
2653 0.09347908028646815
2654 0.0934438583270535
2655 0.09340866290018833
2656 0.09337349397590361
2657 0.0933383515242755
2658 0.09330323551542513
2659 0.09326814591951861
2660 0.09323308270676692
2661 0.09319804584742578
2662 0.09316303531179564
2663 0.09312805107022155
2664 0.09309309309309309
2665 0.09305816135084428
2666 0.09302325581395349
2667 0.09298837645294339
2668 0.09295352323838081
2669 0.09291869614087674
2670 0.09288389513108614
2671 0.09284912017970798
2672 0.09281437125748503
2673 0.09277964833520388
2674 0.09274495138369485
2675 0.09271028037383178
2676 0.09267563527653214
2677 0.09264101606275682
2678 0.09260642270351008
2679 0.0925718551698395
2680 0.09253731343283582
2681 0.09250279746363298
2682 0.0924683072334079
2683 0.09243384271338054
2684 0.09239940387481371
2685 0.09236499068901304
2686 0.09233060312732688
2687 0.09229624116114626
2688 0.09226190476190477
2689 0.09222759390107847
2690 0.09219330855018587
2691 0.09215904868078781
2692 0.09212481426448738
2693 0.09209060527292982
2694 0.09205642167780252
2695 0.09202226345083488
2696 0.09198813056379822
2697 0.09195402298850575
2698 0.09191994069681246
2699 0.09188588366061504
2700 0.09185185185185185
2701 0.09181784524250278
2702 0.0917838638045892
2703 0.09174990751017388
2704 0.09171597633136094
2705 0.09168207024029575
2706 0.09164818920916482
2707 0.09161433321019578
2708 0.0915805022156573
2709 0.09154669619785899
2710 0.09151291512915129
2711 0.09147915898192549
2712 0.09144542772861357
2713 0.09141172134168817
2714 0.09137803979366249
2715 0.09134438305709024
2716 0.09131075110456553
2717 0.09127714390872285
2718 0.09124356144223694
2719 0.09121000367782273
2720 0.09117647058823529
2721 0.09114296214626975
2722 0.09110947832476121
2723 0.09107601909658465
2724 0.09104258443465492
2725 0.09100917431192661
2726 0.09097578870139399
2727 0.09094242757609095
2728 0.09090909090909091
2729 0.09087577867350678
2730 0.09084249084249084
2731 0.0908092273892347
2732 0.09077598828696926
2733 0.09074277350896451
2734 0.09070958302852963
2735 0.0906764168190128
2736 0.09064327485380116
2737 0.0906101571063208
2738 0.09057706355003653
2739 0.09054399415845199
2740 0.0905109489051095
2741 0.09047792776358993
2742 0.09044493070751276
2743 0.09041195771053591
2744 0.09037900874635568
2745 0.09034608378870675
2746 0.09031318281136198
2747 0.09028030578813251
2748 0.09024745269286755
2749 0.09021462349945435
2750 0.09018181818181818
2751 0.09014903671392221
2752 0.09011627906976744
2753 0.09008354522339267
2754 0.09005083514887437
2755 0.09001814882032667
2756 0.0899854862119013
2757 0.08995284729778745
2758 0.08992023205221175
2759 0.0898876404494382
2760 0.08985507246376812
2761 0.08982252806954003
2762 0.08979000724112962
2763 0.08975750995294969
2764 0.08972503617945007
2765 0.08969258589511754
2766 0.08966015907447578
2767 0.0896277556920853
2768 0.08959537572254335
2769 0.08956301914048392
2770 0.08953068592057761
2771 0.08949837603753158
2772 0.08946608946608947
2773 0.08943382618103138
2774 0.08940158615717375
2775 0.08936936936936937
2776 0.0893371757925072
2777 0.08930500540151243
2778 0.0892728581713463
2779 0.08924073407700611
2780 0.08920863309352518
2781 0.08917655519597267
2782 0.08914450035945364
2783 0.08911246855910887
2784 0.08908045977011494
2785 0.08904847396768402
2786 0.0890165111270639
2787 0.08898457122353785
2788 0.08895265423242468
2789 0.08892076012907853
2790 0.08888888888888889
2791 0.08885704048728055
2792 0.08882521489971347
2793 0.08879341210168278
2794 0.08876163206871868
2795 0.0887298747763864
2796 0.08869814020028613
2797 0.08866642831605291
2798 0.08863473909935668
2799 0.0886030725259021
2800 0.08857142857142856
2801 0.0885398072117101
2802 0.08850820842255532
2803 0.08847663217980735
2804 0.0884450784593438
2805 0.08841354723707665
2806 0.08838203848895225
2807 0.0883505521909512
2808 0.08831908831908832
2809 0.08828764684941261
2810 0.08825622775800712
2811 0.08822483102098898
2812 0.08819345661450925
2813 0.08816210451475294
2814 0.08813077469793888
2815 0.08809946714031971
2816 0.08806818181818182
2817 0.08803691870784522
2818 0.0880056777856636
2819 0.08797445902802412
2820 0.08794326241134752
2821 0.08791208791208792
2822 0.08788093550673282
2823 0.08784980517180305
2824 0.08781869688385269
2825 0.08778761061946902
2826 0.08775654635527247
2827 0.08772550406791652
2828 0.0876944837340877
2829 0.08766348533050548
2830 0.08763250883392226
2831 0.08760155422112328
2832 0.08757062146892655
2833 0.08753971055418285
2834 0.08750882145377559
2835 0.08747795414462081
2836 0.08744710860366714
2837 0.08741628480789566
2838 0.08738548273431994
2839 0.08735470235998591
2840 0.08732394366197183
2841 0.08729320661738825
2842 0.08726249120337791
2843 0.08723179739711573
2844 0.08720112517580872
2845 0.08717047451669596
2846 0.08713984539704848
2847 0.0871092377941693
2848 0.08707865168539326
2849 0.08704808704808704
2850 0.08701754385964912
2851 0.08698702209750965
2852 0.08695652173913043
2853 0.08692604276200491
2854 0.08689558514365803
2855 0.08686514886164623
2856 0.08683473389355742
2857 0.08680434021701085
2858 0.0867739678096571
2859 0.08674361664917804
2860 0.08671328671328671
2861 0.08668297797972736
2862 0.08665269042627533
2863 0.08662242403073699
2864 0.08659217877094973
2865 0.08656195462478185
2866 0.08653175157013258
2867 0.08650156958493198
2868 0.08647140864714087
2869 0.08644126873475079
2870 0.08641114982578398
2871 0.08638105189829327
2872 0.08635097493036212
2873 0.08632091890010442
2874 0.08629088378566457
2875 0.08626086956521739
2876 0.08623087621696801
2877 0.0862009037191519
2878 0.08617095205003475
2879 0.08614102118791248
2880 0.08611111111111111
2881 0.08608122179798681
2882 0.08605135322692574
2883 0.08602150537634409
2884 0.08599167822468794
2885 0.08596187175043328
2886 0.08593208593208593
2887 0.08590232074818151
2888 0.08587257617728532
2889 0.08584285219799238
2890 0.08581314878892733
2891 0.08578346592874438
2892 0.08575380359612725
2893 0.08572416176978914
2894 0.0856945404284727
2895 0.08566493955094992
2896 0.0856353591160221
2897 0.08560579910251985
2898 0.08557625948930296
2899 0.08554674025526043
2900 0.08551724137931034
2901 0.08548776284039986
2902 0.08545830461750517
2903 0.08542886668963141
2904 0.08539944903581267
2905 0.08537005163511188
2906 0.08534067446662079
2907 0.08531131750945993
2908 0.08528198074277854
2909 0.08525266414575455
2910 0.0852233676975945
2911 0.08519409137753349
2912 0.08516483516483517
2913 0.08513559903879163
2914 0.0851063829787234
2915 0.08507718696397942
2916 0.0850480109739369
2917 0.08501885498800137
2918 0.08498971898560657
2919 0.08496060294621445
2920 0.08493150684931507
2921 0.08490243067442657
2922 0.08487337440109514
2923 0.08484433800889497
2924 0.08481532147742818
2925 0.0847863247863248
2926 0.08475734791524266
2927 0.08472839084386743
2928 0.08469945355191257
2929 0.08467053601911916
2930 0.08464163822525597
2931 0.08461276015011941
2932 0.08458390177353342
2933 0.08455506307534948
2934 0.0845262440354465
2935 0.08449744463373084
2936 0.08446866485013624
2937 0.08443990466462377
2938 0.08441116405718176
2939 0.0843824430078258
2940 0.08435374149659863
2941 0.08432505950357022
2942 0.08429639700883752
2943 0.08426775399252463
2944 0.08423913043478261
2945 0.08421052631578947
2946 0.08418194161575017
2947 0.0841533763148965
2948 0.08412483039348712
2949 0.0840963038318074
2950 0.0840677966101695
2951 0.08403930870891223
2952 0.08401084010840108
2953 0.08398239078902811
2954 0.08395396073121192
2955 0.08392554991539763
2956 0.08389715832205684
2957 0.08386878593168752
2958 0.08384043272481406
2959 0.08381209868198716
2960 0.08378378378378379
2961 0.08375548801080716
2962 0.0837272113436867
2963 0.08369895376307797
2964 0.08367071524966262
2965 0.0836424957841484
2966 0.08361429534726905
2967 0.0835861139197843
2968 0.08355795148247978
2969 0.08352980801616706
2970 0.08350168350168351
2971 0.0834735779198923
2972 0.08344549125168237
2973 0.08341742347796838
2974 0.08338937457969066
2975 0.08336134453781513
2976 0.08333333333333333
2977 0.08330534094726234
2978 0.08327736736064473
2979 0.08324941255454851
2980 0.08322147651006712
2981 0.08319355920831936
2982 0.08316566063044936
2983 0.08313778075762655
2984 0.08310991957104558
2985 0.0830820770519263
2986 0.08305425318151373
2987 0.08302644794107801
2988 0.08299866131191433
2989 0.08297089327534292
2990 0.08294314381270904
2991 0.08291541290538282
2992 0.08288770053475936
2993 0.0828600066822586
2994 0.08283233132932531
2995 0.08280467445742905
2996 0.08277703604806408
2997 0.08274941608274941
2998 0.08272181454302868
2999 0.08269423141047015
3000 0.08266666666666667
3001 0.08263912029323559
3002 0.08261159227181879
3003 0.08258408258408259
3004 0.08255659121171771
3005 0.08252911813643926
3006 0.0825016633399867
3007 0.08247422680412371
3008 0.08244680851063829
3009 0.08241940844134264
3010 0.0823920265780731
3011 0.08236466290269014
3012 0.08233731739707835
3013 0.08230999004314636
3014 0.0822826808228268
3015 0.08225538971807629
3016 0.08222811671087533
3017 0.08220086178322837
3018 0.08217362491716368
3019 0.08214640609473335
3020 0.08211920529801324
3021 0.08209202250910294
3022 0.08206485771012574
3023 0.08203771088322859
3024 0.082010582010582
3025 0.08198347107438017
3026 0.08195637805684071
3027 0.08192930294020483
3028 0.08190224570673713
3029 0.08187520633872565
3030 0.08184818481848184
3031 0.08182118112834048
3032 0.08179419525065963
3033 0.08176722716782064
3034 0.08174027686222808
3035 0.08171334431630972
3036 0.08168642951251646
3037 0.08165953243332236
3038 0.08163265306122448
3039 0.081605791378743
3040 0.08190789473684211
3041 0.08188096021045708
3042 0.08185404339250493
3043 0.08182714426552744
3044 0.08180026281208935
3045 0.08177339901477833
3046 0.08174655285620486
3047 0.0817197243190023
3048 0.08169291338582677
3049 0.08166612003935717
3050 0.08163934426229508
3051 0.08161258603736479
3052 0.08158584534731324
3053 0.08155912217490993
3054 0.08153241650294696
3055 0.08150572831423895
3056 0.08147905759162304
3057 0.08145240431795878
3058 0.08142576847612819
3059 0.08139915004903563
3060 0.08137254901960785
3061 0.08134596537079386
3062 0.08131939908556499
3063 0.08129285014691479
3064 0.08126631853785901
3065 0.08123980424143556
3066 0.0812133072407045
3067 0.08118682751874796
3068 0.08116036505867015
3069 0.08113391984359726
3070 0.08110749185667752
3071 0.08108108108108109
3072 0.0810546875
3073 0.08102831109664822
3074 0.08100195185426155
3075 0.08097560975609756
3076 0.0812743823146944
3077 0.08124796880077997
3078 0.08122157244964262
3079 0.08119519324455993
3080 0.08116883116883117
3081 0.08114248620577734
3082 0.08111615833874107
3083 0.0810898475510866
3084 0.08106355382619974
3085 0.08103727714748785
3086 0.08101101749837979
3087 0.08098477486232589
3088 0.08095854922279792
3089 0.08093234056328909
3090 0.08090614886731391
3091 0.08087997411840828
3092 0.08085381630012936
3093 0.0808276753960556
3094 0.08080155138978669
3095 0.08077544426494346
3096 0.08074935400516796
3097 0.08072328059412334
3098 0.08069722401549387
3099 0.08067118425298483
3100 0.08064516129032258
3101 0.08061915511125443
3102 0.08059316569954868
3103 0.08056719303899453
3104 0.08054123711340207
3105 0.08051529790660225
3106 0.08048937540244688
3107 0.0804634695848085
3108 0.08043758043758044
3109 0.08041170794467674
3110 0.08038585209003216
3111 0.08036001285760205
3112 0.08033419023136247
3113 0.08030838419530999
3114 0.08028259473346179
3115 0.08025682182985554
3116 0.08023106546854943
3117 0.08020532563362208
3118 0.08017960230917255
3119 0.0801538954793203
3120 0.08012820512820513
3121 0.08010253123998719
3122 0.0800768737988469
3123 0.08005123278898495
3124 0.08002560819462227
3125 0.08
3126 0.0799744081893794
3127 0.0799488327470419
3128 0.079923273657289
3129 0.07989773090444231
3130 0.07987220447284345
3131 0.07984669434685404
3132 0.07982120051085569
3133 0.07979572294924991
3134 0.0797702616464582
3135 0.07974481658692185
3136 0.07971938775510204
3137 0.07969397513547975
3138 0.07966857871255577
3139 0.07964319847085059
3140 0.07961783439490445
3141 0.0795924864692773
3142 0.07956715467854869
3143 0.07954183900731784
3144 0.07951653944020357
3145 0.0794912559618442
3146 0.07946598855689765
3147 0.07944073721004132
3148 0.07941550190597205
3149 0.07939028262940616
3150 0.07936507936507936
3151 0.07933989209774675
3152 0.07931472081218274
3153 0.0792895654931811
3154 0.07926442612555486
3155 0.07923930269413629
3156 0.07921419518377694
3157 0.07918910357934748
3158 0.07916402786573781
3159 0.07913896802785692
3160 0.07911392405063292
3161 0.07908889591901297
3162 0.07906388361796332
3163 0.07903888713246918
3164 0.07901390644753477
3165 0.07898894154818326
3166 0.07896399241945673
3167 0.07893905904641617
3168 0.07891414141414141
3169 0.07888923950773115
3170 0.07886435331230283
3171 0.07883948281299274
3172 0.07881462799495587
3173 0.0787897888433659
3174 0.07876496534341525
3175 0.07874015748031496
3176 0.0787153652392947
3177 0.07869058860560277
3178 0.07866582756450598
3179 0.07864108210128971
3180 0.07861635220125786
3181 0.07859163784973279
3182 0.0785669390320553
3183 0.07854225573358467
3184 0.0785175879396985
3185 0.07849293563579278
3186 0.07846829880728186
3187 0.07844367743959837
3188 0.07841907151819323
3189 0.07839448102853559
3190 0.07836990595611286
3191 0.07834534628643058
3192 0.07832080200501253
3193 0.07829627309740056
3194 0.07827175954915466
3195 0.0782472613458529
3196 0.07822277847309136
3197 0.0781983109164842
3198 0.07817385866166354
3199 0.07814942169427946
3200 0.078125
3201 0.07810059356451109
3202 0.07807620237351655
3203 0.07805182641273806
3204 0.0780274656679151
3205 0.078003120124805
3206 0.07797878976918278
3207 0.07795447458684128
3208 0.07793017456359103
3209 0.0779058896852602
3210 0.0778816199376947
3211 0.07785736530675802
3212 0.07783312577833126
3213 0.0778089013383131
3214 0.0777846919726198
3215 0.07776049766718507
3216 0.07773631840796019
3217 0.0777121541809139
3218 0.07768800497203232
3219 0.07766387076731904
3220 0.07763975155279502
3221 0.0776156473144986
3222 0.07759155803848541
3223 0.07756748371082842
3224 0.07754342431761786
3225 0.07751937984496124
3226 0.07749535027898326
3227 0.07747133560582585
3228 0.07744733581164807
3229 0.0774233508826262
3230 0.07739938080495357
3231 0.0773754255648406
3232 0.07735148514851485
3233 0.07732755954222084
3234 0.07730364873222016
3235 0.07727975270479134
3236 0.07725587144622992
3237 0.07723200494284832
3238 0.07720815318097592
3239 0.07718431614695893
3240 0.07716049382716049
3241 0.0771366862079605
3242 0.07711289327575571
3243 0.0770891150169596
3244 0.07706535141800247
3245 0.07704160246533127
3246 0.07701786814540973
3247 0.0769941484447182
3248 0.0769704433497537
3249 0.07694675284702986
3250 0.07692307692307693
3251 0.07689941556444171
3252 0.07687576875768758
3253 0.0768521364893944
3254 0.07682851874615858
3255 0.07680491551459294
3256 0.07678132678132678
3257 0.07675775253300583
3258 0.0767341927562922
3259 0.07671064743786438
3260 0.07668711656441718
3261 0.07666360012266175
3262 0.07664009809932557
3263 0.07661661048115231
3264 0.07659313725490197
3265 0.07656967840735068
3266 0.07654623392529088
3267 0.07652280379553107
3268 0.07649938800489596
3269 0.07647598654022637
3270 0.0764525993883792
3271 0.07642922653622745
3272 0.07640586797066015
3273 0.07638252367858234
3274 0.07635919364691508
3275 0.07633587786259542
3276 0.07631257631257632
3277 0.07628928898382667
3278 0.0762660158633313
3279 0.07624275693809088
3280 0.07621951219512195
3281 0.07619628162145688
3282 0.07617306520414381
3283 0.07614986293024673
3284 0.07612667478684532
3285 0.076103500761035
3286 0.07608034083992696
3287 0.076057195010648
3288 0.07603406326034064
3289 0.07601094557616296
3290 0.07598784194528875
3291 0.07596475235490732
3292 0.07594167679222358
3293 0.07591861524445793
3294 0.07589556769884638
3295 0.07587253414264036
3296 0.07584951456310679
3297 0.07582650894752806
3298 0.07580351728320193
3299 0.07578053955744164
3300 0.07575757575757576
3301 0.0757346258709482
3302 0.07571168988491823
3303 0.07568876778686043
3304 0.07566585956416465
3305 0.07564296520423601
3306 0.07562008469449485
3307 0.07559721802237677
3308 0.07557436517533253
3309 0.07555152614082805
3310 0.0755287009063444
3311 0.07550588945937783
3312 0.07548309178743962
3313 0.07546030787805615
3314 0.07543753771876886
3315 0.07541478129713423
3316 0.07539203860072376
3317 0.0753693096171239
3318 0.0753465943339361
3319 0.07532389273877674
3320 0.07530120481927711
3321 0.07527853056308341
3322 0.07525586995785671
3323 0.07523322299127294
3324 0.07521058965102287
3325 0.07518796992481203
3326 0.07516536380036079
3327 0.07514277126540427
3328 0.0751201923076923
3329 0.07509762691498949
3330 0.07507507507507508
3331 0.07505253677574301
3332 0.07503001200480192
3333 0.075007500750075
3334 0.07498500299940011
3335 0.07496251874062969
3336 0.0749400479616307
3337 0.0749175906502847
3338 0.07489514679448772
3339 0.07487271638215034
3340 0.0748502994011976
3341 0.07482789583956899
3342 0.07480550568521843
3343 0.07478312892611427
3344 0.07476076555023924
3345 0.07473841554559044
3346 0.07471607890017933
3347 0.07469375560203168
3348 0.07467144563918758
3349 0.0746491489997014
3350 0.07462686567164178
3351 0.07460459564309162
3352 0.07458233890214797
3353 0.07456009543692216
3354 0.07453786523553965
3355 0.07451564828614009
3356 0.07449344457687723
3357 0.07447125409591898
3358 0.07444907683144729
3359 0.07442691277165824
3360 0.0744047619047619
3361 0.07438262421898245
3362 0.074360499702558
3363 0.07433838834374071
3364 0.07431629013079667
3365 0.07429420505200594
3366 0.07427213309566251
3367 0.07425007425007425
3368 0.07422802850356294
3369 0.07420599584446423
3370 0.07418397626112759
3371 0.07416196974191634
3372 0.07413997627520759
3373 0.07411799584939223
3374 0.07409602845287493
3375 0.07407407407407407
3376 0.0740521327014218
3377 0.07403020432336394
3378 0.07400828892835998
3379 0.0739863865048831
3380 0.07396449704142012
3381 0.07394262052647146
3382 0.07392075694855116
3383 0.07389890629618681
3384 0.07387706855791962
3385 0.07385524372230429
3386 0.07383343177790903
3387 0.07381163271331562
3388 0.07378984651711924
3389 0.07376807317792859
3390 0.07374631268436578
3391 0.07372456502506636
3392 0.07370283018867925
3393 0.07368110816386679
3394 0.07365939893930465
3395 0.07363770250368189
3396 0.07361601884570082
3397 0.07359434795407713
3398 0.07357268981753973
3399 0.07355104442483083
3400 0.07352941176470588
3401 0.07350779182593355
3402 0.07348618459729571
3403 0.07346459006758742
3404 0.07344300822561692
3405 0.07342143906020558
3406 0.07339988256018791
3407 0.0733783387144115
3408 0.0733568075117371
3409 0.07333528894103843
3410 0.07360703812316716
3411 0.07358545880973322
3412 0.07356389214536929
3413 0.07383533548198067
3414 0.07381370826010544
3415 0.07379209370424597
3416 0.07377049180327869
3417 0.07374890254609306
3418 0.07372732592159158
3419 0.07370576191868967
3420 0.07368421052631578
3421 0.07366267173341129
3422 0.07364114552893045
3423 0.0736196319018405
3424 0.07359813084112149
3425 0.07357664233576643
3426 0.07355516637478109
3427 0.07353370294718413
3428 0.073512252042007
3429 0.07349081364829396
3430 0.07346938775510205
3431 0.07344797435150102
3432 0.07342657342657342
3433 0.0734051849694145
3434 0.07338380896913221
3435 0.07336244541484715
3436 0.07334109429569266
3437 0.07331975560081466
3438 0.07329842931937172
3439 0.07327711544053504
3440 0.07325581395348837
3441 0.07323452484742807
3442 0.07321324811156305
3443 0.07319198373511472
3444 0.07317073170731707
3445 0.07314949201741655
3446 0.07312826465467208
3447 0.0731070496083551
3448 0.07308584686774942
3449 0.07306465642215135
3450 0.07304347826086957
3451 0.07302231237322515
3452 0.07300115874855156
3453 0.07298001737619461
3454 0.07295888824551244
3455 0.07293777134587555
3456 0.07291666666666667
3457 0.07289557419728088
3458 0.0728744939271255
3459 0.07285342584562012
3460 0.07283236994219654
3461 0.07281132620629875
3462 0.07279029462738301
3463 0.0727692751949177
3464 0.07274826789838337
3465 0.07272727272727272
3466 0.0727062896710906
3467 0.07268531871935391
3468 0.0726643598615917
3469 0.07264341308734505
3470 0.07262247838616714
3471 0.07260155574762317
3472 0.07258064516129033
3473 0.07255974661675785
3474 0.07253886010362694
3475 0.0725179856115108
3476 0.07249712313003452
3477 0.0724762726488352
3478 0.07245543415756182
3479 0.07243460764587525
3480 0.07241379310344828
3481 0.07239299051996553
3482 0.07237219988512349
3483 0.07235142118863049
3484 0.07233065442020666
3485 0.07230989956958393
3486 0.07228915662650602
3487 0.07226842558072842
3488 0.07224770642201835
3489 0.07222699914015478
3490 0.07220630372492837
3491 0.07218562016614151
3492 0.07216494845360824
3493 0.07214428857715431
3494 0.07212364052661706
3495 0.07210300429184549
3496 0.07208237986270023
3497 0.07206176722905347
3498 0.07204116638078903
3499 0.07202057730780223
3500 0.072
3501 0.07197943444730077
3502 0.0719588806396345
3503 0.07193833856694262
3504 0.07191780821917808
3505 0.07189728958630527
3506 0.07187678265830005
3507 0.0718562874251497
3508 0.07183580387685291
3509 0.07181533200341977
3510 0.07179487179487179
3511 0.07177442324124181
3512 0.07175398633257403
3513 0.07173356105892399
3514 0.07171314741035857
3515 0.0716927453769559
3516 0.07167235494880546
3517 0.07165197611600796
3518 0.07163160886867538
3519 0.07161125319693094
3520 0.0715909090909091
3521 0.07157057654075547
3522 0.07155025553662692
3523 0.07152994606869145
3524 0.07150964812712826
3525 0.07148936170212766
3526 0.07146908678389109
3527 0.07144882336263113
3528 0.07142857142857142
3529 0.07140833097194672
3530 0.07138810198300283
3531 0.0713678844519966
3532 0.0716308040770102
3533 0.07161052929521652
3534 0.07159026598754951
3535 0.07157001414427157
3536 0.0715497737556561
3537 0.07152954481198756
3538 0.07150932730356134
3539 0.07148912122068381
3540 0.07146892655367232
3541 0.07144874329285512
3542 0.07142857142857142
3543 0.07140841095117133
3544 0.07138826185101581
3545 0.07136812411847673
3546 0.07134799774393683
3547 0.07132788271778968
3548 0.07130777903043968
3549 0.07128768667230205
3550 0.07126760563380281
3551 0.07124753590537877
3552 0.07122747747747747
3553 0.07120743034055728
3554 0.07118739448508722
3555 0.07116736990154712
3556 0.07114735658042745
3557 0.0711273545122294
3558 0.07110736368746487
3559 0.07108738409665637
3560 0.07106741573033708
3561 0.07104745857905083
3562 0.07102751263335205
3563 0.07100757788380578
3564 0.07098765432098765
3565 0.07096774193548387
3566 0.07094784071789119
3567 0.07092795065881694
3568 0.07090807174887892
3569 0.07088820397870552
3570 0.07086834733893557
3571 0.07084850182021843
3572 0.07082866741321389
3573 0.07080884410859221
3574 0.07078903189703413
3575 0.07076923076923076
3576 0.07074944071588367
3577 0.07072966172770478
3578 0.07070989379541644
3579 0.07069013690975133
3580 0.07067039106145251
3581 0.07065065624127338
3582 0.07063093243997767
3583 0.07061121964833939
3584 0.07059151785714286
3585 0.0705718270571827
3586 0.0705521472392638
3587 0.07053247839420128
3588 0.07051282051282051
3589 0.0704931735859571
3590 0.07047353760445682
3591 0.07045391255917571
3592 0.07043429844097995
3593 0.0704146952407459
3594 0.07039510294936005
3595 0.07037552155771905
3596 0.0703559510567297
3597 0.07033639143730887
3598 0.07031684269038355
3599 0.07029730480689081
3600 0.07027777777777777
3601 0.07025826159400167
3602 0.0702387562465297
3603 0.07021926172633916
3604 0.07019977802441732
3605 0.07018030513176145
3606 0.0701608430393788
3607 0.07014139173828667
3608 0.0701219512195122
3609 0.07010252147409254
3610 0.0700831024930748
3611 0.07006369426751592
3612 0.07004429678848284
3613 0.07002491004705232
3614 0.070005534034311
3615 0.06998616874135546
3616 0.06996681415929204
3617 0.06994747027923694
3618 0.0699281370923162
3619 0.06990881458966565
3620 0.06988950276243094
3621 0.06987020160176746
3622 0.06985091109884042
3623 0.06983163124482474
3624 0.06981236203090507
3625 0.06979310344827586
3626 0.0697738554881412
3627 0.06975461814171492
3628 0.0697353914002205
3629 0.06971617525489116
3630 0.0696969696969697
3631 0.06967777471770863
3632 0.06965859030837004
3633 0.06963941646022571
3634 0.06962025316455696
3635 0.06960110041265474
3636 0.06958195819581958
3637 0.06956282650536157
3638 0.06954370533260033
3639 0.06952459466886507
3640 0.06950549450549451
3641 0.06948640483383686
3642 0.06946732564524986
3643 0.06944825693110074
3644 0.06942919868276619
3645 0.06941015089163237
3646 0.0693911135490949
3647 0.06937208664655882
3648 0.0693530701754386
3649 0.06933406412715813
3650 0.06931506849315068
3651 0.06929608326485895
3652 0.06927710843373494
3653 0.06925814399124007
3654 0.0692391899288451
3655 0.0692202462380301
3656 0.06920131291028446
3657 0.06918238993710692
3658 0.06916347731000547
3659 0.06914457502049741
3660 0.06912568306010929
3661 0.06910680142037695
3662 0.06908793009284545
3663 0.06906906906906907
3664 0.06905021834061136
3665 0.06903137789904502
3666 0.06901254773595199
3667 0.06899372784292337
3668 0.06897491821155943
3669 0.06895611883346961
3670 0.06893732970027248
3671 0.06891855080359575
3672 0.06889978213507625
3673 0.06888102368635993
3674 0.0688622754491018
3675 0.06884353741496599
3676 0.06882480957562569
3677 0.06880609192276312
3678 0.0687873844480696
3679 0.06876868714324545
3680 0.06875
3681 0.06873132301005162
3682 0.06871265616512764
3683 0.06869399945696443
3684 0.06867535287730728
3685 0.06865671641791045
3686 0.06863809007053717
3687 0.06861947382695958
3688 0.06860086767895879
3689 0.06858227161832475
3690 0.06856368563685637
3691 0.06854510972636142
3692 0.06852654387865656
3693 0.0685079880855673
3694 0.068489442338928
3695 0.06847090663058186
3696 0.06845238095238096
3697 0.0684338652961861
3698 0.06841535965386696
3699 0.06839686401730197
3700 0.06837837837837837
3701 0.06835990272899216
3702 0.06834143706104809
3703 0.06832298136645963
3704 0.06830453563714903
3705 0.06828609986504723
3706 0.0682676740420939
3707 0.06824925816023739
3708 0.06823085221143474
3709 0.06821245618765166
3710 0.06819407008086253
3711 0.06817569388305039
3712 0.06815732758620689
3713 0.06813897118233235
3714 0.06812062466343564
3715 0.06810228802153433
3716 0.06808396124865447
3717 0.06806564433683078
3718 0.06804733727810651
3719 0.06802904006453347
3720 0.06801075268817204
3721 0.06799247514109111
3722 0.06797420741536808
3723 0.0679559495030889
3724 0.06793770139634801
3725 0.06791946308724832
3726 0.06790123456790123
3727 0.06788301583042662
3728 0.06786480686695279
3729 0.06784660766961652
3730 0.067828418230563
3731 0.06781023854194586
3732 0.06779206859592711
3733 0.0677739083846772
3734 0.06775575790037493
3735 0.0677376171352075
3736 0.06771948608137045
3737 0.0677013647310677
3738 0.0676832530765115
3739 0.06766515110992244
3740 0.06764705882352941
3741 0.06762897620956963
3742 0.06761090326028861
3743 0.06759283996794016
3744 0.06757478632478632
3745 0.06755674232309747
3746 0.06753870795515217
3747 0.06752068321323726
3748 0.06750266808964782
3749 0.06748466257668712
3750 0.06746666666666666
3751 0.06744868035190615
3752 0.06743070362473348
3753 0.06741273647748468
3754 0.06739477890250399
3755 0.0673768308921438
3756 0.06735889243876464
3757 0.06734096353473516
3758 0.06732304417243215
3759 0.06730513434424049
3760 0.0672872340425532
3761 0.06726934325977134
3762 0.06725146198830409
3763 0.0672335902205687
3764 0.06721572794899043
3765 0.06719787516600266
3766 0.06718003186404674
3767 0.06716219803557208
3768 0.06714437367303609
3769 0.06712655876890422
3770 0.06710875331564986
3771 0.06709095730575444
3772 0.06707317073170732
3773 0.06705539358600583
3774 0.06703762586115528
3775 0.06701986754966888
3776 0.0670021186440678
3777 0.06698437913688113
3778 0.06696664902064585
3779 0.06694892828790686
3780 0.06693121693121692
3781 0.06691351494313674
3782 0.0668958223162348
3783 0.0668781390430875
3784 0.06686046511627906
3785 0.06684280052840158
3786 0.06682514527205494
3787 0.06680749933984685
3788 0.06678986272439282
3789 0.06677223541831617
3790 0.06675461741424803
3791 0.06673700870482722
3792 0.06671940928270043
