1 1.0
2 1.0
3 1.0
4 1.0
5 1.0
6 0.8333333333333334
7 0.8571428571428571
8 0.875
9 0.8888888888888888
10 0.9
11 0.9090909090909091
12 0.9166666666666666
13 0.9230769230769231
14 0.9285714285714286
15 0.9333333333333333
16 0.9375
17 0.9411764705882353
18 0.9444444444444444
19 0.9473684210526315
20 0.95
21 0.9523809523809523
22 0.9545454545454546
23 0.9565217391304348
24 0.9583333333333334
25 0.96
26 0.9615384615384616
27 0.9629629629629629
28 0.9642857142857143
29 0.9655172413793104
30 0.9666666666666667
31 0.967741935483871
32 0.96875
33 0.9696969696969697
34 0.9705882352941176
35 0.9714285714285714
36 0.9722222222222222
37 0.972972972972973
38 0.9736842105263158
39 0.9743589743589743
40 0.975
41 0.975609756097561
42 0.9761904761904762
43 0.9534883720930233
44 0.9545454545454546
45 0.9555555555555556
46 0.9565217391304348
47 0.9574468085106383
48 0.9375
49 0.9387755102040817
50 0.94
51 0.9411764705882353
52 0.9423076923076923
53 0.9433962264150944
54 0.9444444444444444
55 0.9454545454545454
56 0.9285714285714286
57 0.9298245614035088
58 0.9310344827586207
59 0.9322033898305084
60 0.9166666666666666
61 0.9180327868852459
62 0.9193548387096774
63 0.9206349206349206
64 0.921875
65 0.9230769230769231
66 0.9242424242424242
67 0.9253731343283582
68 0.9117647058823529
69 0.9130434782608695
70 0.9
71 0.9014084507042254
72 0.9027777777777778
73 0.9041095890410958
74 0.8918918918918919
75 0.8933333333333333
76 0.8947368421052632
77 0.8961038961038961
78 0.8974358974358975
79 0.8860759493670886
80 0.8875
81 0.8888888888888888
82 0.8902439024390244
83 0.891566265060241
84 0.8928571428571429
85 0.8941176470588236
86 0.8837209302325582
87 0.8850574712643678
88 0.875
89 0.8764044943820225
90 0.8777777777777778
91 0.8791208791208791
92 0.8695652173913043
93 0.8709677419354839
94 0.8723404255319149
95 0.8736842105263158
96 0.875
97 0.865979381443299
98 0.8571428571428571
99 0.8585858585858586
100 0.85
101 0.8514851485148515
102 0.8431372549019608
103 0.8446601941747572
104 0.8461538461538461
105 0.8476190476190476
106 0.839622641509434
107 0.8317757009345794
108 0.8333333333333334
109 0.8348623853211009
110 0.8363636363636363
111 0.8288288288288288
112 0.8303571428571429
113 0.831858407079646
114 0.8245614035087719
115 0.8173913043478261
116 0.8103448275862069
117 0.811965811965812
118 0.8135593220338984
119 0.8151260504201681
120 0.8166666666666667
121 0.8181818181818182
122 0.819672131147541
123 0.8211382113821138
124 0.8225806451612904
125 0.816
126 0.8095238095238095
127 0.8110236220472441
128 0.8125
129 0.813953488372093
130 0.8153846153846154
131 0.8091603053435115
132 0.8106060606060606
133 0.8120300751879699
134 0.8134328358208955
135 0.8148148148148148
136 0.8161764705882353
137 0.8175182481751825
138 0.8188405797101449
139 0.8129496402877698
140 0.8071428571428572
141 0.8014184397163121
142 0.8028169014084507
143 0.7972027972027972
144 0.7916666666666666
145 0.7931034482758621
146 0.7945205479452054
147 0.7959183673469388
148 0.7972972972972973
149 0.7919463087248322
150 0.7866666666666666
151 0.7880794701986755
152 0.7828947368421053
153 0.7777777777777778
154 0.7727272727272727
155 0.7677419354838709
156 0.7692307692307693
157 0.7643312101910829
158 0.7658227848101266
159 0.7610062893081762
160 0.75625
161 0.7577639751552795
162 0.7592592592592593
163 0.7607361963190185
164 0.7560975609756098
165 0.7515151515151515
166 0.7530120481927711
167 0.7485029940119761
168 0.7440476190476191
169 0.7455621301775148
170 0.7411764705882353
171 0.7368421052631579
172 0.7325581395348837
173 0.7283236994219653
174 0.7241379310344828
175 0.72
176 0.7215909090909091
177 0.7231638418079096
178 0.7247191011235955
179 0.7206703910614525
180 0.7222222222222222
181 0.7237569060773481
182 0.7197802197802198
183 0.7158469945355191
184 0.717391304347826
185 0.7135135135135136
186 0.7096774193548387
187 0.7058823529411765
188 0.7074468085106383
189 0.7037037037037037
190 0.7
191 0.6963350785340314
192 0.6927083333333334
193 0.689119170984456
194 0.6855670103092784
195 0.6871794871794872
196 0.6887755102040817
197 0.6903553299492385
198 0.6868686868686869
199 0.6834170854271356
200 0.68
201 0.6766169154228856
202 0.6732673267326733
203 0.6699507389162561
204 0.6666666666666666
205 0.6682926829268293
206 0.6699029126213593
207 0.6714975845410628
208 0.6730769230769231
209 0.6746411483253588
210 0.6761904761904762
211 0.6729857819905213
212 0.6698113207547169
213 0.6666666666666666
214 0.6635514018691588
215 0.6604651162790698
216 0.6574074074074074
217 0.6589861751152074
218 0.6605504587155964
219 0.6575342465753424
220 0.6590909090909091
221 0.6606334841628959
222 0.6576576576576577
223 0.6547085201793722
224 0.65625
225 0.6533333333333333
226 0.6504424778761062
227 0.6519823788546255
228 0.6491228070175439
229 0.6462882096069869
230 0.6434782608695652
231 0.645021645021645
232 0.6422413793103449
233 0.6394849785407726
234 0.6410256410256411
235 0.6382978723404256
236 0.6398305084745762
237 0.6371308016877637
238 0.634453781512605
239 0.6317991631799164
240 0.6333333333333333
241 0.6307053941908713
242 0.628099173553719
243 0.6255144032921811
244 0.6270491803278688
245 0.6244897959183674
246 0.6219512195121951
247 0.6194331983805668
248 0.6169354838709677
249 0.6144578313253012
250 0.612
251 0.6135458167330677
252 0.6111111111111112
253 0.6086956521739131
254 0.6062992125984252
255 0.6078431372549019
256 0.60546875
257 0.603112840466926
258 0.6046511627906976
259 0.6023166023166023
260 0.6
261 0.5977011494252874
262 0.5954198473282443
263 0.5931558935361216
264 0.5946969696969697
265 0.5924528301886792
266 0.5939849624060151
267 0.5917602996254682
268 0.5932835820895522
269 0.5910780669144982
270 0.5888888888888889
271 0.5867158671586716
272 0.5845588235294118
273 0.5824175824175825
274 0.5802919708029197
275 0.5818181818181818
276 0.5797101449275363
277 0.5776173285198556
278 0.5755395683453237
279 0.5734767025089605
280 0.575
281 0.5729537366548043
282 0.5709219858156028
283 0.568904593639576
284 0.5704225352112676
285 0.5719298245614035
286 0.5699300699300699
287 0.5679442508710801
288 0.5659722222222222
289 0.5640138408304498
290 0.5620689655172414
291 0.5601374570446735
292 0.5582191780821918
293 0.5563139931740614
294 0.5544217687074829
295 0.5525423728813559
296 0.5506756756756757
297 0.5488215488215489
298 0.5469798657718121
299 0.5451505016722408
300 0.5433333333333333
301 0.5448504983388704
302 0.543046357615894
303 0.5412541254125413
304 0.5394736842105263
305 0.5377049180327869
306 0.5359477124183006
307 0.5342019543973942
308 0.5324675324675324
309 0.5307443365695793
310 0.5290322580645161
311 0.5273311897106109
312 0.5256410256410257
313 0.5239616613418531
314 0.5222929936305732
315 0.5206349206349207
316 0.5189873417721519
317 0.5205047318611987
318 0.5188679245283019
319 0.5172413793103449
320 0.515625
321 0.5171339563862928
322 0.515527950310559
323 0.5139318885448917
324 0.5123456790123457
325 0.5107692307692308
326 0.50920245398773
327 0.5076452599388379
328 0.5060975609756098
329 0.5045592705167173
330 0.503030303030303
331 0.5015105740181269
332 0.5
333 0.4984984984984985
334 0.49700598802395207
335 0.4955223880597015
336 0.49404761904761907
337 0.49258160237388726
338 0.4911242603550296
339 0.4896755162241888
340 0.48823529411764705
341 0.4868035190615836
342 0.4853801169590643
343 0.4839650145772595
344 0.48255813953488375
345 0.48405797101449277
346 0.48554913294797686
347 0.484149855907781
348 0.48563218390804597
349 0.48424068767908307
350 0.4828571428571429
351 0.48148148148148145
352 0.48011363636363635
353 0.47875354107648727
354 0.480225988700565
355 0.4788732394366197
356 0.47752808988764045
357 0.47619047619047616
358 0.4748603351955307
359 0.4735376044568245
360 0.4722222222222222
361 0.4709141274238227
362 0.4723756906077348
363 0.47107438016528924
364 0.4697802197802198
365 0.4684931506849315
366 0.4672131147540984
367 0.4659400544959128
368 0.46467391304347827
369 0.4634146341463415
370 0.46216216216216216
371 0.4636118598382749
372 0.46236559139784944
373 0.46112600536193027
374 0.45989304812834225
375 0.45866666666666667
376 0.4574468085106383
377 0.4562334217506631
378 0.455026455026455
379 0.45382585751978893
380 0.45263157894736844
381 0.45144356955380577
382 0.450261780104712
383 0.4490861618798956
384 0.4505208333333333
385 0.44935064935064933
386 0.45077720207253885
387 0.4496124031007752
388 0.4484536082474227
389 0.4473007712082262
390 0.4461538461538462
391 0.44501278772378516
392 0.44387755102040816
393 0.44274809160305345
394 0.4416243654822335
395 0.44050632911392407
396 0.4393939393939394
397 0.43828715365239296
398 0.4371859296482412
399 0.43609022556390975
400 0.435
401 0.4339152119700748
402 0.43283582089552236
403 0.4317617866004963
404 0.4306930693069307
405 0.42962962962962964
406 0.43103448275862066
407 0.42997542997543
408 0.42892156862745096
409 0.43031784841075793
410 0.4292682926829268
411 0.4282238442822384
412 0.42718446601941745
413 0.4261501210653753
414 0.4251207729468599
415 0.42409638554216866
416 0.4230769230769231
417 0.42206235011990406
418 0.423444976076555
419 0.4224343675417661
420 0.42142857142857143
421 0.42042755344418054
422 0.4194312796208531
423 0.41843971631205673
424 0.41745283018867924
425 0.4164705882352941
426 0.4154929577464789
427 0.41451990632318503
428 0.4135514018691589
429 0.4125874125874126
430 0.4116279069767442
431 0.41067285382830626
432 0.4097222222222222
433 0.40877598152424943
434 0.4078341013824885
435 0.4068965517241379
436 0.4059633027522936
437 0.4073226544622426
438 0.4063926940639269
439 0.4054669703872437
440 0.40454545454545454
441 0.4036281179138322
442 0.40271493212669685
443 0.4018058690744921
444 0.4009009009009009
445 0.4
446 0.4013452914798206
447 0.4004474272930649
448 0.39955357142857145
449 0.40089086859688194
450 0.4
451 0.3991130820399113
452 0.39823008849557523
453 0.3973509933774834
454 0.3986784140969163
455 0.3978021978021978
456 0.3969298245614035
457 0.39606126914660833
458 0.3951965065502183
459 0.39433551198257083
460 0.39565217391304347
461 0.3947939262472885
462 0.3939393939393939
463 0.3930885529157667
464 0.3922413793103448
465 0.3913978494623656
466 0.3905579399141631
467 0.39186295503211993
468 0.391025641025641
469 0.39019189765458423
470 0.3893617021276596
471 0.3885350318471338
472 0.3877118644067797
473 0.386892177589852
474 0.3860759493670886
475 0.38526315789473686
476 0.38445378151260506
477 0.3836477987421384
478 0.38284518828451886
479 0.38204592901878914
480 0.38125
481 0.38253638253638256
482 0.3817427385892116
483 0.38095238095238093
484 0.38016528925619836
485 0.37938144329896906
486 0.3786008230452675
487 0.37782340862423
488 0.3770491803278688
489 0.37627811860940696
490 0.37551020408163266
491 0.37474541751527496
492 0.37398373983739835
493 0.37322515212981744
494 0.3724696356275304
495 0.3717171717171717
496 0.3709677419354839
497 0.3702213279678068
498 0.3714859437751004
499 0.37074148296593185
500 0.37
501 0.36926147704590817
502 0.36852589641434264
503 0.36779324055666
504 0.36706349206349204
505 0.36633663366336633
506 0.36561264822134387
507 0.36489151873767256
508 0.3641732283464567
509 0.36345776031434185
510 0.3627450980392157
511 0.36203522504892366
512 0.361328125
513 0.36062378167641324
514 0.35992217898832685
515 0.3592233009708738
516 0.35852713178294576
517 0.3578336557059961
518 0.35714285714285715
519 0.35645472061657035
520 0.3557692307692308
521 0.3550863723608445
522 0.3544061302681992
523 0.35372848948374763
524 0.3530534351145038
525 0.3523809523809524
526 0.3517110266159696
527 0.3510436432637571
528 0.3503787878787879
529 0.3497164461247637
530 0.3490566037735849
531 0.3483992467043315
532 0.34774436090225563
533 0.34709193245778613
534 0.3464419475655431
535 0.34579439252336447
536 0.3451492537313433
537 0.34450651769087526
538 0.34386617100371747
539 0.3432282003710575
540 0.3425925925925926
541 0.3419593345656192
542 0.3413284132841328
543 0.3425414364640884
544 0.34191176470588236
545 0.3412844036697248
546 0.3424908424908425
547 0.34186471663619744
548 0.34124087591240876
549 0.3406193078324226
550 0.34
551 0.3393829401088929
552 0.338768115942029
553 0.33815551537070526
554 0.33754512635379064
555 0.33693693693693694
556 0.3363309352517986
557 0.3357271095152603
558 0.33512544802867383
559 0.334525939177102
560 0.3339285714285714
561 0.33511586452762926
562 0.33451957295373663
563 0.3339253996447602
564 0.3351063829787234
565 0.3345132743362832
566 0.3339222614840989
567 0.3333333333333333
568 0.33274647887323944
569 0.3321616871704745
570 0.33157894736842103
571 0.3327495621716287
572 0.3321678321678322
573 0.3333333333333333
574 0.3327526132404181
575 0.33217391304347826
576 0.3315972222222222
577 0.3310225303292894
578 0.3304498269896194
579 0.3298791018998273
580 0.3293103448275862
581 0.3287435456110155
582 0.3281786941580756
583 0.3276157804459691
584 0.3270547945205479
585 0.3264957264957265
586 0.32593856655290104
587 0.32538330494037476
588 0.32482993197278914
589 0.3242784380305603
590 0.32372881355932204
591 0.32318104906937395
592 0.32432432432432434
593 0.32377740303541314
594 0.32323232323232326
595 0.3226890756302521
596 0.3221476510067114
597 0.3232830820770519
598 0.32274247491638797
599 0.32220367278797996
600 0.32166666666666666
601 0.3211314475873544
602 0.32059800664451826
603 0.3200663349917081
604 0.3195364238410596
605 0.32066115702479336
606 0.3201320132013201
607 0.31960461285008235
608 0.3190789473684211
609 0.3185550082101806
610 0.3180327868852459
611 0.3191489361702128
612 0.31862745098039214
613 0.3181076672104405
614 0.31758957654723124
615 0.3170731707317073
616 0.31655844155844154
617 0.3160453808752026
618 0.31715210355987056
619 0.3166397415185784
620 0.317741935483871
621 0.3188405797101449
622 0.3183279742765273
623 0.31781701444622795
624 0.3189102564102564
625 0.3184
626 0.3194888178913738
627 0.3189792663476874
628 0.3184713375796178
629 0.3179650238473768
630 0.31746031746031744
631 0.31695721077654515
632 0.31645569620253167
633 0.315955766192733
634 0.31545741324921134
635 0.31496062992125984
636 0.31446540880503143
637 0.3139717425431711
638 0.31347962382445144
639 0.3129890453834116
640 0.3125
641 0.31201248049922
642 0.3115264797507788
643 0.3110419906687403
644 0.3105590062111801
645 0.31007751937984496
646 0.30959752321981426
647 0.3091190108191654
648 0.30864197530864196
649 0.3081664098613251
650 0.3076923076923077
651 0.30721966205837176
652 0.3067484662576687
653 0.30627871362940273
654 0.3058103975535168
655 0.3053435114503817
656 0.3048780487804878
657 0.30441400304414
658 0.303951367781155
659 0.30349013657056145
660 0.30303030303030304
661 0.30257186081694404
662 0.3021148036253776
663 0.30165912518853694
664 0.30271084337349397
665 0.3022556390977444
666 0.30180180180180183
667 0.30134932533733133
668 0.3008982035928144
669 0.3004484304932735
670 0.3
671 0.2995529061102832
672 0.29910714285714285
673 0.2986627043090639
674 0.29821958456973297
675 0.29777777777777775
676 0.2973372781065089
677 0.2968980797636632
678 0.29646017699115046
679 0.2960235640648012
680 0.29558823529411765
681 0.29515418502202645
682 0.29472140762463345
683 0.29428989751098095
684 0.29385964912280704
685 0.2934306569343066
686 0.29300291545189505
687 0.2925764192139738
688 0.2921511627906977
689 0.29172714078374457
690 0.29130434782608694
691 0.29088277858176553
692 0.2904624277456647
693 0.29004329004329005
694 0.2896253602305475
695 0.2892086330935252
696 0.28879310344827586
697 0.2883787661406026
698 0.28796561604584525
699 0.2875536480686695
700 0.28714285714285714
701 0.2867332382310984
702 0.2863247863247863
703 0.28591749644381226
704 0.28551136363636365
705 0.2851063829787234
706 0.2847025495750708
707 0.2842998585572843
708 0.2838983050847458
709 0.2834978843441467
710 0.2830985915492958
711 0.28270042194092826
712 0.28230337078651685
713 0.28190743338008417
714 0.2815126050420168
715 0.2811188811188811
716 0.2807262569832402
717 0.2803347280334728
718 0.2799442896935933
719 0.2795549374130737
720 0.2791666666666667
721 0.2787794729542302
722 0.278393351800554
723 0.27800829875518673
724 0.2776243093922652
725 0.2772413793103448
726 0.2768595041322314
727 0.2764786795048143
728 0.2760989010989011
729 0.2757201646090535
730 0.27534246575342464
731 0.2749658002735978
732 0.27459016393442626
733 0.2742155525238745
734 0.273841961852861
735 0.27346938775510204
736 0.27309782608695654
737 0.2727272727272727
738 0.27235772357723576
739 0.2719891745602165
740 0.2716216216216216
741 0.27125506072874495
742 0.27088948787061995
743 0.27052489905787347
744 0.2701612903225806
745 0.2697986577181208
746 0.26943699731903487
747 0.26907630522088355
748 0.26871657754010697
749 0.2683578104138852
750 0.268
751 0.26764314247669774
752 0.26728723404255317
753 0.26693227091633465
754 0.26657824933687
755 0.2662251655629139
756 0.26587301587301587
757 0.2655217965653897
758 0.26517150395778366
759 0.2648221343873518
760 0.2644736842105263
761 0.26412614980289095
762 0.2637795275590551
763 0.2634338138925295
764 0.2630890052356021
765 0.2627450980392157
766 0.26240208877284593
767 0.2620599739243807
768 0.26171875
769 0.2613784135240572
770 0.2623376623376623
771 0.2619974059662776
772 0.2616580310880829
773 0.2613195342820181
774 0.26098191214470284
775 0.26064516129032256
776 0.2603092783505155
777 0.25997425997426
778 0.2596401028277635
779 0.2605905006418485
780 0.2602564102564103
781 0.2599231754161332
782 0.2595907928388747
783 0.25925925925925924
784 0.25892857142857145
785 0.2585987261146497
786 0.2582697201017812
787 0.2579415501905972
788 0.25761421319796957
789 0.2572877059569075
790 0.2569620253164557
791 0.25663716814159293
792 0.2563131313131313
793 0.25598991172761665
794 0.25566750629722923
795 0.25534591194968553
796 0.2550251256281407
797 0.2547051442910916
798 0.2543859649122807
799 0.25406758448060074
800 0.25375
801 0.2534332084893883
802 0.25311720698254364
803 0.25280199252801994
804 0.2524875621890547
805 0.25217391304347825
806 0.2518610421836228
807 0.25154894671623296
808 0.2524752475247525
809 0.2521631644004944
810 0.2518518518518518
811 0.25154130702836003
812 0.2512315270935961
813 0.25092250922509224
814 0.25061425061425063
815 0.25153374233128833
816 0.2512254901960784
817 0.25091799265605874
818 0.2506112469437653
819 0.2503052503052503
820 0.25
821 0.2496954933008526
822 0.24939172749391728
823 0.2503037667071689
824 0.25
825 0.2496969696969697
826 0.24939467312348668
827 0.24909310761789602
828 0.24879227053140096
829 0.24849215922798554
830 0.24819277108433735
831 0.24789410348977137
832 0.24759615384615385
833 0.24729891956782712
834 0.24700239808153476
835 0.2467065868263473
836 0.24641148325358853
837 0.24611708482676226
838 0.2458233890214797
839 0.24553039332538737
840 0.24642857142857144
841 0.24613555291319858
842 0.24584323040380046
843 0.24555160142348753
844 0.245260663507109
845 0.24497041420118343
846 0.24468085106382978
847 0.24439197166469895
848 0.24410377358490565
849 0.24381625441696114
850 0.24352941176470588
851 0.24324324324324326
852 0.24413145539906103
853 0.24384525205158264
854 0.24355971896955503
855 0.2432748538011696
856 0.24299065420560748
857 0.2427071178529755
858 0.24242424242424243
859 0.2421420256111758
860 0.24186046511627907
861 0.2415795586527294
862 0.24129930394431554
863 0.2410196987253766
864 0.24074074074074073
865 0.24046242774566473
866 0.24018475750577367
867 0.23990772779700115
868 0.23963133640552994
869 0.23935558112773303
870 0.23908045977011494
871 0.23880597014925373
872 0.23853211009174313
873 0.23825887743413515
874 0.2391304347826087
875 0.24
876 0.23972602739726026
877 0.2394526795895097
878 0.23917995444191345
879 0.23890784982935154
880 0.23863636363636365
881 0.2383654937570942
882 0.23809523809523808
883 0.23782559456398641
884 0.23755656108597284
885 0.23728813559322035
886 0.23702031602708803
887 0.23675310033821872
888 0.23648648648648649
889 0.23622047244094488
890 0.23595505617977527
891 0.2356902356902357
892 0.23542600896860988
893 0.23516237402015677
894 0.2348993288590604
895 0.2346368715083799
896 0.234375
897 0.23411371237458195
898 0.23385300668151449
899 0.2335928809788654
900 0.23333333333333334
901 0.2341842397336293
902 0.23392461197339245
903 0.2336655592469546
904 0.2334070796460177
905 0.23314917127071824
906 0.23289183222958057
907 0.2326350606394708
908 0.23237885462555066
909 0.23212321232123212
910 0.23186813186813188
911 0.23161361141602635
912 0.23135964912280702
913 0.23110624315443593
914 0.23085339168490154
915 0.23060109289617486
916 0.23034934497816595
917 0.2300981461286805
918 0.2298474945533769
919 0.2295973884657236
920 0.22934782608695653
921 0.2290988056460369
922 0.22885032537960953
923 0.228602383531961
924 0.22835497835497837
925 0.2281081081081081
926 0.22786177105831534
927 0.22761596548004315
928 0.2273706896551724
929 0.2271259418729817
930 0.22688172043010751
931 0.22663802363050484
932 0.22639484978540772
933 0.22615219721329047
934 0.2259100642398287
935 0.22566844919786097
936 0.22542735042735043
937 0.22518676627534684
938 0.22494669509594883
939 0.22470713525026625
940 0.22446808510638297
941 0.22422954303931988
942 0.22399150743099788
943 0.22375397667020147
944 0.22351694915254236
945 0.22328042328042327
946 0.22304439746300211
947 0.22280887011615627
948 0.22257383966244726
949 0.22233930453108536
950 0.22210526315789475
951 0.22187171398527866
952 0.22163865546218486
953 0.22140608604407136
954 0.22117400419287211
955 0.22094240837696336
956 0.22071129707112971
957 0.22048066875653083
958 0.22025052192066805
959 0.22002085505735142
960 0.21979166666666666
961 0.21956295525494277
962 0.21933471933471935
963 0.21910695742471442
964 0.21887966804979253
965 0.21865284974093263
966 0.21842650103519667
967 0.21820062047569805
968 0.21797520661157024
969 0.21775025799793601
970 0.2175257731958763
971 0.21730175077239958
972 0.21707818930041153
973 0.21685508735868447
974 0.2166324435318275
975 0.2164102564102564
976 0.21618852459016394
977 0.21596724667349027
978 0.21574642126789367
979 0.21552604698672115
980 0.2153061224489796
981 0.21508664627930682
982 0.21486761710794297
983 0.21464903357070192
984 0.21443089430894308
985 0.21421319796954313
986 0.21399594320486814
987 0.2137791286727457
988 0.2145748987854251
989 0.21435793731041455
990 0.21414141414141413
991 0.21392532795156408
992 0.21370967741935484
993 0.2134944612286002
994 0.21327967806841047
995 0.21306532663316582
996 0.21285140562248997
997 0.21263791374122368
998 0.2124248496993988
999 0.2122122122122122
1000 0.212
1001 0.21178821178821178
1002 0.21157684630738524
1003 0.21136590229312063
1004 0.21115537848605578
1005 0.2109452736318408
1006 0.21073558648111332
1007 0.21052631578947367
1008 0.21031746031746032
1009 0.21010901883052527
1010 0.2099009900990099
1011 0.20969337289812068
1012 0.20948616600790515
1013 0.20927936821322804
1014 0.20907297830374755
1015 0.20886699507389161
1016 0.20866141732283464
1017 0.20845624385447395
1018 0.2082514734774067
1019 0.20804710500490678
1020 0.20784313725490197
1021 0.20763956904995104
1022 0.20743639921722112
1023 0.2072336265884653
1024 0.20703125
1025 0.20682926829268292
1026 0.20662768031189083
1027 0.20642648490749757
1028 0.20622568093385213
1029 0.20602526724975703
1030 0.2058252427184466
1031 0.20562560620756548
1032 0.2054263565891473
1033 0.20522749273959343
1034 0.20502901353965183
1035 0.20483091787439614
1036 0.20463320463320464
1037 0.20443587270973965
1038 0.20423892100192678
1039 0.20404234841193455
1040 0.20384615384615384
1041 0.20365033621517772
1042 0.2034548944337812
1043 0.20325982742090123
1044 0.20306513409961685
1045 0.20287081339712917
1046 0.20267686424474188
1047 0.20248328557784145
1048 0.20229007633587787
1049 0.2020972354623451
1050 0.2019047619047619
1051 0.2017126546146527
1052 0.20152091254752852
1053 0.201329534662868
1054 0.20113851992409867
1055 0.2009478672985782
1056 0.20075757575757575
1057 0.20056764427625354
1058 0.2003780718336484
1059 0.20018885741265344
1060 0.2
1061 0.1998114985862394
1062 0.19962335216572505
1063 0.19943555973659455
1064 0.19924812030075187
1065 0.2
1066 0.199812382739212
1067 0.19962511715089035
1068 0.199438202247191
1069 0.1992516370439663
1070 0.19906542056074766
1071 0.19887955182072828
1072 0.19869402985074627
1073 0.19850885368126747
1074 0.19832402234636873
1075 0.19813953488372094
1076 0.1979553903345725
1077 0.1977715877437326
1078 0.19758812615955473
1079 0.1974050046339203
1080 0.19722222222222222
1081 0.19703977798334876
1082 0.19685767097966728
1083 0.19667590027700832
1084 0.19649446494464945
1085 0.19631336405529953
1086 0.19613259668508287
1087 0.19595216191352346
1088 0.1957720588235294
1089 0.19559228650137742
1090 0.19541284403669726
1091 0.19523373052245646
1092 0.19505494505494506
1093 0.1948764867337603
1094 0.19469835466179158
1095 0.19452054794520549
1096 0.19434306569343066
1097 0.19416590701914313
1098 0.19398907103825136
1099 0.19381255686988172
1100 0.19363636363636363
1101 0.19346049046321526
1102 0.19328493647912887
1103 0.1931097008159565
1104 0.19293478260869565
1105 0.19276018099547512
1106 0.19258589511754068
1107 0.19241192411924118
1108 0.19223826714801445
1109 0.1920649233543733
1110 0.1918918918918919
1111 0.19171917191719173
1112 0.19154676258992806
1113 0.19137466307277629
1114 0.19120287253141832
1115 0.19103139013452916
1116 0.1917562724014337
1117 0.19158460161145927
1118 0.19141323792486584
1119 0.19124218051831993
1120 0.19107142857142856
1121 0.19090098126672614
1122 0.19073083778966132
1123 0.19056099732858414
1124 0.1903914590747331
1125 0.1902222222222222
1126 0.19005328596802842
1127 0.1898846495119787
1128 0.18971631205673758
1129 0.18954827280779452
1130 0.18938053097345134
1131 0.1892130857648099
1132 0.18904593639575973
1133 0.18887908208296558
1134 0.18871252204585537
1135 0.18854625550660792
1136 0.18838028169014084
1137 0.1882145998240985
1138 0.18804920913884007
1139 0.18788410886742757
1140 0.18771929824561404
1141 0.18755477651183172
1142 0.18739054290718038
1143 0.18722659667541558
1144 0.18706293706293706
1145 0.1868995633187773
1146 0.18673647469458987
1147 0.18657367044463818
1148 0.18728222996515678
1149 0.18711923411662315
1150 0.18695652173913044
1151 0.18679409209383144
1152 0.18663194444444445
1153 0.18647007805724197
1154 0.18630849220103987
1155 0.18614718614718614
1156 0.18598615916955016
1157 0.18582541054451165
1158 0.18566493955094993
1159 0.18550474547023296
1160 0.1853448275862069
1161 0.18518518518518517
1162 0.18502581755593803
1163 0.18486672398968185
1164 0.18470790378006874
1165 0.18454935622317598
1166 0.1843910806174957
1167 0.1842330762639246
1168 0.1840753424657534
1169 0.18391787852865696
1170 0.18376068376068377
1171 0.18360375747224594
1172 0.18344709897610922
1173 0.18329070758738278
1174 0.18313458262350937
1175 0.1829787234042553
1176 0.1828231292517007
1177 0.1826677994902294
1178 0.18251273344651953
1179 0.1823579304495335
1180 0.18220338983050846
1181 0.18204911092294665
1182 0.18189509306260576
1183 0.18258664412510567
1184 0.18243243243243243
1185 0.1831223628691983
1186 0.18296795952782463
1187 0.18281381634372368
1188 0.18265993265993266
1189 0.1825063078216989
1190 0.18235294117647058
1191 0.18219983207388749
1192 0.1820469798657718
1193 0.18189438390611903
1194 0.18174204355108878
1195 0.1815899581589958
1196 0.181438127090301
1197 0.18128654970760233
1198 0.18113522537562604
1199 0.18098415346121768
1200 0.18083333333333335
1201 0.18151540383014156
1202 0.18136439267886856
1203 0.18121363258520365
1204 0.18106312292358803
1205 0.18091286307053941
1206 0.18076285240464346
1207 0.18061309030654515
1208 0.1804635761589404
1209 0.18031430934656742
1210 0.18016528925619835
1211 0.18001651527663087
1212 0.17986798679867988
1213 0.179719703215169
1214 0.17957166392092258
1215 0.1794238683127572
1216 0.17927631578947367
1217 0.1791290057518488
1218 0.17898193760262726
1219 0.17883511074651354
1220 0.17868852459016393
1221 0.17854217854217855
1222 0.1783960720130933
1223 0.17825020441537204
1224 0.1781045751633987
1225 0.17795918367346938
1226 0.17781402936378465
1227 0.17766911165444174
1228 0.1775244299674267
1229 0.177379983726607
1230 0.1772357723577236
1231 0.17709179528838342
1232 0.17694805194805194
1233 0.17680454176804541
1234 0.1766612641815235
1235 0.17651821862348177
1236 0.17637540453074432
1237 0.17623282134195634
1238 0.17609046849757673
1239 0.17594834543987087
1240 0.17580645161290323
1241 0.17566478646253023
1242 0.17552334943639292
1243 0.1753821399839099
1244 0.1752411575562701
1245 0.1751004016064257
1246 0.17495987158908508
1247 0.1748195669607057
1248 0.17467948717948717
1249 0.1745396317053643
1250 0.1744
1251 0.17426059152677859
1252 0.17412140575079874
1253 0.1739824421388667
1254 0.17384370015948963
1255 0.17370517928286852
1256 0.1735668789808917
1257 0.17422434367541767
1258 0.1740858505564388
1259 0.17394757744241462
1260 0.1738095238095238
1261 0.17367168913560665
1262 0.1735340729001585
1263 0.17339667458432304
1264 0.17325949367088608
1265 0.17312252964426877
1266 0.17298578199052134
1267 0.1728492501973165
1268 0.17271293375394323
1269 0.17257683215130024
1270 0.17244094488188977
1271 0.17230527143981117
1272 0.1721698113207547
1273 0.1720345640219953
1274 0.17189952904238617
1275 0.17176470588235293
1276 0.17163009404388715
1277 0.17149569303054032
1278 0.17136150234741784
1279 0.1712275215011728
1280 0.17109375
1281 0.1717408274785324
1282 0.17160686427457097
1283 0.17147310989867498
1284 0.17133956386292834
1285 0.17120622568093385
1286 0.17107309486780714
1287 0.17094017094017094
1288 0.17080745341614906
1289 0.17145073700543056
1290 0.17131782945736435
1291 0.17118512780790085
1292 0.17105263157894737
1293 0.17092034029389017
1294 0.17078825347758886
1295 0.17065637065637065
1296 0.1705246913580247
1297 0.17039321511179645
1298 0.17026194144838214
1299 0.17013086989992302
1300 0.17
1301 0.16986933128362797
1302 0.16973886328725038
1303 0.1696085955487337
1304 0.16947852760736196
1305 0.16934865900383142
1306 0.16921898928024504
1307 0.16908951798010713
1308 0.16896024464831805
1309 0.16883116883116883
1310 0.1687022900763359
1311 0.16857360793287568
1312 0.16844512195121952
1313 0.16831683168316833
1314 0.16818873668188736
1315 0.16806083650190115
1316 0.16793313069908813
1317 0.16780561883067577
1318 0.1676783004552352
1319 0.16755117513267628
1320 0.16742424242424242
1321 0.16729750189250567
1322 0.16717095310136157
1323 0.1670445956160242
1324 0.16691842900302115
1325 0.16679245283018868
1326 0.16666666666666666
1327 0.16654107008289373
1328 0.1664156626506024
1329 0.16629044394281414
1330 0.1661654135338346
1331 0.16604057099924868
1332 0.16591591591591592
1333 0.16579144786196548
1334 0.1656671664167916
1335 0.1655430711610487
1336 0.16541916167664672
1337 0.16529543754674644
1338 0.16517189835575485
1339 0.1650485436893204
1340 0.16492537313432837
1341 0.16480238627889635
1342 0.1646795827123696
1343 0.16455696202531644
1344 0.1644345238095238
1345 0.16431226765799256
1346 0.16419019316493313
1347 0.16406829992576094
1348 0.163946587537092
1349 0.16382505559673832
1350 0.1637037037037037
1351 0.16358253145817914
1352 0.16346153846153846
1353 0.16334072431633406
1354 0.16322008862629248
1355 0.16309963099630997
1356 0.16297935103244837
1357 0.16285924834193072
1358 0.16273932253313697
1359 0.1626195732155997
1360 0.1625
1361 0.1623806024981631
1362 0.16226138032305434
1363 0.16214233308877476
1364 0.16202346041055718
1365 0.1619047619047619
1366 0.1617862371888726
1367 0.1616678858814923
1368 0.1615497076023392
1369 0.16143170197224252
1370 0.16131386861313868
1371 0.1611962071480671
1372 0.16107871720116618
1373 0.16096139839766935
1374 0.16084425036390101
1375 0.16072727272727272
1376 0.16061046511627908
1377 0.16049382716049382
1378 0.16037735849056603
1379 0.1602610587382161
1380 0.16014492753623188
1381 0.16002896451846488
1382 0.15991316931982633
1383 0.15979754157628345
1384 0.1596820809248555
1385 0.1595667870036101
1386 0.16017316017316016
1387 0.16005767844268204
1388 0.15994236311239193
1389 0.15982721382289417
1390 0.15971223021582734
1391 0.15959741193386054
1392 0.15948275862068967
1393 0.15936826992103373
1394 0.15925394548063126
1395 0.15913978494623657
1396 0.15902578796561603
1397 0.15891195418754475
1398 0.15879828326180256
1399 0.15868477483917084
1400 0.15857142857142856
1401 0.15917201998572447
1402 0.15905848787446505
1403 0.15894511760513186
1404 0.15883190883190884
1405 0.15871886120996442
1406 0.15860597439544807
1407 0.15849324804548684
1408 0.15838068181818182
1409 0.15826827537260468
1410 0.15815602836879433
1411 0.15804394046775336
1412 0.15793201133144477
1413 0.1578202406227884
1414 0.15770862800565771
1415 0.1575971731448763
1416 0.1574858757062147
1417 0.15737473535638674
1418 0.15726375176304655
1419 0.15715292459478505
1420 0.15704225352112677
1421 0.1569317382125264
1422 0.1568213783403657
1423 0.1567111735769501
1424 0.15660112359550563
1425 0.15649122807017543
1426 0.15638148667601684
1427 0.15627189908899788
1428 0.1561624649859944
1429 0.15605318404478657
1430 0.15594405594405594
1431 0.15583508036338226
1432 0.15572625698324022
1433 0.15561758548499652
1434 0.15550906555090654
1435 0.1554006968641115
1436 0.15529247910863508
1437 0.15518441196938065
1438 0.15507649513212796
1439 0.15496872828353023
1440 0.15486111111111112
1441 0.15475364330326163
1442 0.15464632454923716
1443 0.15453915453915454
1444 0.15443213296398892
1445 0.15432525951557094
1446 0.1542185338865837
1447 0.15411195577055978
1448 0.15400552486187846
1449 0.1538992408557626
1450 0.15379310344827588
1451 0.1536871123363198
1452 0.15358126721763085
1453 0.1534755677907777
1454 0.15337001375515819
1455 0.15326460481099657
1456 0.15315934065934067
1457 0.15305422100205904
1458 0.15294924554183814
1459 0.15284441398217957
1460 0.15273972602739727
1461 0.15263518138261464
1462 0.15253077975376197
1463 0.15242652084757347
1464 0.1523224043715847
1465 0.1522184300341297
1466 0.15211459754433834
1467 0.1520109066121336
1468 0.15190735694822888
1469 0.15180394826412524
1470 0.15170068027210884
1471 0.15159755268524813
1472 0.1514945652173913
1473 0.1513917175831636
1474 0.15128900949796473
1475 0.1511864406779661
1476 0.1510840108401084
1477 0.15098171970209884
1478 0.15087956698240865
1479 0.15077755240027046
1480 0.15067567567567566
1481 0.15057393652937204
1482 0.150472334682861
1483 0.15037086985839515
1484 0.15026954177897575
1485 0.15016835016835017
1486 0.1500672947510094
1487 0.14996637525218562
1488 0.14986559139784947
1489 0.14976494291470785
1490 0.14966442953020134
1491 0.14956405097250167
1492 0.14946380697050937
1493 0.14936369725385132
1494 0.14926372155287818
1495 0.1491638795986622
1496 0.14906417112299467
1497 0.14896459585838343
1498 0.14886515353805074
1499 0.14876584389593062
1500 0.14933333333333335
