1 1.0
2 1.0
3 1.0
4 1.0
5 1.0
6 1.0
7 1.0
8 1.0
9 1.0
10 1.0
11 1.0
12 1.0
13 1.0
14 1.0
15 1.0
16 1.0
17 1.0
18 1.0
19 1.0
20 1.0
21 1.0
22 1.0
23 1.0
24 1.0
25 1.0
26 0.9615384615384616
27 0.9629629629629629
28 0.9642857142857143
29 0.9655172413793104
30 0.9666666666666667
31 0.967741935483871
32 0.96875
33 0.9696969696969697
34 0.9705882352941176
35 0.9714285714285714
36 0.9722222222222222
37 0.972972972972973
38 0.9736842105263158
39 0.9743589743589743
40 0.975
41 0.975609756097561
42 0.9761904761904762
43 0.9767441860465116
44 0.9772727272727273
45 0.9777777777777777
46 0.9782608695652174
47 0.9787234042553191
48 0.9791666666666666
49 0.9795918367346939
50 0.98
51 0.9803921568627451
52 0.9807692307692307
53 0.9811320754716981
54 0.9814814814814815
55 0.9818181818181818
56 0.9821428571428571
57 0.9824561403508771
58 0.9827586206896551
59 0.9830508474576272
60 0.9833333333333333
61 0.9836065573770492
62 0.9838709677419355
63 0.9841269841269841
64 0.984375
65 0.9846153846153847
66 0.9848484848484849
67 0.9850746268656716
68 0.9852941176470589
69 0.9855072463768116
70 0.9857142857142858
71 0.9859154929577465
72 0.9722222222222222
73 0.9726027397260274
74 0.972972972972973
75 0.9733333333333334
76 0.9605263157894737
77 0.961038961038961
78 0.9487179487179487
79 0.9367088607594937
80 0.9375
81 0.9382716049382716
82 0.926829268292683
83 0.927710843373494
84 0.9285714285714286
85 0.9176470588235294
86 0.9186046511627907
87 0.9195402298850575
88 0.9090909090909091
89 0.9101123595505618
90 0.9111111111111111
91 0.9120879120879121
92 0.9130434782608695
93 0.9139784946236559
94 0.9042553191489362
95 0.9052631578947369
96 0.90625
97 0.9072164948453608
98 0.9081632653061225
99 0.9090909090909091
100 0.9
101 0.900990099009901
102 0.8921568627450981
103 0.8932038834951457
104 0.8846153846153846
105 0.8857142857142857
106 0.8867924528301887
107 0.8878504672897196
108 0.8796296296296297
109 0.8715596330275229
110 0.8636363636363636
111 0.8648648648648649
112 0.8571428571428571
113 0.8584070796460177
114 0.8596491228070176
115 0.8608695652173913
116 0.8620689655172413
117 0.8632478632478633
118 0.8559322033898306
119 0.8487394957983193
120 0.8416666666666667
121 0.8429752066115702
122 0.8442622950819673
123 0.8455284552845529
124 0.8467741935483871
125 0.84
126 0.8412698412698413
127 0.84251968503937
128 0.84375
129 0.8449612403100775
130 0.8461538461538461
131 0.8473282442748091
132 0.8409090909090909
133 0.8345864661654135
134 0.8283582089552238
135 0.8222222222222222
136 0.8235294117647058
137 0.8248175182481752
138 0.8188405797101449
139 0.8129496402877698
140 0.8142857142857143
141 0.8156028368794326
142 0.8098591549295775
143 0.8111888111888111
144 0.8055555555555556
145 0.8
146 0.8013698630136986
147 0.7959183673469388
148 0.7905405405405406
149 0.7919463087248322
150 0.7933333333333333
151 0.7880794701986755
152 0.7828947368421053
153 0.7843137254901961
154 0.7792207792207793
155 0.7741935483870968
156 0.7692307692307693
157 0.7643312101910829
158 0.759493670886076
159 0.7610062893081762
160 0.7625
161 0.7577639751552795
162 0.7592592592592593
163 0.7607361963190185
164 0.7621951219512195
165 0.7575757575757576
166 0.7590361445783133
167 0.7544910179640718
168 0.7559523809523809
169 0.7514792899408284
170 0.7529411764705882
171 0.7485380116959064
172 0.75
173 0.7456647398843931
174 0.7471264367816092
175 0.7485714285714286
176 0.75
177 0.7457627118644068
178 0.7471910112359551
179 0.7430167597765364
180 0.7388888888888889
181 0.7348066298342542
182 0.7307692307692307
183 0.73224043715847
184 0.7282608695652174
185 0.7297297297297297
186 0.7311827956989247
187 0.7272727272727273
188 0.723404255319149
189 0.7195767195767195
190 0.7210526315789474
191 0.7225130890052356
192 0.71875
193 0.7150259067357513
194 0.711340206185567
195 0.7076923076923077
196 0.7040816326530612
197 0.7055837563451777
198 0.7070707070707071
199 0.7035175879396985
200 0.7
201 0.6965174129353234
202 0.693069306930693
203 0.6896551724137931
204 0.6862745098039216
205 0.6878048780487804
206 0.6893203883495146
207 0.6908212560386473
208 0.6923076923076923
209 0.69377990430622
210 0.6904761904761905
211 0.6872037914691943
212 0.6839622641509434
213 0.6854460093896714
214 0.6822429906542056
215 0.6837209302325581
216 0.6805555555555556
217 0.6774193548387096
218 0.6743119266055045
219 0.6712328767123288
220 0.6727272727272727
221 0.6742081447963801
222 0.6711711711711712
223 0.6681614349775785
224 0.6651785714285714
225 0.6622222222222223
226 0.6592920353982301
227 0.6607929515418502
228 0.6622807017543859
229 0.6593886462882096
230 0.6565217391304348
231 0.6536796536796536
232 0.6508620689655172
233 0.6523605150214592
234 0.6495726495726496
235 0.6510638297872341
236 0.652542372881356
237 0.6497890295358649
238 0.6470588235294118
239 0.6443514644351465
240 0.6416666666666667
241 0.6390041493775933
242 0.6363636363636364
243 0.6337448559670782
244 0.6311475409836066
245 0.6326530612244898
246 0.6300813008130082
247 0.631578947368421
248 0.6290322580645161
249 0.6265060240963856
250 0.624
251 0.6254980079681275
252 0.623015873015873
253 0.6245059288537549
254 0.6259842519685039
255 0.6235294117647059
256 0.62109375
257 0.6186770428015564
258 0.6201550387596899
259 0.6177606177606177
260 0.6153846153846154
261 0.6130268199233716
262 0.6106870229007634
263 0.6083650190114068
264 0.6098484848484849
265 0.6113207547169811
266 0.6090225563909775
267 0.6067415730337079
268 0.6044776119402985
269 0.6022304832713755
270 0.6
271 0.5977859778597786
272 0.5955882352941176
273 0.5970695970695971
274 0.5948905109489051
275 0.5927272727272728
276 0.5905797101449275
277 0.5884476534296029
278 0.5863309352517986
279 0.5842293906810035
280 0.5857142857142857
281 0.5836298932384342
282 0.5815602836879432
283 0.5830388692579506
284 0.5845070422535211
285 0.5859649122807018
286 0.583916083916084
287 0.5853658536585366
288 0.5833333333333334
289 0.5813148788927336
290 0.5793103448275863
291 0.5773195876288659
292 0.5787671232876712
293 0.5767918088737202
294 0.5748299319727891
295 0.5728813559322034
296 0.5709459459459459
297 0.569023569023569
298 0.5671140939597316
299 0.568561872909699
300 0.5666666666666667
301 0.5647840531561462
302 0.5629139072847682
303 0.5610561056105611
304 0.5592105263157895
305 0.5573770491803278
306 0.5555555555555556
307 0.5537459283387622
308 0.551948051948052
309 0.5501618122977346
310 0.5483870967741935
311 0.5466237942122186
312 0.5448717948717948
313 0.5431309904153354
314 0.5414012738853503
315 0.5396825396825397
316 0.5411392405063291
317 0.5394321766561514
318 0.5377358490566038
319 0.5391849529780565
320 0.5375
321 0.5358255451713395
322 0.5341614906832298
323 0.5325077399380805
324 0.5339506172839507
325 0.5323076923076923
326 0.5337423312883436
327 0.5321100917431193
328 0.5304878048780488
329 0.5288753799392097
330 0.5272727272727272
331 0.525679758308157
332 0.5271084337349398
333 0.5255255255255256
334 0.5239520958083832
335 0.5223880597014925
336 0.5208333333333334
337 0.5192878338278932
338 0.5177514792899408
339 0.5162241887905604
340 0.5147058823529411
341 0.5161290322580645
342 0.5146198830409356
343 0.5131195335276968
344 0.5116279069767442
345 0.5101449275362319
346 0.5086705202312138
347 0.5072046109510087
348 0.5057471264367817
349 0.504297994269341
350 0.5057142857142857
351 0.5042735042735043
352 0.5028409090909091
353 0.5014164305949008
354 0.5
355 0.49859154929577465
356 0.49719101123595505
357 0.4957983193277311
358 0.49441340782122906
359 0.49303621169916434
360 0.49166666666666664
361 0.4903047091412742
362 0.49171270718232046
363 0.4903581267217631
364 0.489010989010989
365 0.4876712328767123
366 0.48633879781420764
367 0.48501362397820164
368 0.483695652173913
369 0.48509485094850946
370 0.4837837837837838
371 0.48247978436657685
372 0.48118279569892475
373 0.48257372654155495
374 0.48128342245989303
375 0.48
376 0.48138297872340424
377 0.4827586206896552
378 0.48412698412698413
379 0.48284960422163586
380 0.48157894736842105
381 0.48031496062992124
382 0.4790575916230366
383 0.47780678851174935
384 0.4765625
385 0.4753246753246753
386 0.4740932642487047
387 0.4754521963824289
388 0.4742268041237113
389 0.4755784061696658
390 0.47435897435897434
391 0.4731457800511509
392 0.4719387755102041
393 0.4707379134860051
394 0.4720812182741117
395 0.4708860759493671
396 0.4696969696969697
397 0.46851385390428213
398 0.46733668341708545
399 0.46616541353383456
400 0.465
401 0.46384039900249374
402 0.4626865671641791
403 0.46153846153846156
404 0.4603960396039604
405 0.45925925925925926
406 0.458128078817734
407 0.457002457002457
408 0.45588235294117646
409 0.4547677261613692
410 0.4560975609756098
411 0.45498783454987834
412 0.4538834951456311
413 0.45278450363196127
414 0.45169082125603865
415 0.4506024096385542
416 0.4495192307692308
417 0.44844124700239807
418 0.44976076555023925
419 0.4486873508353222
420 0.44761904761904764
421 0.44655581947743467
422 0.44786729857819907
423 0.4491725768321513
424 0.4481132075471698
425 0.4470588235294118
426 0.4460093896713615
427 0.4449648711943794
428 0.4439252336448598
429 0.4428904428904429
430 0.4418604651162791
431 0.4408352668213457
432 0.4398148148148148
433 0.4387990762124711
434 0.4377880184331797
435 0.4367816091954023
436 0.43577981651376146
437 0.43478260869565216
438 0.4337899543378995
439 0.4328018223234624
440 0.4340909090909091
441 0.4331065759637188
442 0.4321266968325792
443 0.43115124153498874
444 0.43243243243243246
445 0.4314606741573034
446 0.4304932735426009
447 0.42953020134228187
448 0.42857142857142855
449 0.4298440979955457
450 0.4288888888888889
451 0.4279379157427938
452 0.4269911504424779
453 0.4260485651214128
454 0.4251101321585903
455 0.42417582417582417
456 0.4232456140350877
457 0.424507658643326
458 0.42358078602620086
459 0.4226579520697168
460 0.4217391304347826
461 0.420824295010846
462 0.4199134199134199
463 0.42116630669546434
464 0.4202586206896552
465 0.421505376344086
466 0.4206008583690987
467 0.4197002141327623
468 0.4188034188034188
469 0.417910447761194
470 0.41702127659574467
471 0.416135881104034
472 0.4152542372881356
473 0.4143763213530655
474 0.41350210970464135
475 0.4126315789473684
476 0.4117647058823529
477 0.4109014675052411
478 0.4100418410041841
479 0.4091858037578288
480 0.4083333333333333
481 0.4095634095634096
482 0.4107883817427386
483 0.40993788819875776
484 0.4090909090909091
485 0.40824742268041236
486 0.4074074074074074
487 0.406570841889117
488 0.4057377049180328
489 0.4049079754601227
490 0.40408163265306124
491 0.40325865580448067
492 0.4024390243902439
493 0.40162271805273836
494 0.4008097165991903
495 0.4
496 0.39919354838709675
497 0.3983903420523139
498 0.39759036144578314
499 0.3967935871743487
500 0.396
501 0.39520958083832336
502 0.3944223107569721
503 0.39363817097415504
504 0.39285714285714285
505 0.3920792079207921
506 0.391304347826087
507 0.3905325443786982
508 0.38976377952755903
509 0.3889980353634578
510 0.39019607843137255
511 0.38943248532289626
512 0.388671875
513 0.38791423001949316
514 0.38715953307393
515 0.3864077669902913
516 0.3875968992248062
517 0.38684719535783363
518 0.3861003861003861
519 0.3853564547206166
520 0.38461538461538464
521 0.3838771593090211
522 0.3831417624521073
523 0.3824091778202677
524 0.3816793893129771
525 0.38285714285714284
526 0.3821292775665399
527 0.38140417457305503
528 0.3806818181818182
529 0.3799621928166352
530 0.37924528301886795
531 0.3785310734463277
532 0.37781954887218044
533 0.3771106941838649
534 0.3782771535580524
535 0.3775700934579439
536 0.376865671641791
537 0.3761638733705773
538 0.3754646840148699
539 0.3747680890538033
540 0.37407407407407406
541 0.3733826247689464
542 0.3726937269372694
543 0.3720073664825046
544 0.3713235294117647
545 0.3706422018348624
546 0.3717948717948718
547 0.37294332723948814
548 0.3722627737226277
549 0.37158469945355194
550 0.3709090909090909
551 0.3702359346642468
552 0.3695652173913043
553 0.3688969258589512
554 0.36823104693140796
555 0.3675675675675676
556 0.3669064748201439
557 0.36624775583482944
558 0.3655913978494624
559 0.36493738819320215
560 0.36428571428571427
561 0.36363636363636365
562 0.36476868327402134
563 0.3641207815275311
564 0.36347517730496454
565 0.36283185840707965
566 0.3621908127208481
567 0.36155202821869487
568 0.3609154929577465
569 0.3602811950790861
570 0.35964912280701755
571 0.35901926444833626
572 0.3583916083916084
573 0.35776614310645727
574 0.3588850174216028
575 0.3582608695652174
576 0.3576388888888889
577 0.35701906412478335
578 0.356401384083045
579 0.35578583765112265
580 0.35517241379310344
581 0.35456110154905335
582 0.3539518900343643
583 0.35334476843910806
584 0.3527397260273973
585 0.35213675213675216
586 0.3515358361774744
587 0.35093696763202725
588 0.35034013605442177
589 0.34974533106960953
590 0.34915254237288135
591 0.34856175972927245
592 0.34797297297297297
593 0.3473861720067454
594 0.3468013468013468
595 0.346218487394958
596 0.34563758389261745
597 0.34505862646566166
598 0.34448160535117056
599 0.34390651085141904
600 0.3433333333333333
601 0.3427620632279534
602 0.34219269102990035
603 0.3416252072968491
604 0.34105960264900664
605 0.34049586776859503
606 0.33993399339933994
607 0.3393739703459638
608 0.33881578947368424
609 0.33825944170771755
610 0.3377049180327869
611 0.337152209492635
612 0.3366013071895425
613 0.3360522022838499
614 0.3355048859934853
615 0.33495934959349594
616 0.3344155844155844
617 0.3338735818476499
618 0.3333333333333333
619 0.33279483037156704
620 0.33225806451612905
621 0.33172302737520126
622 0.3311897106109325
623 0.3306581059390048
624 0.3301282051282051
625 0.3296
626 0.329073482428115
627 0.32854864433811803
628 0.32802547770700635
629 0.3275039745627981
630 0.326984126984127
631 0.3264659270998415
632 0.3275316455696203
633 0.32701421800947866
634 0.3264984227129338
635 0.32598425196850395
636 0.32547169811320753
637 0.3249607535321821
638 0.32445141065830724
639 0.323943661971831
640 0.3234375
641 0.32293291731669266
642 0.32242990654205606
643 0.32192846034214617
644 0.32142857142857145
645 0.32248062015503876
646 0.3219814241486068
647 0.321483771251932
648 0.32098765432098764
649 0.3204930662557781
650 0.32
651 0.3195084485407066
652 0.31901840490797545
653 0.31852986217457885
654 0.3180428134556575
655 0.3190839694656489
656 0.31859756097560976
657 0.3181126331811263
658 0.31762917933130697
659 0.3171471927162367
660 0.31666666666666665
661 0.3161875945537065
662 0.31722054380664655
663 0.31825037707390647
664 0.3177710843373494
665 0.3172932330827068
666 0.31681681681681684
667 0.31634182908545727
668 0.3158682634730539
669 0.3153961136023916
670 0.31492537313432833
671 0.3144560357675112
672 0.31398809523809523
673 0.3135215453194651
674 0.31305637982195844
675 0.3125925925925926
676 0.3121301775147929
677 0.31166912850812406
678 0.3112094395280236
679 0.31075110456553756
680 0.31029411764705883
681 0.30983847283406757
682 0.3093841642228739
683 0.3089311859443631
684 0.3084795321637427
685 0.30802919708029197
686 0.3075801749271137
687 0.3071324599708879
688 0.3066860465116279
689 0.3062409288824383
690 0.30579710144927535
691 0.3053545586107091
692 0.30491329479768786
693 0.30447330447330445
694 0.30547550432276654
695 0.30503597122302156
696 0.3045977011494253
697 0.30416068866571017
698 0.3037249283667622
699 0.3032904148783977
700 0.3028571428571429
701 0.3024251069900143
702 0.301994301994302
703 0.3015647226173542
704 0.30113636363636365
705 0.300709219858156
706 0.3002832861189802
707 0.29985855728429983
708 0.2994350282485876
709 0.29901269393511987
710 0.29859154929577464
711 0.2981715893108298
712 0.29775280898876405
713 0.2973352033660589
714 0.2969187675070028
715 0.2965034965034965
716 0.29748603351955305
717 0.29707112970711297
718 0.2966573816155989
719 0.29624478442280944
720 0.29583333333333334
721 0.29542302357836336
722 0.2950138504155125
723 0.2946058091286307
724 0.2941988950276243
725 0.29379310344827586
726 0.29338842975206614
727 0.29298486932599727
728 0.2925824175824176
729 0.29218106995884774
730 0.29178082191780824
731 0.2913816689466484
732 0.29098360655737704
733 0.29058663028649384
734 0.2901907356948229
735 0.2897959183673469
736 0.28940217391304346
737 0.28900949796472186
738 0.2886178861788618
739 0.2882273342354533
740 0.28783783783783784
741 0.2874493927125506
742 0.28706199460916443
743 0.28667563930013457
744 0.2862903225806452
745 0.2859060402684564
746 0.2868632707774799
747 0.28647925033467203
748 0.28609625668449196
749 0.2857142857142857
750 0.2853333333333333
751 0.28495339547270304
752 0.2845744680851064
753 0.28419654714475434
754 0.2838196286472148
755 0.2847682119205298
756 0.2843915343915344
757 0.28401585204755614
758 0.2836411609498681
759 0.28326745718050067
760 0.28289473684210525
761 0.28252299605781866
762 0.2821522309711286
763 0.2817824377457405
764 0.281413612565445
765 0.28104575163398693
766 0.28067885117493474
767 0.2803129074315515
768 0.28125
769 0.2808842652795839
770 0.2805194805194805
771 0.2801556420233463
772 0.27979274611398963
773 0.2794307891332471
774 0.27906976744186046
775 0.2787096774193548
776 0.27835051546391754
777 0.277992277992278
778 0.2776349614395887
779 0.2772785622593068
780 0.27692307692307694
781 0.2765685019206146
782 0.27621483375959077
783 0.27586206896551724
784 0.2755102040816326
785 0.2751592356687898
786 0.2748091603053435
787 0.2744599745870394
788 0.27411167512690354
789 0.2737642585551331
790 0.27341772151898736
791 0.27307206068268014
792 0.2727272727272727
793 0.2723833543505675
794 0.27204030226700254
795 0.27169811320754716
796 0.271356783919598
797 0.2710163111668758
798 0.2706766917293233
799 0.27033792240300375
800 0.27
801 0.2696629213483146
802 0.26932668329177056
803 0.26899128268991285
804 0.26865671641791045
805 0.2683229813664596
806 0.2679900744416873
807 0.26765799256505574
808 0.26732673267326734
809 0.2669962917181706
810 0.26666666666666666
811 0.26633785450061653
812 0.2660098522167488
813 0.2656826568265683
814 0.26535626535626533
815 0.26625766871165646
816 0.2659313725490196
817 0.26560587515299877
818 0.265281173594132
819 0.2661782661782662
820 0.2658536585365854
821 0.26552984165651644
822 0.26520681265206814
823 0.2648845686512758
824 0.2645631067961165
825 0.2642424242424242
826 0.2639225181598063
827 0.26360338573155984
828 0.2632850241545894
829 0.2629674306393245
830 0.26265060240963856
831 0.26233453670276774
832 0.2620192307692308
833 0.2617046818727491
834 0.26139088729016785
835 0.2622754491017964
836 0.2619617224880383
837 0.2616487455197133
838 0.2613365155131265
839 0.26102502979737785
840 0.26071428571428573
841 0.26040428061831156
842 0.26009501187648454
843 0.2597864768683274
844 0.259478672985782
845 0.2603550295857988
846 0.26004728132387706
847 0.2597402597402597
848 0.25943396226415094
849 0.2591283863368669
850 0.25882352941176473
851 0.25851938895417154
852 0.25821596244131456
853 0.25791324736225085
854 0.2576112412177986
855 0.2573099415204678
856 0.2570093457943925
857 0.25670945157526254
858 0.2564102564102564
859 0.2561117578579744
860 0.2558139534883721
861 0.25551684088269455
862 0.2552204176334107
863 0.2549246813441483
864 0.25462962962962965
865 0.2543352601156069
866 0.2540415704387991
867 0.2549019607843137
868 0.25460829493087556
869 0.25431530494821636
870 0.2540229885057471
871 0.2537313432835821
872 0.25344036697247707
873 0.2531500572737686
874 0.2540045766590389
875 0.2537142857142857
876 0.2534246575342466
877 0.2531356898517674
878 0.2528473804100228
879 0.2525597269624573
880 0.2534090909090909
881 0.25312145289443816
882 0.2528344671201814
883 0.25254813137032844
884 0.252262443438914
885 0.2519774011299435
886 0.2516930022573363
887 0.25140924464487036
888 0.2511261261261261
889 0.2508436445444319
890 0.250561797752809
891 0.250280583613917
892 0.25
893 0.24972004479283313
894 0.2494407158836689
895 0.24916201117318434
896 0.24888392857142858
897 0.24860646599777034
898 0.24832962138084633
899 0.24916573971078976
900 0.24888888888888888
901 0.2486126526082131
902 0.24833702882483372
903 0.24806201550387597
904 0.24778761061946902
905 0.24751381215469614
906 0.24724061810154527
907 0.24696802646085997
908 0.24669603524229075
909 0.24642464246424642
910 0.24615384615384617
911 0.24698133918770582
912 0.24671052631578946
913 0.24644030668127054
914 0.2461706783369803
915 0.2459016393442623
916 0.24563318777292575
917 0.24536532170119957
918 0.24509803921568626
919 0.24483133841131666
920 0.24456521739130435
921 0.24429967426710097
922 0.2440347071583514
923 0.2437703141928494
924 0.2435064935064935
925 0.24324324324324326
926 0.24406047516198703
927 0.24379719525350593
928 0.2435344827586207
929 0.2432723358449946
930 0.24301075268817204
931 0.24274973147153597
932 0.24248927038626608
933 0.2422293676312969
934 0.24197002141327623
935 0.24171122994652405
936 0.24145299145299146
937 0.24119530416221985
938 0.24093816631130063
939 0.24068157614483493
940 0.2404255319148936
941 0.24017003188097769
942 0.23991507430997877
943 0.23966065747614
944 0.23940677966101695
945 0.23915343915343915
946 0.23890063424947147
947 0.23864836325237593
948 0.23839662447257384
949 0.23814541622760801
950 0.23789473684210527
951 0.23764458464773922
952 0.23739495798319327
953 0.23714585519412382
954 0.23689727463312368
955 0.23664921465968586
956 0.23640167364016737
957 0.2361546499477534
958 0.2359081419624217
959 0.23566214807090718
960 0.23541666666666666
961 0.2351716961498439
962 0.23492723492723494
963 0.23468328141225336
964 0.23443983402489627
965 0.23419689119170983
966 0.23395445134575568
967 0.23371251292657705
968 0.2334710743801653
969 0.23323013415892674
970 0.2329896907216495
971 0.23274974253347064
972 0.23251028806584362
973 0.23227132579650564
974 0.23203285420944558
975 0.2317948717948718
976 0.23155737704918034
977 0.23132036847492324
978 0.2310838445807771
979 0.23084780388151174
980 0.23061224489795917
981 0.23037716615698267
982 0.23014256619144602
983 0.2299084435401831
984 0.22967479674796748
985 0.22944162436548224
986 0.22920892494929007
987 0.22897669706180346
988 0.22874493927125505
989 0.22851365015166836
990 0.22828282828282828
991 0.22805247225025227
992 0.22782258064516128
993 0.22759315206445116
994 0.22736418511066397
995 0.2271356783919598
996 0.22690763052208834
997 0.22668004012036108
998 0.22645290581162325
999 0.22622622622622623
1000 0.226
1001 0.22577422577422576
1002 0.22554890219560877
1003 0.22532402791625125
1004 0.2250996015936255
1005 0.22487562189054727
1006 0.22465208747514911
1007 0.22442899702085403
1008 0.22420634920634921
1009 0.22398414271555997
1010 0.22376237623762377
1011 0.22354104846686448
1012 0.22332015810276679
1013 0.22309970384995065
1014 0.22287968441814596
1015 0.22266009852216748
1016 0.22244094488188976
1017 0.2222222222222222
1018 0.2220039292730845
1019 0.22178606476938176
1020 0.22156862745098038
1021 0.22233104799216455
1022 0.22309197651663404
1023 0.22287390029325513
1024 0.22265625
1025 0.2224390243902439
1026 0.2222222222222222
1027 0.22200584225900682
1028 0.22178988326848248
1029 0.22157434402332363
1030 0.22135922330097088
1031 0.22114451988360814
1032 0.22093023255813954
1033 0.2207163601161665
1034 0.2205029013539652
1035 0.22028985507246376
1036 0.22007722007722008
1037 0.21986499517839922
1038 0.21965317919075145
1039 0.21944177093359
1040 0.21923076923076923
1041 0.21902017291066284
1042 0.21880998080614203
1043 0.21860019175455417
1044 0.21839080459770116
1045 0.21818181818181817
1046 0.2179732313575526
1047 0.2177650429799427
1048 0.21755725190839695
1049 0.21734985700667303
1050 0.21714285714285714
1051 0.21693625118934348
1052 0.21673003802281368
1053 0.21652421652421652
1054 0.21631878557874762
1055 0.2161137440758294
1056 0.2159090909090909
1057 0.21570482497634816
1058 0.21550094517958412
1059 0.21529745042492918
1060 0.21509433962264152
1061 0.21489161168708765
1062 0.21468926553672316
1063 0.21448730009407338
1064 0.21428571428571427
1065 0.2140845070422535
1066 0.21388367729831145
1067 0.21368322399250234
1068 0.21348314606741572
1069 0.21328344246959777
1070 0.2130841121495327
1071 0.21288515406162464
1072 0.2126865671641791
1073 0.2124883504193849
1074 0.2122905027932961
1075 0.21209302325581394
1076 0.21189591078066913
1077 0.2116991643454039
1078 0.21150278293135436
1079 0.211306765523633
1080 0.2111111111111111
1081 0.21091581868640147
1082 0.21072088724584104
1083 0.21052631578947367
1084 0.21033210332103322
1085 0.21013824884792626
1086 0.20994475138121546
1087 0.20975160993560257
1088 0.20955882352941177
1089 0.209366391184573
1090 0.20917431192660552
1091 0.20898258478460127
1092 0.2087912087912088
1093 0.20860018298261665
1094 0.20840950639853748
1095 0.20821917808219179
1096 0.20802919708029197
1097 0.20783956244302643
1098 0.20765027322404372
1099 0.20746132848043677
1100 0.20727272727272728
1101 0.20708446866485014
1102 0.20689655172413793
1103 0.20670897552130554
1104 0.20652173913043478
1105 0.20633484162895926
1106 0.20614828209764918
1107 0.20596205962059622
1108 0.20577617328519857
1109 0.20559062218214608
1110 0.20540540540540542
1111 0.20522052205220523
1112 0.20503597122302158
1113 0.20485175202156333
1114 0.20466786355475763
1115 0.20448430493273542
1116 0.20430107526881722
1117 0.20411817367949867
1118 0.2039355992844365
1119 0.2037533512064343
1120 0.20357142857142857
1121 0.2033898305084746
1122 0.20320855614973263
1123 0.20302760463045413
1124 0.20284697508896798
1125 0.20266666666666666
1126 0.2024866785079929
1127 0.2023070097604259
1128 0.20212765957446807
1129 0.20283436669619131
1130 0.20265486725663717
1131 0.20247568523430592
1132 0.20229681978798586
1133 0.20211827007943514
1134 0.2019400352733686
1135 0.20176211453744494
1136 0.20158450704225353
1137 0.20140721196130168
1138 0.20123022847100175
1139 0.20105355575065847
1140 0.20087719298245615
1141 0.2007011393514461
1142 0.20052539404553416
1143 0.20034995625546806
1144 0.20017482517482518
1145 0.2
1146 0.19982547993019198
1147 0.1996512641673932
1148 0.1994773519163763
1149 0.20017406440382943
1150 0.2
1151 0.1998262380538662
1152 0.1996527777777778
1153 0.199479618386817
1154 0.19930675909878684
1155 0.19913419913419914
1156 0.19896193771626297
1157 0.19878997407087295
1158 0.19861830742659758
1159 0.1984469370146678
1160 0.19827586206896552
1161 0.19810508182601205
1162 0.19793459552495696
1163 0.19776440240756663
1164 0.19759450171821305
1165 0.19742489270386265
1166 0.19725557461406518
1167 0.19708654670094258
1168 0.1969178082191781
1169 0.19674935842600513
1170 0.19658119658119658
1171 0.1964133219470538
1172 0.1962457337883959
1173 0.19607843137254902
1174 0.19591141396933562
1175 0.19574468085106383
1176 0.195578231292517
1177 0.19541206457094307
1178 0.19524617996604415
1179 0.19508057675996607
1180 0.19491525423728814
1181 0.1947502116850127
1182 0.19458544839255498
1183 0.1944209636517329
1184 0.19425675675675674
1185 0.1940928270042194
1186 0.19392917369308602
1187 0.1937657961246841
1188 0.1936026936026936
1189 0.1934398654331371
1190 0.19327731092436976
1191 0.19311502938706968
1192 0.1929530201342282
1193 0.19279128248113997
1194 0.19262981574539365
1195 0.19246861924686193
1196 0.19230769230769232
1197 0.1921470342522974
1198 0.19198664440734559
1199 0.19182652210175147
1200 0.19166666666666668
1201 0.19150707743547044
1202 0.1913477537437604
1203 0.19118869492934332
1204 0.19102990033222592
1205 0.1908713692946058
1206 0.19071310116086235
1207 0.19055509527754763
1208 0.19039735099337748
1209 0.1902398676592225
1210 0.19008264462809918
1211 0.18992568125516102
1212 0.18976897689768976
1213 0.18961253091508656
1214 0.18945634266886327
1215 0.18930041152263374
1216 0.18914473684210525
1217 0.18898931799506985
1218 0.18883415435139572
1219 0.18867924528301888
1220 0.1885245901639344
1221 0.18837018837018837
1222 0.18821603927986907
1223 0.18806214227309895
1224 0.18790849673202614
1225 0.18775510204081633
1226 0.18760195758564438
1227 0.18744906275468623
1228 0.18729641693811075
1229 0.1871440195280716
1230 0.18699186991869918
1231 0.1868399675060926
1232 0.18668831168831168
1233 0.18653690186536903
1234 0.18638573743922204
1235 0.1862348178137652
1236 0.18608414239482202
1237 0.18593371059013744
1238 0.18578352180936994
1239 0.18563357546408393
1240 0.18548387096774194
1241 0.185334407735697
1242 0.18518518518518517
1243 0.1850362027353178
1244 0.18488745980707397
1245 0.18473895582329317
1246 0.18459069020866772
1247 0.18444266238973536
1248 0.1842948717948718
1249 0.18414731785428343
1250 0.184
1251 0.1838529176658673
1252 0.18370607028753994
1253 0.18355945730247406
1254 0.18341307814992025
1255 0.18326693227091634
1256 0.18312101910828024
1257 0.18297533810660302
1258 0.18282988871224165
1259 0.18268467037331215
1260 0.18253968253968253
1261 0.1823949246629659
1262 0.18225039619651348
1263 0.18210609659540775
1264 0.1819620253164557
1265 0.18181818181818182
1266 0.18167456556082148
1267 0.18153117600631413
1268 0.18138801261829654
1269 0.18124507486209615
1270 0.18110236220472442
1271 0.1809598741148702
1272 0.18081761006289307
1273 0.18067556952081698
1274 0.18053375196232338
1275 0.1803921568627451
1276 0.18025078369905956
1277 0.18010963194988253
1278 0.17996870109546165
1279 0.17982799061767005
1280 0.1796875
1281 0.1795472287275566
1282 0.1794071762870515
1283 0.17926734216679657
1284 0.1791277258566978
1285 0.17898832684824903
1286 0.17884914463452567
1287 0.17871017871017872
1288 0.17857142857142858
1289 0.17843289371605897
1290 0.17829457364341086
1291 0.17815646785437644
1292 0.1780185758513932
1293 0.17788089713843774
1294 0.1777434312210201
1295 0.1776061776061776
1296 0.17746913580246915
1297 0.17733230531996916
1298 0.17719568567026195
1299 0.17705927636643573
1300 0.17692307692307693
1301 0.1767870868562644
1302 0.17665130568356374
1303 0.17651573292402148
1304 0.17638036809815952
1305 0.17624521072796934
1306 0.17611026033690658
1307 0.17597551644988524
1308 0.17584097859327216
1309 0.17570664629488159
1310 0.17557251908396945
1311 0.17543859649122806
1312 0.17530487804878048
1313 0.17517136329017516
1314 0.1750380517503805
1315 0.17490494296577946
1316 0.17477203647416414
1317 0.17463933181473046
1318 0.17450682852807284
1319 0.17437452615617893
1320 0.17424242424242425
1321 0.17411052233156699
1322 0.17397881996974282
1323 0.17384731670445955
1324 0.17371601208459214
1325 0.17358490566037735
1326 0.17345399698340874
1327 0.1733232856066315
1328 0.17319277108433734
1329 0.17306245297215953
1330 0.17293233082706766
1331 0.1728024042073629
1332 0.17267267267267267
1333 0.17254313578394598
1334 0.1724137931034483
1335 0.17228464419475656
1336 0.1721556886227545
1337 0.17202692595362754
1338 0.17189835575485798
1339 0.1717699775952203
1340 0.17164179104477612
1341 0.1715137956748695
1342 0.17138599105812222
1343 0.1712583767684289
1344 0.17113095238095238
1345 0.17100371747211895
1346 0.17087667161961367
1347 0.17074981440237566
1348 0.17062314540059348
1349 0.17049666419570053
1350 0.17037037037037037
1351 0.1702442635085122
1352 0.17011834319526628
1353 0.16999260901699925
1354 0.16986706056129985
1355 0.16974169741697417
1356 0.1696165191740413
1357 0.1694915254237288
1358 0.16936671575846834
1359 0.1692420897718911
1360 0.16911764705882354
1361 0.16899338721528287
1362 0.16886930983847284
1363 0.16874541452677916
1364 0.16862170087976538
1365 0.1684981684981685
1366 0.1683748169838946
1367 0.16825164594001463
1368 0.16812865497076024
1369 0.16800584368151936
1370 0.1678832116788321
1371 0.16776075857038658
1372 0.16763848396501457
1373 0.16751638747268754
1374 0.16739446870451238
1375 0.16727272727272727
1376 0.16715116279069767
1377 0.16702977487291212
1378 0.16690856313497823
1379 0.16678752719361856
1380 0.16666666666666666
1381 0.166545981173063
1382 0.16642547033285093
1383 0.16630513376717282
1384 0.16618497109826588
1385 0.16606498194945848
1386 0.16594516594516595
1387 0.1658255227108868
1388 0.16570605187319884
1389 0.16558675305975523
1390 0.16546762589928057
1391 0.16534867002156722
1392 0.16522988505747127
1393 0.16511127063890882
1394 0.1649928263988522
1395 0.16487455197132617
1396 0.16475644699140402
1397 0.164638511095204
1398 0.16452074391988555
1399 0.16440314510364545
1400 0.165
1401 0.16488222698072805
1402 0.16476462196861627
1403 0.1646471846044191
1404 0.16452991452991453
1405 0.16441281138790034
1406 0.1642958748221906
1407 0.16417910447761194
1408 0.1640625
1409 0.16394606103619588
1410 0.16382978723404254
1411 0.16371367824238128
1412 0.16359773371104816
1413 0.16348195329087048
1414 0.16336633663366337
1415 0.16325088339222615
1416 0.163135593220339
1417 0.16302046577275936
1418 0.16290550070521861
1419 0.16279069767441862
1420 0.16267605633802817
1421 0.1625615763546798
1422 0.16244725738396623
1423 0.16233309908643712
1424 0.1622191011235955
1425 0.16210526315789472
1426 0.16199158485273493
1427 0.1618780658724597
1428 0.16176470588235295
1429 0.16165150454863542
1430 0.16153846153846155
1431 0.16142557651991615
1432 0.16131284916201116
1433 0.1612002791346825
1434 0.16108786610878661
1435 0.16097560975609757
1436 0.16086350974930363
1437 0.16075156576200417
1438 0.16063977746870653
1439 0.16052814454482278
1440 0.16041666666666668
1441 0.16030534351145037
1442 0.16019417475728157
1443 0.1600831600831601
1444 0.15997229916897507
1445 0.15986159169550174
1446 0.15975103734439833
1447 0.15964063579820317
1448 0.1595303867403315
1449 0.15942028985507245
1450 0.15931034482758621
1451 0.15920055134390076
1452 0.1590909090909091
1453 0.15898141775636615
1454 0.15887207702888584
1455 0.15876288659793814
1456 0.15865384615384615
1457 0.15854495538778313
1458 0.15843621399176955
1459 0.15832762165867031
1460 0.15821917808219177
1461 0.15811088295687886
1462 0.15800273597811218
1463 0.15789473684210525
1464 0.15778688524590165
1465 0.157679180887372
1466 0.15757162346521145
1467 0.1574642126789366
1468 0.15735694822888283
1469 0.1572498298162015
1470 0.15714285714285714
1471 0.15703602991162474
1472 0.15692934782608695
1473 0.15682281059063136
1474 0.15671641791044777
1475 0.15661016949152542
1476 0.1565040650406504
1477 0.15639810426540285
1478 0.15629228687415425
1479 0.15618661257606492
1480 0.15608108108108107
1481 0.15597569209993248
1482 0.15587044534412955
1483 0.1557653405259609
1484 0.15566037735849056
1485 0.15555555555555556
1486 0.15545087483176312
1487 0.15534633490248823
1488 0.15524193548387097
1489 0.15513767629281397
1490 0.15503355704697985
1491 0.15492957746478872
1492 0.15482573726541554
1493 0.15472203616878769
1494 0.15461847389558234
1495 0.15451505016722408
1496 0.15441176470588236
1497 0.15430861723446893
1498 0.1542056074766355
1499 0.15410273515677117
1500 0.154
1501 0.15389740173217856
1502 0.15379494007989347
1503 0.1536926147704591
1504 0.1535904255319149
1505 0.15348837209302327
1506 0.15338645418326693
1507 0.15328467153284672
1508 0.15318302387267904
1509 0.15308151093439365
1510 0.15298013245033112
1511 0.1528788881535407
1512 0.1527777777777778
1513 0.15267680105750164
1514 0.1525759577278732
1515 0.15247524752475247
1516 0.15237467018469658
1517 0.15227422544495714
1518 0.15217391304347827
1519 0.15207373271889402
1520 0.15197368421052632
1521 0.15187376725838264
1522 0.15177398160315375
1523 0.15167432698621142
1524 0.1515748031496063
1525 0.15147540983606558
1526 0.15137614678899083
1527 0.1512770137524558
1528 0.1511780104712042
1529 0.1510791366906475
1530 0.15098039215686274
1531 0.15088177661659047
1532 0.15078328981723238
1533 0.1506849315068493
1534 0.15058670143415906
1535 0.1504885993485342
1536 0.150390625
1537 0.15029277813923228
1538 0.15019505851755527
1539 0.15009746588693956
1540 0.15
1541 0.14990266060999352
1542 0.14980544747081712
1543 0.14970836033700582
1544 0.14961139896373057
1545 0.14951456310679612
1546 0.14941785252263906
1547 0.1493212669683258
1548 0.14922480620155038
1549 0.14912846998063267
1550 0.14903225806451612
1551 0.14893617021276595
1552 0.148840206185567
1553 0.14874436574372182
1554 0.14864864864864866
1555 0.14855305466237942
1556 0.14845758354755784
1557 0.14836223506743737
1558 0.14826700898587933
1559 0.14817190506735087
1560 0.14807692307692308
1561 0.14798206278026907
1562 0.14788732394366197
1563 0.14779270633397312
1564 0.14769820971867006
1565 0.1476038338658147
1566 0.1475095785440613
1567 0.14741544352265476
1568 0.14732142857142858
1569 0.14722753346080306
1570 0.14713375796178343
1571 0.14704010184595798
1572 0.14694656488549618
1573 0.14685314685314685
1574 0.14675984752223634
1575 0.14666666666666667
1576 0.14657360406091371
1577 0.14648065948002537
1578 0.14638783269961977
1579 0.14629512349588347
1580 0.14620253164556962
1581 0.1461100569259962
1582 0.14601769911504425
1583 0.14592545799115603
1584 0.14583333333333334
1585 0.14574132492113565
1586 0.14564943253467844
1587 0.14555765595463138
1588 0.14546599496221663
1589 0.14537444933920704
1590 0.14528301886792452
1591 0.1451917033312382
1592 0.14510050251256282
1593 0.14500941619585686
1594 0.14491844416562108
1595 0.14482758620689656
1596 0.14473684210526316
1597 0.14464621164683783
1598 0.14455569461827283
1599 0.14446529080675422
1600 0.144375
1601 0.14428482198625858
1602 0.1441947565543071
1603 0.14410480349344978
1604 0.1440149625935162
1605 0.14392523364485982
1606 0.14383561643835616
1607 0.14374611076540136
1608 0.14365671641791045
1609 0.14356743318831572
1610 0.14409937888198757
1611 0.1440099317194289
1612 0.14392059553349876
1613 0.14383137011779293
1614 0.14374225526641884
1615 0.1436532507739938
1616 0.14356435643564355
1617 0.14347557204700062
1618 0.1433868974042027
1619 0.1432983323038913
1620 0.14320987654320988
1621 0.1431215299198026
1622 0.14303329223181258
1623 0.14294516327788045
1624 0.14285714285714285
1625 0.14276923076923076
1626 0.14268142681426815
1627 0.14259373079287033
1628 0.14250614250614252
1629 0.14241866175567833
1630 0.1423312883435583
1631 0.14224402207234826
1632 0.14215686274509803
1633 0.14206981016533987
1634 0.1419828641370869
1635 0.1418960244648318
1636 0.14180929095354522
1637 0.1417226634086744
1638 0.14163614163614163
1639 0.1415497254423429
1640 0.14146341463414633
1641 0.14137720901889092
1642 0.14129110840438489
1643 0.14120511259890445
1644 0.1411192214111922
1645 0.14103343465045592
1646 0.14094775212636695
1647 0.1408621736490589
1648 0.1407766990291262
1649 0.1406913280776228
1650 0.1406060606060606
1651 0.14052089642640825
1652 0.14043583535108958
1653 0.14035087719298245
1654 0.14026602176541716
1655 0.14018126888217522
1656 0.14009661835748793
1657 0.140012070006035
1658 0.1399276236429433
1659 0.1398432790837854
1660 0.13975903614457832
1661 0.13967489464178207
1662 0.13959085439229843
1663 0.13950691521346964
1664 0.13942307692307693
1665 0.13933933933933934
1666 0.13925570228091236
1667 0.13917216556688664
1668 0.13908872901678657
1669 0.1390053924505692
1670 0.13892215568862276
1671 0.13883901855176542
1672 0.13875598086124402
1673 0.13867304243873282
1674 0.13859020310633213
1675 0.13850746268656716
1676 0.13902147971360382
1677 0.13893858079904592
1678 0.13885578069129917
1679 0.13877307921381773
1680 0.1386904761904762
1681 0.1386079714455681
1682 0.13852556480380498
1683 0.1384432560903149
1684 0.13836104513064132
1685 0.13827893175074185
1686 0.13819691577698695
1687 0.13811499703615887
1688 0.13803317535545023
1689 0.137951450562463
1690 0.1378698224852071
1691 0.13778829095209935
1692 0.13770685579196218
1693 0.13762551683402244
1694 0.1381345926800472
1695 0.13805309734513274
1696 0.13797169811320756
1697 0.13789039481437831
1698 0.13780918727915195
1699 0.13772807533843437
1700 0.1376470588235294
1701 0.13756613756613756
1702 0.13748531139835488
1703 0.13740458015267176
1704 0.13732394366197184
1705 0.1372434017595308
1706 0.13716295427901523
1707 0.13708260105448156
1708 0.13700234192037472
1709 0.1369221767115272
1710 0.1368421052631579
1711 0.13676212741087085
1712 0.1366822429906542
1713 0.13660245183887915
1714 0.13652275379229872
1715 0.13644314868804663
1716 0.13636363636363635
1717 0.1362842166569598
1718 0.1362048894062864
1719 0.13612565445026178
1720 0.13604651162790699
1721 0.13596746077861707
1722 0.13588850174216027
1723 0.13580963435867674
1724 0.1357308584686775
1725 0.1356521739130435
1726 0.13557358053302435
1727 0.1354950781702374
1728 0.13541666666666666
1729 0.13533834586466165
1730 0.1352601156069364
1731 0.13518197573656845
1732 0.1351039260969977
1733 0.1350259665320254
1734 0.13494809688581316
1735 0.13487031700288185
1736 0.1347926267281106
1737 0.13471502590673576
1738 0.13463751438434982
1739 0.13456009200690053
1740 0.13448275862068965
1741 0.1344055140723722
1742 0.13432835820895522
1743 0.1342512908777969
1744 0.1341743119266055
1745 0.1340974212034384
1746 0.13402061855670103
1747 0.13394390383514596
1748 0.13386727688787187
1749 0.13379073756432247
1750 0.1337142857142857
1751 0.13363792118789264
1752 0.13356164383561644
1753 0.13348545350827154
1754 0.13340935005701254
1755 0.13333333333333333
1756 0.13325740318906606
1757 0.1331815594763802
1758 0.13310580204778158
1759 0.13303013075611142
1760 0.13295454545454546
1761 0.13287904599659284
1762 0.13280363223609534
1763 0.13272830402722632
1764 0.1326530612244898
1765 0.13257790368271954
1766 0.13250283125707815
1767 0.13242784380305603
1768 0.1323529411764706
1769 0.13227812323346524
1770 0.13220338983050847
1771 0.132128740824393
1772 0.13205417607223477
1773 0.1319796954314721
1774 0.1319052987598647
1775 0.13183098591549297
1776 0.13175675675675674
1777 0.13168261114237478
1778 0.13160854893138357
1779 0.1315345699831366
1780 0.13146067415730336
1781 0.13138686131386862
1782 0.13131313131313133
1783 0.13123948401570387
1784 0.1311659192825112
1785 0.13109243697478992
1786 0.13101903695408734
1787 0.13094571908226077
1788 0.13087248322147652
1789 0.13079932923420906
1790 0.13072625698324022
1791 0.1306532663316583
1792 0.13058035714285715
1793 0.1305075292805354
1794 0.13043478260869565
1795 0.13036211699164346
1796 0.13028953229398663
1797 0.1302170283806344
1798 0.13014460511679643
1799 0.13007226236798222
1800 0.13
1801 0.12992781787895613
1802 0.12985571587125416
1803 0.129783693843594
1804 0.12971175166297116
1805 0.1296398891966759
1806 0.12956810631229235
1807 0.12949640287769784
1808 0.12942477876106195
1809 0.12935323383084577
1810 0.1292817679558011
1811 0.12921038100496962
1812 0.1291390728476821
1813 0.12906784335355764
1814 0.12899669239250275
1815 0.12892561983471074
1816 0.1288546255506608
1817 0.12878370941111722
1818 0.12871287128712872
1819 0.12864211105002749
1820 0.12857142857142856
1821 0.128500823723229
1822 0.12843029637760703
1823 0.1283598464070214
1824 0.12828947368421054
1825 0.12821917808219177
1826 0.12814895947426067
1827 0.12807881773399016
1828 0.12800875273522977
1829 0.12793876435210497
1830 0.12786885245901639
1831 0.127799016930639
1832 0.1277292576419214
1833 0.1276595744680851
1834 0.12758996728462377
1835 0.12752043596730245
1836 0.12745098039215685
1837 0.12738160043549265
1838 0.12731229597388466
1839 0.1272430668841762
1840 0.12717391304347825
1841 0.12710483432916894
1842 0.1270358306188925
1843 0.12696690179055886
1844 0.12689804772234273
1845 0.12682926829268293
1846 0.1267605633802817
1847 0.12669193286410396
1848 0.1266233766233766
1849 0.1265548945375879
1850 0.1264864864864865
1851 0.12641815235008103
1852 0.1263498920086393
1853 0.12628170534268754
1854 0.1262135922330097
1855 0.1261455525606469
1856 0.12607758620689655
1857 0.1260096930533118
1858 0.12594187298170076
1859 0.1258741258741259
1860 0.12580645161290321
1861 0.12573885008060182
1862 0.12567132116004295
1863 0.12560386473429952
1864 0.1255364806866953
1865 0.12546916890080428
1866 0.12540192926045016
1867 0.12533476164970542
1868 0.1252676659528908
1869 0.12520064205457465
1870 0.12513368983957218
1871 0.12506680919294494
1872 0.125
1873 0.12493326214628937
1874 0.1248665955176094
1875 0.1248
1876 0.12473347547974413
1877 0.12466702184336707
1878 0.12460063897763578
1879 0.12453432676955828
1880 0.12446808510638298
1881 0.12440191387559808
1882 0.12433581296493093
1883 0.12426978226234732
1884 0.12420382165605096
1885 0.12413793103448276
1886 0.12407211028632026
1887 0.12400635930047695
1888 0.1239406779661017
1889 0.12387506617257808
1890 0.12380952380952381
1891 0.12374405076679006
1892 0.12367864693446089
1893 0.12361331220285261
1894 0.1235480464625132
1895 0.12348284960422164
1896 0.12341772151898735
1897 0.12335266209804956
1898 0.1232876712328767
1899 0.12322274881516587
1900 0.1231578947368421
1901 0.12309310889005787
1902 0.12302839116719243
1903 0.12296374146085129
1904 0.12289915966386554
1905 0.12283464566929134
1906 0.12277019937040923
1907 0.12270582066072365
1908 0.12264150943396226
1909 0.12257726558407543
1910 0.1225130890052356
1911 0.12244897959183673
1912 0.12238493723849372
1913 0.12232096184004182
1914 0.12225705329153605
1915 0.12219321148825066
1916 0.12212943632567849
1917 0.12206572769953052
1918 0.12200208550573514
1919 0.12193850964043773
1920 0.121875
1921 0.12181155648099948
1922 0.12174817898022892
1923 0.12168486739469579
1924 0.12162162162162163
1925 0.12155844155844156
1926 0.12149532710280374
1927 0.12143227815256875
1928 0.12136929460580913
1929 0.12130637636080871
1930 0.12124352331606218
1931 0.12118073537027448
1932 0.12111801242236025
1933 0.12105535437144335
1934 0.12099276111685625
1935 0.12093023255813953
1936 0.12086776859504132
1937 0.12080536912751678
1938 0.12074303405572756
1939 0.12068076328004126
1940 0.12061855670103093
1941 0.1205564142194745
1942 0.12049433573635428
1943 0.1204323211528564
1944 0.12037037037037036
1945 0.12030848329048843
1946 0.12024665981500514
1947 0.12018489984591679
1948 0.12012320328542095
1949 0.12006157003591586
1950 0.12
1951 0.11993849308047155
1952 0.11987704918032786
1953 0.11981566820276497
1954 0.11975435005117707
1955 0.119693094629156
1956 0.1196319018404908
1957 0.1195707715891671
1958 0.1195097037793667
1959 0.11944869831546708
1960 0.11938775510204082
1961 0.11932687404385518
1962 0.11926605504587157
1963 0.11920529801324503
1964 0.11914460285132383
1965 0.11908396946564885
1966 0.1190233977619532
1967 0.11896288764616167
1968 0.11890243902439024
1969 0.11884205180294566
1970 0.11878172588832488
1971 0.1187214611872146
1972 0.11866125760649088
1973 0.11860111505321845
1974 0.11854103343465046
1975 0.11848101265822784
1976 0.11842105263157894
1977 0.11836115326251896
1978 0.11830131445904954
1979 0.11824153612935827
1980 0.11818181818181818
1981 0.11812216052498738
1982 0.11806256306760847
1983 0.11800302571860817
1984 0.11794354838709678
1985 0.11788413098236776
1986 0.11782477341389729
1987 0.11776547559134373
1988 0.11770623742454728
1989 0.11764705882352941
1990 0.11758793969849246
1991 0.11752887995981919
1992 0.11746987951807229
1993 0.11741093828399397
1994 0.11735205616850551
1995 0.11729323308270677
1996 0.11723446893787576
1997 0.11717576364546821
1998 0.11711711711711711
1999 0.11705852926463231
2000 0.117
2001 0.11694152923538231
2002 0.11688311688311688
2003 0.11682476285571643
2004 0.11676646706586827
2005 0.11670822942643391
2006 0.11665004985044865
2007 0.11659192825112108
2008 0.11653386454183266
2009 0.11647585863613738
2010 0.11641791044776119
2011 0.11636001989060168
2012 0.11630218687872763
2013 0.11624441132637854
2014 0.11618669314796425
2015 0.11612903225806452
2016 0.11607142857142858
2017 0.11601388200297472
2018 0.1159563924677899
2019 0.11589895988112928
2020 0.11584158415841585
2021 0.11578426521523998
2022 0.11572700296735905
2023 0.11566979733069699
2024 0.11561264822134387
2025 0.11555555555555555
2026 0.11549851924975321
2027 0.11544153922052294
2028 0.11538461538461539
2029 0.1153277476589453
2030 0.11527093596059114
2031 0.11521418020679468
2032 0.11515748031496063
2033 0.11510083620265617
2034 0.11504424778761062
2035 0.11498771498771498
2036 0.11493123772102161
2037 0.11487481590574374
2038 0.11481844946025516
2039 0.11476213830308975
2040 0.11470588235294117
2041 0.11464968152866242
2042 0.11459353574926542
2043 0.1145374449339207
2044 0.11448140900195694
2045 0.11442542787286064
2046 0.11436950146627566
2047 0.11431362970200293
2048 0.1142578125
2049 0.11420204978038068
2050 0.11414634146341464
2051 0.11409068746952707
2052 0.11403508771929824
2053 0.11397954213346323
2054 0.11392405063291139
2055 0.11386861313868613
2056 0.11381322957198443
2057 0.11375789985415653
2058 0.11370262390670553
2059 0.11364740165128703
2060 0.11359223300970873
2061 0.11353711790393013
2062 0.11348205625606207
2063 0.11342704798836646
2064 0.11337209302325581
2065 0.11331719128329298
2066 0.1132623426911907
2067 0.11320754716981132
2068 0.11315280464216634
2069 0.11309811503141615
2070 0.11304347826086956
2071 0.11298889425398358
2072 0.11293436293436293
2073 0.11287988422575977
2074 0.1128254580520733
2075 0.11277108433734939
2076 0.11271676300578035
2077 0.11266249398170439
2078 0.1126082771896054
2079 0.11303511303511303
2080 0.11298076923076923
2081 0.11292647765497357
2082 0.11287223823246878
2083 0.1128180508881421
2084 0.11276391554702495
2085 0.11270983213429256
2086 0.11265580057526366
2087 0.1126018207954001
2088 0.11254789272030652
2089 0.11249401627573001
2090 0.11244019138755981
2091 0.11238641798182687
2092 0.11233269598470363
2093 0.11227902532250358
2094 0.112225405921681
2095 0.11217183770883055
2096 0.11211832061068702
2097 0.11206485455412495
2098 0.11201143946615824
2099 0.11195807527393997
2100 0.11190476190476191
2101 0.11185149928605426
2102 0.11179828734538534
2103 0.11174512601046124
2104 0.11169201520912547
2105 0.11163895486935867
2106 0.11158594491927826
2107 0.1115329852871381
2108 0.11148007590132827
2109 0.11142721669037459
2110 0.11137440758293839
2111 0.1113216485078162
2112 0.11126893939393939
2113 0.11121628017037388
2114 0.11116367076631978
2115 0.1111111111111111
2116 0.1110586011342155
2117 0.11100614076523382
2118 0.1109537299338999
2119 0.11090136857008023
2120 0.11084905660377359
2121 0.1107967939651108
2122 0.11074458058435438
2123 0.11069241639189825
2124 0.11064030131826742
2125 0.11058823529411765
2126 0.11053621825023519
2127 0.11048425011753643
2128 0.11043233082706767
2129 0.1103804603100047
2130 0.11032863849765258
2131 0.11027686532144533
2132 0.11022514071294559
2133 0.11017346460384435
2134 0.11012183692596064
2135 0.11007025761124122
2136 0.1100187265917603
2137 0.10996724379971923
2138 0.10991580916744621
2139 0.10986442262739599
2140 0.10981308411214953
2141 0.10976179355441383
2142 0.10971055088702147
2143 0.10965935604293048
2144 0.10960820895522388
2145 0.10955710955710955
2146 0.10950605778191985
2147 0.10945505356311132
2148 0.10940409683426443
2149 0.1093531875290833
2150 0.10930232558139535
2151 0.10925151092515109
2152 0.1092007434944238
2153 0.10915002322340919
2154 0.10909935004642525
2155 0.10904872389791183
2156 0.10899814471243043
2157 0.10894761242466389
2158 0.10889712696941613
2159 0.10884668828161186
2160 0.1087962962962963
2161 0.10874595094863489
2162 0.10869565217391304
2163 0.10864539990753583
2164 0.10859519408502773
2165 0.10854503464203233
2166 0.1084949215143121
2167 0.10844485463774804
2168 0.10839483394833949
2169 0.10834485938220378
2170 0.10829493087557604
2171 0.10824504836480885
2172 0.10819521178637201
2173 0.10814542107685228
2174 0.10809567617295308
2175 0.10804597701149425
2176 0.10799632352941177
2177 0.10794671566375746
2178 0.1078971533516988
2179 0.10784763653051858
2180 0.10779816513761468
2181 0.10774873911049977
2182 0.1076993583868011
2183 0.10765002290426019
2184 0.10760073260073261
2185 0.10755148741418764
2186 0.10750228728270814
2187 0.10745313214449016
2188 0.10740402193784278
2189 0.10735495660118775
2190 0.10730593607305935
2191 0.10725696029210406
2192 0.10720802919708029
2193 0.10715914272685818
2194 0.10711030082041932
2195 0.1070615034168565
2196 0.10701275045537341
2197 0.10696404187528448
2198 0.10691537761601456
2199 0.10686675761709868
2200 0.10681818181818181
2201 0.10676965015901863
2202 0.1067211625794732
2203 0.10667271901951884
2204 0.10662431941923775
2205 0.10657596371882086
2206 0.10652765185856754
2207 0.10647938377888537
2208 0.10643115942028986
2209 0.10638297872340426
2210 0.10633484162895927
2211 0.10628674807779286
2212 0.10623869801084991
2213 0.1061906913691821
2214 0.1061427280939476
2215 0.10609480812641084
2216 0.10604693140794223
2217 0.10599909788001805
2218 0.10595130748422002
2219 0.10590356016223525
2220 0.10585585585585586
2221 0.10580819450697884
2222 0.10576057605760576
2223 0.10571300044984255
2224 0.10566546762589928
2225 0.10561797752808989
2226 0.10557053009883198
2227 0.10552312528064661
2228 0.10547576301615799
2229 0.10542844324809332
2230 0.10538116591928251
2231 0.105333930972658
2232 0.10528673835125447
2233 0.10523958799820869
2234 0.10519247985675918
2235 0.10514541387024609
2236 0.1050983899821109
2237 0.1050514081358963
2238 0.10500446827524576
2239 0.10495757034390353
2240 0.10491071428571429
2241 0.10486390004462294
2242 0.1048171275646744
2243 0.10477039679001338
2244 0.10472370766488413
2245 0.10467706013363029
2246 0.10463045414069456
2247 0.1045838896306186
2248 0.1045373665480427
2249 0.10449088483770565
2250 0.10444444444444445
2251 0.10439804531319413
2252 0.10435168738898756
2253 0.10430537061695518
2254 0.10425909494232476
2255 0.10421286031042129
2256 0.10416666666666667
2257 0.10412051395657954
2258 0.10407440212577503
2259 0.10402833111996458
2260 0.10398230088495575
2261 0.10393631136665192
2262 0.10389036251105217
2263 0.103844454264251
2264 0.10379858657243816
2265 0.10375275938189846
2266 0.10370697263901148
2267 0.10366122629025143
2268 0.10361552028218694
2269 0.10356985456148082
2270 0.10352422907488987
2271 0.10347864376926465
2272 0.1034330985915493
2273 0.10338759348878135
2274 0.10334212840809147
2275 0.10329670329670329
2276 0.10325131810193322
2277 0.10320597277119016
2278 0.10316066725197541
2279 0.1031154014918824
2280 0.10307017543859649
2281 0.10302498903989478
2282 0.10297984224364592
2283 0.1029347349978099
2284 0.10288966725043783
2285 0.10284463894967177
2286 0.10279965004374453
2287 0.10275470048097946
2288 0.10270979020979021
2289 0.10266491917868065
2290 0.10262008733624454
2291 0.10257529463116544
2292 0.10253054101221641
2293 0.10248582642825992
2294 0.1024411508282476
2295 0.10239651416122005
2296 0.10235191637630663
2297 0.1023073574227253
2298 0.10226283724978243
2299 0.10221835580687255
2300 0.10217391304347827
2301 0.10212950890916993
2302 0.10208514335360556
2303 0.10204081632653061
2304 0.10199652777777778
2305 0.1019522776572668
2306 0.10190806591500434
2307 0.10186389250108366
2308 0.10181975736568458
2309 0.10177566045907319
2310 0.10173160173160173
2311 0.10168758113370835
2312 0.10164359861591696
2313 0.10159965412883701
2314 0.10155574762316336
2315 0.10151187904967603
2316 0.10146804835924007
2317 0.10142425550280536
2318 0.10138050043140638
2319 0.10133678309616213
2320 0.10129310344827586
2321 0.1012494614390349
2322 0.10120585701981051
2323 0.10116229014205769
2324 0.10111876075731498
2325 0.1010752688172043
2326 0.10103181427343078
2327 0.10098839707778255
2328 0.10094501718213059
2329 0.1009016745384285
2330 0.10085836909871244
2331 0.10081510081510081
2332 0.10077186963979416
2333 0.10072867552507501
2334 0.10068551842330763
2335 0.1006423982869379
2336 0.10059931506849315
2337 0.10055626872058195
2338 0.10051325919589392
2339 0.10047028644719966
2340 0.10042735042735043
2341 0.10038445108927808
2342 0.10034158838599487
2343 0.10029876227059326
2344 0.10025597269624574
2345 0.10021321961620469
2346 0.10017050298380221
2347 0.10012782275244994
2348 0.10008517887563884
2349 0.10004257130693912
2350 0.1
2351 0.09995746490854955
2352 0.09991496598639456
2353 0.09987250318742032
2354 0.09983007646559049
2355 0.09978768577494693
2356 0.0997453310696095
2357 0.09970301230377598
2358 0.0996607294317218
2359 0.09961848240779991
2360 0.09957627118644068
2361 0.09953409572215163
2362 0.09949195596951736
2363 0.09944985188319933
2364 0.0994077834179357
2365 0.09936575052854123
2366 0.09932375316990702
2367 0.09928179129700042
2368 0.09923986486486487
2369 0.09919797382861967
2370 0.09915611814345991
2371 0.09911429776465626
2372 0.0990725126475548
2373 0.09903076274757691
2374 0.09898904802021904
2375 0.09894736842105263
2376 0.0989057239057239
2377 0.09886411442995373
2378 0.09882253994953742
2379 0.09878100042034468
2380 0.09873949579831932
2381 0.0986980260394792
2382 0.09865659109991604
2383 0.09861519093579521
2384 0.09857382550335571
2385 0.09853249475890985
2386 0.09849119865884325
2387 0.09844993715961457
2388 0.09840871021775545
2389 0.09836751778987024
2390 0.09832635983263599
2391 0.09828523630280217
2392 0.09824414715719064
2393 0.09820309235269536
2394 0.09816207184628237
2395 0.09812108559498957
2396 0.09808013355592654
2397 0.09803921568627451
2398 0.09799833194328607
2399 0.09795748228428512
2400 0.09791666666666667
2401 0.09787588504789671
2402 0.09783513738551207
2403 0.09779442363712026
2404 0.09775374376039933
2405 0.09771309771309772
2406 0.09767248545303409
2407 0.09763190693809722
2408 0.09759136212624585
2409 0.09755085097550852
2410 0.0975103734439834
2411 0.09746992948983824
2412 0.09742951907131012
2413 0.09738914214670534
2414 0.09734879867439934
2415 0.09730848861283643
2416 0.0972682119205298
2417 0.09722796855606124
2418 0.09718775847808106
2419 0.09714758164530798
2420 0.09710743801652892
2421 0.09706732755059892
2422 0.09702725020644096
2423 0.09698720594304581
2424 0.09694719471947194
2425 0.09690721649484536
2426 0.09686727122835943
2427 0.09682735887927482
2428 0.09678747940691927
2429 0.09674763277068753
2430 0.09670781893004116
2431 0.09666803784450843
2432 0.09662828947368421
2433 0.09658857377722976
2434 0.09654889071487263
2435 0.09650924024640657
2436 0.09646962233169129
2437 0.09643003693065244
2438 0.09639048400328137
2439 0.0963509635096351
2440 0.09631147540983606
2441 0.0962720196640721
2442 0.09623259623259624
2443 0.09619320507572657
2444 0.09615384615384616
2445 0.09611451942740286
2446 0.09607522485690924
2447 0.09603596240294238
2448 0.0959967320261438
2449 0.09595753368721928
2450 0.09591836734693877
2451 0.09587923296613628
2452 0.09584013050570962
2453 0.09580105992662047
2454 0.09576202118989405
2455 0.09572301425661914
2456 0.09568403908794788
2457 0.09564509564509564
2458 0.09560618388934093
2459 0.09556730378202521
2460 0.09552845528455285
2461 0.0954896383583909
2462 0.09545085296506906
2463 0.09541209906617945
2464 0.09537337662337662
2465 0.09533468559837728
2466 0.09529602595296026
2467 0.09525739764896636
2468 0.09521880064829821
2469 0.09518023491292021
2470 0.0951417004048583
2471 0.09510319708619992
2472 0.09506472491909385
2473 0.0950262838657501
2474 0.09498787388843978
2475 0.09494949494949495
2476 0.09491114701130857
2477 0.09487283003633427
2478 0.09483454398708636
2479 0.09479628882613957
2480 0.09475806451612903
2481 0.0947198710197501
2482 0.09468170829975826
2483 0.09464357631896898
2484 0.09460547504025765
2485 0.09456740442655935
2486 0.09452936444086886
2487 0.09449135504624046
2488 0.09445337620578778
2489 0.09441542788268381
2490 0.09437751004016064
2491 0.09433962264150944
2492 0.09430176565008026
2493 0.09426393902928198
2494 0.0942261427425822
2495 0.09418837675350701
2496 0.09415064102564102
2497 0.09411293552262716
2498 0.09407526020816653
2499 0.0940376150460184
2500 0.094
2501 0.0939624150339864
2502 0.09392486011191047
2503 0.09388733519776268
2504 0.09384984025559105
2505 0.09381237524950099
2506 0.09377494014365523
2507 0.09373753490227363
2508 0.09370015948963317
2509 0.09366281387006775
2510 0.09362549800796813
2511 0.09358821186778175
2512 0.09355095541401273
2513 0.09351372861122165
2514 0.09347653142402546
2515 0.09343936381709742
2516 0.09340222575516693
2517 0.09336511720301947
2518 0.09332803812549642
2519 0.09329098848749504
2520 0.09325396825396826
2521 0.09321697738992463
2522 0.09318001586042823
2523 0.09314308363059849
2524 0.09310618066561015
2525 0.09306930693069307
2526 0.09303246239113222
2527 0.09299564701226751
2528 0.09295886075949367
2529 0.09292210359826018
2530 0.09288537549407115
2531 0.09284867641248519
2532 0.09281200631911532
2533 0.0927753651796289
2534 0.09273875295974743
2535 0.09270216962524655
2536 0.09266561514195584
2537 0.09302325581395349
2538 0.09298660362490149
2539 0.09294998030720757
2540 0.09291338582677165
2541 0.09287682014954743
2542 0.09284028324154209
2543 0.09280377506881636
2544 0.09276729559748427
2545 0.09273084479371316
2546 0.09269442262372349
2547 0.09265802905378877
2548 0.09262166405023547
2549 0.09258532757944292
2550 0.09254901960784313
2551 0.09251274010192082
2552 0.09247648902821316
2553 0.09244026635330983
2554 0.09240407204385279
2555 0.0923679060665362
2556 0.09233176838810642
2557 0.09229565897536175
2558 0.09225957779515247
2559 0.09222352481438062
2560 0.0921875
2561 0.092151503319016
2562 0.09211553473848556
2563 0.09207959422551697
2564 0.09204368174726989
2565 0.09200779727095516
2566 0.09197194076383476
2567 0.09193611219322166
2568 0.09190031152647975
2569 0.09186453873102375
2570 0.09182879377431907
2571 0.09179307662388175
2572 0.09175738724727839
2573 0.09172172561212592
2574 0.09168609168609168
2575 0.0916504854368932
2576 0.09161490683229814
2577 0.09157935584012418
2578 0.09154383242823895
2579 0.09150833656455991
2580 0.09147286821705426
2581 0.09143742735373886
2582 0.09140201394268009
2583 0.09136662795199381
2584 0.0913312693498452
2585 0.09129593810444875
2586 0.09126063418406806
2587 0.09122535755701584
2588 0.09119010819165378
2589 0.09115488605639242
2590 0.09111969111969112
2591 0.09108452335005789
2592 0.09104938271604938
2593 0.09101426918627073
2594 0.09097918272937548
2595 0.09094412331406551
2596 0.09090909090909091
2597 0.0908740854832499
2598 0.09083910700538876
2599 0.0908041554444017
2600 0.09076923076923077
2601 0.09073433294886582
2602 0.09069946195234435
2603 0.09066461774875144
2604 0.09062980030721966
2605 0.09059500959692898
2606 0.09056024558710668
2607 0.09052550824702724
2608 0.09049079754601227
2609 0.09045611345343044
2610 0.09042145593869731
2611 0.09038682497127537
2612 0.0903522205206738
2613 0.09031764255644853
2614 0.090283091048202
2615 0.09024856596558317
2616 0.09021406727828746
2617 0.09017959495605656
2618 0.09014514896867838
2619 0.09011072928598701
2620 0.0900763358778626
2621 0.09004196871423122
2622 0.09000762776506484
2623 0.08997331300038124
2624 0.0899390243902439
2625 0.0899047619047619
2626 0.08987052551408987
2627 0.08983631518842787
2628 0.0898021308980213
2629 0.0897679726131609
2630 0.08973384030418251
2631 0.08969973394146712
2632 0.08966565349544073
2633 0.08963159893657426
2634 0.08959757023538345
2635 0.08956356736242885
2636 0.08952959028831563
2637 0.08949563898369359
2638 0.08946171341925702
2639 0.0894278135657446
2640 0.0893939393939394
2641 0.08936009087466869
2642 0.08932626797880394
2643 0.08929247067726069
2644 0.08925869894099848
2645 0.0892249527410208
2646 0.08919123204837491
2647 0.08915753683415187
2648 0.0891238670694864
2649 0.08909022272555682
2650 0.0890566037735849
2651 0.08902301018483591
2652 0.0889894419306184
2653 0.0889558989822842
2654 0.08892238131122833
2655 0.08888888888888889
2656 0.08885542168674698
2657 0.08882197967632668
2658 0.08878856282919488
2659 0.08875517111696127
2660 0.0887218045112782
2661 0.08868846298384066
2662 0.08865514650638617
2663 0.08862185505069471
2664 0.08858858858858859
2665 0.08855534709193245
2666 0.08852213053263316
2667 0.08848893888263967
2668 0.08845577211394302
2669 0.08842263019857624
2670 0.08838951310861423
2671 0.08835642081617372
2672 0.08832335329341318
2673 0.08829031051253274
2674 0.08825729244577413
2675 0.08822429906542056
2676 0.08819133034379671
2677 0.08815838625326858
2678 0.08812546676624347
2679 0.08809257185516985
2680 0.0880597014925373
2681 0.08802685565087653
2682 0.08799403430275914
2683 0.08796123742079762
2684 0.08792846497764531
2685 0.08789571694599628
2686 0.08786299329858525
2687 0.08783029400818756
2688 0.08779761904761904
2689 0.08776496838973596
2690 0.08773234200743495
2691 0.08769973987365291
2692 0.08766716196136701
2693 0.08763460824359451
2694 0.08760207869339272
2695 0.087569573283859
2696 0.08753709198813056
2697 0.0875046347793845
2698 0.08747220163083766
2699 0.08743979251574657
2700 0.0874074074074074
2701 0.08737504627915586
2702 0.08734270910436713
2703 0.0873103958564558
2704 0.08727810650887574
2705 0.08724584103512015
2706 0.08721359940872137
2707 0.08718138160325083
2708 0.08714918759231906
2709 0.08711701734957548
2710 0.08708487084870849
2711 0.08705274806344522
2712 0.08702064896755163
2713 0.08698857353483229
2714 0.08695652173913043
2715 0.08692449355432781
2716 0.08689248895434462
2717 0.0868605079131395
2718 0.08682855040470934
2719 0.08679661640308937
2720 0.08676470588235294
2721 0.08673281881661155
2722 0.0867009551800147
2723 0.0866691149467499
2724 0.08663729809104258
2725 0.08660550458715596
2726 0.08657373440939105
2727 0.08654198753208654
2728 0.08651026392961877
2729 0.08647856357640162
2730 0.08644688644688645
2731 0.08641523251556206
2732 0.08638360175695461
2733 0.08635199414562751
2734 0.08632040965618142
2735 0.08628884826325411
2736 0.08625730994152046
2737 0.08622579466569237
2738 0.08619430241051863
2739 0.08616283315078496
2740 0.08613138686131387
2741 0.08609996351696461
2742 0.08606856309263311
2743 0.08603718556325192
2744 0.08600583090379009
2745 0.08597449908925318
2746 0.08594319009468318
2747 0.08591190389515835
2748 0.0858806404657933
2749 0.08584939978173882
2750 0.08581818181818182
2751 0.08578698655034533
2752 0.08575581395348837
2753 0.08572466400290592
2754 0.08569353667392883
2755 0.08566243194192377
2756 0.08563134978229318
2757 0.08560029017047516
2758 0.08556925308194344
2759 0.08553823849220732
2760 0.08550724637681159
2761 0.08547627671133647
2762 0.08544532947139753
2763 0.08541440463264567
2764 0.085383502170767
2765 0.08535262206148282
2766 0.08532176428054954
2767 0.08529092880375859
2768 0.08526011560693642
2769 0.08522932466594438
2770 0.0851985559566787
2771 0.08516780945507037
2772 0.08513708513708514
2773 0.0851063829787234
2774 0.08507570295602018
2775 0.08504504504504505
2776 0.08501440922190202
2777 0.08498379546272956
2778 0.08495320374370051
2779 0.08492263404102195
2780 0.08489208633093526
2781 0.08486156058971593
2782 0.08483105679367361
2783 0.084800574919152
2784 0.08477011494252873
2785 0.08473967684021544
2786 0.08470926058865758
2787 0.08467886616433441
2788 0.08464849354375897
2789 0.08461814270347795
2790 0.08458781362007169
2791 0.08455750627015407
2792 0.08452722063037249
2793 0.08449695667740781
2794 0.08446671438797423
2795 0.08443649373881933
2796 0.0844062947067239
2797 0.08437611726850197
2798 0.08434596140100072
2799 0.08431582708110039
2800 0.08428571428571428
2801 0.08461263834344877
2802 0.08458244111349036
2803 0.08455226542989654
2804 0.08452211126961484
2805 0.08449197860962566
2806 0.08446186742694227
2807 0.08443177769861061
2808 0.08440170940170941
2809 0.08437166251334995
2810 0.08434163701067615
2811 0.08431163287086446
2812 0.08428165007112376
2813 0.08425168858869535
2814 0.08422174840085288
2815 0.08419182948490231
2816 0.08416193181818182
2817 0.08413205537806177
2818 0.08410220014194464
2819 0.08407236608726498
2820 0.08404255319148936
2821 0.08401276143211626
2822 0.08398299078667612
2823 0.08395324123273114
2824 0.08392351274787535
2825 0.08389380530973452
2826 0.08386411889596602
2827 0.08383445348425893
2828 0.0838048090523338
2829 0.08377518557794274
2830 0.08374558303886925
2831 0.08371600141292829
2832 0.0836864406779661
2833 0.08365690081186022
2834 0.08362738179251941
2835 0.0835978835978836
2836 0.08356840620592383
2837 0.08353894959464223
2838 0.08350951374207188
2839 0.08348009862627685
2840 0.08345070422535211
2841 0.08342133051742344
2842 0.08339197748064743
2843 0.0833626450932114
2844 0.08333333333333333
2845 0.08330404217926186
2846 0.08327477160927618
2847 0.08324552160168598
2848 0.08321629213483146
2849 0.08318708318708319
2850 0.08350877192982456
2851 0.08347948088390039
2852 0.08345021037868162
2853 0.08342096039256923
2854 0.08339173090399439
2855 0.08336252189141856
2856 0.08333333333333333
2857 0.08330416520826041
2858 0.08327501749475158
2859 0.0832458901713886
2860 0.08321678321678322
2861 0.08318769660957707
2862 0.08315863032844165
2863 0.08312958435207823
2864 0.08310055865921788
2865 0.0830715532286213
2866 0.08304256803907886
2867 0.08301360306941054
2868 0.08298465829846582
2869 0.08295573370512374
2870 0.08292682926829269
2871 0.08289794496691048
2872 0.08286908077994429
2873 0.08284023668639054
2874 0.08281141266527488
2875 0.08278260869565217
2876 0.08275382475660639
2877 0.0827250608272506
2878 0.08269631688672689
2879 0.08266759291420632
2880 0.08263888888888889
2881 0.08261020479000347
2882 0.08258154059680778
2883 0.08255289628858828
2884 0.0825242718446602
2885 0.08249566724436742
2886 0.08246708246708247
2887 0.08243851749220645
2888 0.08240997229916898
2889 0.08238144686742818
2890 0.08235294117647059
2891 0.08232445520581114
2892 0.08229598893499308
2893 0.08226754234358798
2894 0.08223911541119558
2895 0.08221070811744387
2896 0.08218232044198895
2897 0.08215395236451502
2898 0.0821256038647343
2899 0.08209727492238703
2900 0.08206896551724138
2901 0.08204067562909341
2902 0.08201240523776705
2903 0.08198415432311403
2904 0.08195592286501377
2905 0.0819277108433735
2906 0.08189951823812801
2907 0.08187134502923976
2908 0.08184319119669876
2909 0.08181505672052251
2910 0.08178694158075601
2911 0.08175884575747167
2912 0.08173076923076923
2913 0.08170271198077583
2914 0.08167467398764584
2915 0.0816466552315609
2916 0.08161865569272976
2917 0.0815906753513884
2918 0.08156271418779987
2919 0.0815347721822542
2920 0.08150684931506849
2921 0.08147894556658679
2922 0.08145106091718002
2923 0.08142319534724599
2924 0.08139534883720931
2925 0.08136752136752137
2926 0.08133971291866028
2927 0.08131192347113085
2928 0.08128415300546447
2929 0.08125640150221919
2930 0.08156996587030717
2931 0.08154213578983283
2932 0.08151432469304229
2933 0.08148653256051824
2934 0.0814587593728698
2935 0.08143100511073254
2936 0.08140326975476839
2937 0.08137555328566565
2938 0.08134785568413887
2939 0.08132017693092888
2940 0.08129251700680272
2941 0.08126487589255356
2942 0.08123725356900068
2943 0.08120965001698946
2944 0.08118206521739131
2945 0.08115449915110357
2946 0.08112695179904957
2947 0.08109942314217848
2948 0.0810719131614654
2949 0.08104442183791116
2950 0.08101694915254237
2951 0.08098949508641139
2952 0.0809620596205962
2953 0.08093464273620048
2954 0.08090724441435342
2955 0.08087986463620982
2956 0.08085250338294993
2957 0.0808251606357795
2958 0.08079783637592969
2959 0.08077053058465698
2960 0.08074324324324324
2961 0.08071597433299561
2962 0.08068872383524646
2963 0.08066149173135335
2964 0.08063427800269905
2965 0.0806070826306914
2966 0.08057990559676331
2967 0.08055274688237277
2968 0.0805256064690027
2969 0.080498484338161
2970 0.08047138047138047
2971 0.08044429485021878
2972 0.08041722745625841
2973 0.08039017827110663
2974 0.08036314727639543
2975 0.08033613445378152
2976 0.08030913978494623
2977 0.08028216325159557
2978 0.08025520483546005
2979 0.08022826451829473
2980 0.0802013422818792
2981 0.08017443810801744
2982 0.0801475519785379
2983 0.08012068387529332
2984 0.08009383378016086
2985 0.08006700167504188
2986 0.08004018754186203
2987 0.08001339136257114
2988 0.07998661311914324
2989 0.07995985279357645
2990 0.07993311036789298
2991 0.07990638582413909
2992 0.07987967914438503
2993 0.07985299031072503
2994 0.07982631930527723
2995 0.07979966611018365
2996 0.07977303070761015
2997 0.07974641307974642
2998 0.07971981320880588
2999 0.07969323107702568
3000 0.07966666666666666
3001 0.07997334221926025
3002 0.07994670219853431
3003 0.07992007992007992
3004 0.07989347536617843
3005 0.07986688851913477
3006 0.07984031936127745
3007 0.07981376787495843
3008 0.0797872340425532
3009 0.07976071784646062
3010 0.07973421926910298
3011 0.07970773829292593
3012 0.0796812749003984
3013 0.07965482907401261
3014 0.07962840079628401
3015 0.07960199004975124
3016 0.07957559681697612
3017 0.07954922108054359
3018 0.07952286282306163
3019 0.07949652202716131
3020 0.07947019867549669
3021 0.07944389275074479
3022 0.07941760423560557
3023 0.07939133311280185
3024 0.07936507936507936
3025 0.07933884297520662
3026 0.07931262392597488
3027 0.07928642220019821
3028 0.07926023778071334
3029 0.07923407065037966
3030 0.07920792079207921
3031 0.0791817881887166
3032 0.079155672823219
3033 0.0791295746785361
3034 0.07910349373764008
3035 0.07907742998352553
3036 0.07905138339920949
3037 0.07902535396773132
3038 0.07899934167215274
3039 0.07897334649555775
3040 0.07894736842105263
3041 0.07892140743176587
3042 0.07889546351084813
3043 0.07886953664147223
3044 0.07884362680683311
3045 0.07881773399014778
3046 0.07879185817465528
3047 0.07876599934361667
3048 0.07874015748031496
3049 0.0787143325680551
3050 0.07868852459016394
3051 0.07866273352999016
3052 0.07863695937090433
3053 0.07861120209629872
3054 0.07858546168958742
3055 0.07855973813420622
3056 0.07853403141361257
3057 0.07850834151128558
3058 0.07848266841072596
3059 0.07845701209545602
3060 0.0784313725490196
3061 0.07840574975498203
3062 0.07838014369693011
3063 0.07835455435847209
3064 0.0783289817232376
3065 0.07830342577487764
3066 0.07827788649706457
3067 0.078252363873492
3068 0.07822685788787484
3069 0.07820136852394917
3070 0.0781758957654723
3071 0.07815043959622273
3072 0.078125
3073 0.07809957696062479
3074 0.07807417046193885
3075 0.07804878048780488
3076 0.07802340702210664
3077 0.07799805004874878
3078 0.07797270955165692
3079 0.07794738551477752
3080 0.07792207792207792
3081 0.07789678675754626
3082 0.07787151200519143
3083 0.07784625364904314
3084 0.07782101167315175
3085 0.07779578606158834
3086 0.07777057679844458
3087 0.07774538386783285
3088 0.07772020725388601
3089 0.07769504694075753
3090 0.07766990291262135
3091 0.07764477515367195
3092 0.07761966364812418
3093 0.07759456838021339
3094 0.07756948933419522
3095 0.07754442649434572
3096 0.07751937984496124
3097 0.07749434937035841
3098 0.0774693350548741
3099 0.07744433688286544
3100 0.07741935483870968
3101 0.07739438890680425
3102 0.07736943907156674
3103 0.07734450531743474
3104 0.07731958762886598
3105 0.07729468599033816
3106 0.07726980038634901
3107 0.07724493080141616
3108 0.07722007722007722
3109 0.07719523962688968
3110 0.07717041800643087
3111 0.07714561234329798
3112 0.07712082262210797
3113 0.07709604882749758
3114 0.07707129094412331
3115 0.07704654895666131
3116 0.07702182284980745
3117 0.07699711260827719
3118 0.07697241821680564
3119 0.07694773966014748
3120 0.07692307692307693
3121 0.07689842999038769
3122 0.07687379884689302
3123 0.07684918347742556
3124 0.07682458386683738
3125 0.0768
3126 0.07677543186180422
3127 0.07675087943716022
3128 0.07672634271099744
3129 0.07670182166826463
3130 0.07667731629392971
3131 0.07665282657297988
3132 0.07662835249042145
3133 0.07660389403127993
3134 0.07657945118059988
3135 0.07655502392344497
3136 0.07653061224489796
3137 0.07650621613006056
3138 0.07648183556405354
3139 0.07645747053201657
3140 0.07643312101910828
3141 0.07640878701050621
3142 0.07638446849140675
3143 0.07636016544702513
3144 0.07633587786259542
3145 0.07631160572337042
3146 0.07628734901462174
3147 0.07626310772163966
3148 0.07623888182973317
3149 0.07621467132422992
3150 0.0761904761904762
3151 0.07616629641383688
3152 0.07614213197969544
3153 0.07611798287345385
3154 0.07609384908053266
3155 0.07606973058637084
3156 0.07604562737642585
3157 0.07602153943617358
3158 0.0759974667511083
3159 0.07597340930674264
3160 0.0759493670886076
3161 0.07592534008225245
3162 0.07590132827324478
3163 0.0758773316471704
3164 0.07585335018963338
3165 0.07582938388625593
3166 0.07580543272267846
3167 0.07578149668455952
3168 0.07575757575757576
3169 0.07573366992742189
3170 0.07570977917981073
3171 0.07568590350047304
3172 0.07566204287515763
3173 0.07563819728963127
3174 0.07561436672967864
3175 0.07559055118110236
3176 0.07556675062972293
3177 0.07554296506137866
3178 0.07551919446192575
3179 0.07549543881723812
3180 0.07547169811320754
3181 0.07544797233574348
3182 0.0754242614707731
3183 0.07540056550424128
3184 0.07537688442211055
3185 0.07535321821036106
3186 0.07532956685499058
3187 0.07530593034201444
3188 0.07528230865746549
3189 0.07525870178739416
3190 0.07523510971786834
3191 0.07521153243497336
3192 0.07518796992481203
3193 0.07516442217350454
3194 0.07514088916718847
3195 0.07511737089201878
3196 0.07509386733416772
3197 0.07507037847982484
3198 0.075046904315197
3199 0.07502344482650829
3200 0.075
3201 0.07497656982193064
3202 0.07495315427857589
3203 0.07492975335622853
3204 0.0749063670411985
3205 0.0748829953198128
3206 0.07485963817841547
3207 0.07483629560336763
3208 0.07481296758104738
3209 0.0747896540978498
3210 0.07476635514018691
3211 0.0747430706944877
3212 0.074719800747198
3213 0.07469654528478058
3214 0.07467330429371499
3215 0.07465007776049767
3216 0.07462686567164178
3217 0.07460366801367734
3218 0.07458048477315103
3219 0.07455731593662628
3220 0.07453416149068323
3221 0.07451102142191866
3222 0.074487895716946
3223 0.07446478436239529
3224 0.07444168734491315
3225 0.07441860465116279
3226 0.07439553626782393
3227 0.07437248218159281
3228 0.07434944237918216
3229 0.07432641684732115
3230 0.07430340557275542
3231 0.07428040854224698
3232 0.07425742574257425
3233 0.07423445716053201
3234 0.07421150278293136
3235 0.07418856259659969
3236 0.07416563658838071
3237 0.07414272474513438
3238 0.07411982705373688
3239 0.07409694350108058
3240 0.07407407407407407
3241 0.07405121875964209
3242 0.07402837754472548
3243 0.07400555041628122
3244 0.07398273736128237
3245 0.07395993836671803
3246 0.07393715341959335
3247 0.07391438250692947
3248 0.07389162561576355
3249 0.07386888273314866
3250 0.07384615384615385
3251 0.07382343894186404
3252 0.07380073800738007
3253 0.07377805102981863
3254 0.07375537799631224
3255 0.07373271889400922
3256 0.07371007371007371
3257 0.0736874424316856
3258 0.07366482504604052
3259 0.0736422215403498
3260 0.0736196319018405
3261 0.07359705611775529
3262 0.07357449417535254
3263 0.07355194606190622
3264 0.07352941176470588
3265 0.07350689127105667
3266 0.07348438456827924
3267 0.07346189164370982
3268 0.07343941248470012
3269 0.07341694707861732
3270 0.07339449541284404
3271 0.07337205747477836
3272 0.07334963325183375
3273 0.07332722273143905
3274 0.07330482590103848
3275 0.0732824427480916
3276 0.07326007326007326
3277 0.0732377174244736
3278 0.07321537522879805
3279 0.07319304666056725
3280 0.07317073170731707
3281 0.0731484303565986
3282 0.07312614259597806
3283 0.07310386841303686
3284 0.0730816077953715
3285 0.0730593607305936
3286 0.07303712720632989
3287 0.0730149072102221
3288 0.072992700729927
3289 0.07297050775311645
3290 0.0729483282674772
3291 0.07292616226071102
3292 0.07290400972053462
3293 0.07288187063467963
3294 0.07285974499089254
3295 0.07283763277693475
3296 0.07281553398058252
3297 0.07279344858962693
3298 0.07277137659187387
3299 0.07274931797514399
3300 0.07272727272727272
3301 0.07270524083611027
3302 0.0726832222895215
3303 0.07266121707538602
3304 0.07263922518159806
3305 0.07261724659606657
3306 0.07259528130671507
3307 0.0725733293014817
3308 0.07255139056831923
3309 0.07252946509519492
3310 0.07250755287009064
3311 0.07248565388100271
3312 0.07246376811594203
3313 0.0724418955629339
3314 0.07242003621001811
3315 0.07239819004524888
3316 0.07237635705669482
3317 0.07235453723243895
3318 0.07233273056057866
3319 0.07231093702922567
3320 0.07228915662650602
3321 0.07226738934056007
3322 0.07224563515954245
3323 0.07222389407162202
3324 0.07220216606498195
3325 0.07218045112781955
3326 0.07215874924834637
3327 0.0721370604147881
3328 0.07211538461538461
3329 0.07209372183838991
3330 0.07207207207207207
3331 0.0720504353047133
3332 0.07202881152460984
3333 0.07200720072007201
3334 0.07198560287942411
3335 0.07196401799100449
3336 0.07194244604316546
3337 0.0719208870242733
3338 0.07189934092270821
3339 0.07187780772686433
3340 0.0718562874251497
3341 0.07183478000598623
3342 0.0718132854578097
3343 0.0717918037690697
3344 0.07177033492822966
3345 0.07174887892376682
3346 0.07172743574417215
3347 0.0717060053779504
3348 0.07168458781362007
3349 0.07166318303971335
3350 0.07164179104477612
3351 0.07162041181736795
3352 0.07159904534606205
3353 0.07157769161944527
3354 0.07155635062611806
3355 0.07153502235469449
3356 0.07151370679380215
3357 0.07149240393208221
3358 0.0714711137581894
3359 0.0714498362607919
3360 0.07142857142857142
3361 0.07140731925022314
3362 0.07138607971445568
3363 0.07136485280999108
3364 0.0713436385255648
3365 0.0713224368499257
3366 0.07130124777183601
3367 0.07128007128007129
3368 0.07125890736342043
3369 0.07123775601068566
3370 0.0712166172106825
3371 0.07119549095223969
3372 0.0711743772241993
3373 0.07115327601541654
3374 0.07113218731475993
3375 0.07111111111111111
3376 0.07109004739336493
3377 0.07106899615042937
3378 0.07104795737122557
3379 0.07102693104468778
3380 0.07100591715976332
3381 0.0709849157054126
3382 0.0709639266706091
3383 0.07094295004433934
3384 0.07092198581560284
3385 0.07090103397341212
3386 0.07088009450679268
3387 0.070859167404783
3388 0.07083825265643448
3389 0.07081735025081144
3390 0.07079646017699115
3391 0.0707755824240637
3392 0.07075471698113207
3393 0.07073386383731212
3394 0.07071302298173247
3395 0.07069219440353461
3396 0.0706713780918728
3397 0.07065057403591404
3398 0.07062978222483814
3399 0.0706090026478376
3400 0.07058823529411765
3401 0.07056748015289621
3402 0.07054673721340388
3403 0.07052600646488393
3404 0.07050528789659224
3405 0.07048458149779736
3406 0.07046388725778038
3407 0.07044320516583505
3408 0.07042253521126761
3409 0.07040187738339689
3410 0.07038123167155426
3411 0.07036059806508356
3412 0.07033997655334115
3413 0.07031936712569586
3414 0.070298769771529
3415 0.07027818448023426
3416 0.0702576112412178
3417 0.07023705004389816
3418 0.07021650087770626
3419 0.0701959637320854
3420 0.07017543859649122
3421 0.0701549254603917
3422 0.0701344243132671
3423 0.07011393514460999
3424 0.07009345794392523
