1 1.0
2 1.0
3 1.0
4 1.0
5 1.0
6 1.0
7 1.0
8 1.0
9 1.0
10 1.0
11 1.0
12 1.0
13 1.0
14 1.0
15 1.0
16 1.0
17 1.0
18 1.0
19 1.0
20 1.0
21 1.0
22 1.0
23 1.0
24 1.0
25 1.0
26 1.0
27 1.0
28 1.0
29 1.0
30 1.0
31 0.967741935483871
32 0.9375
33 0.9393939393939394
34 0.9411764705882353
35 0.9428571428571428
36 0.9444444444444444
37 0.9459459459459459
38 0.9210526315789473
39 0.9230769230769231
40 0.9
41 0.9024390243902439
42 0.9047619047619048
43 0.9069767441860465
44 0.9090909090909091
45 0.9111111111111111
46 0.8913043478260869
47 0.8936170212765957
48 0.875
49 0.8775510204081632
50 0.88
51 0.8823529411764706
52 0.8846153846153846
53 0.8679245283018868
54 0.8518518518518519
55 0.8545454545454545
56 0.8392857142857143
57 0.8421052631578947
58 0.8448275862068966
59 0.8305084745762712
60 0.8333333333333334
61 0.8360655737704918
62 0.8225806451612904
63 0.8253968253968254
64 0.8125
65 0.8
66 0.7878787878787878
67 0.7761194029850746
68 0.7794117647058824
69 0.7681159420289855
70 0.7571428571428571
71 0.7605633802816901
