1 1.0
2 1.0
3 1.0
4 1.0
5 1.0
6 1.0
7 1.0
8 1.0
9 1.0
10 1.0
11 1.0
12 1.0
13 1.0
14 1.0
15 1.0
16 1.0
17 1.0
18 1.0
19 1.0
20 1.0
21 1.0
22 1.0
23 1.0
24 1.0
25 1.0
26 1.0
27 1.0
28 1.0
29 1.0
30 1.0
31 0.967741935483871
32 0.96875
33 0.9696969696969697
34 0.9705882352941176
35 0.9714285714285714
36 0.9722222222222222
37 0.972972972972973
38 0.9473684210526315
39 0.9487179487179487
40 0.95
41 0.926829268292683
42 0.9285714285714286
43 0.9302325581395349
44 0.9318181818181818
45 0.9333333333333333
46 0.9347826086956522
47 0.9148936170212766
48 0.9166666666666666
49 0.8979591836734694
50 0.9
51 0.9019607843137255
52 0.8846153846153846
53 0.8679245283018868
54 0.8703703703703703
55 0.8727272727272727
56 0.8571428571428571
57 0.8421052631578947
58 0.8275862068965517
59 0.8135593220338984
60 0.8166666666666667
61 0.8032786885245902
62 0.8064516129032258
