1 1.0
2 1.0
3 1.0
4 1.0
5 1.0
6 1.0
7 1.0
8 1.0
9 1.0
10 1.0
11 1.0
12 1.0
13 1.0
14 1.0
15 1.0
16 1.0
17 1.0
18 1.0
19 1.0
20 1.0
21 1.0
22 1.0
23 1.0
24 1.0
25 1.0
26 1.0
27 1.0
28 1.0
29 1.0
30 1.0
31 1.0
32 1.0
33 1.0
34 1.0
35 1.0
36 1.0
37 1.0
38 1.0
39 1.0
40 1.0
41 0.975609756097561
42 0.9761904761904762
43 0.9534883720930233
44 0.9545454545454546
45 0.9555555555555556
46 0.9565217391304348
47 0.9574468085106383
48 0.9583333333333334
49 0.9591836734693877
50 0.96
51 0.9607843137254902
52 0.9423076923076923
53 0.9433962264150944
54 0.9444444444444444
55 0.9454545454545454
56 0.9464285714285714
57 0.9473684210526315
58 0.9310344827586207
59 0.9152542372881356
60 0.9166666666666666
61 0.9016393442622951
62 0.8870967741935484
63 0.873015873015873
64 0.875
65 0.8769230769230769
66 0.8787878787878788
67 0.8656716417910447
68 0.8676470588235294
69 0.8695652173913043
70 0.8714285714285714
71 0.8591549295774648
72 0.8611111111111112
73 0.8493150684931506
74 0.8378378378378378
75 0.8266666666666667
76 0.8289473684210527
77 0.8181818181818182
78 0.8076923076923077
79 0.7974683544303798
80 0.7875
81 0.7777777777777778
82 0.7682926829268293
83 0.7590361445783133
84 0.75
85 0.7411764705882353
86 0.7325581395348837
87 0.7241379310344828
88 0.7159090909090909
89 0.7078651685393258
90 0.7
91 0.6923076923076923
92 0.6847826086956522
93 0.6774193548387096
94 0.6702127659574468
95 0.6631578947368421
96 0.65625
97 0.6597938144329897
98 0.6530612244897959
99 0.6464646464646465
100 0.64
101 0.6336633663366337
102 0.6274509803921569
103 0.6213592233009708
104 0.6153846153846154
105 0.6095238095238096
106 0.6037735849056604
107 0.5981308411214953
108 0.6018518518518519
109 0.5963302752293578
110 0.5909090909090909
111 0.5855855855855856
112 0.5892857142857143
113 0.584070796460177
114 0.5877192982456141
115 0.5826086956521739
116 0.5862068965517241
117 0.5811965811965812
118 0.576271186440678
119 0.5714285714285714
120 0.5666666666666667
121 0.5619834710743802
122 0.5573770491803278
123 0.5528455284552846
124 0.5483870967741935
125 0.544
126 0.5396825396825397
127 0.5354330708661418
128 0.5390625
