1 1.0
2 1.0
3 1.0
4 1.0
5 1.0
6 1.0
7 1.0
8 1.0
9 1.0
10 1.0
11 1.0
12 1.0
13 1.0
14 1.0
15 1.0
16 1.0
17 1.0
18 1.0
19 1.0
20 1.0
21 1.0
22 1.0
23 1.0
24 1.0
25 1.0
26 1.0
27 1.0
28 1.0
29 1.0
30 1.0
31 1.0
32 1.0
33 0.9696969696969697
34 0.9705882352941176
35 0.9714285714285714
36 0.9722222222222222
37 0.972972972972973
38 0.9736842105263158
39 0.9743589743589743
40 0.975
41 0.975609756097561
42 0.9761904761904762
43 0.9767441860465116
44 0.9772727272727273
45 0.9777777777777777
46 0.9782608695652174
47 0.9574468085106383
48 0.9583333333333334
49 0.9591836734693877
50 0.94
51 0.9215686274509803
52 0.9230769230769231
53 0.9245283018867925
54 0.9259259259259259
55 0.9272727272727272
56 0.9285714285714286
57 0.9298245614035088
58 0.9137931034482759
59 0.9152542372881356
60 0.9
61 0.9016393442622951
62 0.8870967741935484
63 0.8888888888888888
64 0.890625
65 0.8923076923076924
66 0.8939393939393939
67 0.8955223880597015
68 0.8970588235294118
69 0.8840579710144928
70 0.8857142857142857
71 0.8873239436619719
72 0.8888888888888888
73 0.8767123287671232
74 0.8783783783783784
75 0.88
