1 1.0
2 1.0
3 1.0
4 1.0
5 1.0
6 1.0
7 1.0
8 1.0
9 1.0
10 1.0
11 1.0
12 1.0
13 1.0
14 1.0
15 1.0
16 1.0
17 1.0
18 1.0
19 1.0
20 1.0
21 1.0
22 1.0
23 1.0
24 1.0
25 1.0
26 1.0
27 1.0
28 1.0
29 1.0
30 1.0
31 1.0
32 1.0
33 1.0
34 1.0
35 1.0
36 1.0
37 1.0
38 1.0
39 1.0
40 1.0
41 0.975609756097561
42 0.9523809523809523
43 0.9534883720930233
44 0.9545454545454546
45 0.9555555555555556
46 0.9565217391304348
47 0.9574468085106383
48 0.9375
49 0.9183673469387755
50 0.92
51 0.9215686274509803
52 0.9230769230769231
53 0.9245283018867925
54 0.9074074074074074
55 0.9090909090909091
56 0.9107142857142857
57 0.8947368421052632
58 0.8793103448275862
59 0.864406779661017
60 0.8666666666666667
