1 1.0
2 1.0
3 1.0
4 1.0
5 1.0
6 1.0
7 1.0
8 1.0
9 1.0
10 1.0
11 1.0
12 1.0
13 1.0
14 1.0
15 1.0
16 1.0
17 1.0
18 1.0
19 1.0
20 1.0
21 1.0
22 0.9545454545454546
23 0.9565217391304348
24 0.9583333333333334
25 0.96
26 0.9615384615384616
27 0.9629629629629629
28 0.9642857142857143
29 0.9655172413793104
30 0.9666666666666667
31 0.967741935483871
32 0.96875
33 0.9393939393939394
34 0.9411764705882353
35 0.9428571428571428
36 0.9444444444444444
37 0.918918918918919
38 0.9210526315789473
39 0.8974358974358975
40 0.9
41 0.8780487804878049
42 0.8809523809523809
43 0.8837209302325582
44 0.8863636363636364
45 0.8888888888888888
46 0.8913043478260869
47 0.8723404255319149
48 0.875
49 0.8775510204081632
50 0.86
51 0.8627450980392157
52 0.8653846153846154
53 0.8679245283018868
54 0.8703703703703703
55 0.8545454545454545
56 0.8571428571428571
57 0.8596491228070176
58 0.8620689655172413
59 0.864406779661017
60 0.85
61 0.8524590163934426
62 0.8548387096774194
63 0.8571428571428571
64 0.859375
65 0.8461538461538461
66 0.8333333333333334
67 0.835820895522388
68 0.8382352941176471
69 0.8260869565217391
70 0.8285714285714286
71 0.8169014084507042
72 0.8055555555555556
73 0.7945205479452054
74 0.7837837837837838
75 0.7733333333333333
76 0.7631578947368421
77 0.7662337662337663
78 0.7692307692307693
