0.3508323157217261
0.46427576331271797
0.10186744943485346
0.49928156621639436
0.49773372534819377
0.3984801206637536
0.0372436006853528
0.34159777203335906
0.06819605077358872
0.4793671708426759
0.49855033130869036
0.3581795523027242
0.33783901604784333
0.14490212417005066
0.49777725629334874
0.13754860849181597
0.2993783529234046
0.4920788458163289
0.4997123748508404
0.49476203345113856
0.49846630345758786
0.4798625028479858
0.13115961354383532
0.4896919053285618
0.32407581390690854
0.06947758190716868
0.17448753423204294
0.3060950298744502
0.44259836705525196
0.1912387815087368
0.33566407263532616
0.1668454409748722
0.44404167353672097
0.26304772905693774
0.39077247624037725
0.48930326033547883
0.17127634216493556
0.4780122198318837
0.33115826627041434
0.4570377861334679
0.44544210120449146
0.2893414357309095
0.49606083213038177
0.4673527127186926
0.458269215204908
0.48642153476942374
0.46201737463477166
0.17593703119745915
0.44161636713308766
0.2683662196789611
0.23175400239813504
0.09100455684598735
0.4992035202253718
0.34655589977635937
0.1591938060730636
0.4996273999180169
0.27276166829908427
0.2657893315482159
0.4141568021596866
0.4993771902037883
0.4829269118544221
0.4993802502564025
0.13564816386947617
0.4924599728862822
0.4012383296756944
0.363658194092066
0.494842364621655
0.36292654222860693
0.21116410677797043
0.3610346957979171
0.49866673334716766
0.45778562617761936
0.16674086219266268
0.2507336574272962
0.23209646995904423
0.39588202019283425
0.49218347839101323
0.48106842677948475
0.11188751928092291
0.4979422076197601
0.4969657543799335
0.4943204839034586
0.3136530345245917
0.3802743546863256
0.4208345658249393
0.4748274761431334
0.4888323210144209
0.461810524751144
0.41949318634431665
0.31423252385225375
0.2475420935202494
0.31594666897909696
0.4842363866107127
0.05958518809546969
0.49998397873902745
0.4998266788002956
0.49300114216412905
0.32295276700241343
0.4941176241669564
0.4653545616746693
0.46768110501912724
0.32482224911784985
0.37036448234018077
0.41154259815134897
0.16007422369157076
0.4921915443263275
0.4742303169081413
0.043913694532605255
0.1004241833930604
0.49208391281890645
0.24181386483282122
0.3990320209025234
0.4820566334240393
0.11242607497153738
0.4880211053611822
0.14332170257626375
0.3517260757990499
0.477628634084614
0.48115566979593566
0.44606176369844797
0.45459804728333736
0.24520222491905497
0.42537290392404953
0.29280356815053427
0.3265511678659076
0.49984497861497595
0.02822634381654865
0.4489564034832944
0.1837868823850642
0.46308137591947524
0.3126987273210406
0.13852890846073024
0.3194298176310866
0.31263321832209934
0.45620636608889453
0.4122603925289655
0.4954397764020527
0.3344740263009158
0.3707406778621205
0.3119651240688549
0.4868207770855101
0.29043444569736254
0.37989956548990245
0.42562191588771586
0.16389186052502472
0.3476680275803128
0.10422044853520467
0.4807122839772779
0.4984993740354032
0.4502378779578582
0.37229627883000455
0.46277550409127194
0.49800300200770165
0.16625665364114756
0.4891497972324521
0.4792851199361339
0.4973080462560796
0.29595697205557386
0.4332219099771917
0.4642420318602171
0.21378624189756873
0.030568968336284943
0.43623279046027097
0.10119031725724725
0.4976931086819278
0.35049582065148904
0.4724991759452928
0.49990150949627626
0.4969038599872793
0.4909065783216092
0.4892152051513333
0.43045710985943136
0.45865235719853914
0.13844722107590918
0.20159928244329206
0.022455863250069156
0.39126298478542343
0.46992493949933406
0.13011036513284346
0.09944508401447491
0.2256302745991622
0.4258704780070509
0.48920478001454265
0.3512144970285236
0.27681997390472246
0.49488484824018086
0.49998430106552544
0.45398749246372955
0.30428539893595974
0.45295309243633786
0.4341534980855795
0.46520678474304505
0.4974212412708336
0.3210169084734811
0.4404366842855652
0.4686702750478392
0.3160928388389519
0.4997837288280523
0.4443208887353258
0.12180612193250828
0.3666390194418363
0.28415086085366065
0.17209104610734421
0.4575493797071504
0.39530145099970515
0.49983651030778314
0.49870501398904443
0.2915896226009609
0.4820732638705457
0.4852180184245802
0.380982353777636
0.459453413823526
0.45878051187883645
0.3594362502240915
0.49999699465968894
0.4588050575774612
0.47769618844644407
0.488023834625905
0.4873307721518153
0.49776613313263635
0.49993945458679745
0.03355235938129137
0.18679848083929648
0.4958519930602859
0.45311864359328324
0.1423272311249945
0.4745263033467164
0.49130140089193614
0.4930863778198449
0.4982630507650992
0.49149363160427845
0.4870627865638416
0.11561217817493956
0.4997670814487563
0.2187469012774407
0.4889701386098277
0.45343824094210905
0.2982206233782779
0.4864855135200343
0.48800258073066144
0.12041633956539828
0.31979088324359506
0.4889898221384232
0.268408272999839
0.4122685183209177
0.3036955220752305
0.4158928848033286
0.40760840000133397
0.33372187837362194
0.21512036636594897
0.4981403059872688
0.49990855362925823
0.496904036355077
0.46767481639345926
0.18971107696523623
0.3306767174648626
0.45918855227397554
0.4898347853168075
0.4941425693348646
0.47504794390566063
0.17896804688712567
0.37133254180421793
0.46823730884616144
0.49989662231712156
0.3933304265499899
0.027268916583292994
0.499635263415057
0.3566873767076863
0.47343043308948346
0.487025026470943
0.4576091023883999
0.46684089871846585
0.33841128800713605
0.49401425412758726
0.3643597995994746
0.4934179442613469
0.49660356853897786
0.49720051243156926
0.4505942306150455
0.49959528445393325
0.2405329406070535
0.20499081922242393
0.49843699316641704
0.491494483106844
0.49741072537628456
0.49779307067903467
0.1523963166449094
0.1003372094037379
0.25544781119405846
0.15696355592898897
0.3716034612137175
0.40770719594999116
0.3965294639698545
0.23461212401420423
0.41532785957422896
0.027182930666376736
0.495269758817354
0.39048650264640605
0.38413546740574583
0.398878869220941
0.10303591456248928
0.4904087550177236
0.2148008073422369
0.4931528544787331
0.3387078288607322
0.17012104357125304
0.49403278080374846
0.4888394323881817
0.49838066552984883
0.48254858815621643
0.4666355855421051
0.4904889871851004
0.4999900378546105
0.42810448124388756
0.458783263433527
0.3862328109597373
0.25692516055574066
0.2893251010479359
0.44535812197470054
0.49948494166261664
0.4923525037403485
0.49970342295344755
0.34412775266537493
0.3173719654159473
0.3943933417000458
0.4899184276759924
0.06591012741500013
0.2737007055281199
0.4997415878253519
0.3488451569003322
0.4831125749272797
0.49639099924844504
0.46250990045187146
0.28002828285159087
0.3591440544510598
0.162962238655657
0.4163895203262605
0.4873914367679388
0.48688750633691147
0.4820968837213775
0.3059560183657185
0.2873256850502302
0.4809682627099677
0.4997464388302908
0.2861760254139574
0.4993938561686474
0.2139778186734838
0.03277594969229001
0.3287373715305101
0.2996084144891001
0.48525192345248874
0.4933614339042052
0.35733153656326677
0.2992104854007683
0.4180506464635859
0.49993398836320707
0.4280154421431458
0.48999258926807476
0.3725015627260794
0.4802860003266978
0.3537561709984562
0.4995219499510935
0.49999920920539404
0.47786257056855286
0.15698617841102772
0.0664932166847179
0.4907306379996284
0.28270356745820563
0.4648054270723423
0.15532879473737213
0.19316557773215443
0.4999930947106344
0.4999894516544559
0.49203790465458147
0.49989235480687516
0.4699967537689248
0.09056694960633066
0.04912539355161596
0.43162311985912405
0.3812178189825979
0.3506105426682855
0.3407566766118817
0.464825787311892
0.4658070972460531
0.22857620099123616
0.3492865952670971
0.20531320914848347
0.4519383401363241
0.4984611018541788
0.484862457404737
0.34420365801623803
0.4916904003401625
0.3925145353898517
0.17672781468737658
0.4965631622930602
0.4969001894496575
0.499582060312692
0.4833798305685932
0.39624552565035065
0.49762830685159964
0.25797405479890706
0.4999052645632434
0.4985074488546941
0.28680056940010995
0.4754697341977511
0.4804949898269559
0.48523458720275914
0.16671758781018872
0.3371269519196196
0.36123122911318845
0.43597997273798994
0.4629638106708513
0.16227558369028983
0.1770602127666652
0.30898761374969597
0.36816557969988295
0.05085853140047387
0.43597355480469896
0.4508030760776907
0.4636775315714384
0.48532121501770137
0.49120522882173895
0.4956332614032913
0.49939779302610376
0.18173016344116275
0.49571798330269407
0.15565673707198058
0.4999808391072134
0.3030966105659432
0.4173502939290608
0.49856319297502694
0.4673939964950943
0.49751698072309103
0.46259383280125965
0.3731574607648395
0.4566710768320943
0.46597741162148726
0.1477936672667608
0.04947970785524942
0.35145087499343164
0.3246475010435867
0.19797709823845866
0.16338352310115453
0.29419495849396404
0.4727671882624263
0.26493759007191664
0.2776897636851473
0.48306226611062375
0.4958365636360869
0.4676836261603058
0.17069426620019562
0.22322500092939732
0.48563456052433657
0.4115225689819122
0.44805791818074514
0.2965602581692802
0.36810103419082296
0.4987056523417981
0.3317855492337153
0.46654339601621186
0.2357047843851732
0.3773315581511344
0.16783273237670351
0.44287509299442707
0.4921938454577137
0.03325898926478596
0.12595899496506674
0.0328877975151784
0.49721659602722057
0.19575219645468034
0.4863868782536673
0.42869492954733385
0.4581551809888022
0.482104702489118
0.0852152111582965
0.40393485129041384
0.09959097383047705
0.3480370039091938
0.49470888909856187
0.4652315198379666
0.49965326780494407
0.03677141809307409
0.42860270125447947
0.3540995429549523
0.44297861716366577
0.46628345397579685
0.4405420392791526
0.38591204581491095
0.4706604391395258
0.08960089726037962
0.49611396271352665
0.41704680260246624
0.20891568928807883
0.4988149838320863
0.45208358081896965
0.3036207838539067
0.4982894767917021
0.4751440007450441
0.16271195301185615
0.20771940134209654
0.4597512617529695
0.09439275678324198
0.499029540795911
0.483331729661594
0.4653509478017873
0.14766600594933416
0.24032672794464865
0.4648200442466874
0.10597626140129016
0.48097341213694145
0.1241141841501352
0.45420957021999625
0.4574788647957066
0.49610653079136796
0.22054572464138344
0.35700319602799446
0.383394548092032
0.3466057963853894
0.4701327468532549
0.27447416514155365
0.3619248882552404
0.4935379986943483
0.2530789701546586
0.4392221592175549
0.48962649672659725
0.24114755786379397
0.49797201984021233
0.34448621857077777
0.49996342867891863
0.1978282295544614
0.4958153599998582
0.49777751933614267
0.4811571727378101
0.40365199036108446
0.18670857728586088
0.442296750892493
0.4801367872795378
0.1225282182959495
0.09057335228223296
0.4522744886304467
0.48091347282993463
0.4999699956860972
0.3249757297270698
0.49136619487889505
0.4967145229326566
0.4455802348316866
0.47912443003067856
0.32310467296130335
0.49356992751299333
0.47601676874913157
0.4817739847553767
0.34686909447420256
0.42633989204043177
0.29822077169651146
0.36524319785538223
0.47458221680459317
0.40785798609671997
0.4046322789025975
0.4909392616675059
0.4848168221687268
0.49967338310525455
0.4871105562293382
0.4949120352599329
0.1459421934576522
0.49080941445454207
0.30848297711844547
0.44343818438992644
0.3307869884549867
0.49911657942634907
0.2737987829940829
0.4726647720104126
0.4987679237076018
0.27901623521314106
0.39320718911800534
0.47630050718048855
0.29017498659028323
0.19094250674824512
0.30989552115926144
0.2334121957076155
0.43314875922610646
0.49982322395293577
0.07584920183903815
0.2495543911991222
0.015759527979532274
0.4356376948383508
0.264738603762418
0.4739778492452328
0.3706022055280016
0.2981628129434599
0.4626021242052862
0.4793640912350783
0.4927629474062783
0.47881874228920707
0.4290264990766208
0.21378498207987964
0.2932446435759605
0.06575150251612141
0.4988972326423523
0.48673558150548335
0.47752026142914505
0.25358461844109215
0.48832207240839726
0.49821551826633453
0.4912008984524192
0.49987403558521554
0.31070845593259244
0.4843804590586013
0.24880538861570275
0.4948484707750466
0.22396831467097406
0.3374711853980246
0.3045386477784356
0.4238230337754641
0.39184204263111766
0.4921046696420926
0.49269749697418386
0.4916293899358807
0.4959688223580811
0.48646833671485895
0.40793257801384764
0.49855206962144366
0.30971795196590973
0.4980080963296244
0.2775718370799115
0.47887001264781265
0.18651385777838653
0.4109109327383334
0.14372153628202866
0.3725581887920815
0.4821817223220403
0.26380391748133075
0.40567181185460754
0.3428238012277923
0.42999455317133306
0.48669694028987925
0.1634478152869389
0.24156182615455357
0.3775414411554577
0.1635715013171567
0.2526164055576126
0.4836523807812361
0.49863718160272746
0.4997600012710786
0.1334983035662483
0.13453681397275943
0.49847819933615184
0.46972828900472896
0.14856288130614342
0.12724667479723176
0.49949101855009487
0.14604788430279134
0.03711349619754359
0.35205106767738387
0.40303209758407077
0.49526452914694824
0.3337522181380953
0.3478173158927652
0.10974173878023669
0.49841267989996346
0.3079390338656325
0.4894630857141147
0.47808469092098127
0.10183622079920102
0.183776007953603
0.480527343151343
0.4775403197367433
0.4539034776859289
0.4732424693136745
0.39345303366532147
0.47402293831335696
0.24523471259244786
0.48340262958844477
0.492542970271509
0.11625137486188762
0.4621058853623652
0.4808808032478703
0.49994062164520164
0.48892284152070015
0.49133934525406675
0.05730524131746422
0.45118003157212133
0.4793535157937364
0.4310330073779858
0.15065574107734606
0.3247236018281316
0.3297928273922795
0.17692069837305988
0.45706541591554406
0.4556278139788538
0.41401612765216866
0.497819556677732
0.49796990124493296
0.47046273902155133
0.11647936088859503
0.3707425541850651
0.2406345579383188
0.47096363921727913
0.12943378853256954
0.28695861685740875
0.48248989849795243
0.4042277944434231
0.49832309613431525
0.47977827543076723
0.48051627849334855
0.3717740904078109
0.4518429330468072
0.17140251233246706
0.46869254962431905
0.3955056196062212
0.4735914633243813
0.4876918327016782
0.2706848695784885
0.48366741090398346
0.1300800104550165
0.49784646792209036
0.45422403849769516
0.4306801943123499
0.10854775329877848
0.23626005838056702
0.2757082167167415
0.46540621802539806
0.4883388997476715
0.42921860407042645
0.35200392387935486
0.29186710633991897
0.46858872819064024
0.48343584039840476
0.3614630552422931
0.456338771358238
0.48700658927119694
0.4711749925317506
0.3228746069899766
0.30199441475204664
0.48853396831632734
0.45953620047428756
0.4901245247148901
0.34688782687730796
0.49999571221535116
0.49853451908608504
0.4844393166898432
0.06437832237345839
0.13113463117932875
0.4103274731995861
0.3013969622071635
0.40423441619559064
0.31187425102815236
0.37972681120248003
0.3298482253199187
0.20156531181375978
0.20288527462603184
0.46956837215388314
0.4787986306249036
0.40217450704937635
0.05430293968180306
0.1620101723668086
0.27041285976999035
0.46351061536457056
0.3004971421671887
0.4936931813564502
0.48418613486275314
0.4945164910197056
0.08540999485669241
0.4548895614694137
0.499756371825211
0.49861440388803163
0.48238985426312675
0.40787148143040775
0.4782077064846273
0.041819990356444084
0.2044893052501238
0.05231646230106413
0.4880372684620418
0.49703335795594733
0.03745581609784888
0.3235635120232793
0.49849875832789226
0.49956991869340084
0.41565721692694685
0.1961746952378297
0.4440398107693289
0.11561673789541196
0.4227001933726142
0.19553345745367828
0.4049984582299481
0.3485606239508455
0.4988457288151599
0.4959910902164725
0.4576570550387154
0.27414863606936973
0.37255332721650425
0.45079592020568793
0.4959632245326797
0.1545314215590423
0.06957810832132334
0.1522117669088847
0.46874581189890074
0.4349499256884209
0.495834349340178
0.49618712123248987
0.15811159447063633
0.04005762921545139
0.37146669094521295
0.44451040137988085
0.06415538854527701
0.4996921013037985
0.38732320057532826
0.48060897317993795
0.21451163107749563
0.4950293413068239
0.48024847019384487
0.4607134069164598
0.27651974913352323
0.21157249515457327
0.4506975719930931
0.4365424902779032
0.4999481773554893
0.4993418645694734
0.3739322604587819
0.20071565701312977
0.49884151049412795
0.1982185982494066
0.49996695752165166
0.49090322781641055
0.44852010194192937
0.362188768311673
0.3086007165874477
0.3383462926390636
0.49327871844196797
0.49133665316420755
0.17691857088746843
0.46121642832185944
0.4982970443861408
0.28553056333946053
0.49692836191569834
0.4851953770653501
0.45902627514632016
0.48116026708474974
0.36013407017133564
0.48145875922518566
0.4305080607324579
0.4129929886597423
0.3950337010431551
0.4995018990100897
0.48297831125032487
0.12748679088637693
0.4721548721836075
0.19146193183760038
0.4901343496684087
0.4993791323157739
0.4004391655252818
0.4994173125195062
0.29552627082948313
0.13999008973808824
0.32892717931144716
0.23383327882604413
0.1168530429715169
0.4692545392826365
0.48498259909305885
0.3791048726924199
0.45557462914621366
0.48681851740758464
0.46282845112559523
0.4651613174127218
0.33804170525910004
0.005585148617485652
0.3306015695036908
0.15311508852337527
0.4985230575290837
0.4953534781586596
0.49493777524951055
0.4925214328740865
0.4947280634536767
0.4982279012819504
0.48598951495746506
0.4987923972344759
0.4543336417527591
0.45158354134854073
0.020161882514023937
0.4843745967220771
0.07212537895877902
0.2167927097152436
0.37315654472236315
0.2342993032798914
0.47570584708234903
0.4983335516535646
0.49700571458847587
0.16674621763326958
0.49908381886790504
0.0535530677748947
0.4922806557135469
0.04691663209003871
0.36526321268349266
0.11680611530475582
0.41724710391019626
0.49685009479562414
0.48914383688104196
0.3825145835238464
0.08369242953800532
0.4997939911224131
0.3042560442803276
0.2749627707711613
0.4836734804372578
0.4687631024152477
0.42250146407193956
0.49630548009093717
0.0015450361353927097
0.1559080800257942
0.4904546057984375
0.2732936841805027
0.013319736560544315
0.4622464194780218
0.34031215376713975
0.48744727954054773
0.09280817228259478
0.15238899047410154
0.49875568191590275
0.4309655343646882
0.4984481693108829
0.3387507126578254
0.4346171457913954
0.185959458356334
0.41706501327967826
0.22787336635328456
0.49441797187179987
0.34011025207065165
0.2667095332486223
0.17479887122266757
0.49985447544085865
0.316745194766092
0.31133303758219716
0.4867755036118859
0.3245597151594832
0.45774094248461633
0.2609556456469675
0.14499778297152824
0.4321526952686218
0.4426335594320849
0.030853358934751038
0.4979697260697291
0.2816485441138118
0.4961415590460062
0.09403147057991554
0.38466709519421705
0.08493920433784646
0.24944916939739828
0.4882129514124983
0.49889050408704017
0.2760017248168493
0.45030494612877137
0.4595327735727908
0.46626920131715455
0.4796007325650643
0.35117208862848454
0.4129080214179391
0.4998466076001201
0.15859232134639853
0.4997895493123885
0.48902529949703344
0.4995018750186242
0.48961546585740084
0.09953284191378838
0.47280779497003506
0.47371865172591565
0.11688440511981894
0.43463282946093845
0.35446944019934473
0.4875567913175433
0.43006571493003265
0.32330979835232254
0.4024546818763489
0.4982841260073734
0.10389393271872598
0.34698583671906985
0.4320127073778183
0.29036789497058313
0.25600762988420916
0.40480098284653826
0.4376773456265906
0.4691711393409924
0.2924230409168934
0.4747902691289172
0.2737932363090439
0.431897868714313
0.49910706227151347
0.4934071972491179
0.4748565210133911
0.448534009448677
0.4964208041907933
0.46601321325786205
0.07307722497104056
0.352173407095636
0.4868401760221182
0.31539613166746766
0.4602286933534226
0.49495559334969635
0.0997760598035112
0.1956370188891895
0.4622017245463883
0.27874550844414203
0.46057553608756674
0.09098105262990899
0.3895577290391983
0.4764311268193711
0.2831211149550682
0.23815487911889613
0.14923749522728513
0.26680240635138247
0.36864325762910816
0.3088446513277161
0.3757465179326371
0.47667203977667744
0.4303932062819574
0.3117524186563269
0.4227184844612776
0.13962310352582158
0.4535208150714899
0.4799305298674813
0.3487002479777723
0.46061672895732136
0.3733673180513691
0.18968899587853164
0.09872365623254285
0.3898422330013354
0.4971595090792545
0.013322341323584452
0.47632291605262683
0.28490007492556096
0.03259665583814798
0.4478099087149721
0.47536175251969665
0.4513292396733156
0.49054912213552476
0.4892039438024606
0.41024773809136167
0.4831750951921195
0.26353346836555097
0.49946019287843435
0.4968183509353559
0.4528278227296345
0.4823935839369675
0.49819008203869475
0.4370806499676578
0.2462311484119465
0.4286596181049525
0.4759101278103473
0.47452784560203776
0.2786995332973515
0.49748163513606375
0.062287972281469886
0.302405638457011
0.08398391376058681
0.3170812470472599
0.49771682953837365
0.499585781427265
0.36050238637463466
0.45529968878539373
0.38532566060611384
0.3642102224554325
0.49995325685184105
0.4556693155399503
0.37599493898699077
0.11403598904732232
0.43245492087955933
0.44114670472468764
0.4769515079409982
0.49818046249777076
0.16111743713189386
0.34321444103842674
0.2583673642708416
0.48521905375829655
0.499953220809274
0.4963030105285861
0.4761464208805086
0.4759912307977975
0.4765807873588557
0.3725036192044379
0.4412404820554358
0.4876819405197142
0.3123457001758229
0.4558993357787865
0.43908703944708144
0.2996579031620331
0.31322449215128073
0.49973815246121994
0.25909150166017003
0.46169995548178916
0.42527393281347337
0.30680249770874646
0.47729351704832945
0.479469410168171
0.4990582043701599
0.11156706477677006
0.4261232791258845
0.3159047408493921
0.4762481288153799
0.49919753943514045
0.32022741318872333
0.49902963078658075
0.16474028585942507
0.08393880976441724
0.11411644935746276
0.48277813160015043
0.2911707934693941
0.44548919412422294
0.4749493152346162
0.39623893403818633
0.4969961331685057
0.41051478457636026
0.22118671259989933
0.36778602126051957
0.4927582342838691
0.4544472920813719
0.28946325810551415
0.2562136646974635
0.42115128012718994
0.4778550413449084
0.4836347949283263
0.3494872902233307
0.43851044093197833
0.4250840870255156
0.4737720893709038
0.2637194883982226
0.4999542140870933
0.16929238233534047
0.4997345531425367
0.22015044320537563
0.49062191301020197
0.4994381700118278
0.48462490631105015
0.4921564026345822
0.47931142357743045
0.4698662937801359
0.28993107864296436
0.4952543323705086
0.2535908963280558
0.45935448362457987
0.4980841343823485
0.299851613037104
0.48142479825634327
0.34818580859748716
0.21143410004132693
0.17186607246570118
0.47057575152286296
0.40590762405472225
0.04943324284171446
0.33504834220001356
0.3545019247444473
0.41865083894311683
0.4998633561699898
0.2782368961879107
0.4887058524441115
0.3362884199907204
0.4190529639627778
0.48420002500310516
0.43739091745094916
0.4751088241883791
0.34349204145135614
0.30814917845319245
0.35505464212029914
0.4862649266827931
0.39477744208961746
0.48989033921568403
0.23776710636640397
0.49112493494473847
0.24591758010235829
0.47852064697368857
0.1620181789494196
0.45881241795303596
0.49550154852830064
0.48107768894277125
0.4273132550570018
0.49000996430053173
0.47512408053961735
0.48596354069329956
0.49739632766874176
0.3320810171862699
0.2724811058088794
0.279107403896694
0.4890171451323478
0.1906899365979683
0.46281556108794103
0.4813202555732341
0.30985347993234763
0.4495397911848177
0.4786496736039875
0.3506784339843404
0.2750425832301945
0.4936779086076775
0.38970386999537615
0.23893986095671618
0.476580177709428
0.487266829951344
0.30420667828941167
0.48094306382247454
0.47506902979940946
0.348318997503758
0.46378973780842536
0.3265389711472047
0.47950391477584664
0.48725787560441414
0.18282178552426873
0.35710192723301765
0.499988975510093
0.03108388143649723
0.48155292492339596
0.1511211833619321
0.06322735312528513
0.4938627463273915
0.4980860664914015
0.43348349462155483
0.4855842007010228
0.45909482653834827
0.1967873438916039
0.205234825654654
0.008129219757860209
0.49146492755218185
0.4659034227586077
0.22284852180625478
0.4199557677157961
0.057836269686440435
0.47769939500923536
0.49715805528211576
0.4785168349399431
0.16017576445866274
0.3425600757014973
0.1498229065348051
0.22629821308056808
0.02329397647535758
0.44061096414867373
0.4256981962999836
0.44630070730174076
0.14468811963108122
0.23762471564834364
0.21072190527169862
0.44160961484656835
0.495222720356416
0.4689143532552761
0.08440720381882266
0.47359706161610066
0.4465115013956678
0.49818089141414756
0.38594427684143984
0.2474353374058766
0.4868463428308767
0.06017123483021943
0.21915386627775432
0.42021309935206036
0.42803934905585894
0.23158954790641806
0.103828816385059
0.4995287274544025
0.3126579158885671
0.49750069380085693
0.11531641302065436
0.48688007801414784
0.35139763280043945
0.3358357055399546
0.46335053029471956
0.4652729411962888
0.2860693725978074
0.3515120691353366
0.3325350137563988
0.24132836993342374
0.4726254868434453
0.4896735365433964
0.4829772714601261
0.13104074080244899
0.4017935190535891
0.4485303959315472
0.31429956240207185
0.47933239761066415
0.26572326913489797
0.49690021965197867
0.18738052723992166
0.393474424318521
0.32669788869233135
0.15904552545819434
0.43446850342420473
0.49912170706518466
0.12995681549671106
0.44639973414942735
0.46110414772039277
0.37637956476146367
0.49878298834473983
0.2674701636133998
0.13010507336985538
0.47033181711789934
0.4993822563927492
0.164749547617517
0.3860764562467308
0.19601397664258538
0.37848620679228967
0.49944299120929236
0.3675699749903259
0.4686413308427576
0.4998872606888625
0.4870329341671831
0.49858238943585753
0.49682099009919983
0.4609359525368292
0.49989426683687294
0.47683251079621036
0.4473693929939111
0.1406374305026378
0.34421460486999744
0.37406465539650313
0.45784442634863504
0.15564618163034996
0.10827378534486913
0.498436881192833
0.12878777528677526
0.49972501256479646
0.3313475779994194
0.46323152406191853
0.11265958252863115
0.4690608003582616
0.17325607196478598
0.4973950352782116
0.4965815359424825
0.4956659041977923
0.26539567930394015
0.28440933854139533
0.17371206631921063
0.28794398401203525
0.17832559218320537
0.4889954720966171
0.36039168195577276
0.3062265787160237
0.4887973564144167
0.49983660634008537
0.44614969572951113
0.392688517191116
0.49011274386743037
0.45793093474610763
0.1464613440955594
0.49246605450250225
0.34672039648404357
0.4772339217650777
0.35500476579921064
0.3652842728671544
0.483845290128001
0.48965156877530774
0.4982523042393364
0.49403461127910714
0.24567614946126823
0.4986304620973906
0.4451190346409439
0.16729815154081806
0.49999836688689425
0.354046020934375
0.4799452398818122
0.18470965026493752
0.49743262007256206
0.3028482393206921
0.45134394305788234
0.4869931210647756
0.47805589742552307
0.42987748613066756
0.42938899740821856
0.07079264027972171
0.48091941063954907
0.4982391248134092
0.483839434909788
0.3715232282790986
0.491889339146931
0.37057902827642347
0.25479519843930976
0.48965209948449623
0.44393027753368436
0.21798714765322466
0.15939345401948027
0.058458068278893965
0.47082358030745264
0.41221537787629026
0.13630510576472699
0.47425919915125336
0.45851581088424653
0.47740371674732435
0.127914034705773
0.4925700453586277
0.4929641540261798
0.4806948227087119
0.4937849504723008
0.12208707238545467
0.11520741450510734
0.24305323242144702
0.3021435645771509
0.49496535589689755
0.49843624172093204
0.2834353384279886
0.46845230176200603
0.49923561612297984
0.41993291939414723
0.18133460259587852
0.3828514920467956
0.4122121457159083
0.2983083859459924
0.17712376821944004
0.44024908936239376
0.487266203699655
0.48975538829381116
0.47198959446203137
0.4190069316969775
0.43513679930546684
0.47106970889249533
0.4910671164636852
0.021448044411282858
0.43090819656854246
0.13689189399127621
0.020368547327024943
0.2684731228332815
0.49999145078727314
0.12927585950478954
0.12728246550210198
0.4346670346179159
0.4686273933382253
0.1101403376371639
0.1134460175484565
0.2799086763151809
0.06178901722670838
0.2890241045051381
0.47895524658292526
0.49973456564276186
0.05776620506030263
0.49592441883085653
0.49749796298979865
0.48173277899712763
0.44922724045147455
0.49090608606724206
0.33866128535224144
0.4988478372289237
0.49499745150501645
0.45782479686561317
0.4845464325744361
0.4897448786498209
0.15357288095808774
0.49126280695936514
0.32221316441285264
0.480400903903826
0.43062564337586223
0.48096659911397155
0.4995158468430636
0.4017200720865353
0.4086202211833773
0.438878311131104
0.3497855725830505
0.48037957793793173
0.33024175446343607
0.38147565321825877
0.4706082481450907
0.49925248371708586
0.4645734159875105
0.36955049055966954
0.44321330292695577
0.45228128475532353
0.2772354490351259
0.4596696285999164
0.499341062840983
0.4855540673107245
0.4136755252672011
0.4997146073286171
0.49764681664855914
0.4831064777911241
0.4277978779461489
0.488387232947546
0.3249486936267728
0.027570402526943115
0.2156128247065968
0.16003010924650868
0.45805269070004156
0.4586401022567175
0.2254903643485729
0.12705717195797941
0.30063280570375744
0.4809698055407197
0.08714640043255989
0.3834369885299215
0.3078002999774764
0.26162201215594805
0.47564739917554794
0.4826897312956801
0.1543008240541934
0.035602936445062836
0.4544324837357967
0.49903737091094474
0.18412060202791977
0.14371899835488147
0.48188778810108895
0.12083545758630787
0.09290630551113112
0.4998984072791275
0.4967106329246362
0.46417949310249523
0.3498266512449225
0.4367892750012056
0.4230014784445899
0.4509343597927528
0.1870509417779546
0.2003450200778258
0.49753710037507987
0.4953003882257529
0.4260172988838059
0.4264310534324202
0.4274804308027998
0.35546290524278956
0.330015675345739
0.4827636197156893
0.48339340955646876
0.33657784458693213
0.0457844694926217
0.17441008922185094
0.49999537041786746
0.3103718846846553
0.4955661192593011
0.30558768269038983
0.39286088864934066
0.4944768495841388
0.4522213259356915
0.36301477187453257
0.4838452336623635
0.08651150824552183
0.2041999969544115
0.4838741263722785
0.49346337662583817
0.13011175671820013
0.4548339199956268
0.20432192862382298
0.1767152962392446
0.39991519276304666
0.15984643762675335
0.3434048361939414
0.49982144327669953
0.19473601313882516
0.21973508598571173
0.4795471819697267
0.4936618098934741
0.499969924691566
0.4859407785946324
0.49804427395966255
0.3161172539751986
0.4836179806287875
0.0518577709911709
0.3545979559188261
0.49931483209957517
0.4809417844578921
0.48431277570386005
0.34028650109417036
0.49611464408594985
0.4996015593328524
0.34707502656820366
0.4150540907920985
0.4777356307433727
0.49940598194881614
0.03256548608158397
0.3356928868322765
0.4999993310921346
0.28820518347693674
0.48142415206789335
0.4971088759389528
0.4922291719386567
0.22615782048542524
0.4238615632607687
0.3136697505010284
0.4175089927840319
0.47166662680924853
0.4818222756126179
0.3422603546703361
0.2909113568690042
0.47943887530629326
0.48633207035120973
0.2093212738448495
0.4616696694312401
0.4939009469252048
0.2968128915327297
0.1891078470904643
0.46194350916275184
0.3820675031660472
0.07197555607141787
0.4206652976181913
0.2900834266155941
0.24951787891126131
0.4876552359235883
0.49909209528930504
0.28985404620358274
0.3242672745033245
0.11339362044098729
0.39584603345740843
0.08314093209880255
0.24216881011955682
0.1359095725843924
0.4753109777261768
0.48623644410193934
0.46938169911586397
0.34340809695533203
0.49998957414034967
0.2296045309393882
0.4904298267705716
0.25987411465948224
0.39582238085267074
0.381919499364903
0.3206512868340968
0.43258604935303274
0.17107300562830433
0.4902888304146272
0.49862118811591777
0.462394572363181
0.4381598113487144
0.4996350426324618
0.49997142769919833
0.2867957825832824
0.3471716096980724
0.17894059983717525
0.49985440048759355
0.17080505935169157
0.2839523212513356
0.11652297416070219
0.14611269999359233
0.13460755223091522
0.07617040514027784
0.49449511635328425
0.4866206643599605
0.1546973612607828
0.44938520341078625
0.12877834456643725
0.4999512086491241
0.42328384556491067
0.47760680164964975
0.06593010289513289
0.4731215041331862
0.15807227390107123
0.49778187506799754
0.4990007199478944
0.10814525414850747
0.13704686647404218
0.4966152528884235
0.45717894163533546
0.17514890587367027
0.495866084003351
0.46228977537540333
0.33471775750301896
0.49695681951130277
0.46245706310199614
0.1615586192949357
0.48747420798409324
0.48063980079243945
0.32327206908323686
0.4751173616031303
0.4813008467419043
0.48237313329357595
0.3983153177714477
0.45000632035294924
0.2903198833350374
0.04512649262677762
0.09416823566554122
0.3346177793680527
0.4964294290620955
0.2902736233225591
0.4570328854223495
0.36564216986975406
0.3397111429575381
0.47991112639655725
0.32434683869899167
0.43029095078594326
0.4702683755340533
0.20043900612547114
0.3634731558087812
0.1745728372083513
0.4861141246844222
0.22407075157138184
0.47176203566447034
0.09976383574609081
0.4826241632794358
0.4636750134782245
0.25712224540762596
0.49347031101372607
0.4486492816330219
0.4314310822667253
0.49860454921112557
0.46953084292821234
0.3029396769127784
0.4110470843922419
0.43154798518456167
0.49497992066075064
0.48612022248551834
0.48793085585053336
0.4597018038522907
0.4922310617331732
0.47684508973531103
0.4439118796695309
0.40134159152943166
0.4596967744419897
0.14624917644262003
0.4546126804785643
0.3457220669895022
0.39434052978528394
0.2490490091935314
0.4995933468393188
0.36754911878100016
0.4721978488169268
0.23206313835102435
0.4432563268739005
0.4751883240675446
0.47908694341606456
0.3030424624186768
0.4495055244105992
0.13827816984842278
0.43601789571572663
0.4654988493011895
0.4993838467157402
0.3109761509302313
0.41101733898032006
0.48338239372959846
0.08385391815459134
0.10635023849961484
0.4995006326949022
0.49790005414354743
0.49797510010319945
0.49945155858918255
0.4423208356483505
0.25711220006763363
0.13827674594170097
0.4956033788671906
0.4895934114908739
0.21946487379486257
0.15240729189705224
0.45342867714075297
0.2516664343227618
0.06877038829227221
0.4809784559314303
0.49971265673182846
0.4978850864694597
0.1645048068064788
0.227541823863679
0.494063599875017
0.4955630510138775
0.3917416683447828
0.19982517820732135
0.09711725802397818
0.4972672180613546
0.4959674554638354
0.13805559928414965
0.3324632572962644
0.4999761121627396
0.461084322205154
0.23481011555076078
0.15978679041025276
0.47138663637219996
0.33995937002289217
0.42888529667318653
0.46900202149021997
0.48916192451804297
0.26893997616858595
0.4994900026630088
0.49041520789748955
0.48065891099536345
0.3587734474670685
0.14500979525381325
0.14387554151989704
0.47064512245990464
0.48937745781325315
0.4967512795794101
0.4969549632906251
0.3237453997125393
0.32710439398344254
0.17696118934531588
0.43430310998588495
0.47387172480235235
0.3289765631053217
0.49909625217561165
0.1835289133787406
0.46699472807725984
0.14557068330179454
0.498265396368133
0.4407792529194691
0.4581334483547676
0.14214183395786192
0.36691987111793356
0.4698693301172121
0.47858825659066445
0.4308631250383751
0.22074353989679663
0.47401476171535534
0.3666885179299009
0.1993846404768663
0.39636997692667675
0.48627470825546687
0.472788671515949
0.4787136281420252
0.48740191718665404
0.1432953665201607
0.15533852250683153
0.4886369743237638
0.49986082643218244
0.3550950807365437
0.47337144903326495
0.18881747349891426
0.028013080491739388
0.4590054414769505
0.4779540858634769
0.23920931265792375
0.4846241452913483
0.484143682433367
0.4626792699419159
0.49992618703618025
0.08532634119385793
0.4974886630832144
0.2608334285937832
0.49660618377156496
0.4650564462605385
0.34461210816283966
0.3692746926140887
0.46310307307583026
0.43925496383689033
0.26209262913832465
0.4999812591829055
0.12635590092229365
0.4602498021967227
0.0944669953883732
0.24367588291430844
0.49897518816443387
0.26472061303747024
0.24456082223946676
0.21006037266155908
0.2696675074113994
0.45017953239353886
0.49920974326794804
0.22153331879372504
0.476097452192465
0.466809720270969
0.48722175920347727
0.40179718670910064
0.48939193053920627
0.4617741558949164
0.403087823618417
0.48206295133319627
0.3448668108681912
0.14445167409645251
0.4781951217387072
0.43985211121885054
0.20498719465181747
0.08854719329422393
0.48317490532256246
0.3379189557496536
0.4998190564467098
0.44321988414749347
0.44604158325016413
0.10327717120253396
0.4756064693681
0.3341970711466966
0.19084342630663848
0.15237132862820613
0.48777504317028075
0.22658577668285074
0.1423887860087791
0.4994467739056864
0.06375820632037217
0.12079439888111915
0.49835792987464184
0.4283217063025347
0.497026315902994
0.4833448497707289
0.3341285537849572
0.4979544581277655
0.08224048680342574
0.3483519778247534
0.16543467405940365
0.32637477809874527
0.25840987172469176
0.12683692294109306
0.34117362621610914
0.13560640483058362
0.2753475089771554
0.4410236670402316
0.40439214463560713
0.40558126789157317
0.23909574712723625
0.45330164853841093
0.49458900400336386
0.3240371671512414
0.49537413994934054
0.4965613168791879
0.47917759417806527
0.49950631039505233
0.47307778524023786
0.4411653133238394
0.19771886019615934
0.4705713147269572
0.4585914042542904
0.4963504604082662
0.4978137537117842
0.338802779377616
0.10607459461278529
0.49439200613648115
0.4790697024047018
0.4823507314108568
0.4999410679169418
0.1509294055704274
0.4696408341674448
0.41544211908465406
0.49947645432983795
0.3481164311841102
0.4745777919623166
0.3141306786332915
0.12196398657558086
0.4929969687688904
0.48869155531343555
0.4378597693013305
0.47199486048073075
0.4999284286041627
0.49996403593584426
0.30313428276579546
0.0654364586770607
0.4841020409056313
0.1850223865408303
0.49288070649093046
0.19539296783416188
0.09256765233313068
0.13974921880932983
0.46661731374183396
0.07364436258545298
0.4880030012638192
0.15182442934826265
0.40189787781786185
0.3748645635228432
0.4999898031065879
0.4601703504265188
0.4754993074552901
0.37263106998844686
0.3154413588222953
0.15270144578083308
0.23154923166918376
0.49077411928709613
0.4535262525783418
0.19699765621508097
0.45904870945917814
0.48136563134812393
0.40115767868929497
0.3633323167836372
0.11862513770096482
0.4802673546211441
0.4018548314236431
0.43487370847930745
0.48338907897027716
0.1148571965958528
0.4923472879032602
0.499441160707668
0.46482179908498406
0.4688927618431373
0.4807588308392282
0.38150750225376806
0.49824810447722345
0.4710594677188613
0.3722290127902843
0.047303584379244035
0.22929346674622844
0.49715659264106926
0.2964198649754505
0.49747777219719647
0.4545252319549435
0.18744156207524096
0.13567028961922048
0.32820760597869914
0.44829307335147855
0.4522618897371133
0.18244866112516522
0.3405754046566279
0.4278189707726621
0.4867287475336719
0.07437272713635111
0.43845727127190715
0.4976934165630366
0.2915542365970339
0.4930260878650423
0.4990852360868057
0.4787575334027716
0.47952578819273495
0.37402151879127726
0.14019005781294044
0.4864919328087692
0.12507267977398792
0.4600844345513341
0.19708553597764805
0.4788727678095215
0.1628302725647066
0.32504813748344247
0.19457713661974677
0.4982293605629151
0.2098011858183091
0.4994637210018218
0.47452236730657443
0.4372362170116781
0.4998106747703457
0.4841074158243974
0.2462460923357639
0.49073041042199167
0.25386891267914835
0.2964024633357534
0.3528762082983908
0.24622888908185583
0.46895818316476656
0.4062368045575772
0.3907718260890515
0.36759478774258825
0.36389484910812725
0.4986043008559763
0.4937153321715962
0.49960929649840924
0.4922299571546338
0.40467917699584777
0.45622486153804986
0.33181062292014557
0.09777564129915012
0.4988105160025102
0.23530914139020973
0.2135892281729622
0.48832514292790585
0.49969442405050374
0.4832624378011454
0.37844198772873894
0.21989842736161033
0.4822750332316733
0.4006299212529888
0.10290578825511248
0.3600257012339507
0.32464214440644945
0.4441202029601352
0.4364140396120889
0.4999673257195296
0.3921912376768887
0.45860036449293134
0.4981608699132704
0.1892824918400915
0.46022291102434837
0.4967943928834713
0.48957131346371713
0.4906586933540746
0.49147546927675917
0.4595283663984523
0.26354141770337774
0.49255020361593954
0.45563068813114427
0.49980457564352154
0.3570500344417708
0.4994855790792513
0.3526484398026525
0.4763461608106741
0.4210863516682767
0.11248559179676243
0.4917236618648466
0.36692621853399293
0.33093026599636255
0.4563447915562065
0.48923860333875624
0.49868937071579783
0.3320224581532664
0.4470006100791453
0.1656257351043812
0.44166851161954007
0.35751947703781434
0.49804091466460687
0.32018928876601
0.19322249296060318
0.3788206528934909
0.47303035922200026
0.4956760255057521
0.3317289727287114
0.4932625351349513
0.4229574264468771
0.27818106315419133
0.49058166216342175
0.49228715933079265
0.20036103800306473
0.48560041017787603
0.10357434930006269
0.46240013334193036
0.3786983861153723
0.3995201070983801
0.4999908959374965
0.4896455718398479
0.2964541808784911
0.49869819374836316
0.13788647560064915
0.4977773096392427
0.4614570903405633
0.45591424372220235
0.12088103208793625
0.008071674141225334
0.4206532049075923
0.12887928975006904
0.22143580776544602
0.49429886918809407
0.40444341485543894
0.19853774479421593
0.11706432635531555
0.44722316301047127
0.11134641453163237
0.4892623394907611
0.03980924974758795
0.4535670885268991
0.43987872316077153
0.48098240225520655
0.09637343515467266
0.4725731144558688
0.4974039506830891
0.46251007381656084
0.48345282974394105
0.494104124575635
0.2930203602074416
0.42351383985706725
0.30452803294376085
0.4959500745029288
0.10384225728100048
0.36291489996582466
0.43934456942554634
0.49281220581403695
0.33424697775004786
0.45921230748243896
0.1749245236780368
0.33458903259017064
0.4619561338980531
0.41471109560872443
0.49517316891394214
0.10464233628428277
0.4948806881479326
0.4976611344839125
0.1758759965760409
0.493406041960299
0.4349593715491131
0.4719396045716139
0.46929828612530305
0.1488503841175889
0.3237806655092834
0.11121014168343656
0.41041009326163896
0.2864001736014368
0.4500446380480588
0.1326929908140732
0.25413154340371397
0.48335751091889084
0.26121447520727564
0.31904840363905373
0.49835351180041526
0.19931284210669128
0.17320102342716745
0.43921879018034904
0.3766117351728417
0.46579165388137383
0.22964310098260785
0.17927946581662105
0.4699690686494738
0.3346387379780955
0.1593047491773957
0.34675512878868175
0.13474362880072932
0.3268645159641938
0.28999241738535436
0.4783706885311755
0.4683283468906569
0.4968262928947724
0.31480761524858253
0.17455369184964944
0.038828589970254006
0.477893684341675
0.4797650478707898
0.49938162184479384
0.3866572723025095
0.4526327746449729
0.13100572620031262
0.15697304495010433
0.49396071523775564
0.49458238032837726
0.2736073202337046
0.49731234001779445
0.3826051978160948
0.49998297686310234
0.32667646474855644
0.08338927654300396
0.476234043943251
0.4757501247837704
0.46114753223979804
0.4934748106769365
0.19393954269952723
0.492048709133079
0.4556209495863648
0.4743740057612875
0.4965135988073974
0.45486228945947266
0.48370242441946215
0.38589604460199056
0.4971580296542693
0.49883364940377256
0.48914095117294554
0.4928181922850499
0.43095622760759456
0.19825491561110986
0.49813330640929926
0.3272689874157267
0.3288584063290026
0.14386433034174803
0.2004744432570576
0.4993419898221308
0.4999998854716202
0.4594761263829553
0.46911559490991617
0.4923115450286269
0.11195221674839312
0.20380096140169696
0.14690490869139683
0.3574278335428166
0.46032389403127144
0.13713773781320246
0.10402542397643814
0.12342585855590038
0.41348052196678736
0.3035899485433125
0.4649918635710885
0.4944855845767537
0.4237895375975352
0.4644728012238832
0.4999779876363033
0.4553861799650386
0.4999999886845022
0.29630480873376347
0.45030322161232106
0.4775789536827018
0.48045036329823787
0.43909830145754664
0.45840945123818577
0.43406690964909445
0.4948904224066702
0.4586525466345282
0.35532050313191316
0.17675934740558538
0.3522238044874523
0.49703814214367065
0.22483825809605648
0.48222260021934243
0.47908926521166023
0.4699795206960666
0.11239081013906534
0.4007670186948221
0.36223202286315
0.3967532664968441
0.46315106289408986
0.4959908439444357
0.2138179090061681
0.343678405791192
0.38215630047289756
0.4996590291658179
0.48723408332150797
0.2761981149062009
0.4269962765864507
0.43198350816295966
0.36488918889753874
0.293621392919464
0.2911218210755748
0.49862409275993613
0.46245435725202066
0.36532791596664926
0.4999954566547421
0.23244630893185772
0.45036314574051367
0.23851451021230385
0.2966427055806476
0.16935549384907092
0.47937488902220077
0.48270747170418027
0.29060259354145257
0.17732117592940222
0.27537982136082917
0.49699405181297907
0.0458161189707236
0.4927357287730206
0.4930008129414799
0.4771185001074342
0.3181703159627204
0.3787822184177075
0.4968500682568186
0.3036387884288288
0.45368183140457785
0.48330319114176157
0.15519487817594207
0.46379701441985355
0.43290249273072506
0.423801614357853
0.483931984067499
0.25576409301805036
0.4876385892518398
0.359020129394023
0.49893389945768585
0.4688020362228564
0.32404213221966555
0.4891632127606515
0.20006707885004113
0.3067475231012285
0.13796762378607824
0.09968254289822212
0.46356898859944334
0.2701505645258661
0.4599299377149507
0.4874045063179923
0.2824382925300293
0.2785181959411785
0.49445574477839155
0.3865987119607558
0.11810659929089123
0.48631025401094113
0.442986191826811
0.48452061449044714
0.09527874204342
0.4283035957772632
0.4979215856020487
0.11253632939502287
0.440067394937892
0.09161829512832863
0.45725034906757955
0.49970064337106596
0.4455776478391911
0.19681464106719804
0.41305603527592677
0.4468453619475423
0.04739258575047826
0.34321950826275066
0.4860381317876571
0.17028677826933902
0.49453824922941697
0.09133895277547761
0.1449648558654289
0.3013115987593125
0.46344658200661626
0.22193986790216136
0.4999650995798454
0.2378701840059571
0.16903611916376468
0.13415639815365218
0.35236557164460736
0.29700397700014425
0.4816601996483142
0.4980015246861479
0.4987637915349514
0.49366392418579064
0.23557784159624515
0.4232944077288818
0.4757750991545537
0.4568329197434513
0.42982582881256715
0.4991128769434357
0.48710720887493386
0.4995998131467751
0.20306624437053739
0.3392870633714926
0.35448950824344855
0.147514093054625
0.1080699875716019
0.4868006481038096
0.4994288911595379
0.1880449383917227
0.47756922290684733
0.4425517374853293
0.46354556160424437
0.37857884546368153
0.11595100320561877
0.11750226996276923
0.49949734888347014
0.07203653654472397
0.4363073864533332
0.49755324817107793
0.2398060144068702
0.251488089394346
0.4586969703339063
0.30912826329015014
0.4511425581180333
0.056221847139614
0.49921506255147474
0.4282119210570253
0.48718610181767097
0.1028069645273027
0.4841117488606254
0.246691994334011
0.0421164060845023
0.3110305257613956
0.49753078364696485
0.4199871553703935
0.4642492985168938
0.27482286747367346
0.45844951936905753
0.47130099314466767
0.49545823403135586
0.47340401070418725
0.4402652576303798
0.3460679422667479
0.3197449958078976
0.4953568512667492
0.4259825166980905
0.49333938602210925
0.49888472609369783
0.1870146302248494
0.47893380592585494
0.44024600676554837
0.44453472303129055
0.43012929245865156
0.28263327061328497
0.4991450296888968
0.2916823765654629
0.14481243840684863
0.4879779413536987
0.48775811566000177
0.45547967493409713
0.29734949858550236
0.412317423802107
0.471298727162109
0.39030616276681723
0.21770060445452458
0.45178515140675113
0.028734540720582867
0.09816674629068
0.03506350364428599
0.4921414266513637
0.47894582976850597
0.48514759719530715
0.4049414058718666
0.45002720607753705
0.44803552410726244
0.4907233785414986
0.049577865785944246
0.3200265012589268
0.3881999857638946
0.26598486574071545
0.499778059033489
0.49497076190760625
0.3526143357657775
0.0927018937673596
0.07777359314254767
0.24918639312954677
0.34827736246046864
0.4813388586613513
0.16466044493220766
0.4860821677981756
0.48951374765940153
0.2849437915693149
0.4606194957607696
0.11982090380495365
0.3887793811541494
0.292214730870317
0.43860466154619704
0.484995857614761
0.49965514082075485
0.49451857375088604
0.0903745280268119
0.2773605392115335
0.49867660862235774
0.4802343788384746
0.3385572959864451
0.11897359461839789
0.4969094538465096
0.13175010307269744
0.4894783289991329
0.2584972871461085
0.32889261562791455
0.06600785802215567
0.4959269742413121
0.2747411654091953
0.36035131952134547
0.4080041174835791
0.437000507002787
0.45444554514436447
0.1626295254875565
0.11054844119080137
0.09987477682141745
0.49989187335528373
0.11800998851184441
0.05357021246344602
0.3647049925591127
0.46491269069836505
0.4821166033886111
0.3556122398225381
0.4983518194781026
0.3304646005658877
0.4277707843172261
0.31941138795687807
0.08682039577709967
0.49747538826025933
0.4748795088419953
0.17771678764540472
0.4739154926864072
0.4694887740652447
0.4317172374923765
0.3755820155690566
0.4823701597385041
0.38760812864879957
0.45794386224042216
0.4981931136815852
0.3194285620111
0.4488559506095035
0.4981112294057649
0.46269691275722136
0.4998661104088435
0.4695330854146144
0.44650972018221047
0.4995399813547497
