0.14374631756944445	0.8562536824305556
0.6856017661564486	0.3143982338435513
0.010486953446961156	0.9895130465530388
0.52679398508069	0.4732060149193101
0.5475514316399497	0.4524485683600504
0.19798411724579723	0.8020158827542028
0.0013890151551111396	0.9986109848448889
0.13488226263046976	0.8651177373695302
0.004672533914294119	0.9953274660857059
0.6421517341374656	0.3578482658625343
0.5380469072592649	0.4619530927407351
0.15113411128025134	0.8488658887197487
0.13140157456138657	0.8685984254386134
0.021457029713101705	0.9785429702868983
0.4529064429346663	0.5470935570653337
0.019291792974194033	0.980708207025806
0.09953451859009199	0.900465481409908
0.5886476705845654	0.4113523294154347
0.5169570758367474	0.4830429241632526
0.42781599723418995	0.57218400276581
0.46086760526970016	0.5391323947302998
0.6404705604760899	0.3595294395239101
0.01750942415936063	0.9824905758406394
0.3989958522847561	0.6010041477152439
0.11924434759208791	0.8807556524079121
0.00485066332233397	0.995149336677666
0.03143399568724403	0.968566004312756
0.10464467540431499	0.895355324595685
0.7326084381101092	0.2673915618898908
0.03801761024141448	0.9619823897585855
0.1294198732502423	0.8705801267497577
0.028658723613239623	0.9713412763867604
0.7298412325121586	0.27015876748784146
0.07478723885801841	0.9252127611419816
0.1880755350842711	0.8119244649157289
0.3971295988873833	0.6028704011126167
0.03025068960710553	0.9697493103928945
0.6466435054524913	0.35335649454750867
0.12538793041230856	0.8746120695876914
0.29722805409470854	0.7027719459052915
0.7271152449188023	0.27288475508119764
0.09222367213241034	0.9077763278675897
0.43736094807459835	0.5626390519254016
0.3222883180134768	0.6777116819865232
0.6999733142083655	0.30002668579163444
0.6157328411150365	0.3842671588849636
0.6911542454030071	0.308845754596993
0.03197632425973973	0.9680236757402603
0.26553255176853674	0.7344674482314633
0.07812374784159326	0.9218762521584067
0.05695363406022025	0.9430463659397798
0.008351578225592737	0.9916484217744073
0.5282107319046645	0.47178926809533545
0.13958494991163595	0.860415050088364
0.026019692278284823	0.9739803077217152
0.5192992551970783	0.48070074480292174
0.08095218374665125	0.9190478162533487
0.07649553575534462	0.9235044642446554
0.21986763267187026	0.7801323673281297
0.5249483848008154	0.47505161519918465
0.6295438065163721	0.37045619348362796
0.5248870579589642	0.4751129420410359
0.018752064275762592	0.9812479357242374
0.413494652738445	0.586505347261555
0.20165824496215956	0.7983417550378404
0.15684884107772967	0.8431511589222703
0.5716312374292745	0.4283687625707256
0.15607511729159929	0.8439248827084007
0.04677850888482582	0.9532214911151742
0.15408968152119906	0.8459103184788009
0.4635104254222552	0.5364895745777448
0.7010778965106932	0.29892210348930687
0.02862171785788914	0.9713782821421109
0.0674117049281947	0.9325882950718053
0.05713294474238606	0.9428670552576139
0.1945864670843147	0.8054135329156853
0.5880648828928028	0.41193511710719727
0.6362834133558133	0.36371658664418666
0.012679588946696074	0.9873204110533039
0.5453161987677662	0.4546838012322338
0.44499964569583583	0.5550003543041642
0.42485175189366986	0.5751482481063301
0.11061359302934659	0.8893864069706534
0.17535956017788135	0.8246404398221187
0.2300032070432413	0.7699967929567587
0.6566488681719151	0.3433511318280848
0.6050854981986291	0.39491450180137083
0.30834656478666234	0.6916534352133377
0.227923785290422	0.772076214709578
0.11108108691728202	0.888918913082718
0.06557749605296448	0.9344225039470355
0.11247232052276201	0.887527679477238
0.3754402878848849	0.6245597121151151
0.003563090252520107	0.9964369097474799
0.5040026246753626	0.49599737532463745
0.4868359899929342	0.5131640100070658
0.5833659032510543	0.41663409674894564
0.11829132799282005	0.88170867200718
0.4235292638481729	0.5764707361518271
0.682880102604347	0.3171198973956531
0.6768456502379632	0.3231543497620368
0.11988093118337051	0.8801190688166295
0.1640980050358588	0.8359019949641412
0.7839589581380333	0.21604104186196674
0.026316304999273843	0.9736836950007262
0.5880197914884193	0.41198020851158074
0.3415525117737618	0.6584474882262382
0.001932145754720449	0.9980678542452796
0.010188828843362363	0.9898111711566376
0.5886195392948697	0.4113804607051304
0.06236310167604231	0.9376368983239577
0.19871368053884664	0.8012863194611534
0.36725437042267106	0.6327456295773289
0.012803553310890559	0.9871964466891094
0.39120937208541384	0.6087906279145862
0.020981326490666974	0.979018673509333
0.14462869051793026	0.8553713094820697
0.6478880924972188	0.35211190750278115
0.6359750764780976	0.36402492352190235
0.7258957789916181	0.2741042210083819
0.7081840901850487	0.29181590981495126
0.06425251705288626	0.9357474829471137
0.7627886843211126	0.23721131567888745
0.09470249139883002	0.90529750860117
0.12136516963515909	0.8786348303648409
0.4875502066927102	0.5124497933072898
7.973622718425721E-4	0.9992026377281574
0.27991331759657656	0.7200866824034234
0.03500281520940518	0.9649971847905948
0.6885620303150284	0.31143796968497167
0.10984681735015733	0.8901531826498427
0.019573375508102564	0.9804266244918974
0.1153383413853536	0.8846616586146464
0.10979432243806786	0.8902056775619321
0.7046356555929723	0.2953643444070278
0.21708416666460095	0.782915833335399
0.43262472294169074	0.5673752770583093
0.12834542148649064	0.8716545785135094
0.16451326437795577	0.8354867356220442
0.1092599823863648	0.8907400176136352
0.38595820503929235	0.6140417949607077
0.09300143396755589	0.9069985660324441
0.17492105552561032	0.8250789444743897
0.762385183873004	0.237614816126996
0.027623605528762862	0.9723763944712371
0.140657624822211	0.859342375177789
0.010982517585392704	0.9890174824146073
0.36246564053535935	0.6375343594646407
0.46129116268458614	0.5387088373154139
0.7174531058688396	0.28254689413116035
0.16624038475374003	0.83375961524626
0.6893114703684622	0.31068852963153787
0.5446431404732803	0.4553568595267196
0.028450718248826612	0.9715492817511734
0.6035976634265996	0.39640233657340046
0.35757186440943	0.64242813559057
0.4481858404587994	0.5518141595412006
0.09699941601568829	0.9030005839843117
0.2503627096852036	0.7496372903147964
0.3143138781322169	0.6856861218677831
0.04800946605563272	0.9519905339443673
9.353366798494633E-4	0.9990646633201505
0.7443377836668847	0.2556622163331153
0.010346531010575144	0.9896534689894249
0.5479746763461604	0.4520253236538397
0.14341525592667426	0.8565847440733257
0.6635375453252839	0.3364624546747161
0.5099237494599802	0.49007625054001985
0.5555567631323346	0.44444323686766546
0.5949248721914848	0.40507512780851523
0.39671165095356165	0.6032883490464384
0.24562492934356672	0.7543750706564333
0.30090701861636704	0.699092981383633
0.01954982883096157	0.9804501711690384
0.042443741908877675	0.9575562580911223
5.045203350743099E-4	0.9994954796649257
0.18869102689321415	0.8113089731067858
0.32920611475656647	0.6707938852434335
0.017225422288001835	0.9827745777119982
0.009989106993166907	0.9900108930068331
0.0538038781160165	0.9461961218839835
0.23801844346968626	0.7619815565303137
0.6033377143685834	0.39666228563141664
0.1441230871818162	0.8558769128181838
0.08362192415139247	0.9163780758486075
0.42866286393263964	0.5713371360673604
0.5039621569905779	0.49603784300942205
0.7095121874414354	0.29048781255856465
0.10325020983700084	0.8967497901629992
0.2882607829136078	0.7117392170863922
0.2519864114608744	0.7480135885391256
0.6832556886676051	0.31674431133239495
0.44928403868028177	0.5507159613197182
0.11666184057137141	0.8833381594286286
0.26332400388814803	0.736675996111852
0.32579272895030253	0.6742072710496975
0.11259153696036484	0.8874084630396352
0.4852954293252787	0.5147045706747213
0.2706990016736731	0.7293009983263269
0.015063644732875359	0.9849363552671246
0.1600355468247764	0.8399644531752236
0.08858987825270559	0.9114101217472944
0.0305485415405764	0.9694514584594236
0.2983851068755041	0.7016148931244959
0.19383539911098846	0.8061646008890115
0.4872147364775923	0.5127852635224077
0.5359626058870461	0.4640373941129539
0.09382824816165614	0.9061717518383439
0.6326852224673087	0.3673147775326913
0.379320778109387	0.620679221890613
0.17619072571951833	0.8238092742804817
0.3027626796828051	0.6972373203171949
0.6987974897230669	0.3012025102769332
0.15242902591723184	0.8475709740827682
0.501733589132126	0.4982664108678741
0.6987408341064878	0.30125916589351215
0.35233026192296757	0.6476697380770324
0.39122161594771065	0.6087783840522893
0.3881576175418484	0.6118423824581516
0.4527890192202856	0.5472109807797144
0.4922191422416613	0.5077808577583387
0.0011270310189690491	0.998872968981031
0.036204433444937956	0.963795566555062
0.43572869241922807	0.5642713075807719
0.2886152918771485	0.7113847081228515
0.020684906058350383	0.9793150939416496
0.34244116199939767	0.6575588380006023
0.4071402483224238	0.5928597516775762
0.4171397320273147	0.5828602679726853
0.4583594879683711	0.5416405120316289
0.4081631332609945	0.5918368667390055
0.3869962746425337	0.6130037253574663
0.013549772065377663	0.9864502279346223
0.484740108119905	0.515259891880095
0.05038928706989465	0.9496107129301053
0.6044423455686718	0.3955576544313281
0.2893017284092585	0.7106982715907415
0.09867163096552556	0.9013283690344744
0.6154636095709316	0.38453639042906834
0.3911263062066217	0.6088736937933783
0.014716675368222965	0.985283324631777
0.11563846317004955	0.8843615368299504
0.6043501501917139	0.39564984980828605
0.07815050197345985	0.9218494980265401
0.21709600780216065	0.7829039921978393
0.10279850217873898	0.897201497821261
0.22245161075955555	0.7775483892404444
0.21042204460913716	0.7895779553908628
0.12766989391833827	0.8723301060816617
0.04864290414951944	0.9513570958504806
0.5430840521644644	0.45691594783553563
0.49043767767207647	0.5095623223279235
0.44444481433716254	0.5555551856628375
0.3231377199306077	0.6768622800693923
0.037388167815942897	0.9626118321840571
0.12496279047718017	0.8750372095228198
0.6978531613609711	0.30214683863902897
0.3996910617460383	0.6003089382539617
0.5763093780025659	0.42369062199743407
0.34402099182580903	0.655979008174191
0.033126957092822096	0.9668730429071779
0.1651684850596964	0.8348315149403036
0.3246323216652953	0.6753676783347047
0.4898330439199755	0.5101669560800245
0.1913073121209331	0.8086926878790669
7.441475672284037E-4	0.9992558524327716
0.5190945948416448	0.48090540515835517
0.14960862553797205	0.850391374462028
0.6608217181375207	0.3391782818624793
0.3868336463829585	0.6131663536170415
0.2985206973128929	0.7014793026871071
0.6790518787495263	0.32094812125047373
0.13192690922949657	0.8680730907705034
0.4228642967312568	0.5771357032687432
0.15759390128703799	0.842406098712962
0.5808624281165631	0.41913757188343687
0.4418201433969392	0.5581798566030608
0.5528360713697085	0.4471639286302916
0.2832862733086914	0.7167137266913086
0.520113471888102	0.47988652811189797
0.06165777697907804	0.938342223020922
0.04395311202188923	0.9560468879781108
0.539503972499245	0.4604960275007551
0.4081676904595326	0.5918323095404674
0.44918100472620115	0.5508189952737989
0.5469260991766591	0.4530739008233409
0.023790631472810575	0.9762093685271894
0.01017100493226164	0.9898289950677384
0.07017862343042469	0.9298213765695753
0.025276457177309197	0.9747235428226908
0.16546918286354373	0.8345308171364563
0.21056115953349397	0.789438840466506
0.19542753866480334	0.8045724613351967
0.05846047598709392	0.9415395240129061
0.22160680852167103	0.778393191478329
7.394585185136471E-4	0.9992605414814864
0.43138610927079	0.56861389072921
0.1877176097648503	0.8122823902351497
0.17993759564583478	0.8200624043541652
0.1985109493049152	0.8014890506950848
0.010731566202895726	0.9892684337971043
0.4025358886463003	0.5974641113536997
0.04849073856107533	0.9515092614389247
0.41753629817017957	0.5824637018298204
0.13219977342523437	0.8678002265747656
0.029831061708423978	0.970168938291576
0.5770169558689215	0.4229830441310784
0.39494758764121474	0.6050524123587853
0.5402083601509062	0.4597916398490937
0.3690539803260814	0.6309460196739186
0.320413724617451	0.679586275382549
0.5970595355961195	0.4029404644038806
0.5031562709239024	0.4968437290760976
0.2416851666301334	0.7583148333698666
0.6987911396246897	0.3012088603753102
0.18247170875945584	0.8175282912405442
0.07106007195248554	0.9289399280475145
0.09221208220007093	0.9077879177999291
0.2727201214555768	0.7272798785444232
0.5226890513748905	0.4773109486251094
0.587114935921518	0.4128850640784821
0.48278114148359674	0.5172188585164033
0.1372658137899344	0.8627341862100656
0.11363872403148534	0.8863612759685147
0.19266648080192927	0.8073335191980707
0.4001003792625648	0.5998996207374352
0.004363182255254117	0.9956368177447459
0.08156491089607532	0.9184350891039247
0.5160731265718934	0.48392687342810664
0.14180025613188585	0.8581997438681142
0.6288496796547574	0.3711503203452426
0.5599664561661792	0.4400335438338208
0.6899594482619908	0.3100405517380092
0.08577281498772993	0.9142271850122701
0.15212710920157313	0.8478728907984269
0.027302095654807568	0.9726979043451924
0.22319724104975636	0.7768027589502436
0.6115777189464111	0.38842228105358884
0.38624343459376076	0.6137565654062392
0.3674006232814927	0.6325993767185073
0.10453708792631877	0.8954629120736812
0.09080084224131657	0.9091991577586834
0.6366364895105094	0.3633635104894905
0.5159215852364785	0.4840784147635216
0.08999599699726102	0.910004003002739
0.47538747430659967	0.5246125256934003
0.04810012932538066	0.9518998706746193
0.0010754194051284527	0.9989245805948715
0.12326170813254012	0.8767382918674599
0.09970661013785453	0.9002933898621455
0.37945718277035345	0.6205428172296465
0.5812064993457211	0.4187935006542789
0.15026556792712742	0.8497344320728726
0.09940907970070434	0.9005909202992957
0.22571245563938214	0.7742875443606179
0.4918755136004296	0.5081244863995704
0.24153765982834674	0.7584623401716533
0.5995352322666088	0.40046476773339124
0.16646951298774992	0.8335304870122501
0.6390156749801376	0.36098432501986244
0.14664950618329253	0.8533504938167075
0.5218591289180811	0.47814087108191894
0.49911073402144657	0.5008892659785534
0.35286956926041846	0.6471304307395815
0.02528393771866011	0.9747160622813399
0.004441070976499151	0.9955589290235008
0.40416972853801547	0.5958302714619845
0.08759401926450705	0.912405980735493
0.3157286919672586	0.6842713080327414
0.0247390553333513	0.9752609446666487
0.03881992716575122	0.9611800728342488
0.49737221734488035	0.5026277826551196
0.4967521954682348	0.5032478045317652
0.5888746329563671	0.4111253670436329
0.48962533828805965	0.5103746617119403
0.32940383519354044	0.6705961648064596
0.0082707781319028	0.9917292218680972
0.002419156610306339	0.9975808433896937
0.24760847398718755	0.7523915260128125
0.17646796991619018	0.8235320300838098
0.14352805528365864	0.8564719447163414
0.1340971613331956	0.8659028386668044
0.31578005686169663	0.6842199431383034
0.318275625863766	0.681724374136234
0.055305812562819745	0.9446941874371803
0.14223069672382582	0.8577693032761742
0.044098161717732176	0.9559018382822678
0.2861034438920902	0.7138965561079098
0.5391985961268774	0.46080140387312263
0.6220999484006426	0.37790005159935736
0.13733784067228538	0.8626621593277146
0.4092225236452858	0.5907774763547142
0.19027053819875506	0.8097294618012449
0.03227435443860438	0.9677256455613956
0.5585237204346751	0.44147627956532487
0.4444104171189017	0.5555895828810983
0.5204393007151862	0.4795606992848138
0.6278434175054707	0.3721565824945293
0.1950582294895018	0.8049417705104982
0.4513577527245066	0.5486422472754934
0.07169008060679882	0.9283099193932012
0.490267247976365	0.509732752023635
0.5386047074381424	0.4613952925618577
0.0904326265536124	0.9095673734463876
0.6546884994494417	0.3453115005505583
0.6382915932050592	0.3617084067949408
0.3793874161533386	0.6206125838466614
0.028613485646065584	0.9713865143539344
0.1307501952750868	0.8692498047249132
0.15429492466355788	0.8457050753364421
0.2552113904378279	0.7447886095621721
0.6888504964492392	0.3111495035507607
0.027065929607544836	0.9729340703924552
0.03240008441508113	0.9675999155849189
0.1069012152788199	0.8930987847211801
0.16168933518990403	0.838310664810096
0.002593315501503324	0.9974066844984967
0.7448000398508019	0.25519996014919816
0.7162789555155373	0.2837210444844627
0.31290872089854704	0.687091279101453
0.37973646332432254	0.6202635366756775
0.4066328581449392	0.5933671418550608
0.43406313481263514	0.5659368651873649
0.47546748442053255	0.5245325155794675
0.03419516136513967	0.9658048386348603
0.5652968684571467	0.4347031315428533
0.02484636147441288	0.9751536385255871
0.4956227262312304	0.5043772737687696
0.10234129625590116	0.8976587037440988
0.22464798501313532	0.7753520149868647
0.46212200360966726	0.5378779963903327
0.3223969255887056	0.6776030744112944
0.4502319993150272	0.5497680006849728
0.3102450373396253	0.6897549626603747
0.16720350140733564	0.8327964985926644
0.7035964822510827	0.2964035177489173
0.6812872082043822	0.3187127917956178
0.022342139271379735	0.9776578607286203
0.0024542649056680244	0.997545735094332
0.1443565233743893	0.8556434766256107
0.11973167359592729	0.8802683264040727
0.040864868940439614	0.9591351310595604
0.027447543251487794	0.9725524567485122
0.09571133283662925	0.9042886671633708
0.662761130809661	0.3372388691903389
0.07596217932018723	0.9240378206798128
0.08420149694294587	0.9157985030570541
0.37096183874500954	0.6290381612549905
0.5643902334330042	0.43560976656699585
0.32316101724577995	0.67683898275422
0.03003886598317862	0.9699611340168214
0.052595709720983375	0.9474042902790166
0.6189919057093147	0.3810080942906852
0.21601201571452477	0.7839879842854752
0.27808987865458523	0.7219101213454148
0.09744315522578695	0.902556844774213
0.16161910717706507	0.8383808928229349
0.5359537525488178	0.4640462474511821
0.12594338754717638	0.8740566124528236
0.6798256367531064	0.3201743632468937
0.059042797294409755	0.9409572027055902
0.17194376210284146	0.8280562378971585
0.0290093695804875	0.9709906304195125
0.732081132376541	0.267918867623459
0.41199307701352006	0.5880069229864799
0.0011073866721568182	0.9988926133278432
0.01612570683348935	0.9838742931665106
0.001082779637141984	0.998917220362858
0.44731549909979507	0.5526845009002049
0.03991188063245077	0.9600881193675492
0.615878404643196	0.38412159535680407
0.7573337470686783	0.24266625293132177
0.7002344379299372	0.2997655620700627
0.3674290535679894	0.6325709464320106
0.007315143537730662	0.9926848564622693
0.20531943411044007	0.7946805658895599
0.010018737162840852	0.9899812628371591
0.14101498093943832	0.8589850190605617
0.42745267029816425	0.5725473297018357
0.3168071154513482	0.6831928845486518
0.48138248212460144	0.5186175178753986
0.0013539704244860395	0.998646029575514
0.24251267122950804	0.757487328770492
0.1469936067447306	0.8530063932552694
0.7318834723212642	0.2681165276787359
0.6804985887712172	0.3195014112287829
0.7364798334483633	0.26352016655163674
0.18208193996730848	0.8179180600326915
0.6687564844057516	0.3312435155942483
0.008093830888313724	0.9919061691116863
0.43778315340133733	0.5622168465986627
0.2241885346127548	0.7758114653872452
0.04573770267687094	0.9542622973231291
0.4655963387908274	0.5344036612091726
0.7135894097419115	0.2864105902580885
0.10274136936758782	0.8972586306324122
0.4586769154267033	0.5413230845732967
0.34431384597211756	0.6556861540278824
0.02721588399453656	0.9727841160054634
0.045189434702665454	0.9548105652973345
0.303457950258596	0.696542049741404
0.0089908275124998	0.9910091724875002
0.5311370745739261	0.4688629254260739
0.6280251502726392	0.37197484972736083
0.3171107018440439	0.6828892981559561
0.02230265786067931	0.9776973421393207
0.06154468433440241	0.9384553156655976
0.315765566555794	0.684234433444206
0.011360017989312077	0.9886399820106879
0.6366183619333355	0.36338163806666446
0.015649229077989046	0.984350770922011
0.29096969999407674	0.7090303000059233
0.7017748454719557	0.2982251545280443
0.43772392027308127	0.5622760797269187
0.05126891868023331	0.9487310813197667
0.14993040973858163	0.8500695902614184
0.17905043933149467	0.8209495606685053
0.1396329344792313	0.8603670655207687
0.3297789662344477	0.6702210337655523
0.08207185704974695	0.917928142950253
0.15502119592439922	0.8449788040756008
0.5801264241357212	0.41987357586427876
0.06877959827315983	0.9312204017268402
0.7389223615576174	0.26107763844238263
0.6013207466575305	0.39867925334246945
0.06199559895324325	0.9380044010467568
0.455012585579307	0.544987414420693
0.1376062290618031	0.8623937709381969
0.5060473120987651	0.4939526879012349
0.04080070602041719	0.9591992939795828
0.43544669808436587	0.5645533019156341
0.45290922337064166	0.5470907766293583
0.6359697581190655	0.36403024188093447
0.204932091413629	0.795067908586371
0.03616823398144697	0.963831766018553
0.26681855959372747	0.7331814404062725
0.6395301598253361	0.3604698401746639
0.01524559236535028	0.9847544076346497
0.008271957423253595	0.9917280425767464
0.2868151343690929	0.7131848656309071
0.36317079386822504	0.636829206131775
0.49452246281217915	0.5054775371878208
0.12001213823549772	0.8799878617645023
0.4074837174858623	0.5925162825141377
0.5572248434491821	0.4427751565508179
0.2731558809945934	0.7268441190054066
0.3570322394811424	0.6429677605188576
0.11841990315194739	0.8815800968480526
0.42007048946216086	0.5799295105378391
0.3470031507852668	0.6529968492147332
0.6337678123201769	0.36623218767982313
0.13988636335366755	0.8601136366463324
0.2387830471524619	0.7612169528475381
0.09867174117844979	0.9013282588215502
0.15853637613887173	0.8414636238611283
0.34260965883244876	0.6573903411675512
0.21077368173499877	0.7892263182650012
0.20627782026191732	0.7937221797380827
0.40524430701343517	0.5947556929865648
0.6222810244568517	0.37771897554314826
0.4819304063092301	0.5180695936907699
0.3872023670020298	0.6127976329979702
0.5711482772445755	0.4288517227554245
0.021773195890517627	0.9782268041094824
0.40457401463548026	0.5954259853645197
0.106505079031329	0.893494920968671
0.7310034125829434	0.26899658741705657
0.12506004711570085	0.8749399528842992
0.5297092602018469	0.47029073979815306
0.08162908032350158	0.9183709196764984
0.3369416874233495	0.6630583125766505
0.5350793141382191	0.4649206858617809
0.08509044300295376	0.9149095569970462
0.19115034980444423	0.8088496501955558
0.34788876813460023	0.6521112318653998
0.09281640853623663	0.9071835914637634
0.03789507780516299	0.962104922194837
0.10761655747798204	0.892383442522018
0.057824981602363934	0.9421750183976361
0.7497641935524075	0.25023580644759247
0.5132945401309486	0.48670545986905145
0.00578658599712123	0.9942134140028788
0.06673033127942651	0.9332696687205735
2.4842443683847915E-4	0.9997515755631615
0.2546027733736015	0.7453972266263985
0.07583791815165108	0.9241620818483489
0.3407988742977507	0.6592011257022493
0.16436030440697147	0.8356396955930285
0.09862867942808451	0.9013713205719155
0.6897347482164428	0.31026525178355724
0.6421621188445344	0.35783788115546555
0.4152375220780008	0.5847624779219992
0.356011764256305	0.643988235743695
0.7567805738175267	0.24321942618247328
0.0480088701787329	0.9519911298212671
0.09502150796121545	0.9049784920387846
0.004342114037441669	0.9956578859625583
0.46681037418405347	0.5331896258159465
0.6144048674511667	0.38559513254883326
0.3517623532140334	0.6482376467859666
0.06907675707837979	0.9309232429216202
0.39256837710074344	0.6074316228992566
0.4577945814070318	0.5422054185929682
0.5933899210811113	0.40661007891888873
0.5112226800609614	0.48877731993903867
0.10825996450198727	0.8917400354980127
0.3760017303258685	0.6239982696741315
0.06629978257350488	0.9337002174264951
0.42841095774074256	0.5715890422592574
0.05296734568552652	0.9470326543144735
0.13106477665306593	0.8689352233469341
0.10344456628450804	0.896555433715492
0.23471894895910517	0.7652810510408948
0.18942019765175755	0.8105798023482425
0.41149579605212594	0.5885042039478741
0.5851420957891811	0.41485790421081886
0.5911073155749513	0.4088926844250487
0.4366365464266806	0.5633634535733194
0.615535957060469	0.3844640429395309
0.7891211022996697	0.21087889770033028
0.4619758777067082	0.5380241222932918
0.10747638258310821	0.8925236174168918
0.5445862758048201	0.45541372419517984
0.08412276419587106	0.9158772358041289
0.35618236899919475	0.6438176310008052
0.03608990002736112	0.9639100999726389
0.21512773852810296	0.784872261471897
0.021101138016873633	0.9788988619831264
0.1665327662813575	0.8334672337186425
0.6322905388096627	0.36770946119033737
0.07525596752690777	0.9247440324730922
0.20771523976334327	0.7922847602366567
0.13603318652420093	0.8639668134757991
0.7551561957762061	0.2448438042237939
0.6145691420604593	0.38543085793954074
0.027469776968788273	0.9725302230312117
0.062223933791627606	0.9377760662083724
0.1721853264262564	0.8278146735737436
0.027512577990851272	0.9724874220091487
0.06850845704330222	0.9314915429566978
0.3731915832263404	0.6268084167736596
0.4631087934151159	0.5368912065848841
0.4845099667679028	0.5154900332320972
0.01815126549410362	0.9818487345058964
0.018440195109621804	0.9815598048903782
0.5389805693466339	0.4610194306533662
0.6713339852705524	0.3286660147294476
0.022580823282079776	0.9774191767179202
0.016462737989048515	0.9835372620109515
0.4774451249662347	0.5225548750337653
0.02180546271347006	0.9781945372865299
0.0013793141074119886	0.998620685892588
0.14495064322377083	0.8550493567762292
0.20408594437407335	0.7959140556259267
0.4313483709672401	0.5686516290327599
0.12769708987452	0.87230291012548
0.1408021231060067	0.8591978768939933
0.012191891447579262	0.9878081085524207
0.5398095530612517	0.4601904469387484
0.10607925743634561	0.8939207425636544
0.3978927636099321	0.6021072363900679
0.6464070637195822	0.3535929362804177
0.010480455820876977	0.989519544179123
0.03499851731350656	0.9650014826864934
0.6381791318684242	0.3618208681315757
0.6481730171985745	0.3518269828014256
0.2903058585829842	0.7096941414170158
0.6613739918261177	0.3386260081738823
0.19146359971705862	0.8085364002829414
0.34093317771209675	0.6590668222879033
0.06427079999189922	0.9357292000081008
0.6277571826042547	0.37224281739574533
0.413968479984837	0.586031520015163
0.013702130538575275	0.9862978694614247
0.3090598242551751	0.6909401757448249
0.6369439778437995	0.36305602215620053
0.49229449359163757	0.5077055064083624
0.6046635325188501	0.39533646748115
0.5926587707953495	0.4073412292046506
0.00329474603388058	0.9967052539661194
0.28450851731314386	0.7154914826868561
0.642197773879144	0.35780222612085605
0.24660199971055563	0.7533980002894444
0.023237115873691705	0.9767628841263083
0.11979665649054971	0.8802033435094503
0.12418529698719061	0.8758147030128094
0.03234728003871423	0.9676527199612858
0.7027096583144246	0.2972903416855755
0.7059206039444594	0.2940793960555405
0.21965976734706238	0.7803402326529376
0.4533557185800188	0.5466442814199812
0.4549891407090275	0.5450108592909725
0.3306931448749352	0.6693068551250648
0.013756687977115267	0.9862433120228847
0.1645153378821409	0.8354846621178591
0.06171355311186055	0.9382864468881394
0.3320915412040938	0.6679084587959062
0.017043589558947803	0.9829564104410522
0.09054334513738471	0.9094566548626153
0.6311621052264542	0.3688378947735457
0.20572140716762	0.79427859283238
0.5409156676483466	0.4590843323516533
0.6407579710875335	0.35924202891246654
0.36178239582852434	0.6382176041714757
0.16565881841830365	0.8343411815816963
0.285901976058492	0.714098023941508
0.030296711991369518	0.9697032880086305
0.6741473339636732	0.32585266603632673
0.19409919114213015	0.8059008088578699
0.6603468922875377	0.3396531077124623
0.6102573186508646	0.3897426813491353
0.07960768158626319	0.9203923184137368
0.3732489225709019	0.6267510774290981
0.01721724256139512	0.9827827574386049
0.4536438312896861	0.5463561687103139
0.7089988584917257	0.29100114150827433
0.24600281452922257	0.7539971854707774
0.011924815982427228	0.9880751840175728
0.05934005762491745	0.9406599423750825
0.08288493286039844	0.9171150671396016
0.6827486038887729	0.31725139611122705
0.39264489302676997	0.60735510697323
0.24354066614795533	0.7564593338520447
0.14490390374782014	0.8550960962521799
0.09402759670543803	0.905972403294562
0.3255735002567606	0.6744264997432394
0.6276314546586699	0.37236854534133007
0.15453732517838203	0.845462674821618
0.29565977939902843	0.7043402206009716
0.6132456710273537	0.3867543289726462
0.6673144536873747	0.3326855463126252
0.11822521277451004	0.88177478722549
0.10150360922767587	0.8984963907723241
0.39353610094918734	0.6064638990508127
0.30295563836116657	0.6970443616388334
0.5988835187126913	0.40111648128730876
0.1399044077410294	0.8600955922589706
0.5020706922184954	0.4979293077815045
0.5382535394389323	0.46174646056106766
0.6237681237034716	0.3762318762965285
0.004161889717642753	0.9958381102823572
0.017502633680284818	0.9824973663197152
0.21428796886087742	0.7857120311391226
0.10105154321354537	0.8989484567864546
0.20573050317266994	0.7942694968273301
0.10918744704701588	0.8908125529529841
0.1747192768484488	0.8252807231515512
0.12423391817075857	0.8757660818292414
0.04242877595567507	0.9575712240443249
0.04301251074026147	0.9569874892597385
0.328228221547449	0.671771778452551
0.6440550981802349	0.35594490181976507
0.20292144830097358	0.7970785516990264
0.0029575563979324926	0.9970424436020675
0.026974943528699558	0.9730250564713004
0.07943266261986592	0.9205673373801341
0.31249557486726576	0.6875044251327342
0.10037333979155949	0.8996266602084405
0.4208353444891776	0.5791646555108224
0.3752450930557524	0.6247549069442476
0.5738474109875049	0.42615258901249514
0.0073488731581142774	0.9926511268418857
0.7075463487179778	0.2924536512820221
0.5156066915168271	0.4843933084831728
0.46280220120245186	0.5371977987975481
0.36847042726443857	0.6315295727355614
0.21079271337712713	0.7892072866228729
0.353995241657292	0.646004758342708
0.0017519810309458705	0.9982480189690541
0.043728015282198496	0.9562719847178015
0.0027445447536031953	0.9972554552463968
0.6087180968933363	0.3912819031066636
0.5543860375375433	0.4456139624624566
0.0014049119371069008	0.9985950880628931
0.1188089013537158	0.8811910986462842
0.5387167656907146	0.4612832343092855
0.47926605834220215	0.5207339416577978
0.7779012018983457	0.22209879810165437
0.040091869012577	0.959908130987423
0.7298448312491246	0.2701551687508755
0.013550855773778125	0.9864491442262219
0.2329334417738631	0.7670665582261369
0.03981887585841748	0.9601811241415825
0.2067829322304635	0.7932170677695365
0.1415233739405074	0.8584766260594926
0.533954953141949	0.466045046858051
0.5631889106242154	0.43681108937578456
0.7013703552494515	0.2986296447505486
0.08185824731162727	0.9181417526883727
0.1665273348834836	0.8334726651165164
0.2837061297079664	0.7162938702920336
0.5634072544047348	0.43659274559526523
0.0244791910431873	0.9755208089568127
0.004864779234574956	0.995135220765425
0.023731611363429495	0.9762683886365705
0.6740039189996603	0.32599608100033967
0.2533858030371383	0.7466141969628617
0.43559271769122443	0.5644072823087756
0.43836931995333506	0.5616306800466649
0.02565758813494967	0.9743424118650503
0.0016071967397227604	0.9983928032602772
0.16531731816806883	0.8346826818319312
0.27106659687783174	0.7289334031221683
0.0041329955314585165	0.9958670044685415
0.48245565918609723	0.5175443408139028
0.18380269087785706	0.8161973091221429
0.3621050584723079	0.6378949415276921
0.04835327950656787	0.9516467204934321
0.42967254273520095	0.570327457264799
0.6391452725624255	0.3608547274375745
0.3057240192730234	0.6942759807269766
0.08342248219673043	0.9165775178032696
0.046969008461818285	0.9530309915381817
0.2835012734459378	0.7164987265540622
0.2562159681563069	0.7437840318436931
0.5071986081240915	0.49280139187590855
0.4743542929853406	0.5256457070146594
0.168074308634921	0.831925691365079
0.0420554345449794	0.9579445654550206
0.5340168694611491	0.4659831305388509
0.040969078048068375	0.9590309219519316
0.5057481637540104	0.49425183624598956
0.4050578022193011	0.5949421977806989
0.27902552601261543	0.7209744739873846
0.1552982504992566	0.8447017495007434
0.10659741012327617	0.8934025898767238
0.13186716221260408	0.8681328377873959
0.41829255889302563	0.5817074411069744
0.4073269550656976	0.5926730449343024
0.032346475181533774	0.9676535248184662
0.3069212434108114	0.6930787565891886
0.5412317299665733	0.4587682700334267
0.089546229888127	0.910453770111873
0.4446628233121642	0.5553371766878358
0.6207702201472399	0.3792297798527601
0.30177064111162843	0.6982293588883716
0.6359588076548641	0.3640411923451359
0.15315212051703775	0.8468478794829623
0.6348979731698914	0.3651020268301086
0.24571116885639988	0.7542888311436001
0.21815466773797032	0.7818453322620297
0.1934900082539769	0.8065099917460231
0.477687382822401	0.522312617177599
0.3706479576435521	0.6293520423564479
0.01652599020268608	0.9834740097973139
0.6645289539056312	0.33547104609436884
0.03811004702741794	0.9618899529725821
0.5988348080138066	0.4011651919861934
0.47509051972551963	0.5249094802744804
0.2005864486810659	0.7994135513189341
0.47586811329808987	0.5241318867019101
0.09668347015077727	0.9033165298492227
0.019997109617950315	0.9800028903820497
0.12342741641190191	0.8765725835880981
0.05804751645288664	0.9419524835471134
0.013846355204142458	0.9861536447958575
0.3273727212673485	0.6726272787326515
0.6216218671824331	0.37837813281756694
0.1739946388464384	0.8260053611535616
0.2939617577285957	0.7060382422714043
0.3859485593730565	0.6140514406269435
0.3108180113523421	0.6891819886476579
0.6833710685546144	0.3166289314453856
0.13158745202488054	0.8684125479751195
3.119485819857992E-5	0.9999688051418014
0.12489654461509381	0.8751034553849062
0.02402125082470441	0.9759787491752956
0.5384026185546494	0.46159738144535056
0.5680068502146535	0.43199314978534653
0.42903100232450053	0.5709689976754995
0.5861547338203578	0.41384526617964223
0.427583543090159	0.572416456909841
0.4579410130390291	0.5420589869609709
0.6175337881266825	0.38246621187331753
0.46527040943107956	0.5347295905689204
0.708760489488973	0.29123951051102703
0.714644602035809	0.28535539796419096
4.0666688446422405E-4	0.9995933331155358
0.624021167751014	0.375978832248986
0.00522941709308089	0.9947705829069191
0.0494437648702194	0.9505562351297806
0.1672024742717173	0.8327975257282827
0.05829440066651015	0.9417055993334899
0.34603913792244223	0.6539608620775578
0.5407881269040893	0.4592118730959107
0.5546380789047212	0.44536192109527883
0.028623612274651267	0.9713763877253487
0.4697453847449993	0.5302546152550007
0.0028762036153393566	0.9971237963846606
0.41247996794881614	0.5875200320511839
0.002206036965766378	0.9977939630342336
0.15855778606016857	0.8414422139398314
0.013835077954597708	0.9861649220454023
0.2244916439043021	0.7755083560956979
0.5560355539062419	0.44396444609375807
0.6036258020055464	0.3963741979944536
0.17800218418197566	0.8219978158180243
0.007054184277799136	0.9929458157222009
0.5143515308566442	0.4856484691433558
0.10322769814553923	0.8967723018544608
0.08239315775499345	0.9176068422450065
0.37327208546768553	0.6267279145323145
0.6739573333149023	0.32604266668509774
0.23261916138760508	0.7673808386123949
0.43932982255090725	0.5606701774490928
2.3871423581178774E-6	0.9999976128576419
0.024928773147993577	0.9750712268520064
0.597233120134547	0.402766879865453
0.08129895845956192	0.9187010415404381
1.7744686943377275E-4	0.9998225531305662
0.6905997053506346	0.30940029464936536
0.13368369132896818	0.8663163086710318
0.6113335064952107	0.3886664935047893
0.008688853009048647	0.9913111469909514
0.023788287016914933	0.9762117129830851
0.4647470603126086	0.5352529396873914
0.7535127377268424	0.24648726227315768
0.46063729543553433	0.5393627045644657
0.13223926980465217	0.8677607301953478
0.747200195356195	0.252799804643805
0.03586738980349713	0.9641326101965029
0.22421607244434671	0.7757839275556533
0.05494525178712928	0.9450547482128707
0.5745041548517671	0.4254958451482329
0.13349622589059496	0.866503774109405
0.07707444523379525	0.9229255547662047
0.03155005110547693	0.9684499488945231
0.4879375217412	0.5120624782588
0.11312472088205161	0.8868752791179484
0.10875616335865146	0.8912438366413485
0.6142348855796465	0.38576511442035355
0.11965674543171512	0.8803432545682849
0.701179595320438	0.29882040467956195
0.0735001160551455	0.9264998839448545
0.021486005498959737	0.9785139945010403
0.7514836932527945	0.2485163067472055
0.7325414631081584	0.2674585368918416
9.528376571574793E-4	0.9990471623428425
0.4549872027303472	0.5450127972696528
0.08687278279134136	0.9131272172086586
0.5619963981808492	0.43800360181915077
0.008921510814637212	0.9910784891853628
0.18057672928409996	0.8194232707159
0.007267484768405441	0.9927325152315946
0.06666974270546477	0.9333302572945352
0.6079264289833476	0.3920735710166524
0.5332906132682923	0.4667093867317077
0.08307908675850262	0.9169209132414974
0.717314186126825	0.28268581387317504
0.3029476465187534	0.6970523534812466
0.6805354034616555	0.3194645965383444
0.6413617250993129	0.35863827490068717
0.14408123937012285	0.8559187606298772
0.21803020401340367	0.7819697959865963
0.5123842186128771	0.48761578138712297
0.02581809860565043	0.9741819013943496
0.5145053920360503	0.48549460796394966
0.39581623710080005	0.6041837628992
0.5223131542565973	0.47768684574340264
0.3986259619367942	0.6013740380632058
0.010006925170809366	0.9899930748291906
0.6626431339330785	0.33735686606692156
0.3400292557778748	0.6599707442221252
0.013853894554542334	0.9861461054454577
0.2528273810577337	0.7471726189422663
0.14736503865220174	0.8526349613477983
0.6108529442105237	0.3891470557894762
0.24496376562982292	0.7550362343701771
0.11859368871322995	0.88140631128677
0.20330111386153338	0.7966988861384666
0.45861244427284875	0.5413875557271512
0.010913043780314213	0.9890869562196858
0.13999884845133204	0.860001151548668
0.2482759036880109	0.7517240963119891
0.09295395153576003	0.90704604846424
0.07051182386348542	0.9294881761365146
0.2065103676678226	0.7934896323321774
0.2582593515246929	0.7417406484753071
0.6728538168785263	0.32714618312147375
0.09442785457958669	0.9055721454204133
0.3432383964725725	0.6567616035274275
0.08162545040189162	0.9183745495981084
0.24807891910355329	0.7519210808964467
0.47013128073218424	0.5298687192678158
0.5809279784918049	0.41907202150819506
0.34343919886811114	0.6565608011318889
0.2790537568368854	0.7209462431631146
0.5597192194068716	0.4402807805931284
0.6811951574106836	0.31880484258931635
0.005369108131596856	0.9946308918684031
0.14507199133535342	0.8549280086646466
0.6139589531838237	0.3860410468161763
0.112024124294825	0.887975875705175
0.3045785328726618	0.6954214671273382
0.5708446230270867	0.4291553769729132
0.010056393153164866	0.9899436068468351
0.039862893432673796	0.9601371065673262
0.30929193560222834	0.6907080643977717
0.08490851427400159	0.9150914857259984
0.30539739067101257	0.6946026093289874
0.008347228155526687	0.9916527718444733
0.18655977324883366	0.8134402267511663
0.6517016196275583	0.34829838037244165
0.08788055825210206	0.9121194417478979
0.06036122378495323	0.9396387762150468
0.02279127206400966	0.9772087279359903
0.07713302805124189	0.9228669719487581
0.16220990451968698	0.837790095480313
0.10678888450825619	0.8932111154917438
0.17012948864516786	0.8298705113548321
0.6509429246276274	0.3490570753723726
0.24551682180085754	0.7544831781991425
0.10909025407144135	0.8909097459285586
0.2329623942311484	0.7670376057688516
0.0198902323824085	0.9801097676175915
0.7105204747688251	0.28947952523117493
0.6402379638368965	0.35976203616310354
0.14165918867614302	0.858340811323857
0.3054949126509605	0.6945050873490395
0.1674389592704404	0.8325610407295596
0.03737911326595467	0.9626208867340453
0.009843249867882875	0.9901567501321171
0.8130863033869935	0.1869136966130065
0.5532205085664793	0.4467794914335207
1.775162903754346E-4	0.9998224837096246
0.6520410459156414	0.3479589540843586
0.08910835089112634	0.9108916491088737
0.0010636733728748293	0.9989363266271252
0.2775898256448497	0.7224101743551503
0.3449799876099776	0.6550200123900224
0.284821196638919	0.715178803361081
0.5967551485558573	0.4032448514441427
0.39665832704993087	0.6033416729500691
0.21417349074845848	0.7858265092515415
0.6286150356143724	0.3713849643856276
0.07508811377978242	0.9249118862202176
0.5232274779052131	0.47677252209478693
0.44368369531056273	0.5563163046894373
0.28799301199739025	0.7120069880026098
0.36848410675341237	0.6315158932465876
0.5425046133764154	0.4574953866235846
0.7428178441215757	0.2571821558784243
0.06483311069000897	0.935166889309991
0.2426074363814753	0.7573925636185247
0.653328243476337	0.346671756523663
0.657554193052069	0.34244580694793103
0.08487764437477174	0.9151223556252283
0.5501200828246356	0.44987991717536435
0.003894962221645204	0.9961050377783548
0.10181558314091754	0.8981844168590825
0.0071037611936419776	0.992896238806358
0.11340009988237898	0.886599900117621
0.4522720459869748	0.5477279540130252
0.5203481447731468	0.4796518552268531
0.15353495209733836	0.8464650479026616
0.2933549095866935	0.7066450904133065
0.1813714776130957	0.8186285223869043
0.1574348034914166	0.8425651965085834
0.49316326369990315	0.5068367363000968
0.7058287513331245	0.29417124866687555
0.17041267339873478	0.8295873266012652
0.013177862867762569	0.9868221371322374
0.24903637433473735	0.7509636256652626
0.26465007985863	0.73534992014137
0.34994248078550716	0.6500575192144928
0.5426172123150637	0.4573827876849363
0.026670124065625633	0.9733298759343744
0.1364015298950224	0.8635984701049776
0.07192721987991546	0.9280727801200845
0.379324940978248	0.620675059021752
0.49316062850597087	0.5068393714940291
0.560690376010222	0.43930962398977796
0.6525928762514215	0.3474071237485786
0.6530762823026413	0.3469237176973588
0.34876920577999593	0.6512307942200041
0.16647180976775722	0.8335281902322428
0.7351740568079026	0.26482594319209735
0.6103010647769365	0.3896989352230636
0.1095641364043578	0.8904358635956422
0.29468123408596736	0.7053187659140326
0.2608294086021503	0.7391705913978497
0.09974365579976929	0.9002563442002307
0.11026878811599872	0.8897312118840013
0.5161795851197288	0.4838204148802712
0.07236511628788034	0.9276348837121197
0.30808035246980603	0.691919647530194
0.2370511797528626	0.7629488202471374
0.10519343039955042	0.8948065696004496
0.3510339012270376	0.6489660987729624
0.6418065044805286	0.3581934955194715
0.4693257656846702	0.5306742343153298
0.012606124313101374	0.9873938756868986
0.23842983544180063	0.7615701645581994
0.11243814079700976	0.8875618592029902
0.3477248549504902	0.6522751450495098
0.5283163666790307	0.47168363332096924
0.11600207833575626	0.8839979216642437
0.5311356322725089	0.4688643677274911
0.02791882243097754	0.9720811775690225
0.007096078109198878	0.9929039218908011
0.01319671736311634	0.9868032826368837
0.630097177712154	0.36990282228784604
0.09352789882895596	0.906472101171044
0.7270228577006077	0.27297714229939224
0.6562790707617916	0.34372092923820835
0.19504966444963234	0.8049503355503677
0.4452748356279036	0.5547251643720964
0.21455716571575223	0.7854428342842478
0.05158452505600397	0.948415474943996
0.16127674634687883	0.8387232536531212
0.4152101271056292	0.5847898728943708
0.7085129701479218	0.29148702985207814
0.0923101396809819	0.9076898603190181
0.0706347032860064	0.9293652967139936
0.23049749677001297	0.769502503229987
0.6471548825600286	0.3528451174399713
0.3731245290269398	0.6268754709730602
0.142426743208677	0.857573256791323
0.2597738707100288	0.7402261292899712
0.23674438475564497	0.763255615244355
0.34018758704929	0.65981241295071
0.07520354116473649	0.9247964588352635
0.5067663739592849	0.49323362604071513
0.029532052863083025	0.970467947136917
0.516290377387562	0.48370962261243794
0.051074858850078786	0.9489251411499212
0.5963853644191368	0.40361463558086313
0.47630370629747	0.52369629370253
0.37696057468028454	0.6230394253197155
0.4117839280755087	0.5882160719244913
0.642339591218245	0.35766040878175503
0.32904484222662667	0.6709551577733733
0.09264270027784305	0.907357299722157
0.4312748498128829	0.5687251501871171
0.06908045147669006	0.9309195485233099
0.3025323865187114	0.6974676134812886
0.4562713471898966	0.5437286528101034
0.09988875277112386	0.9001112472288761
0.6350191231783084	0.3649808768216916
0.1411593073642371	0.8588406926357629
0.04690440154453701	0.953095598455463
0.030466132067968554	0.9695338679320314
0.6689924911902678	0.33100750880973223
0.20804281010009318	0.7919571898999068
0.0024496462646699246	0.9975503537353301
0.12886308673345004	0.87113691326655
0.14739769519686596	0.852602304803134
0.2266294180929037	0.7733705819070963
0.5116886765065154	0.48831132349348466
0.08456741870705686	0.9154325812929431
0.3943279138709078	0.6056720861290922
0.12998635352173182	0.8700136464782682
0.22724624036686336	0.7727537596331366
0.37529901449069314	0.6247009855093069
0.2577414906934805	0.7422585093065195
0.6557934696267333	0.3442065303732666
0.1366637680335474	0.8633362319664526
0.10624362377401109	0.8937563762259889
0.14795426276004098	0.852045737239959
0.3836109065325367	0.6163890934674633
0.193160023437006	0.806839976562994
0.39996272922984144	0.6000372707701586
0.0601513861222851	0.9398486138777149
0.5937885828634082	0.40621141713659176
0.06465583293605481	0.9353441670639452
0.6449758270191364	0.3550241729808637
0.026977685843559973	0.97302231415644
0.30127615862184876	0.6987238413781512
0.5669194695589863	0.43308053044101363
0.6362507144989786	0.3637492855010213
0.2403783867768522	0.7596216132231478
0.5994496600607144	0.4005503399392855
0.34425306394222965	0.6557469360577703
0.38235886299073885	0.6176411370092612
0.4490402784382639	0.5509597215617361
0.12620567416755468	0.8737943258324453
0.08076969697173575	0.9192303030282643
0.08515176619630194	0.9148482338036981
0.39577796890000483	0.6042220310999952
0.03779079619693548	0.9622092038030645
0.3107864793022065	0.6892135206977935
0.3646086724530826	0.6353913275469174
0.10758335792959262	0.8924166420704074
0.2811073867360744	0.7188926132639256
0.3554507351841725	0.6445492648158275
0.1435948429970596	0.8564051570029404
0.08244571920520138	0.9175542807947986
0.5792598419929642	0.42074015800703585
0.18674149060140932	0.8132585093985907
0.06078736032989085	0.9392126396701092
0.6512327154237803	0.3487672845762198
0.38787936662162514	0.6121206333783749
0.10318984780612983	0.8968101521938702
0.3632748400584179	0.6367251599415821
0.6559147745579226	0.34408522544207737
0.14128858956261647	0.8587114104373835
0.3131870478162929	0.6868129521837071
0.1213546509963116	0.8786453490036884
0.35831021308987165	0.6416897869101283
0.38784045889237406	0.6121595411076259
0.034622524462433524	0.9653774755375665
0.1500311248604177	0.8499688751395823
0.49667970357232427	0.5033202964276757
9.671430508390033E-4	0.999032856949161
0.6345614376324886	0.3654385623675113
0.023384444295730833	0.9766155557042692
0.004013808844671063	0.9959861911553289
0.4219001421898444	0.5780998578101556
0.5437066398516643	0.4562933601483356
0.749182784097707	0.250817215902293
0.6191972484143353	0.3808027515856646
0.6980705436094018	0.3019294563905982
0.04035367804790646	0.9596463219520935
0.04406287019096178	0.9559371298090382
6.608858157219899E-5	0.9999339114184278
0.5919903526796619	0.408009647320338
0.6814772731275573	0.3185227268724426
0.05240806941057663	0.9475919305894234
0.22863833512775555	0.7713616648722444
0.0033562988330997356	0.9966437011669003
0.3523406352180447	0.6476593647819553
0.5532340874638109	0.4467659125361891
0.3550115912251628	0.6449884087748372
0.02635063128925952	0.9736493687107405
0.13578496113506733	0.8642150388649327
0.02297474209695871	0.9770252579030413
0.05414226623670437	0.9458577337632956
5.429040848798916E-4	0.9994570959151201
0.736351387285914	0.263648612714086
0.23773859287546595	0.762261407124534
0.7254233321153024	0.2745766678846976
0.02139228167775864	0.9786077183222414
0.0600744443510427	0.9399255556489573
0.04657274162368086	0.9534272583763191
0.7344801656325447	0.2655198343674553
0.4310474275839471	0.5689525724160529
0.6735492129373859	0.32645078706261405
0.007176072066820471	0.9928239279331795
0.33966964345890305	0.660330356541097
0.7250055090911921	0.2749944909088079
0.4573878018660694	0.5426121981339306
0.1821210683714033	0.8178789316285967
0.06551668178992187	0.9344833182100781
0.3860673950433834	0.6139326049566166
0.003633781871684394	0.9963662181283156
0.05058751364085112	0.9494124863591489
0.7709630069454786	0.2290369930545214
0.7584227460186826	0.24157725398131735
0.05686764809991485	0.9431323519000852
0.01089921602181243	0.9891007839781876
0.5217036966387119	0.4782963033612881
0.10981411143889674	0.8901858885611033
0.5499305484414698	0.4500694515585301
0.013479574027924435	0.9865204259720756
0.6137883545576492	0.3862116454423508
0.14430391671787057	0.8556960832821294
0.1295754072898495	0.8704245927101505
0.31210032976185886	0.6878996702381411
0.6830876571223596	0.3169123428776403
0.08992157571813553	0.9100784242818645
0.14441700652000478	0.8555829934799952
0.1266095011572581	0.8733904988427419
0.062095195430243555	0.9379048045697564
0.66317214586441	0.33682785413558997
0.3989068369815095	0.6010931630184905
0.6293559246920357	0.3706440753079642
0.017477125671802596	0.9825228743281974
0.20240637095775538	0.7975936290422446
0.2790464213335989	0.7209535786664011
0.11113526121044848	0.8888647387895515
0.6422689446112966	0.3577310553887035
0.07645408248896723	0.9235459175110328
0.5555893129100842	0.44441068708991577
0.03643928336054081	0.9635607166394592
0.1914908795396666	0.8085091204603334
0.12149175765384834	0.8785082423461517
0.02596991568917606	0.9740300843108239
0.2525386504273207	0.7474613495726793
0.5296229899965545	0.4703770100034454
0.01718406601899125	0.9828159339810087
0.27477283167583766	0.7252271683241623
0.3066532520184262	0.6933467479815738
0.17085197368057758	0.8291480263194224
0.46513554047613603	0.534864459523864
0.0775550786473802	0.9224449213526198
0.017223996160305677	0.9827760038396943
0.3303297851519752	0.6696702148480248
0.5248467704156186	0.4751532295843814
0.0279220545716804	0.9720779454283196
0.18228161851733204	0.817718381482668
0.04002334737428248	0.9599766526257175
0.17327658292068482	0.8267234170793152
0.523594459771622	0.47640554022837794
0.1610423131339087	0.8389576868660913
0.6742851199211479	0.325714880078852
0.5106172784170537	0.4893827215829463
0.6131323164993292	0.38686768350067086
0.5376244726797714	0.46237552732022863
0.4437069826989992	0.5562930173010008
0.6937473810376955	0.30625261896230455
0.5102821196076154	0.4897178803923846
0.6504352240925704	0.3495647759074296
0.27670506899560054	0.7232949310043995
0.02018637666108758	0.9798136233389124
0.1373482306754984	0.8626517693245016
0.16822351864079432	0.8317764813592057
0.29905602457030633	0.7009439754296937
0.024842903721419618	0.9751570962785804
0.01186396628901365	0.9881360337109864
0.5395053852881051	0.4604946147118949
0.01687091897021653	0.9831290810297835
0.5165804649245445	0.48341953507545554
0.12555536783935772	0.8744446321606423
0.3118071331976894	0.6881928668023106
0.012857496758418185	0.9871425032415818
0.6731530120074932	0.3268469879925068
0.030977256918885754	0.9690227430811142
0.5509723344627907	0.4490276655372093
0.5583676122606103	0.44163238773938973
0.5656910299491874	0.4343089700508126
0.07624873639504015	0.9237512636049598
0.08876852242265554	0.9112314775773445
0.031145952331527615	0.9688540476684724
0.09123568884835753	0.9087643111516425
0.03288118944693619	0.9671188105530638
0.6043236707032809	0.39567632929671914
0.15341979921367532	0.8465802007863247
0.10474655917009534	0.8952534408299047
0.6052480135787733	0.39475198642122666
0.48721849138691053	0.5127815086130895
0.2742779386048749	0.7257220613951251
0.19049114961564906	0.8095088503843509
0.5989418935473675	0.4010581064526325
0.29925324659522845	0.7007467534047715
0.021931935091118904	0.9780680649088811
0.5864707185279416	0.41352928147205836
0.1397431934550748	0.8602568065449252
0.6491569103887705	0.35084308961122945
0.14790396727618815	0.8520960327238118
0.15858031691785213	0.8414196830821479
0.6260703582169518	0.3739296417830482
0.6011995118361747	0.3988004881638253
0.45823109625341096	0.541768903746589
0.42299478681088176	0.5770052131891182
0.06451954167163299	0.935480458328367
0.5369819181295762	0.4630180818704238
0.2722522338192662	0.7277477661807338
0.028819218886184328	0.9711807811138157
0.4987220679052936	0.5012779320947064
0.1469399271221169	0.8530600728778831
0.6401876125582777	0.3598123874417223
0.035368592216362904	0.9646314077836371
0.5506042338915053	0.44939576610849474
0.10215210954391529	0.8978478904560847
0.7151479608663838	0.28485203913361623
0.38669642531857695	0.613303574681423
0.6465010543875972	0.3534989456124028
0.24464662344512123	0.7553533765548788
0.2438260573267358	0.7561739426732642
0.005036968974221345	0.9949630310257787
0.36319166520233936	0.6368083347976606
0.45807417853913834	0.5419258214608617
0.6260928278141823	0.3739071721858177
0.1653800800175268	0.8346199199824732
0.5896932440800055	0.41030675591999455
0.16433471463122418	0.8356652853687758
0.06979143796029263	0.9302085620397074
0.601196943977696	0.39880305602230404
0.26994368365796617	0.7300563163420338
0.0500204410664733	0.9499795589335267
0.026086794005759084	0.9739132059942409
0.0034291045046033197	0.9965708954953967
0.3316992090735411	0.6683007909264589
0.21701858322089906	0.7829814167791009
0.018937719060757585	0.9810622809392424
0.34163898200500276	0.6583610179949972
0.6994072495401356	0.30059275045986444
0.6486125540990413	0.3513874459009587
0.016638851659248166	0.9833611483407518
0.5858763670365685	0.41412363296343147
0.41641565430505045	0.5835843456949495
0.36240462427450537	0.6375953757254946
0.42140977995279927	0.5785902200472007
0.015134300288885405	0.9848656997111146
0.013453751794294089	0.9865462482057059
0.06305020172852116	0.9369497982714788
0.10161668410359725	0.8983833158964027
0.4292236164963372	0.5707763835036628
0.46048654736532635	0.5395134526346737
0.08809660242939055	0.9119033975706095
0.6747925655566577	0.3252074344433423
0.4723630755273186	0.5276369244726814
0.2286029786288939	0.7713970213711061
0.03404102980906698	0.965958970190933
0.17840283732976991	0.8215971626702301
0.21701387503220804	0.782986124967792
0.09873686080790223	0.9012631391920978
0.03242415510235552	0.9675758448976445
0.26297523480534135	0.7370247651946586
0.6121233549806924	0.38787664501930763
0.39930412303784113	0.6006958769621589
0.33499750692923724	0.6650024930707628
0.2271755304414862	0.7728244695585138
0.7462843192129655	0.25371568078703455
0.3323893518778127	0.6676106481221873
0.4059091549190815	0.5940908450809185
4.602304211088759E-4	0.9995397695788911
0.2463898146169079	0.7536101853830921
0.019104367498018138	0.9808956325019819
4.150499867047186E-4	0.9995849500132953
0.07819177068702687	0.9218082293129731
0.4970761088190755	0.5029238911809245
0.017001291772640537	0.9829987082273595
0.01647215801392965	0.9835278419860704
0.7471124622848219	0.25288753771517813
0.32567740762305	0.67432259237695
0.012281734989172732	0.9877182650108273
0.01304004158206673	0.9869599584179333
0.0856919830325712	0.9143080169674288
0.0038325712522460087	0.996167428747754
0.09199869238567016	0.9080013076143298
0.3564664785818684	0.6435335214181316
0.4837100060822558	0.5162899939177442
0.0033481445187876213	0.9966518554812124
0.5637100526391028	0.43628994736089727
0.5499577503596891	0.450042249640311
0.36608387087544436	0.6339161291245556
0.2804666621299785	0.7195333378700215
0.4050725821369743	0.5949274178630257
0.13215691687410014	0.8678430831258999
0.5339239633891049	0.4660760366108952
0.42944843727075277	0.5705515627292472
0.2990113053553508	0.7009886946446492
0.3766518963283688	0.6233481036716312
0.3992530207089453	0.6007469792910547
0.024168758660979672	0.9758312413390203
0.40693628796138903	0.593063712038611
0.1176667988794905	0.8823332011205095
0.6386180779277615	0.36138192207223846
0.2459103401019146	0.7540896598980854
0.6366423453280141	0.36335765467198594
0.5219981533919766	0.4780018466080233
0.20230723273349605	0.797692767266504
0.21185157498253127	0.7881484250174687
0.7395533928348957	0.26044660716510426
0.14271852383205264	0.8572814761679474
0.36130803519967514	0.6386919648003249
0.12457972403063844	0.8754202759693616
0.17677202162915606	0.8232279783708439
0.6689019738718549	0.33109802612814515
0.4726694767280082	0.5273305232719918
0.31514453982179613	0.6848554601782039
0.1632026797507029	0.8367973202492971
0.7314345871052523	0.2685654128947477
0.28682955303308577	0.7131704469669142
0.08389844292734006	0.9161015570726599
0.30326710355709463	0.6967328964429054
0.5256613125314624	0.4743386874685375
0.6193199384764023	0.3806800615235976
0.21915741100234587	0.7808425889976541
0.5168911581132247	0.4831088418867752
0.4515474884081806	0.5484525115918194
0.37112746174512534	0.6288725382548747
0.24117771420379597	0.758822285796204
0.607135011522095	0.392864988477905
0.1199890179083587	0.8800109820916413
7.607057687643026E-4	0.9992392942312357
0.048877943542944946	0.951122056457055
0.026301399480059162	0.9736986005199408
0.2995312180351962	0.7004687819648038
0.6991212108288511	0.3008787891711489
0.05373315652409505	0.946266843475905
0.01641290851177546	0.9835870914882245
0.10047538732302508	0.8995246126769749
0.6366310585413224	0.36336894145867754
0.007653064504664631	0.9923469354953354
0.17910114392989052	0.8208988560701095
0.10597084456378669	0.8940291554362133
0.07390855118240991	0.9260914488175901
0.34585866337177107	0.6541413366282289
0.6304247802440324	0.3695752197559676
0.024404314889004852	0.9755956851109951
0.0012691799011326221	0.9987308200988674
0.7085452414362765	0.29145475856372344
0.4689886724842014	0.5310113275157986
0.035134854061012244	0.9648651459389878
0.021100376371133933	0.9788996236288661
0.3666427366843483	0.6333572633156517
0.014820865875388667	0.9851791341246113
0.008707400425904677	0.9912925995740953
0.4899211905568388	0.5100788094431612
0.5572585988267897	0.4427414011732102
0.6858424014672393	0.31415759853276065
0.14275874527322108	0.8572412547267789
0.7433415896305462	0.25665841036945375
0.23341089813405502	0.766589101865945
0.7160050998432681	0.28399490015673196
0.03630619458528428	0.9636938054147157
0.04189316428368417	0.9581068357163158
0.45043354208380704	0.549566457916193
0.568392436887557	0.431607563112443
0.23825726170197958	0.7617427382980204
0.2389318926630133	0.7610681073369867
0.24065374249730787	0.7593462575026921
0.14836649335372543	0.8516335066462746
0.12438097222571942	0.8756190277742806
0.6301510179714527	0.3698489820285474
0.6277920639060659	0.37220793609393404
0.1302496050939026	0.8697503949060974
0.0021006302943543664	0.9978993697056456
0.031405163517964074	0.9685948364820359
0.5021516413966092	0.4978483586033909
0.10799324853097869	0.8920067514690213
0.566439607481352	0.4335603925186479
0.1042523933263555	0.8957476066736445
0.19070997078850027	0.8092900292114997
0.4258876175976982	0.5741123824023018
0.2867023854588029	0.7132976145411971
0.15616824550242447	0.8438317544975755
0.3739294250738383	0.6260705749261617
0.0075411093897430614	0.9924588906102569
0.04359846489760977	0.9564015351023902
0.625959635707096	0.37404036429290405
0.5805847127501622	0.41941528724983773
0.017225797329948556	0.9827742026700514
0.7076682576163525	0.29233174238364745
0.04365303826645084	0.9563469617335492
0.032269624596524604	0.9677303754034754
0.19988695696905268	0.8001130430309473
0.026239389165755522	0.9737606108342445
0.13658134544493694	0.8634186545550631
0.48663868117298925	0.5133613188270107
0.03948085252967459	0.9605191474703254
0.05087140818374536	0.9491285918162546
0.6415432805360037	0.3584567194639962
0.5793600494751576	0.4206399505248423
0.5054840134855694	0.4945159865144307
0.617735125170199	0.38226487482980104
0.544180325666439	0.4558196743335609
0.11261145894698976	0.8873885410530102
0.6269395478664299	0.37306045213357003
0.0026964995218440313	0.997303500478156
0.14749427003495352	0.8525057299650465
0.47383325688257916	0.5261667431174208
0.363270339858323	0.636729660141677
0.37573763526303483	0.6242623647369652
0.1336598613677622	0.8663401386322378
0.5622114131287124	0.4377885868712877
0.4800429984170369	0.5199570015829631
0.1400848350893218	0.8599151649106782
0.7788011867204738	0.22119881327952623
0.6475420859220575	0.35245791407794247
0.47563475438788283	0.5243652456121172
0.0010616379588855862	0.9989383620411144
0.1294459746134008	0.8705540253865992
0.5008178676041788	0.4991821323958212
0.09141980931887406	0.9085801906811259
0.36497857279042745	0.6350214272095726
0.4463086090447379	0.5536913909552621
0.5878091241989375	0.4121908758010625
0.05407103678581027	0.9459289632141897
0.7652194849367924	0.23478051506320768
0.11062705843802834	0.8893729415619717
0.22488867536129453	0.7751113246387055
0.33407654429109446	0.6659234557089055
0.6335937675323159	0.3664062324676841
0.13550329271592076	0.8644967072840792
0.09334218015063955	0.9066578198493604
0.35809029333750064	0.6419097066624994
0.3838917860446299	0.6161082139553701
0.045924450871917655	0.9540755491280823
0.3080075097113183	0.6919924902886817
0.5778579130621031	0.4221420869378969
0.09762939046200203	0.902370609537998
0.03714125030544191	0.9628587496945581
0.30866732024454735	0.6913326797554527
0.17747182599893307	0.8225281740010669
0.005207599767124371	0.9947924002328756
0.7702604436091203	0.22973955639087967
0.0927511748292511	0.9072488251707489
0.06670930300360112	0.9332906969963989
0.6104190693508574	0.38958093064914256
0.530117775809832	0.469882224190168
0.09258788444695054	0.9074121155530495
0.11940739013193435	0.8805926098680656
0.01302783771216931	0.9869721622878307
0.8054601738296441	0.19453982617035598
0.006960868277433474	0.9930391317225665
0.06255941271382004	0.93744058728618
0.018825823552502174	0.9811741764474978
0.6551756245451773	0.3448243754548227
0.6165080273075707	0.3834919726924293
0.3277187748618422	0.6722812251381578
0.13658442666072046	0.8634155733392795
0.4967711068534607	0.5032288931465393
0.05583588689302743	0.9441641131069726
0.40264197509302513	0.5973580249069749
0.07284025876734324	0.9271597412326568
0.19450917719819594	0.8054908228018041
0.17729658197524178	0.8227034180247582
0.11635595631935358	0.8836440436806464
0.24926246809634678	0.7507375319036532
0.03017660047066817	0.9698233995293318
0.40193439557797606	0.5980656044220239
0.46289325180145013	0.5371067481985499
0.6902400048598374	0.3097599951401626
0.7408650653765692	0.2591349346234308
0.48089962896543537	0.5191003710345646
0.4946547699371051	0.5053452300628949
0.09042927461494199	0.909570725385058
0.1401779975881835	0.8598220024118165
0.033116436646231984	0.966883563353768
0.4879344161687723	0.5120655838312277
0.030079121872771952	0.969920878127228
0.08845282256346565	0.9115471774365344
0.013767137584526967	0.986232862415473
0.021825263213767765	0.9781747367862322
0.01845996336503708	0.9815400366349629
0.005835989391410723	0.9941640106085893
0.5739904041261558	0.42600959587384424
0.6148926847883305	0.3851073152116695
0.024533148979920094	0.9754668510200799
0.7192098057921823	0.28079019420781764
0.016868405120584185	0.9831315948794158
0.4930150898158996	0.5069849101841004
0.23385946178047046	0.7661405382195295
0.6479585854825332	0.35204141451746684
0.00436583901809473	0.9956341609819053
0.6617282978539978	0.3382717021460022
0.02564448329997815	0.9743555167000219
0.5470447112201634	0.4529552887798366
0.4684044070876484	0.5315955929123516
0.011835474450309191	0.9881645255496908
0.019148509007566816	0.9808514909924332
0.4419199638553212	0.5580800361446788
0.29754651071123883	0.7024534892887612
0.03168081315062887	0.9683191868493711
0.4358374974367306	0.5641625025632694
0.30950547623787417	0.6904945237621258
0.12856491440340456	0.8714350855965954
0.4449189729470261	0.5550810270529739
0.3099119551705676	0.6900880448294324
0.026820528201493055	0.973179471798507
0.611215540956653	0.388784459043347
0.637787451874995	0.36221254812500503
0.11856170964277468	0.8814382903572253
0.3442325685411731	0.6557674314588269
0.6354603075647105	0.3645396924352895
0.36840911780621743	0.6315908821937826
0.19776679926151286	0.8022332007384871
0.7179318967989745	0.2820681032010255
0.09291970651930315	0.9070802934806969
0.002040564239208953	0.997959435760791
0.008947718270611138	0.9910522817293889
0.12847484374433915	0.8715251562556608
0.5596474807605644	0.44035251923943564
0.09288671895503942	0.9071132810449606
0.2972170084979472	0.7027829915020528
0.15896363300530847	0.8410363669946915
0.13312626238652203	0.866873737613478
0.3596956495300748	0.6403043504699252
0.11947519367855886	0.8805248063214411
0.24534396203559405	0.754656037964406
0.3301540257393111	0.6698459742606889
0.04193427892557455	0.9580657210744254
0.1566528505922825	0.8433471494077175
0.03146577018426233	0.9685342298157377
0.6170173396651026	0.38298266033489736
0.05301868239238894	0.9469813176076111
0.33434801025730165	0.6656519897426983
0.010053903906534822	0.9899460960934652
0.36933280052429207	0.6306671994757079
0.31290248030514045	0.6870975196948595
0.07117818278853794	0.9288218172114621
0.4194577617146352	0.5805422382853648
0.7207120796199732	0.2792879203800268
0.752719649521287	0.247280350478713
0.5373296598694691	0.4626703401305309
0.328125663523834	0.671874336476166
0.10222172991479106	0.8977782700852089
0.2153242293193235	0.7846757706806765
0.7525199724440531	0.2474800275559469
0.42932554816146784	0.5706744518385322
0.3830079947576325	0.6169920052423675
0.39080531190132894	0.6091946880986711
0.6966577014381843	0.3033422985618157
0.4122014700292024	0.5877985299707976
0.34960465301305643	0.6503953469869436
0.26990818552529083	0.7300918144747092
0.20179717152813115	0.7982028284718689
0.3033305423619864	0.6966694576380136
0.021866986718282133	0.9781330132817179
0.708152133662124	0.29184786633787596
0.1387850329838115	0.8612149670161885
0.1925987206131673	0.8074012793868327
0.0664396339381097	0.9335603660618903
0.4798384575518607	0.5201615424481393
0.1610196977945323	0.8389803022054677
0.6644055703821095	0.33559442961789054
0.057115478009590714	0.9428845219904093
0.7313521745872683	0.2686478254127317
0.6555508170016415	0.3444491829983584
0.35690667154527245	0.6430933284547276
0.10230003020967571	0.8976999697903243
0.7189629729528538	0.28103702704714617
0.019501146990577367	0.9804988530094226
0.2552789452956086	0.7447210547043914
0.3174874763221206	0.6825125236778794
0.5248147867085362	0.47518521329146385
0.10847243576905341	0.8915275642309466
0.21528128432163673	0.7847187156783633
0.6278337257230795	0.37216627427692056
0.007081629060020633	0.9929183709399794
0.011441276026028735	0.9885587239739713
0.5223409475491165	0.4776590524508835
0.5457770257209069	0.45422297427909314
0.5449533055203781	0.4550466944796219
0.4765875968162955	0.5234124031837045
0.7331357509078025	0.2668642490921975
0.07117215974661684	0.9288278402533832
0.019500737220363384	0.9804992627796366
0.5661610977495386	0.43383890225046134
0.601480497755617	0.398519502244383
0.05073930822939221	0.9492606917706078
0.0237941439076933	0.9762058560923067
0.2892811476246445	0.7107188523753555
0.06795369943110607	0.9320463005688939
0.004751947309098337	0.9952480526909017
0.3633993963050778	0.6366006036949222
0.4830512330236738	0.5169487669763262
0.4540604672281199	0.5459395327718801
0.027836714115166417	0.9721632858848336
0.054775653863369134	0.9452243461366309
0.4231809966314384	0.5768190033685616
0.4335375108063425	0.5664624891936575
0.18929360276549467	0.8107063972345053
0.04166617171060538	0.9583338282893946
0.009522438643821296	0.9904775613561787
0.4477954614854114	0.5522045385145886
0.4366258481656089	0.5633741518343911
0.019437151346159198	0.9805628486538408
0.12654560847680763	0.8734543915231924
0.5048874601411792	0.4951125398588208
0.6933940221842798	0.30660597781572013
0.058565735771408	0.941434264228592
0.026219268426427078	0.9737807315735729
0.3332827571913951	0.6667172428086049
0.13335626729256878	0.8666437327074312
0.2429836536374529	0.7570163463625471
0.3266878427862395	0.6733121572137605
0.6035403863321189	0.3964596136678811
0.07848927745733392	0.9215107225426661
0.522577361221087	0.477422638778913
0.4025683631315675	0.5974316368684325
0.36227922712694616	0.6377207728730538
0.1517449018426369	0.8482550981573631
0.021489645587008055	0.978510354412992
0.021147383266671094	0.9788526167333289
0.3312008036017311	0.6687991963982689
0.3974831536563982	0.6025168463436018
0.44309511236968624	0.5569048876303138
0.5550977718316586	0.44490222816834135
0.11896336637408711	0.8810366336259129
0.12184300160287287	0.8781569983971271
0.03236260044186878	0.9676373995581312
0.25224849413860606	0.7477515058613939
0.34048326597863277	0.6595167340213672
0.12347055768849857	0.8765294423115014
0.5300488113618198	0.4699511886381802
0.03490093748318657	0.9650990625168134
0.32134971607062557	0.6786502839293744
0.02165997850582413	0.9783400214941759
0.5416124354262921	0.4583875645737079
0.7360373915204002	0.26396260847959985
0.7002841568835874	0.29971584311641264
0.020629893465293758	0.9793701065347062
0.1603386860727306	0.8396613139272694
0.32905318775946013	0.6709468122405399
0.3552475193528333	0.6447524806471667
0.2463132492971587	0.7536867507028413
0.05136619655466068	0.9486338034453393
0.6590911866695793	0.34090881333042067
0.16008893689911663	0.8399110631008834
0.04147435715991765	0.9585256428400823
0.1952200114982191	0.8047799885017809
0.6163482192002121	0.3836517807997879
0.33730128431304673	0.6626987156869533
0.3556626790081693	0.6443373209918307
0.6115319287144896	0.3884680712855104
0.02097344756908015	0.9790265524309198
0.02474223475529136	0.9752577652447086
0.6059901284257989	0.3940098715742011
0.5117963637844696	0.4882036362155304
0.14799505168718508	0.8520049483128149
0.3390047477714109	0.6609952522285891
0.037022720102285356	0.9629772798977146
7.853494523990534E-4	0.999214650547601
0.6982775950392525	0.30172240496074754
0.6468328703199938	0.3531671296800062
0.06093405422678966	0.9390659457732103
0.6230424227680443	0.37695757723195567
0.6249195531526555	0.37508044684734454
0.3104534538272572	0.6895465461727428
0.4914088699540714	0.5085911300459286
0.007334377596255104	0.9926656224037449
0.5500502757602392	0.44994972423976076
0.07342536112889719	0.9265746388711028
0.4418424704802326	0.5581575295197674
0.3163631251858199	0.6836368748141801
0.13772593950496081	0.8622740604950392
0.16290030941163658	0.8370996905883634
0.31149126357719603	0.688508736422804
0.2611379545749217	0.7388620454250783
0.07419787018926194	0.9258021298107381
0.5043290259731594	0.49567097402684057
0.01622920065167688	0.9837707993483231
0.6953717471331963	0.30462825286680373
0.009005105136221325	0.9909948948637787
0.06339713229763111	0.9366028677023689
0.531996274724846	0.468003725275154
0.07582668986242669	0.9241733101375733
0.06389221031314296	0.936107789686857
0.04626589301961559	0.9537341069803844
0.07895435467573964	0.9210456453242604
0.28242613067297195	0.717573869327028
0.5281003954838628	0.4718996045161372
0.051755659640595364	0.9482443403594046
0.34725440754036985	0.6527455924596302
0.6791331489717626	0.3208668510282374
0.6123163272132279	0.38768367278677207
0.20241132287559704	0.797588677124403
0.6024477345923701	0.3975522654076299
0.308258953409716	0.691741046590284
0.20416185768131934	0.7958381423186807
0.6327226843909077	0.36727731560909227
0.13796839535531813	0.8620316046446819
0.02132086545292966	0.9786791345470703
0.3539540293424601	0.6460459706575399
0.7377606364735758	0.26223936352642413
0.04395148281265304	0.956048517187347
0.00790306385863837	0.9920969361413616
0.6286157489055395	0.3713842510944605
0.13147485927678737	0.8685251407232126
0.4865496909804734	0.5134503090195266
0.7314219831742059	0.268578016825794
0.27406437639963244	0.7259356236003676
0.010782434996041368	0.9892175650039586
0.3457324198179976	0.6542675801820024
0.12809635974224476	0.8719036402577552
0.03785415003968429	0.9621458499603157
0.02378263554121085	0.9762173644587891
0.3901113870310907	0.6098886129689093
0.054288337818013455	0.9457116621819865
0.020703188390590155	0.9792968116094098
0.5235142517465936	0.4764857482534064
0.004081769717215522	0.9959182302827845
0.014810641914984823	0.9851893580850152
0.540489180419731	0.45951081958026896
0.2420455158170628	0.7579544841829372
0.4455496437119355	0.5544503562880645
0.6279756078325532	0.37202439216744676
0.12803480062568628	0.8719651993743137
0.45481861411285196	0.545181385887148
0.0068098720266842605	0.9931901279733157
0.14132061733968804	0.858679382660312
0.028161713487704687	0.9718382865122953
0.12121311503565124	0.8787868849643488
0.07195287853411703	0.928047121465883
0.016355094125002467	0.9836449058749975
0.13448590071715338	0.8655140992828466
0.01874029571454472	0.9812597042854553
0.08264673321025107	0.9173532667897489
0.7355804005225964	0.26441959947740357
0.20594729493335007	0.7940527050666499
0.207589611785997	0.792410388214003
0.06087220116955849	0.9391277988304415
0.28900802045490215	0.7109919795450979
0.4266398124391674	0.5733601875608326
0.11921145723039617	0.8807885427696038
0.567856182249307	0.432143817750693
0.5585393763137833	0.44146062368621675
0.6427894717327626	0.3572105282672374
0.5222136416537589	0.47778635834624106
0.3381438629146508	0.6618561370853492
0.26468496367660943	0.7353150363233906
0.040753603908825875	0.9592463960911741
0.3309951546370843	0.6690048453629157
0.6992333404430041	0.3007666595569959
0.5603010816860042	0.43969891831399577
0.5467061732042245	0.45329382679577546
0.13228723616659366	0.8677127638334063
0.011381354860732662	0.9886186451392673
0.4253237369149636	0.5746762630850364
0.6431510399468702	0.3568489600531298
0.6316729733370195	0.36832702666298045
0.5076764972525074	0.4923235027474926
0.023323679490833693	0.9766763205091663
0.6715735611407148	0.32842643885928524
0.22177734511644798	0.778222654883552
0.522875129947026	0.477124870052974
0.14109200295947888	0.8589079970405211
0.6574036828545385	0.34259631714546146
0.1109988216709521	0.8890011783290479
0.015103324430253973	0.984896675569746
0.5833905797118942	0.41660942028810577
0.39426181500831736	0.6057381849916826
0.2585899289023227	0.7414100710976773
0.664987428853763	0.33501257114623695
0.4915403148183518	0.5084596851816482
0.5059968967593054	0.49400310324069463
0.10237001293656589	0.8976299870634341
0.0043004237687858105	0.9956995762312142
0.3749191701698358	0.6250808298301642
0.035493039364601575	0.9645069606353984
0.5840750210764245	0.4159249789235755
0.03975920637023256	0.9602407936297674
0.008643480005065318	0.9913565199949347
0.019926926559943325	0.9800730734400567
0.6796337454832887	0.3203662545167113
0.005453229856485331	0.9945467701435147
0.39112819117188824	0.6088718088281118
0.02360799476368791	0.9763920052363121
0.7974526782624405	0.20254732173755946
0.16912757894495312	0.8308724210550469
0.49680675878841385	0.5031932412115862
0.3044411889268732	0.6955588110731268
0.65459756986945	0.34540243013055005
0.16661420894215484	0.8333857910578452
0.11206089505652572	0.8879391049434743
0.023888386555795837	0.9761116134442042
0.05684658038844981	0.9431534196115502
0.5956073419668969	0.4043926580331031
0.2894912395593805	0.7105087604406195
0.04044377553365164	0.9595562244663484
0.30182259880636486	0.6981774011936351
0.36477008852764115	0.6352299114723589
0.20154980846275816	0.7984501915372418
0.1565038172255262	0.8434961827744738
0.014275719460693281	0.9857242805393067
0.36091992204054446	0.6390800779594555
0.2024891691694647	0.7975108308305353
0.7467485717759159	0.25325142822408414
0.3721915560995005	0.6278084439004995
0.013370958131204813	0.9866290418687952
0.41285559057343824	0.5871444094265618
0.5236331756430955	0.4763668243569045
0.3157699940416906	0.6842300059583094
0.6736075398452351	0.32639246015476486
0.3626284360935703	0.6373715639064297
0.17680961381239824	0.8231903861876018
0.45818102840989705	0.541818971590103
0.667639428155858	0.3323605718441421
0.16616536722926667	0.8338346327707333
0.002242658612777726	0.9977573413872223
0.05567522451758755	0.9443247754824124
0.5532477454313505	0.4467522545686495
0.09733976649297027	0.9026602335070297
0.44984158924253737	0.5501584107574626
0.7083430188806548	0.29165698111934524
0.036463959538426405	0.9635360404615736
0.0187583013550916	0.9812416986449084
0.12280009626495003	0.87719990373505
0.2785653135006039	0.7214346864993961
0.28678840769926417	0.7132115923007358
0.03447611655938143	0.9655238834406186
0.13392843084586015	0.8660715691541399
0.2412125809722967	0.7587874190277033
0.3855660613091416	0.6144339386908584
0.005562241067389895	0.9944377589326101
0.7403231600757473	0.2596768399242527
0.4520285177442718	0.5479714822557282
0.09380284697905528	0.9061971530209447
0.5832182473048528	0.4167817526951472
0.5302312275664978	0.4697687724335022
0.6441916232313585	0.3558083767686416
0.3583842577319305	0.6416157422680695
0.16817489021916043	0.8318251097808396
0.020055474361458714	0.9799445256385413
0.6154365596853442	0.3845634403146559
0.015895853380542224	0.9841041466194578
0.6957608568728162	0.30423914312718386
0.040481456839440266	0.9595185431605597
0.35619154318869795	0.643808456811302
0.02725662105482285	0.9727433789451772
0.12007407522183344	0.8799259247781666
0.03941370200052585	0.9605862979994741
0.5420416968385999	0.4579583031614001
0.04614598996017305	0.953854010039827
0.5231514881382222	0.47684851186177774
0.3424293081637184	0.6575706918362816
0.7425376064310786	0.2574623935689214
0.5137582479121359	0.4862417520878642
0.3749399746368811	0.6250600253631189
0.0648415667720934	0.9351584332279066
0.5958314368412767	0.40416856315872324
0.06924418149593503	0.930755818504065
0.09732695678938552	0.9026730432106145
0.14577072168304506	0.8542292783169549
0.06483183229754141	0.9351681677024586
0.673430742496252	0.32656925750374793
0.20850101437080648	0.7914989856291935
0.18807472058996544	0.8119252794100346
0.16106922237058274	0.8389307776294173
0.15709981220102354	0.8429001877989765
0.4626670230503497	0.5373329769496503
0.4209736070752911	0.5790263929247089
0.48023764051625906	0.5197623594837409
0.4121952775783251	0.5878047224216749
0.2063424380235317	0.7936575619764683
0.7045944176036757	0.2954055823963243
0.12596562922995302	0.874034370770047
0.009653261488831832	0.9903467385111682
0.4655316213710372	0.5344683786289628
0.05883154240335553	0.9411684575966445
0.04791633339781198	0.952083666602188
0.39258233485855176	0.6074176651414482
0.5174780597560314	0.48252194024396855
0.3717135384754334	0.6282864615245666
0.1732253652378738	0.8267746347621262
0.050951359378640815	0.9490486406213592
0.3680500385699622	0.6319499614300378
0.2008417372078385	0.7991582627921615
0.010704180741758273	0.9892958192582417
0.15303963561956813	0.8469603643804319
0.11972710052492297	0.880272899475077
0.27031054590458814	0.7296894540954119
0.25598609459816	0.74401390540184
0.5057160487105825	0.4942839512894175
0.18986126799532077	0.8101387320046792
0.3007872853280933	0.6992127146719067
0.45715437376751555	0.5428456262324844
0.037212642477340685	0.9627873575226593
0.6954350842819034	0.30456491571809663
0.4434727393239062	0.5565272606760938
0.39841294849533837	0.6015870515046616
0.5961979554672144	0.40380204453278556
0.4080659850806603	0.5919340149193397
0.6970626308440283	0.3029373691559717
0.0750930441203701	0.9249069558796299
0.4140099022102167	0.5859900977897833
0.29408575563322503	0.705914244366775
0.5139780601586684	0.4860219398413316
0.1499781822441203	0.8500218177558797
0.5226750147048472	0.47732498529515277
0.14554396901060496	0.854456030989395
0.34803179582250965	0.6519682041774904
0.2303960600460364	0.7696039399539636
0.012817291318614088	0.9871827086813859
0.40940286780352264	0.5905971321964774
0.16034554301121784	0.8396544569887822
0.1251865009800518	0.8748134990199482
0.7043267755814749	0.29567322441852506
0.6031774636398044	0.3968225363601956
0.5361788824465541	0.4638211175534459
0.12615365819382096	0.873846341806179
0.7240322623839519	0.2759677376160481
0.028228746243337377	0.9717712537566626
0.2656307916048267	0.7343692083951733
0.15045769420768573	0.8495423057923143
0.45578182138484447	0.5442181786151555
0.11597028844174484	0.8840297115582552
0.03884377027509467	0.9611562297249053
0.17366441667916555	0.8263355833208345
0.6619946889694394	0.33800531103056064
0.5656146152836463	0.4343853847163537
0.12589321223432226	0.8741067877656777
0.5818050819463004	0.41819491805369957
0.23334101287705578	0.7666589871229442
0.0845300298428251	0.9154699701571749
0.5965900240655022	0.4034099759344978
0.41251655723499014	0.5874834427650099
0.04190016977700761	0.9580998302229924
0.619131195054354	0.380868804945646
0.010845265619284228	0.9891547343807158
0.3097735121352311	0.6902264878647689
0.17352253928699402	0.826477460713006
0.1993612067212568	0.8006387932787432
0.5030172801692088	0.49698271983079123
0.3987714764622722	0.6012285235377278
0.09736503053055257	0.9026349694694474
0.5360570596710268	0.4639429403289732
0.019388597881374037	0.980611402118626
0.5470929931976881	0.4529070068023119
0.6925028669251999	0.3074971330748001
0.7052856604130262	0.2947143395869738
0.01483221862807571	0.9851677813719243
6.515616876845431E-5	0.9999348438312315
0.22972073479274957	0.7702792652072504
0.016895323275050722	0.9831046767249493
0.05170748050043883	0.9482925194995612
0.5752902910033655	0.4247097089966345
0.20601781656013352	0.7939821834398665
0.04110702348801765	0.9588929765119824
0.013897188349032308	0.9861028116509677
0.723587661705447	0.27641233829455303
0.01255566884930348	0.9874443311506965
0.39693515072524865	0.6030648492747513
0.001587295873656358	0.9984127041263436
0.2895792400801859	0.7104207599198141
0.26228860163961565	0.7377113983603844
0.36341329229822283	0.6365867077017772
0.009375743571021444	0.9906242564289786
0.33667623720511364	0.6633237627948864
0.5508852615681106	0.44911473843188937
0.6899590261561674	0.3100409738438326
0.3724329140703767	0.6275670859296233
0.576557913224861	0.4234420867751389
0.09485919916169738	0.9051408008383026
0.23422560798767234	0.7657743920123277
0.10343641474360799	0.896563585256392
0.5635100275589564	0.43648997244104365
0.010902069516966262	0.9890979304830337
0.15606283221670347	0.8439371677832965
0.7386971916807596	0.2613028083192404
0.41552438339554265	0.5844756166044573
0.12814121246774468	0.8718587875322553
0.6977980198501845	0.30220198014981553
0.03159695665376816	0.9684030433462318
0.12844895469078044	0.8715510453092196
0.3086978035830117	0.6913021964169883
0.2206888702915485	0.7793111297084515
0.4306924766874153	0.5693075233125847
0.011072621489686796	0.9889273785103132
0.571365989786653	0.42863401021334707
0.45169477021910476	0.5483052297808952
0.03195338498352063	0.9680466150164794
0.41906497817958155	0.5809350218204185
0.7465975366900501	0.2534024633099499
0.665145419666392	0.334854580333608
0.6725083146977364	0.32749168530226364
0.02267038312289249	0.9773296168771075
0.11899333254867372	0.8810066674513263
0.012524560222004655	0.9874754397779953
0.2144066608812929	0.7855933391187071
0.09015253988701255	0.9098474601129874
0.2821472429272658	0.7178527570727342
0.01792887434651691	0.9820711256534831
0.06939907263540845	0.9306009273645915
0.6279277789938302	0.3720722210061697
0.07365858992799257	0.9263414100720074
0.11502192772136821	0.8849780722786318
0.5405435232336	0.45945647676640006
0.041443143142147365	0.9585568568578526
0.030956925769304422	0.9690430742306956
0.7389285549123639	0.2610714450876361
0.17111764880112312	0.8288823511988769
0.6817639545522007	0.3182360454477993
0.055855827268789016	0.944144172731211
0.03324645353622968	0.9667535464637703
0.32932758127703776	0.6706724187229622
0.12849372139299242	0.8715062786070076
0.026056968729861962	0.973943031270138
0.13977662394183143	0.8602233760581686
0.018498022332606334	0.9815019776673937
0.12163564094448154	0.8783643590555185
0.09268636426090715	0.9073136357390928
0.6454698743871359	0.35453012561286407
0.32487558851301	0.67512441148699
0.5562461971020072	0.44375380289799277
0.1115464437265371	0.8884535562734629
0.031458637192341765	0.9685413628076582
0.001509939315815556	0.9984900606841844
0.35297066120552845	0.6470293387944716
0.6408030498303885	0.35919695016961156
0.47514047941606075	0.5248595205839393
0.182988716643109	0.817011283356891
0.7124230950654687	0.28757690493453125
0.017467617974991523	0.9825323820250085
0.025279594751718593	0.9747204052482814
0.5774778149008142	0.42252218509918577
0.42659516999054914	0.5734048300094509
0.08150384193575799	0.918496158064242
0.5517729317889728	0.44822706821102715
0.1781098594176781	0.8218901405823219
0.5041258753144562	0.49587412468554376
0.12147326728567087	0.8785267327143291
0.007002810801487014	0.992997189198513
0.34768081082983104	0.652319189170169
0.6538239863227675	0.34617601367723255
0.6932432495823448	0.30675675041765516
0.4194853353272726	0.5805146646727274
0.0391448668209301	0.9608551331790699
0.5888147951665184	0.4111852048334817
0.2940642083123498	0.7059357916876502
0.6580167796722549	0.34198322032774503
0.5589427366121285	0.4410572633878715
0.2923938882699093	0.7076061117300907
0.3733826054179975	0.6266173945820025
0.18206251752814906	0.8179374824718509
0.44676567319591	0.55323432680409
0.5341319531013693	0.46586804689863076
0.3963605775506921	0.6036394224493079
0.4155593145877202	0.5844406854122798
0.24647144167524015	0.7535285583247598
0.040984762305180444	0.9590152376948196
0.45683509474423445	0.5431649052557656
0.12198543695264208	0.8780145630473579
0.12336735591992476	0.8766326440800752
0.021144014911246622	0.9788559850887534
0.041949787031189345	0.9580502129688107
0.5256432681317138	0.47435673186828625
0.5003384203991716	0.4996615796008283
0.302815595738115	0.697184404261885
0.32699549539877437	0.6730045046012256
0.5873461082792257	0.4126538917207742
0.012694447840863599	0.9873055521591364
0.04342014046637577	0.9565798595336242
0.022068051075916917	0.9779319489240831
0.15036398382190574	0.8496360161780943
0.30480288787001275	0.6951971121299872
0.019174417415756317	0.9808255825842437
0.010940994187283892	0.9890590058127161
0.01547336766722629	0.9845266323327737
0.21887038940361858	0.7811296105963814
0.1027178041448763	0.8972821958551237
0.6838003449743395	0.31619965502566055
0.5740540791974775	0.4259459208025225
0.2346654417101547	0.7653345582898453
0.3148918777491405	0.6851081222508595
0.49530831808915987	0.5046916819108401
0.706454418932726	0.2935455810672741
0.5001063743283947	0.4998936256716054
0.0972550927432504	0.9027449072567496
0.28268224047362156	0.7173177595263784
0.648048448149029	0.351951551850971
0.3615534456673216	0.6384465543326784
0.7391499146081753	0.2608500853918248
0.3003483658581644	0.6996516341418356
0.2518348978045364	0.7481651021954636
0.5712984558749175	0.4287015441250826
0.30090745502238947	0.6990925449776105
0.14822259871605725	0.8517774012839427
0.03228627013444263	0.9677137298655574
0.1451220046940287	0.8548779953059713
0.554342297102425	0.44565770289757495
0.0534042569657307	0.9465957430342693
0.36785854610419855	0.6321414538958015
0.35691444531696626	0.6430855546830337
0.3293563651163762	0.6706436348836238
0.012795416897290912	0.9872045831027091
0.20102542461529593	0.7989745753847041
0.15534370510250306	0.8446562948974969
0.19571913381863093	0.8042808661813691
0.31160920155146954	0.6883907984485305
0.4368091563334814	0.5631908436665186
0.04802444558557151	0.9519755544144285
0.13684004434295793	0.8631599556570421
0.1775770448481243	0.8224229551518757
0.5184622472378719	0.481537752762128
0.6122628524929321	0.38773714750706784
0.08320916358170605	0.916790836418294
0.760142614312433	0.23985738568756693
0.24822579823337299	0.751774201766627
0.15815810697678334	0.8418418930232167
0.09529457920601836	0.9047054207939816
0.09349282258041125	0.9065071774195887
0.46293230356050363	0.5370676964394964
0.6900946276427098	0.30990537235729027
0.15862701657063594	0.8413729834293641
0.4978684924077311	0.5021315075922689
0.05731646352732367	0.9426835364726763
0.2828064527691744	0.7171935472308256
0.0605562283770712	0.9394437716229288
0.0975039065707678	0.9024960934292322
0.029554767583794828	0.9704452324162052
0.3578742958682256	0.6421257041317744
0.6303591069352581	0.36964089306474196
0.09312147681773453	0.9068785231822655
0.03249898335189261	0.9675010166481074
0.08266805299944047	0.9173319470005595
0.4452559367372323	0.5547440632627677
0.0021035416449917133	0.9978964583550083
0.5849205604698904	0.4150794395301097
0.5833678501524413	0.41663214984755864
0.6495257063358415	0.35047429366415844
0.11429590352164698	0.885704096478353
0.1736198060381725	0.8263801939618275
0.443964210782798	0.556035789217202
0.10275513072983189	0.8972448692701681
0.7101732519931789	0.2898267480068211
0.6281328429099655	0.37186715709003443
0.024695308472602484	0.9753046915273975
0.31320511405493423	0.6867948859450658
0.7501907907728111	0.2498092092271889
0.7653152684405435	0.23468473155945652
0.37426283446612174	0.6257371655338783
0.07036675091113576	0.9296332490888642
0.6104925620685644	0.38950743793143566
0.1519992145268937	0.8480007854731063
0.46736621425657476	0.5326337857434252
0.6738523823055171	0.3261476176944829
0.1192156823784194	0.8807843176215806
0.39646569997494774	0.6035343000250523
0.04177171195962659	0.9582282880403734
0.10515071600513026	0.8948492839948697
0.0194118865527122	0.9805881134472878
0.010037357912519917	0.9899626420874801
0.3126399380633932	0.6873600619366068
0.07926412978407005	0.92073587021593
0.3038764359045004	0.6961235640954996
0.6115206134349797	0.38847938656502035
0.08741229912572335	0.9125877008742767
0.08475595786372647	0.9152440421362735
0.425746943122548	0.574253056877452
0.18291730430330233	0.8170826956966977
0.014149373568438373	0.9858506264315616
0.6161995561257182	0.3838004438742818
0.7318690014874343	0.2681309985125657
0.623449480087198	0.376550519912802
0.009161980573404005	0.990838019426596
0.242015446500635	0.757984553499365
0.45445777133756327	0.5455422286624367
0.01282900890314198	0.987170991096858
0.7373619344220496	0.26263806557795044
0.008465578013321151	0.9915344219866788
0.7022921606923429	0.2977078393076571
0.5172993356676703	0.4827006643323297
0.2731507995471578	0.7268492004528422
0.040365365685319565	0.9596346343146804
0.21824707326784987	0.7817529267321501
0.7243417538176296	0.27565824618237045
0.0022511247467418283	0.9977488752532582
0.13640631310778284	0.8635936868922172
0.6173325805067122	0.38266741949328775
0.029891062468868856	0.9701089375311311
0.4262984393034783	0.5737015606965217
0.008413592838574235	0.9915864071614258
0.021476029269258623	0.9785239707307414
0.10098706731096163	0.8990129326890384
0.6876626378008812	0.3123373621991188
0.051956815657719035	0.948043184342281
0.494092445335397	0.505907554664603
0.0602071219756144	0.9397928780243856
0.029439918375927743	0.9705600816240723
0.01833407756574812	0.9816659224342519
0.1452627677849856	0.8547372322150144
0.09777041674424569	0.9022295832557543
0.6341769431562146	0.36582305684378535
0.455340382779607	0.544659617220393
0.46486198278673707	0.5351380172132629
0.5793468963317783	0.42065310366822173
0.05897496607465191	0.9410250339253481
0.233876261138817	0.766123738861183
0.34625327637808145	0.6537467236219185
0.2967669233646417	0.7032330766353583
0.24455968038387188	0.7554403196161281
0.5297713968306291	0.4702286031693709
0.3871879126065314	0.6128120873934686
0.4799993324184548	0.5200006675815452
0.04309289740993827	0.9569071025900617
0.1327340355699309	0.8672659644300691
0.1473852122424273	0.8526147877575727
0.022255724942442212	0.9777442750575578
0.011818806398409265	0.9881811936015907
0.38587231271198474	0.6141276872880153
0.4761089415229379	0.5238910584770621
0.03670840591992908	0.9632915940800709
0.3519201656802994	0.6480798343197006
0.2673028585291254	0.7326971414708746
0.3125819850787933	0.6874180149212067
0.17338392910423728	0.8266160708957627
0.013630423591677987	0.986369576408322
0.014002863636423779	0.9859971363635762
0.4775857532273561	0.5224142467726439
0.005216474200443244	0.9947835257995568
0.2557954453204	0.7442045546796
0.5494041013925954	0.4505958986074046
0.06125967195356663	0.9387403280464334
0.06784986301890239	0.9321501369810976
0.6989901741455979	0.301009825854402
0.10701181081969446	0.8929881891803055
0.28443007571853407	0.7155699242814659
0.0031709510262006857	0.9968290489737993
0.528005737300189	0.471994262699811
0.7581366898847428	0.24186331011525714
0.6124708948826401	0.3875291051173599
0.010683407143512125	0.9893165928564879
0.37495674902216125	0.6250432509778387
0.0650941941850991	0.9349058058149009
0.0017769492099695139	0.9982230507900305
0.10851562988467878	0.8914843701153212
0.549629822925708	0.4503701770742921
0.2286869164159514	0.7713130835840486
0.3143320468509119	0.6856679531490881
0.0823010755178466	0.9176989244821534
0.30044038938131756	0.6995596106186824
0.6669591981918035	0.33304080180819645
0.5672394105456773	0.43276058945432266
0.33910052004686353	0.6608994799531365
0.7369947318478942	0.26300526815210584
0.13911639087476024	0.8608836091252398
0.11560028920951626	0.8843997107904837
0.4320177236105487	0.5679822763894513
0.2382006580077768	0.7617993419922232
0.5813403356234057	0.41865966437659424
0.5333770890045264	0.46662291099547354
0.036291548403673324	0.9637084515963267
0.35639495293905776	0.6436050470609422
0.7370304907116143	0.26296950928838564
0.7288861726262508	0.2711138273737493
0.7549289935825657	0.24507100641743432
0.08754583970768626	0.9124541602923137
0.5292273730750877	0.4707726269249123
0.09389485203814085	0.9061051479618591
0.021429882167030123	0.9785701178329699
0.6089840756817537	0.3910159243182463
0.6099637240539096	0.39003627594609036
0.7062480684077531	0.2937519315922469
0.09802577733024931	0.9019742226697507
0.7828327103239541	0.21716728967604595
0.6669655945857588	0.33303440541424123
0.1874922412063298	0.8125077587936702
0.04988174129442979	0.9501182587055702
0.7142199266370404	0.28578007336295963
8.263566958115476E-4	0.9991736433041885
0.00973141042618153	0.9902685895738185
0.0012309645615646847	0.9987690354384353
0.5882995819557512	0.41170041804424884
0.643564940522947	0.356435059477053
0.3790379855672863	0.6209620144327137
0.20670414627800104	0.793295853721999
0.28211123528266535	0.7178887647173346
0.27804466859764165	0.7219553314023583
0.5958674384387994	0.4041325615612006
0.0024640362505330415	0.997535963749467
0.11583462090921037	0.8841653790907896
0.18487975143937185	0.8151202485606281
0.07661831499592053	0.9233816850040795
0.4851039700349924	0.5148960299650076
0.4292614330325828	0.5707385669674172
0.14551004215569163	0.8544899578443084
0.008668789010971567	0.9913312109890284
0.0060857683669183205	0.9939142316330817
0.06651858000707	0.93348141999293
0.14124816544360452	0.8587518345563955
0.6353251755682868	0.3646748244317132
0.027890968234320468	0.9721090317656795
0.3828499844275459	0.6171500155724541
0.39813591971431816	0.6018640802856818
0.08913866615839494	0.9108613338416051
0.6944985350204324	0.30550146497956765
0.014569313896037217	0.9854306861039628
0.1855948588375238	0.8144051411624762
0.09427774147529422	0.9057222585247058
0.25994594177572017	0.7400540582242798
0.621568984928404	0.37843101507159604
0.5185671821069227	0.48143281789307735
0.4261665372924346	0.5738334627075654
0.008235376746221212	0.9917646232537788
0.08398181375294733	0.9160181862470527
0.4636456328221247	0.5363543671778753
0.36080610149282955	0.6391938985071705
0.13206120436362434	0.8679387956363757
0.01436095319303543	0.9856390468069646
0.444493291594947	0.555506708405053
0.017670330230107445	0.9823296697698926
0.602034138601826	0.397965861398174
0.07200566296024158	0.9279943370397584
0.12339722865407798	0.876602771345922
0.004376188345104892	0.9956238116548951
0.5636901579512641	0.4363098420487359
0.08224733151109953	0.9177526684889005
0.1533778331969734	0.8466221668030266
0.2109798620918505	0.7890201379081495
0.7429620482283337	0.2570379517716664
0.7085167774986977	0.2914832225013023
0.027187524022798004	0.972812475977202
0.012374075596586098	0.9876259244034139
0.01007650703923979	0.9899234929607602
0.5103978340698909	0.4896021659301091
0.014125898394003356	0.9858741016059966
0.002878050840016466	0.9971219491599835
0.15796159805884724	0.8420384019411528
0.6840005163786403	0.31599948362135966
0.6325276602714642	0.36747233972853577
0.14851751837623872	0.8514824816237613
0.5405643195784747	0.45943568042152527
0.12477586994860224	0.8752241300513978
0.24113293742805897	0.758867062571941
0.11532303780514652	0.8846769621948535
0.007595472322697083	0.9924045276773029
0.4498179506665555	0.5501820493334445
0.6564910607095027	0.3435089392904973
0.03264922874889986	0.9673507712511001
0.6593866549990931	0.3406133450009069
0.32801078223704383	0.6719892177629562
0.2477694965870484	0.7522305034129516
0.1699422026658287	0.8300577973341713
0.36839821812053597	0.631601781879464
0.18415203245014278	0.8158479675498572
0.7007172614309124	0.2992827385690876
0.45753093502033393	0.5424690649796661
0.11533729869985987	0.8846627013001401
0.2797085212668474	0.7202914787331526
0.5434189260562421	0.4565810739437579
0.3104965252958768	0.6895034747041232
0.48842970766428373	0.5115702923357163
0.32813178973110724	0.6718682102688928
0.2749909562199685	0.7250090437800315
0.4785568885630759	0.5214431114369241
