1 1.0
2 1.0
3 1.0
4 1.0
5 1.0
6 1.0
7 1.0
8 1.0
9 1.0
10 1.0
11 1.0
12 1.0
13 1.0
14 1.0
15 1.0
16 1.0
17 1.0
18 1.0
19 1.0
20 1.0
21 1.0
22 1.0
23 1.0
24 1.0
25 1.0
26 1.0
27 1.0
28 1.0
29 1.0
30 1.0
31 1.0
32 1.0
33 1.0
34 1.0
35 0.9714285714285714
36 0.9722222222222222
37 0.972972972972973
38 0.9473684210526315
39 0.9487179487179487
40 0.95
41 0.9512195121951219
42 0.9285714285714286
43 0.9302325581395349
44 0.9318181818181818
45 0.9333333333333333
46 0.9347826086956522
47 0.9148936170212766
48 0.8958333333333334
49 0.8979591836734694
50 0.9
51 0.8823529411764706
52 0.8653846153846154
53 0.8679245283018868
54 0.8703703703703703
55 0.8727272727272727
56 0.8571428571428571
57 0.8596491228070176
58 0.8620689655172413
59 0.864406779661017
60 0.8666666666666667
61 0.8688524590163934
62 0.8709677419354839
63 0.873015873015873
64 0.859375
65 0.8615384615384616
66 0.8636363636363636
67 0.8656716417910447
68 0.8529411764705882
69 0.855072463768116
70 0.8428571428571429
71 0.8309859154929577
72 0.8333333333333334
73 0.8356164383561644
74 0.8243243243243243
75 0.8133333333333334
76 0.8157894736842105
77 0.8051948051948052
78 0.7948717948717948
79 0.7848101265822784
80 0.775
81 0.7654320987654321
82 0.7682926829268293
83 0.7590361445783133
84 0.75
85 0.7411764705882353
86 0.7441860465116279
87 0.7471264367816092
88 0.75
89 0.7415730337078652
90 0.7333333333333333
91 0.7252747252747253
92 0.7282608695652174
93 0.7311827956989247
94 0.7340425531914894
95 0.7368421052631579
96 0.7395833333333334
