1 1.0
2 1.0
3 1.0
4 1.0
5 1.0
6 1.0
7 1.0
8 1.0
9 1.0
10 1.0
11 1.0
12 1.0
13 1.0
14 1.0
15 1.0
16 1.0
17 1.0
18 1.0
19 1.0
20 0.95
21 0.9523809523809523
22 0.9545454545454546
23 0.9565217391304348
24 0.9583333333333334
25 0.96
26 0.9615384615384616
27 0.9629629629629629
28 0.9642857142857143
29 0.9655172413793104
30 0.9666666666666667
31 0.967741935483871
32 0.96875
33 0.9696969696969697
34 0.9705882352941176
35 0.9714285714285714
36 0.9722222222222222
37 0.9459459459459459
38 0.9473684210526315
39 0.9487179487179487
40 0.95
41 0.9512195121951219
42 0.9523809523809523
43 0.9534883720930233
44 0.9545454545454546
45 0.9555555555555556
46 0.9565217391304348
47 0.9574468085106383
48 0.9375
49 0.9387755102040817
50 0.94
51 0.9411764705882353
52 0.9230769230769231
53 0.9056603773584906
54 0.9074074074074074
55 0.9090909090909091
56 0.8928571428571429
57 0.8771929824561403
58 0.8793103448275862
59 0.8813559322033898
60 0.8833333333333333
61 0.8688524590163934
62 0.8709677419354839
63 0.873015873015873
64 0.875
65 0.8615384615384616
66 0.8484848484848485
67 0.8507462686567164
68 0.8382352941176471
69 0.8405797101449275
70 0.8428571428571429
71 0.8309859154929577
72 0.8333333333333334
73 0.821917808219178
74 0.8108108108108109
75 0.8
76 0.7894736842105263
77 0.7792207792207793
78 0.7692307692307693
79 0.7721518987341772
80 0.7625
81 0.7654320987654321
82 0.7560975609756098
83 0.7469879518072289
84 0.7380952380952381
85 0.7411764705882353
86 0.7325581395348837
87 0.7241379310344828
88 0.7159090909090909
89 0.7191011235955056
90 0.7111111111111111
91 0.7032967032967034
92 0.6956521739130435
93 0.6881720430107527
94 0.6808510638297872
95 0.6736842105263158
96 0.6666666666666666
97 0.6597938144329897
98 0.6530612244897959
99 0.6464646464646465
100 0.64
101 0.6336633663366337
102 0.6274509803921569
103 0.6213592233009708
104 0.6153846153846154
105 0.6095238095238096
106 0.6037735849056604
107 0.5981308411214953
108 0.5925925925925926
109 0.5871559633027523
110 0.5818181818181818
111 0.5765765765765766
112 0.5714285714285714
113 0.5663716814159292
114 0.5614035087719298
115 0.5565217391304348
116 0.5517241379310345
117 0.5470085470085471
118 0.5423728813559322
119 0.5378151260504201
120 0.5333333333333333
121 0.5289256198347108
122 0.5245901639344263
123 0.5203252032520326
124 0.5161290322580645
125 0.512
126 0.5079365079365079
127 0.5039370078740157
128 0.5
129 0.49612403100775193
130 0.49230769230769234
131 0.48854961832061067
132 0.48484848484848486
133 0.48120300751879697
134 0.47761194029850745
135 0.4740740740740741
136 0.47058823529411764
137 0.46715328467153283
138 0.463768115942029
139 0.460431654676259
140 0.45714285714285713
141 0.45390070921985815
142 0.4507042253521127
143 0.44755244755244755
144 0.4444444444444444
145 0.4413793103448276
146 0.4383561643835616
147 0.43537414965986393
148 0.43243243243243246
149 0.42953020134228187
150 0.4266666666666667
151 0.423841059602649
152 0.42105263157894735
153 0.41830065359477125
154 0.4155844155844156
155 0.4129032258064516
156 0.41025641025641024
157 0.40764331210191085
158 0.4050632911392405
159 0.4025157232704403
160 0.4
161 0.39751552795031053
162 0.3950617283950617
163 0.39263803680981596
164 0.3902439024390244
165 0.3878787878787879
166 0.3855421686746988
167 0.38323353293413176
168 0.38095238095238093
169 0.378698224852071
170 0.3764705882352941
171 0.3742690058479532
172 0.37209302325581395
173 0.3699421965317919
174 0.367816091954023
175 0.3657142857142857
176 0.36363636363636365
177 0.3615819209039548
178 0.3595505617977528
179 0.3575418994413408
180 0.35555555555555557
181 0.35359116022099446
182 0.3516483516483517
183 0.34972677595628415
184 0.34782608695652173
185 0.34594594594594597
186 0.34946236559139787
