1 1.0
2 1.0
3 1.0
4 1.0
5 1.0
6 1.0
7 1.0
8 1.0
9 1.0
10 1.0
11 1.0
12 1.0
13 1.0
14 1.0
15 1.0
16 1.0
17 1.0
18 1.0
19 1.0
20 1.0
21 0.9523809523809523
22 0.9545454545454546
23 0.9565217391304348
24 0.9166666666666666
25 0.92
26 0.9230769230769231
27 0.9259259259259259
28 0.9285714285714286
29 0.9310344827586207
30 0.9333333333333333
31 0.9354838709677419
32 0.9375
33 0.9393939393939394
34 0.9411764705882353
35 0.9428571428571428
36 0.9166666666666666
37 0.918918918918919
38 0.8947368421052632
39 0.8974358974358975
40 0.9
41 0.9024390243902439
42 0.9047619047619048
43 0.8837209302325582
44 0.8863636363636364
45 0.8666666666666667
46 0.8478260869565217
47 0.851063829787234
48 0.8541666666666666
49 0.8367346938775511
50 0.84
51 0.8431372549019608
52 0.8461538461538461
53 0.8490566037735849
54 0.8518518518518519
55 0.8545454545454545
56 0.8571428571428571
57 0.8596491228070176
58 0.8448275862068966
59 0.847457627118644
60 0.8333333333333334
61 0.8360655737704918
62 0.8225806451612904
63 0.8095238095238095
64 0.8125
65 0.8153846153846154
66 0.8181818181818182
67 0.8059701492537313
68 0.8088235294117647
69 0.7971014492753623
70 0.8
71 0.8028169014084507
72 0.7916666666666666
73 0.7808219178082192
74 0.7702702702702703
75 0.7733333333333333
76 0.7631578947368421
77 0.7532467532467533
78 0.7564102564102564
79 0.759493670886076
80 0.7625
81 0.7530864197530864
82 0.7439024390243902
83 0.7349397590361446
84 0.7261904761904762
85 0.7176470588235294
86 0.7093023255813954
87 0.7011494252873564
88 0.6931818181818182
89 0.6853932584269663
90 0.6777777777777778
91 0.6703296703296703
92 0.6630434782608695
93 0.6666666666666666
94 0.6595744680851063
95 0.6526315789473685
96 0.6458333333333334
97 0.6391752577319587
98 0.6326530612244898
99 0.6262626262626263
100 0.62
101 0.6138613861386139
102 0.6078431372549019
103 0.6116504854368932
104 0.6057692307692307
105 0.6
106 0.5943396226415094
107 0.5887850467289719
108 0.5833333333333334
109 0.5871559633027523
110 0.5818181818181818
111 0.5855855855855856
112 0.5803571428571429
113 0.5752212389380531
114 0.5701754385964912
115 0.5652173913043478
116 0.5603448275862069
117 0.5555555555555556
118 0.5508474576271186
119 0.5462184873949579
120 0.5416666666666666
121 0.5371900826446281
122 0.5409836065573771
123 0.5365853658536586
124 0.532258064516129
125 0.528
126 0.5238095238095238
127 0.5196850393700787
128 0.515625
129 0.5116279069767442
130 0.5076923076923077
131 0.5038167938931297
132 0.5
133 0.49624060150375937
134 0.4925373134328358
135 0.4888888888888889
136 0.4852941176470588
137 0.48175182481751827
138 0.4782608695652174
139 0.4748201438848921
140 0.4714285714285714
141 0.46808510638297873
142 0.4647887323943662
143 0.46153846153846156
144 0.4583333333333333
145 0.45517241379310347
146 0.4520547945205479
147 0.4489795918367347
148 0.44594594594594594
149 0.4429530201342282
150 0.44666666666666666
151 0.44370860927152317
152 0.4407894736842105
153 0.4444444444444444
