0.1969826967593191	0.7963793060471184
0.0329797222763738	0.9670202777236262
0.2911420671057373	0.9300099762175423
0.3325570291253975	1.022932172979524
0.3169757285372157	1.1949675548848928
0.386554184552507	1.2270234675855118
0.33541059082286573	1.0072869269948974
0.08320508295139017	0.9167949170486098
0.2946641467142644	0.9143728665190921
0.08649619252854099	0.8013816762975532
0.0539989161891241	0.827405282862235
0.07568766433422883	0.9214812024270946
0.2757483330219613	0.8472098877462136
0.25137321303235505	1.2295299648666391
0.2625553139481046	0.878931079730056
0.16215517497314533	0.8324512088867929
0.2538608871143144	0.7635920060358005
0.11098930465286021	0.8274038791872407
0.011317592232290594	0.975560907971273
0.024433160314809542	0.8106907945849807
0.092311688544779	0.907688311455221
0.22259503401484132	0.7734356896879874
0.2774867447423448	1.2140246955097571
0.3068897993554804	0.9665703177077389
0.24972647474832266	0.7512509310044263
0.07778751568212634	0.6843236845242575
0.10488154005094619	0.8951184599490538
0.1892360701811011	0.8107639298188989
0.09234590530155519	0.3857628356813114
0.22552500900478217	0.713707003632512
0.2723091694258548	0.6629649914228622
0.2456443519057323	0.7543556480942677
0.07445439338723706	0.6669123879447734
0.18166750201706283	0.8161120322844022
0.0959933320201276	0.8365584110913991
0.021859961477208024	0.49491006516711067
0.4010283791859103	0.5989716208140897
0.3773914457912742	0.48478185772593535
0.4187428230033857	0.5812571769966143
0.14923495625023353	0.7081047205981881
0.29497518276378776	0.454304933702134
0.04882838601041288	0.7262517851538233
0.3503467963668603	0.6496532036331397
0.322946504557466	0.677053495442534
0.08133466290084113	0.5719697116961027
0.3420178686433809	0.4108681406539242
0.051007330749492326	0.8901251555903199
0.06489967165359631	0.9048943218860982
0.2791077036577947	0.563215919953679
0.24833679541925746	0.7516632045807425
0.19984279922998804	0.800157200770012
0.10739111984045124	0.8926088801595488
0.01901021287978577	0.9809897871202142
0.3985211712895961	1.436396170268339
0.27460835887063384	0.8465646585037132
0.30751679052639336	0.9544249370549338
0.2702862977929153	1.2599035648627954
0.10685954768172835	0.823409055951339
0.211407103064434	0.7643308855393903
0.30381071666011045	0.9548419439000339
0.16993516448115498	0.830064835518845
0.10706287044218843	0.8929371295578116
0.21856262423116868	0.7814373757688313
0.19202291533008484	0.8464225427042011
0.2573826868677878	0.772672339448993
0.06588665425354501	0.934113345746455
0.22442799033981053	0.8463699674985932
0.27506320934375805	1.2374884435940225
0.16331333929216335	0.8381850612883301
0.02561409075734078	0.9743859092426592
0.2729095560967774	0.8512318050055983
0.19010847338086917	0.807390655712783
0.14522980199618007	0.8547701980038199
0.3686005845765756	1.124810234880668
0.16149289841716621	0.8365033534379962
0.03550987617117152	0.9644901238288285
0.09983923097366182	0.46762275978089735
0.04118930246154485	0.4231571884402033
0.26274572968361287	0.6126836405353646
0.035067940941843845	0.9649320590581562
0.14789941194711886	0.8521005880528811
0.2444708299600704	0.7555291700399296
0.028537147293719044	0.5021189068813612
0.1762623492686917	0.6359387966627432
0.19839737820204317	0.8016026217979568
0.07367289874955796	0.926327101250442
0.14145160054590705	0.7484909497232254
0.4856186625859844	0.5143813374140156
0.5649343111228146	0.41762784570048095
0.16312602130711182	0.5811378342374347
0.1444248954644821	0.3443987234902982
0.18904703935000677	0.8109529606499932
0.01868844576739226	0.9813115542326077
0.428440572846171	0.5007056206622498
0.355667266805173	0.644332733194827
0.5284733977685026	0.47152660223149745
0.11280020295169566	0.48332206415531653
0.09982376960917394	0.9001762303908261
0.20433536681638237	0.7354316798120955
0.18270937376357776	0.8172906262364222
0.35391913289996607	1.0719098177258022
0.02840600847217023	0.9715939915278298
0.21625727880242998	0.7795824168793483
0.03437950796789957	0.9656204920321004
0.08890612833808051	0.9176579898285322
0.14247434404824988	0.8575256559517501
0.2581435024353356	0.9544708944257677
0.22454308557386726	0.8321537900677061
0.07642477204162895	0.893432789374193
0.13627748923709726	0.8637225107629027
0.017619770426634495	0.8321267072988321
0.28772547348813604	0.870176603353555
0.07955964295179574	0.9204403570482043
0.19530518203239972	0.8238080540322913
0.19193199702489494	0.8080680029751051
0.2666298428150587	0.9251997029756881
0.007874405795220696	0.9921255942047793
0.17887151169969662	0.8211284883003034
0.33546600166473534	1.104992543128171
0.020879645452723222	0.9704370446785332
0.26199986516644447	0.9329264855844082
0.4092641143808076	1.24503606554757
0.18021300635135426	0.8620817406795712
0.2500813371836731	0.7503716772655359
1.9065252933958554E-4	0.9998093474706604
0.049620685096738094	0.26119795996846273
0.3773358921258294	0.5217276592729583
0.3246898009003981	0.5327508402671687
0.3664138620961258	0.47160962218256025
0.09793422800162088	0.9020657719983791
0.25887733748533365	0.7161334148894993
0.11157345476351593	0.7529582517713386
0.6068298875308681	0.3931701124691319
0.04290212969584151	0.9570978703041585
0.5359293940565633	0.46407060594343674
0.12455123330072579	0.6669946741563926
0.17817438915286	0.82182561084714
0.48115603832610365	0.5188439616738963
0.4954588688821503	0.5045411311178497
0.08194245490767865	0.4830219974106819
0.12016680239927213	0.8798331976007279
0.09435249866316697	0.905647501336833
0.02953329695403406	0.9704667030459659
0.4150235230892141	0.5849764769107859
0.2362846546255677	0.7637153453744323
0.17616856856256816	0.5225294409546621
0.012571937671045919	0.9874280623289541
0.382957216462509	0.617042783537491
0.053224825446602446	0.9369355625419789
0.10298332102402696	0.897016678975973
0.2561866744161836	0.797360663590857
0.30797134774018936	0.9865791180902234
0.22940811486509496	0.8214528789430077
0.29875398821806565	1.4390976302315241
0.2537830680998735	0.9421258464942645
0.054508036967775224	0.9432388912626922
0.15569354960132614	0.8232212530153518
0.261109013893606	0.7850189090058991
0.2430680892206729	0.7289503803854963
0.2723126778159741	1.23554289444291
0.14639349645419253	0.8536065035458075
0.29883661002417994	0.8969856178341926
0.053334220646175434	0.9466657793538246
0.10869244073870275	0.8036272266189858
0.035126520353807686	0.9437474481178928
0.05590083669977209	0.9090920214081414
0.03892180261882143	0.9454766273333837
0.15405818873806226	0.8057244417017498
0.06559741408132506	0.9308461550482567
0.001757377347758382	0.9982426226522416
0.19853148204241755	0.8014685179575824
0.30481632617025206	1.119024925275968
0.21755840808670102	0.782441591913299
0.04704044841913391	0.9529595515808661
0.23766351764203816	0.9264754548648191
0.0367077563433843	0.5359904061551521
0.02251513851536894	0.7327146924650153
0.5472831216110806	0.4521204557203789
0.07229859375370418	0.9277014062462958
0.07153790305961487	0.7284509960843888
0.0012612665243680876	0.9987387334756319
0.3102487478061952	0.6863573783750887
0.12507289113012243	0.8749271088698776
0.044212019412370455	0.8904083287127231
0.08780152498677529	0.9121984750132247
0.3886073891905114	0.6113926108094886
0.1507756289716043	0.8428424088964294
0.005340067886538709	0.8131152541002363
0.17215985914716792	0.8278401408528321
0.8110410813317285	0.451134793194255
0.2546171390728862	0.7453828609271138
0.4229182799317246	0.5770817200682754
0.38260762559829714	0.600868366060189
0.006021406098386663	0.5726576096820941
0.537826398578614	0.46217360142138597
0.21503020573163842	0.6353979957210374
0.22581793746170237	0.6807672987750447
0.04527863609742086	0.2510130206425226
0.15173378752683261	0.6840133303919416
0.614261943329841	0.38573805667015904
0.09740916887318206	0.8940500036285604
0.1859103473282182	0.8140896526717818
0.17466148786002678	0.8253385121399732
0.2608776774449446	0.8391462073035534
0.09654366569858785	0.9034563343014121
0.2502660720038637	0.7800322128445129
0.11189665322042952	0.8881033467795705
0.27656229231738794	0.9153654929195002
0.25091773577527887	0.7527351886416411
0.23078689958424373	0.9254772353933218
0.13737549507598448	0.7638723897661038
0.3131557650441023	1.2839978490556183
0.028084604920421086	0.9719153950795789
0.09058246774841128	0.9094175322515887
0.18036553563592445	0.7913419468217966
0.1667730046311915	0.7983559063339439
0.19761321029081214	0.8023867897091879
0.007701529065491264	0.9922984709345087
0.09420519864091172	0.9029871878648491
0.006618593216051516	0.9933814067839485
0.2679848717390928	0.8082804845842664
0.06309599258786602	0.936904007412134
9.981456801051447E-4	0.9990018543198949
0.256632733137428	0.7934018495205136
0.23940260205750497	0.7609813197151306
0.06843103661265804	0.931568963387342
0.26562358219434673	0.7336642693744024
0.4927267260520458	0.5072732739479542
0.19862176944999846	0.8010755984018169
0.2630502835848064	0.4806616966891301
0.021342972786861703	0.9786570272131383
0.04502756376444361	0.9549724362355564
0.04156024700421601	0.958439752995784
0.007485940503812371	0.9625184067959958
0.008407810572834684	0.9915921894271653
0.1584541989794617	0.6581588432819078
0.22188748345620946	0.7781125165437905
0.5263243365958311	0.4736756634041689
0.45321512051685886	0.5467848794831411
0.1967444281134696	0.7927193876089086
0.048899071633848656	0.9511009283661513
0.4275178553098733	0.5724821446901267
0.33987774382601765	0.6601222561739823
0.4614771794494672	0.5385228205505328
0.30018985572424817	0.6998101442757518
0.0852248288876879	0.34591407455487044
0.5482682139822601	0.4842376448658485
0.013725610230098995	0.986274389769901
0.12013566200823611	0.8798643379917639
0.6993587291829477	0.28547777719397527
0.03499847727889693	0.9650015227211031
0.013447074291175951	0.9376601137320631
0.08854553913736984	0.9114544608626302
0.30561194793863067	1.1344173869406142
0.25602213848025385	0.7793717418961953
0.1629633528204661	0.8307155027292737
0.10115284682661707	0.8988471531733829
0.17751221434335862	0.822317205806529
0.0058616737975217825	0.9941383262024782
0.12480694182855556	0.8751930581714444
0.13365179564327223	0.8663482043567278
0.15621045538833384	0.8411932679412586
0.23751704325103262	0.7624829567489674
0.23468808423091012	0.7657678716385351
0.2509685906610956	0.8003152556775104
0.2653299055803145	0.7960399310331767
0.006745063550083419	0.9932549364499166
0.23770026579685444	0.7622997342031456
0.40797221136365563	1.2466137182340047
0.388302074344223	1.1654141153536368
0.011947189105329045	0.9381465502270208
0.020114252475506467	0.9798857475244935
0.16425828784575364	0.866135828490585
0.01274582483316522	0.9872541751668348
0.0042620086416015335	0.9957379913583985
0.05898236463765251	0.37470465345953885
0.026203701360166396	0.9489142283092299
0.5399238789188099	0.46007612108119017
0.0068987800169416635	0.9931012199830583
0.3243751749701643	0.6756248250298357
0.491482949447004	0.508517050552996
0.16276219018497484	0.8372378098150252
0.3507737234643288	0.6492262765356712
0.6138586612718286	0.2864349924023693
0.036109497362123655	0.9638905026378763
0.10333375259264699	0.896666247407353
0.0032934953184240445	0.996706504681576
0.36566732928342593	0.6197691620073484
0.20346735220475906	0.5371654197380664
0.3461101721146958	0.6660111738146602
0.4922648344775906	0.5077351655224094
0.11501316473263679	0.8849868352673632
0.5089008492196351	0.43622103846724625
0.2740905264870852	0.3844929903382701
0.1545720325545571	0.8454279674454429
0.08683213179309957	0.9131678682069004
0.42867186103763577	0.5713281389623642
0.10268868108951534	0.5269746877006025
0.016065677072938822	0.9839343229270612
0.3843219589334034	0.6156780410665966
0.125992872735056	0.874007127264944
0.3183948223248743	1.065595267792566
0.1551227682638966	0.8448772317361034
0.3410208582736344	1.0314314773088056
0.23712939099851632	1.1249834519729487
0.12116121829994153	0.820444040164219
0.0017789175555569248	0.9982210824444431
0.2233225983960434	0.7766774016039566
0.01854577162141191	0.9814542283785881
0.23781629546269234	0.7621837045373077
0.08107289737935008	0.9189271026206499
0.23766235657666357	0.8147435894237386
0.05044996405919988	0.9495500359408001
0.24004229265769464	0.8948814477826814
0.2235096476334546	0.7764903523665454
0.02969968371089793	0.9703003162891021
0.29502986187424185	0.8880932017673705
0.2740605478240129	0.8807828534714528
0.26846858530675055	1.197412491198094
0.1851516199414085	0.8148483800585915
0.09074188368906318	0.9017984728859606
0.149767908937551	0.850232091062449
0.0034529420830402557	0.9965470579169597
0.16267947666246457	0.8106638613203947
0.28494524176259034	0.862412102971251
0.2232872479581891	0.7767127520418109
0.2968854034804481	0.7031145965195519
0.17021097106819985	0.3894822370888107
0.48631242832805505	0.6094459534220527
0.07112611042038905	0.6657887097378479
0.006359718893637734	0.9936402811063623
0.030211029805432887	0.9697889701945671
0.09926952218984919	0.9007304778101508
0.19124570741088376	0.8087542925891162
0.273091591265163	0.726908408734837
0.12678852856265202	0.5007591358549079
0.4588623622944342	0.5411376377055658
0.16571004258270428	0.35279814864693404
0.06083584105898486	0.8762131968384342
0.0922098889987228	0.9035371710371294
0.14704716940843776	0.8529528305915622
0.34855804430869	0.65144195569131
0.21980246336440057	0.7801975366355994
0.24564885842445286	0.38214729060450053
0.6192799259463848	0.2973696556409922
0.27437535365831733	0.7256246463416827
0.12185339477811652	0.8781466052218835
0.21918953273965475	0.6534898353028175
0.16573137935938165	0.8342686206406184
0.5290870596643974	0.4179906837210442
0.34118546002333294	1.024523353118858
0.01595226521899059	0.9702707584269012
0.1927378271480512	0.8072621728519488
0.2551501801413176	1.0196544262889042
0.27321002271711725	0.8623702593239176
0.28892884456882684	0.9056598545913047
0.2739495333678122	0.8423239121143585
0.2503997611334584	0.7651389009167695
0.03286563187404934	0.9671343681259507
0.1346613995105479	0.8653386004894521
0.3300649766860652	0.9978106565994439
0.09363602662479509	0.9063639733752049
0.06180704179487273	0.9381929582051273
0.049368442295912085	0.9506315577040879
0.18021682263812622	0.8197831773618738
0.2657442423984982	0.8006515095325889
0.006842202058484831	0.9916901868993371
0.0160943978844319	0.9839056021155681
0.24641991938721883	0.7578061694213478
0.10143866276516578	0.8985613372348342
0.060007615953297844	0.9399923840467022
0.37421234020655014	1.1908676908459916
0.3402803848899018	1.3132144628884277
0.24419855982696737	0.7575956164912143
0.38208965355928304	1.3538500545452137
0.18181458377075732	0.8181854162292427
0.07848252931818138	0.920494396528366
0.1849459611304629	0.7699120412089476
0.17952481023418965	0.8204751897658104
0.10152155930574147	0.34540369382462166
0.22502361235918844	0.7387191633394533
0.24147408838710605	0.3969506367193205
0.3330539396411986	0.39214145392857963
0.5598640145871678	0.2786839997303852
0.02211132700134778	0.6855868287996701
0.07299495017483704	0.927005049825163
0.4265354690046154	0.5302757634874337
0.07576346934345288	0.26882549392283095
0.41834495660271387	0.5816550433972861
0.3205188681256137	0.6784142325727226
0.0727705815562234	0.9272294184437766
0.2559888115393287	0.6569581629734321
0.3361539169874129	0.6638460830125871
0.028946284655992003	0.5452616199667434
0.1527575452309421	0.8472424547690579
0.048655449432362	0.951344550567638
0.03671330015399423	0.7143743191827718
0.11927302220256364	0.7235877685794253
0.4914442665553994	0.4907099649163506
0.2238604680261424	0.6961233107930451
0.274994778401656	0.9124479859879377
0.26994791247074384	1.3276739361918901
0.2470255318571084	0.7470850651384209
0.3160468968399325	0.9629907740415965
0.03666594442549043	0.9633340555745096
0.2674006196122405	0.8746171211884953
0.22264284749380947	0.7773571525061905
0.27523354352997065	1.0260567319739917
0.01022510868294324	0.9897748913170568
0.25520918116695707	0.9302375404620887
0.18103069278431927	0.8189693072156807
0.09112256661342799	0.908877433386572
0.08434540311034566	0.8873684057714247
0.26930971254073965	1.266666627049685
0.2784016243042595	1.3324457271564083
0.041638748471774734	0.9583612515282253
0.2709010561416516	0.8774147039623263
0.0904600544237728	0.9095399455762272
0.17434995081848703	0.825650049181513
0.0685634859077443	0.9314365140922557
0.24423171455079254	0.8993328805708595
0.05480866738362877	0.9451913326163712
0.041047248394124325	0.9582168539546475
0.2729252174308526	0.8192936829675856
0.27868582003707976	1.2478578795671906
0.7583264251502089	0.27949329932672323
0.14454402218579843	0.2611068868639177
0.10075998481328798	0.9033800081793776
0.07540261364868706	0.8556932035726185
0.13926917080511086	0.602170549543802
0.2387351518597276	0.7612648481402724
0.05480999430673415	0.4092136661028414
0.2237548122695967	0.7762451877304033
0.04452057609938587	0.8282894670527217
0.5011169292807514	0.4988830707192486
0.2783379381238621	0.5342192974865442
0.00875688977403355	0.9912431102259665
0.36577849691315334	0.6342215030868467
0.2738034188687097	0.5009453709932795
0.06964762007444258	0.9303523799255574
0.17039835408482426	0.3030579463109053
0.28631572862429266	0.7136842713757073
0.21623248619180174	0.45770359293968954
0.08397740710343374	0.3294662455150619
0.6563156663389813	0.3193933295818552
0.1320549594085858	0.8679450405914142
0.19296527250175582	0.736192161911543
0.08593202498536412	0.9140679750146359
0.22413976678616576	0.7318508056245807
0.05688996240743019	0.7617189332053576
0.2367135070524925	0.7632864929475075
0.06772851081975018	0.8875789090194347
0.06036207269704607	0.9269694594378918
0.12851217166299905	0.7868548544781787
0.03175919006344058	0.9681353268906321
0.015842573851471354	0.9321334066805547
0.029596344082602033	0.970403655917398
0.2516660479206022	0.7610024199444599
0.046234882760094353	0.9537651172399056
0.2520805452785697	0.7834794057167547
0.2349606403050717	1.1452770701266077
0.26070057613351333	0.7858365123477383
0.1033567669335894	0.8829862385473073
0.08252320150015413	0.9174767984998459
0.1377907830001236	0.8622092169998764
0.22012753202057989	0.7798724679794201
0.2167118277121384	0.7925262844992795
0.25908382788470374	0.8474052168437872
0.16832175135063376	0.8302312577157663
0.2549932544365314	0.770077619561111
0.06044909228601936	0.9395509077139806
0.05982287920423712	0.9401771207957629
0.19782710122955616	0.8021728987704438
0.24104700457432016	0.7589529954256798
0.25982240084974484	0.804966027661853
0.10643780344204089	0.41498173602827393
0.37880311415016965	0.6211968858498303
0.5563953382605307	0.4436046617394694
0.23788644131102077	0.7621135586889792
0.031866683299369924	0.9681333167006301
0.1436468979527662	0.8563531020472338
0.6309744983859438	0.349441558603136
0.039776064257388666	0.9602239357426113
0.1650000475374677	0.7634594385339689
0.23362737416925994	0.7663726258307401
0.0101158219123747	0.9898841780876253
0.041725664311855204	0.9582743356881448
0.01831460851221467	0.9816853914877853
0.010529303573075022	0.989470696426925
0.06904000613446193	0.9309599938655381
0.2986160083620365	0.7013839916379635
0.5264311860961811	0.5719115640018244
0.102371938370032	0.897628061629968
0.5262347012918611	0.47376529870813894
0.3702816179408467	0.6297183820591533
0.5234649075360351	0.4765350924639649
0.6682727194026077	0.33172728059739237
0.026476370385061343	0.9735236296149387
0.23465713669999022	0.7653428633000098
0.171019261095413	0.828980738904587
0.3807964352820639	1.8074013762461807
0.1438668308601136	0.7904990040405191
0.2836610499972959	0.9286029627070128
0.31935376120874454	1.1813089243033343
0.23639782527177305	0.723621450249737
0.04205638455056426	0.9579436154494357
0.08020266431908452	0.9189263714002778
0.040030476909850954	0.959969523090149
0.2543219477302876	0.794699578920078
0.3216745883546388	1.0290349068523057
0.251869900208327	0.8095894089997812
0.25032826759588195	0.7694464488864268
0.026730583884683523	0.9732694161153165
0.2500329694963237	0.9840873535690746
0.18438037445892577	0.6792897821336892
0.13948942496058692	0.8348047148886621
0.01720012752126924	0.9233026219998475
0.2964990231454817	0.9897826758904527
0.2511607513975805	0.7751691731056548
0.12160541256307988	0.8783945874369201
0.2554470499771413	0.7842208553627251
0.07269569349801845	0.8044177590608602
0.10521607444610015	0.8692360656006544
0.1832334351277496	0.8566167608168359
0.28200785804901113	0.860275147119427
0.5486052803523824	0.45030362519903033
0.01688418781012284	0.2854054151354637
0.06855030574409637	0.9314496942559036
0.11924970023797754	0.8807502997620225
0.08978823621168552	0.40461259222218493
0.3724874972131019	0.5217142672452434
0.5082312030013343	0.4897083408875746
0.18436706232586367	0.314298917427829
0.5161182169769191	0.4641070665407722
0.1460458936779434	0.8539541063220566
0.12729559934076728	0.8727044006592327
0.2357417361955501	0.7927069850383595
0.1610870929256859	0.8389129070743141
0.4171451763083288	0.5828548236916712
0.18421920995688879	0.8119926785028369
0.12599683152530144	0.8563928098129959
0.14090290810979592	0.7601421410794359
0.0981662815712388	0.7112165152390748
0.19577828208537165	0.5616023141688662
0.36028730797207587	0.6397126920279241
0.08961693085739972	0.59472307224744
0.05065301526266075	0.9493469847373393
0.01506272396708963	0.9849372760329104
0.03245319832189497	0.967546801678105
0.405007211233961	0.594992788766039
0.02213023929627235	0.8558888831803705
0.0351712985090501	0.9648287014909499
0.17573074922033569	0.7256391797237592
0.011423848938482695	0.9885761510615173
0.2814637559562572	0.9743472334791015
0.2095544103700312	0.7904455896299688
0.2894120478173718	0.949056111645514
0.26472135976902966	1.0713314482000809
0.26085894650660674	0.8085971257329059
0.09584108845140693	0.9041589115485931
0.056051229055862684	0.9439487709441373
0.06740759362782502	0.7440860651340463
0.30548658816784	1.0354926769788404
0.11124831211745001	0.88875168788255
0.215525372965486	0.783608828952693
0.2544488588389032	0.7631516647561042
0.25153353630807984	0.7586791237777317
0.16028751151929732	0.8397124884807027
0.3371794069246413	1.0850035598999224
0.025123561624896953	0.8070727682608201
0.27576898993473803	1.2606402897172502
0.2546313917140428	0.7823531388513537
0.29113147902559033	0.8940049614011103
0.329499572845036	1.2140629506532565
0.2620001750953843	0.8145104447240117
0.29081881214797195	0.45337019841666937
0.24710978722119734	0.5243122838976041
0.03163329234482371	0.9683514016981103
0.5442107195774205	0.4117757858721631
0.1928918006781664	0.35311128169109923
0.3314151077765164	0.6518654726673632
0.004618064556346835	0.9953819354436532
0.47556588992774074	0.4429444494557463
0.1580497546707782	0.8419502453292218
0.3496173352301215	0.6503826647698785
0.015206672666322823	0.9662602871513821
0.22290315828475982	0.7770968417152402
0.048064066428850194	0.9519359335711498
0.03857669811551967	0.9614233018844803
0.6758405229849145	0.31975647058345824
0.028186346846781563	0.9718136531532184
0.0493000635536296	0.7123750194610412
0.1912642397164197	0.8087357602835803
0.02509219747653922	0.828033413422057
0.10961489336800168	0.8903851066319983
0.15900200484946161	0.19048441073106653
0.1307081993667222	0.6324061665367587
0.33265779267806667	0.6111687660440466
0.25973959573286776	0.7402604042671322
0.24428165920013672	0.6964699892145941
0.11346804705780586	0.8875388031821246
0.21134226966542202	0.788657730334578
0.03329280298618609	0.9667071970138139
0.34800138637263633	1.1469139459814566
0.026714152613196103	0.966190534879813
0.10182325426590569	0.7503831968458692
0.13571732080843543	0.8417951331275964
0.121598146251748	0.8063375835146517
0.10454473282814837	0.9016598662307461
0.28237905356676757	1.0869813470347611
0.11165723546015688	0.8619888493129926
0.09266219112167165	0.8666634343383457
0.04944675530765552	0.9505532446923445
0.34964680614206467	1.0508939065516179
0.2893120776560782	0.9596858353891213
0.07324935063624183	0.9267506493637582
0.15285450997980288	0.8471454900201971
0.08368367059647885	0.9163163294035211
0.13949077887970984	0.8605092211202902
0.26814043680196725	0.8199329726612792
0.2384950663511381	0.7304018278166104
0.3242215687846857	0.994040673491021
0.35450590361378576	1.4135031577694157
0.2551846662807023	0.8085520586021175
4.7372599715211905E-4	0.9995262740028479
0.074536001690006	0.622474767369925
0.0818994275238939	0.9181005724761061
0.08795041085614533	0.9098874146482178
0.07678882926180852	0.9232111707381915
0.3438244259354587	0.6561755740645413
0.10519013120919107	0.8948098687908089
0.1535082547849388	0.8464917452150612
0.00994227612523324	0.9900577238747668
0.3636034945604554	0.5834969617169175
0.5009139564498132	0.19644872165079758
0.21828590402966128	0.2867987636162458
0.14889589780318985	0.7944626898209812
0.30321511101107224	0.6967848889889278
0.43888696974013286	0.5611130302598671
0.07541298143609446	0.9086850467101741
0.12776762197115704	0.5192017116446612
0.5461405148490475	0.45385948515095254
0.5357741262622655	0.4642258737377345
0.20322723064089884	0.7751934786491129
0.022059649904242244	0.3739006172299405
0.35738949612369425	0.39361259083110617
0.3264285082052365	0.7310285128538655
0.47731017689286726	0.5226898231071327
0.14357357415535227	0.8432288227256743
0.015569118552611783	0.9844308814473882
0.09179953628888515	0.9082004637111148
0.28956593820946785	0.8796703364222267
0.09135958955471557	0.9086404104452844
0.04776947368148077	0.9522305263185192
0.1936513036433226	0.8038738456885324
0.008716381287970032	0.99128361871203
0.24017566686923697	0.759824333130763
0.11646939230435914	0.9140471284245764
0.03754662137758058	0.9624533786224194
0.04188550073323418	0.9580418536579273
0.21058772316410088	0.7878509494067221
0.06890832416587334	0.9310916758341267
0.2542039966733887	0.7656383258485648
0.013553064113826858	0.9212756945282604
0.00862030640983924	0.9913796935901608
0.2500338505611913	0.7502956464530224
0.2688101774013096	0.8414269794592067
0.007514046690577869	0.9924859533094221
0.18747476496354204	0.8392017502940327
0.39660082662287055	1.1907334662409117
0.062281950894142006	0.9265181964725913
0.22601934493191478	0.7739806550680852
3.766074299774713E-4	0.9996233925700225
0.2824499291825235	0.9008466871963703
0.2532079181155382	0.760268266887813
0.288494491272677	0.711505508727323
0.04486601978025129	0.9551339802197487
0.05924168019971543	0.9407583198002846
0.40284323705016867	0.5968150539949819
0.22200118622516837	0.6518654773167354
0.573855061812693	0.42614493818730703
0.4497527089004836	0.5502472910995164
0.07511709734625174	0.9248537048342492
0.11423041790145871	0.8850894431974503
0.08038618209051891	0.9160258138070674
0.1840518141769577	0.8159481858230423
0.1862498170112461	0.8137501829887539
0.39320885300013797	0.606791146999862
0.5203572253162949	0.3104065000520106
0.5650143263148543	0.3785306901626999
0.5248936046630144	0.40336396457680734
0.07876867148697542	0.9212313285130246
0.5025388791632663	0.49746112083673366
0.11963716512938205	0.880362834870618
0.053089135041644205	0.9462514845165461
0.10393527015686499	0.896064729843135
0.036785342461252805	0.9060513776179496
0.0802439444516191	0.3456462612539047
0.6902880974423093	0.3093849688014667
5.675363339142647E-4	0.9994324636660857
0.28454056356171675	0.9715439356497474
0.048297733533186116	0.9517022664668139
0.0015894186749870753	0.9984105813250129
0.2969022857848428	0.951907658009638
0.30943825711555056	1.0631234138372783
0.03256427837247622	0.9674357216275238
0.09988108458795542	0.9001189154120446
0.25647892398660466	1.267595354471914
0.13981527448607256	0.8468287960278874
0.043536618407089334	0.9564633815929107
0.2693115140232289	0.8439629856944229
0.04689932100943189	0.8843944387000192
0.253442052504663	0.7602047663912309
0.034857248928286455	0.8110688244913451
0.17248587409995675	0.8275141259000433
0.2506222127358484	0.7548865139282075
0.04580268579814418	0.7938719725239967
0.016375544273921516	0.9836244557260785
0.2507910705522446	0.7557890473746063
0.20574838031364762	0.7942516196863524
0.16683604228830126	0.8764382275627167
0.374554474189475	1.1728984202289778
0.24839249772386018	0.8733242204494425
0.24538728870131327	0.8861295109075821
0.1901123861145817	0.8098876138854183
0.0513231646786102	0.9486768353213898
0.15214847305467483	0.7194974101921885
0.40878314973299423	0.5912168502670058
0.6519771869687376	0.2801871875435189
0.06914809239421082	0.9308519076057892
0.36584338233581626	0.6340346671001704
0.057121209044034615	0.9428787909559654
0.5160178620722884	0.48398213792771155
0.03418332707032867	0.9658166729296713
0.037356749249118915	0.9626432507508811
0.05553769684878662	0.9444623031512134
0.5311791508677035	0.46882084913229644
0.06851532479485489	0.9314846752051451
0.05786592729216262	0.39594160925628075
0.07527538810694012	0.9247246118930599
0.19550999789192575	0.617111743187159
0.153820604567025	0.7512744393730222
0.4097599941430631	0.5902400058569369
0.44122807694847765	0.5587719230515223
0.31145456723566234	0.6885454327643377
0.2736985878507421	0.7263014121492579
0.49196323408388465	0.5080367659161154
0.007148768946963258	0.9928512310530367
0.0762353689477811	0.4845864811094588
0.22224168310583103	0.2536840384356501
0.08770322326904662	0.8368560218397738
0.2850064767574748	1.2906661279260265
0.17730672637272324	0.8226678374697257
0.31729394355582924	0.9951661506765402
0.08004377304732335	0.9199562269526766
0.048373750310793835	0.9470903089431065
0.07867535577387152	0.9213246442261285
0.12232667341787651	0.8776733265821235
0.2966919802827753	0.9812193028886718
0.057356013166336095	0.9426439868336639
0.17800078093636507	0.7860553376924031
0.01003151847480395	0.969621819854337
0.23532291113172296	0.7758181345573848
0.21940721937868846	0.7805927806213115
0.2780358614075444	0.8401500602465395
0.1894692843005481	0.8105307156994519
0.2564793571147033	0.8491632263304514
0.2504246998638197	0.7757261261145711
0.07126907633009028	0.9287309236699097
0.06347513640435133	0.9193133234997125
0.009659144343284964	0.990340855656715
0.2733435393092556	0.8719366239474663
0.10159160881928589	0.8403694429628723
0.253722433881104	0.7637140252556408
0.24695233055827803	0.753126781564675
0.5421135074193795	0.45788649258062053
0.2239368279454867	0.5633367296750451
0.4728529371507475	0.5271470628492525
0.05104682361126356	0.9489531763887364
0.27105051459220664	0.7289494854077934
8.121277904195034E-4	0.9991878722095805
0.4425109940356706	0.553553463447225
0.5070384483344548	0.42788470279411456
0.07124521687735762	0.8372682911345016
0.5024881365113396	0.4975118634886604
0.012032635958353355	0.9879673640416466
0.35662916550398893	0.5316311902090652
0.12113171193005066	0.3031956833864481
0.12591920029582382	0.7079091608196749
0.15912400738403248	0.7761527744233285
0.06389306146349509	0.9099815487156651
0.051216934635276434	0.9487830653647236
0.22814817079168354	0.7475589322465948
0.039841715802921174	0.9601582841970788
0.49997030893235195	0.500029691067648
0.0038118382442879906	0.996188161755712
0.3686781738941065	0.6313218261058935
0.44549595449976276	0.5180378338667543
0.0968575418986104	0.9031424581013896
0.1541912262890277	0.8458087737109723
0.119823057729819	0.877081227818953
0.102047508095097	0.897952491904903
0.058044756349752924	0.9419552436502471
0.029265356979698853	0.8887330615345201
0.2792999946651712	0.8382880241936892
0.007787791907243213	0.9922122080927568
0.27906104941207865	0.9731214083119749
0.2500328061813714	0.7696581045055563
0.06015813514237517	0.7874617811391388
0.005130110676939137	0.9948698893230609
0.12844463857770283	0.8715553614222972
0.2810221054431755	1.2287428297879
0.05953240819568606	0.9404675918043139
0.01874745535973532	0.9812525446402647
0.056334331386230785	0.9436656686137692
0.13192705465683918	0.8680729453431608
0.39578323099334234	1.2257711237951308
0.20980789485631923	0.7901921051436808
0.14873575828056484	0.7808729344410092
0.058693789752890524	0.9413062102471095
0.030273552438275786	0.9697264475617242
0.29329712311685074	1.020892900379218
0.07492688137936734	0.872729094353496
0.30715655663876507	0.9865528330261112
0.06352279225521629	0.9364772077447837
0.13804238057716206	0.7963459849876796
0.0037047069349471036	0.8542176842054763
0.6118336374111493	0.366203591962426
0.4690322493484933	0.5507496586123287
0.002183743622960921	0.9978162563770391
0.06854387562380804	0.931456124376192
0.03464527246231519	0.9653547275376848
0.04496487542777705	0.955035124572223
0.14585224230910576	0.815567475328683
0.1757588411346323	0.32326866792488673
0.5812473167576294	0.4187526832423706
0.3795232002469936	0.6204767997530064
0.026949114455034118	0.9730508855449659
0.4230564494885066	0.30987064979871864
0.020712499154900647	0.5618766435188747
0.130758992899911	0.7552401358368893
0.5694452595904899	0.43055474040951014
0.43415474074947613	0.5658452592505239
0.36372666705803247	0.6362733329419675
0.6236948192770359	0.349001989293639
0.0906439492488339	0.9093560507511661
0.07544711326485563	0.73658810832306
0.41270188033880273	0.5671157758298369
0.06320281254479088	0.9367971874552091
0.6613172196018576	0.35357322338686353
0.23269277354704598	0.767307226452954
0.046462378004530416	0.9475854464037902
0.15992987405271364	0.8400701259472864
0.047233005017294334	0.9526472441068441
0.1938873727286051	0.7523542398116989
0.01906002710217658	0.9809399728978234
0.07430371532399982	0.9256962846760002
0.08970653051778021	0.9102934694822198
0.26824910908663513	0.8084273841803792
0.26626462964750897	0.7995024589425919
0.2511948960834911	1.2056429239936208
0.019280197828641432	0.9807198021713586
0.25822976322685004	0.8620609160127413
0.055627338936880655	0.9443726610631193
0.12693539594059955	0.8730646040594005
0.2516876085807955	0.7551208169461033
0.2537233114240868	0.9084407746131141
0.2889454947859068	1.1092849347496267
0.0392578812084175	0.946249803100792
0.21209010656280713	0.7879098934371929
0.06251976325658315	0.9374802367434169
0.24513801417767012	0.7548619858223299
0.13993734813894587	0.8600626518610541
0.08281060698925391	0.9171893930107461
0.15258118621753536	0.8474188137824646
0.5828861063495581	0.41112997481198055
0.3435744783719906	0.6564255216280094
0.1276654665490895	0.41476021431444077
0.5807653563135002	0.4192346436864998
0.3374974283040765	0.6625025716959235
0.06546438670857424	0.9345356132914258
0.2011896051050488	0.7988103948949512
0.03050842938371423	0.9694915706162858
0.42351680314177076	0.5764831968582292
0.0260226603140703	0.9739773396859297
0.12824212063851603	0.871757879361484
0.3290623145948378	0.5087735993679613
0.5682706429939612	0.4317293570060388
0.26575753692980036	0.3358751026110693
0.1626069515354912	0.8373930484645088
0.02492745496059723	0.9750725450394028
0.013349435849210556	0.9866505641507894
1.623713583041031E-4	0.9998376286416959
0.644109437361582	0.29981514484492655
0.21647461683337166	0.7835253831666283
0.04346625981601704	0.956533740183983
0.3598638654009013	0.6358528616600458
0.24067290740581282	0.7593270925941872
0.039064105896196646	0.836639628610334
0.4071309294972783	0.5891613185445737
0.054851616749819754	0.9451483832501802
0.26292400437246927	0.8240481141556272
0.2837163022553867	0.8957669024363444
0.3419974864214924	1.4343282037421945
0.12516130383438862	0.8748386961656114
0.05338583809538454	0.9281427150450907
0.03603768399104579	0.9639623160089542
0.10542671367153156	0.851106705833759
0.13263369679440937	0.867682212534699
0.17187882332182436	0.8389749474849175
0.20551380142676012	0.7944861985732399
0.1073788705366079	0.8572137978910666
0.14565869564386652	0.8419848867542616
0.2701960035372549	0.8534556745928229
0.04264607598336889	0.9573539240166311
0.29170182956585167	1.0865836097816988
0.02751095882799304	0.9721850221337083
0.24406956659208887	0.7321508064351984
0.04852645841870904	0.9463894609738002
0.0058438281844631484	0.9940980761596812
0.1780197743043599	0.8219802256956401
0.21138182942245712	0.7804309869462591
0.14556285792883483	0.8959716018005927
0.1760716096061754	0.8239283903938246
0.28158779245831506	0.8474453200398234
0.5425201115334766	0.4504813497396162
0.15267667506932703	0.847323324930673
0.11091023115933163	0.7850998113773218
0.07302211922784962	0.9269778807721504
0.5211691561842486	0.4768790762994829
0.2746334426471695	0.7253665573528305
0.2424476595204328	0.3789509918029083
0.2906336219978458	0.7093663780021542
0.1794718985855137	0.8205281014144863
0.4813727604053216	0.5186272395946784
0.3149482425586301	0.27379310011127833
0.16967084951849043	0.8303291504815096
0.29337266308540955	0.5271441322228594
0.026021205164435957	0.973978794835564
0.3113663722036226	0.6886336277963774
0.011816221682045325	0.9881837783179547
0.0015033249833087403	0.9984966750166913
0.09686511005561516	0.9031348899443848
0.10402719397458449	0.8959728060254155
0.12212538531133754	0.8778746146886625
0.434317642517528	0.565682357482472
0.14453795672379355	0.8554620432762065
0.16413537334757017	0.41502909485432743
0.5214833231312226	0.43501113883539033
0.46526803746703993	0.5020159059789675
0.15353461090658482	0.8356325807317393
0.004241969188118033	0.995758030811882
0.3321061888090534	1.1141649007977878
0.009704044613351392	0.9902959553866486
0.24286161803331852	0.7506016435710319
0.06908150887589887	0.8022503160700554
0.12562119632534022	0.8415502413476411
0.329613512608026	1.181829783408071
0.11657980096768256	0.8811592542357265
0.15641687114579178	0.8897032984927695
0.26994356990807233	0.8744820037006813
0.228415709389489	0.734945283549649
0.3302287889475747	1.0208034803612573
9.007648678929644E-4	0.9338345610945038
0.23946016468348194	0.7571974144775211
0.07068920045142449	0.8564542269347164
0.05287698772406292	0.8403189353544526
0.2922877516930233	0.9760209023369357
0.26072435566125673	0.8488151732036708
0.2391561587620655	1.0322121242006002
0.2884764520464146	1.1267948339174394
0.3217613958938152	0.9814442938769936
0.16881554415798217	0.8311844558420178
0.2708787590392501	1.1952429779744094
0.2907282070067255	1.0236797990137725
0.2110528129440338	0.32415206012197495
0.05411016771709365	0.9458898322829064
0.27129550721680173	0.31343320681934417
0.11865886362704736	0.8813411363729526
0.022959011197976435	0.9049284856211268
0.34461292222889583	0.6553870777711042
0.45896703993476773	0.4952215365925571
0.20225028708662451	0.48334170689287753
0.049495696310109416	0.9505043036898906
0.39721230878843583	0.6027876912115642
0.25781829460885763	0.7421817053911424
0.0670263533099164	0.7138188369717966
0.01328224385805632	0.9867177561419437
0.0907730181357717	0.6327938781637283
0.4389082373645391	0.49130267979201525
0.3944928193770443	0.6055071806229557
0.06100237231053063	0.9389976276894694
0.30344546098292446	0.6965545390170755
0.31604873072719064	0.6839512692728094
0.46590054587761665	0.5340994541223834
0.1669823836434828	0.3867465267496759
0.08638293837312895	0.6513434694236744
0.11015992142745437	0.4884181810666435
0.03655516450761846	0.7697051542447977
0.19550176673837605	0.804498233261624
0.0897907135192734	0.8073594588171485
0.3350470962421104	1.064340832652775
0.17960728267076564	0.7821156481052285
0.2994032092953044	0.9024883708561755
0.1936293238159198	0.8063706761840802
0.08833970703757377	0.9116602929624262
0.029554422074063055	0.8426716756796078
0.015744440149705996	0.984255559850294
0.039600172064741576	0.9409210816158716
0.24197123877392918	0.8231217747484603
0.06291353195061855	0.9370864680493814
0.05597705786087537	0.9440229421391246
0.06947752840469434	0.9305224715953057
0.16023916231558744	0.8571329085583226
0.2592760742821073	0.8193506389346724
0.29057134045704996	0.8937126259406158
0.26688649779922347	0.8009381096735078
0.033807441062139065	0.9661925589378609
0.11484517622998858	0.8851548237700114
0.28058621454875626	0.8457591727294336
0.0844186977357309	0.8891005590435124
0.07855296161823722	0.9214470383817628
0.09833063370435136	0.9016693662956486
0.05227286041157812	0.8856770893701132
0.2843941432239688	0.9582093222748639
0.32465805231960865	0.6753419476803914
0.5282809988972917	0.47171900110270826
0.11940212424344765	0.8876392402548138
0.5033893633785423	0.49661063662145766
0.11157965167778541	0.6365218084233827
0.4587357805528538	0.5412642194471462
0.05564373296620695	0.944356267033793
0.29289738647939967	0.7071026135206003
0.32175174754650826	0.5899205591375385
0.26475911016805587	0.7352408898319441
0.35339124606307093	0.6466087539369291
0.7014700465234434	0.4101516145043552
0.11895013922304731	0.8810498607769527
0.18248823666329195	0.3626826290858055
0.05602200763678167	0.9439779923632183
0.34065398649671585	0.5834228802281733
0.06481731538334368	0.9351826846166563
0.2936606001667639	0.6998362954292515
0.030518891572563933	0.9694811084274361
0.2897508367547713	0.7102491632452287
0.06307455445446575	0.8061433072441682
0.5436601318969342	0.42052806916319563
0.1839632330711306	0.8160367669288694
0.08356351933519263	0.835330603110268
0.007680379280485039	0.992319620719515
0.06572794386594938	0.9342720561340506
0.09471538080066967	0.885692688154214
0.26634752060566613	0.8018218005760737
0.0433638726087846	0.9537142030365989
0.07791763453105371	0.9220823654689463
0.2781825702310517	0.836966416774822
0.0693542602168935	0.9288405163910604
0.19907218202668134	0.8005283948160303
0.13952782329295277	0.8184977419120869
0.27507765294229247	0.8253173499080745
0.271839253448209	0.8483651171003297
0.11136445812486807	0.7671059502422761
0.2144094452744293	0.7855905547255707
0.27246024955736253	0.9479103065174723
0.18846199292715832	0.736462672005164
0.26716588511481687	0.8017016874792403
0.25395435994226334	0.7674822630251759
0.16561020281938077	0.8343897971806192
0.07430178861268279	0.9308209133792857
0.1312748396997074	0.7578552184971906
0.25419379781020024	0.7835713826168528
0.3504675246868658	1.1938063983172433
0.052636230859773925	0.9242354484890268
0.016984968301322217	0.9487312916213108
0.12220093450793726	0.8969436406514518
0.2992621269299065	0.6992286696916387
0.10997939142299899	0.8872784619744211
0.013548528243407132	0.9864514717565929
0.02875855640444347	0.9712414435955565
0.1812679380890131	0.749372476029893
0.011708942630957453	0.9882910573690425
0.12814430022869383	0.8718556997713062
0.19679846837024895	0.803201531629751
0.4620242816150299	0.4449173764872962
0.3922513275083148	0.6077486724916852
0.16671458096242697	0.833285419037573
0.01203996493853875	0.9850933315113088
0.14728444765706022	0.8439059360926606
0.49786128509379723	0.5021387149062028
0.1461958115914911	0.8538041884085089
0.5025204781281609	0.4869555325006481
0.23750098951696236	0.37685178399886576
0.3705476509924207	0.6294523490075793
0.3222383220035839	0.519134981476479
0.18219201129804038	0.8106208896810708
0.522261891754895	0.477738108245105
0.1283789024659168	0.7242294462567765
0.11733698633252898	0.882663013667471
0.3786716296306113	0.6197316827739774
0.18789841338157187	0.8121015866184281
0.21521642774888333	0.7892003046714791
0.1293773324504099	0.8087017931709036
0.1373571644365365	0.8490276667505617
0.25823427312771163	0.8214753857681825
0.2533786442091467	0.7672469295816103
0.2540752181881543	0.7667575971299373
0.22952228551421702	0.7705930583995317
0.19822120637608653	0.8017787936239135
0.002582451690205989	0.997417548309794
2.9707958473657037E-4	0.9997029204152634
0.11229386727645907	0.8877061327235409
0.13476962270747472	0.8652303772925253
0.2823100430517308	1.091405832819747
0.03995939765262646	0.9600406023473735
0.25658534643132824	0.7754920058906084
0.046763897303533364	0.9532361026964666
0.027424127335712985	0.9320145768362543
0.0678586248854175	0.9321413751145825
0.21659649780999374	0.698769785123674
0.264428224382981	1.3873266612086699
0.008938447725035078	0.9774752213942548
0.09448094413873237	0.884686240543176
0.05693860091309577	0.9430613990869042
0.2906214045273934	1.5161692983213608
0.2626611595800315	0.799259714798655
0.5602598278653027	0.4397401721346973
0.37313479530225224	0.6268652046977478
0.03492046688672901	0.965079533113271
0.19529527344755784	0.7771025177600627
0.14929095501775663	0.48942170677064833
0.48311501220552866	0.5168849877944713
0.16040829744681628	0.8395917025531837
0.4610830650372203	0.5389169349627797
0.3699645144173088	0.6300354855826912
0.2312679323741891	0.7388139087863667
0.01084660571667409	0.3262848307332118
0.05845360925166165	0.9415463907483383
0.27784680063861555	0.7221531993613844
0.03803817216517025	0.9619618278348298
0.1625374525390748	0.8374625474609252
0.6770299612870015	0.332013160957521
0.40743348615055897	0.592566513849441
0.12788422973022215	0.13592064760410202
0.1454476369394221	0.8545523630605779
0.011159915456428915	0.9888400845435711
0.1489273041092849	0.8510726958907151
0.39877531721150916	0.6012246827884908
0.019608631363395634	0.9803913686366044
0.005851781338602202	0.9941482186613978
0.6505266670540687	0.3414919896940126
0.24089872923124686	1.0884471190172986
0.013594320349494433	0.9800169353316138
0.24569734303066115	0.7543026569693388
0.21556016683126933	0.7983874924797516
0.1201286746025797	0.8798713253974203
0.25062280305389184	0.7533812058330531
0.17737925545417035	0.8483919857513782
0.2623904208282038	0.9211409628564048
0.2663211872600837	1.1005155853045645
0.3161940430889237	0.9867056800925826
0.034596554194661566	0.9654034458053384
0.21475026490787574	0.7804919986449941
0.0114263488046763	0.9885736511953237
0.25698279229489335	0.8079779412746246
0.2658391091929131	0.8417912412170946
0.1305773251568524	0.8022832574113306
0.044080604115840465	0.8287718525331172
0.2684648339981083	0.80802562968382
0.03544488201753626	0.9645551179824637
0.3051397963801855	0.9186264938712244
0.15939084141478144	0.8406091585852186
0.004776591331566493	0.9952234086684335
0.2540551016018907	0.8873579057118424
0.2057384049870411	0.7942615950129589
0.29720320184033955	0.9032049847517181
0.1666654967723925	0.810571515784548
0.2749652787897675	0.7250347212102325
0.20931714604063315	0.4000827727259748
0.15686436091867384	0.8431356390813262
0.3055632288796828	0.6595543804883508
0.37832045905041656	0.6216795409495834
0.1573928603951652	0.7914137278444945
0.10437195124841003	0.89562804875159
0.4256227455036566	0.43405379611994527
0.056074080538113344	0.6125756651062129
0.043069409054522945	0.956930590945477
0.35146237566455585	0.6485376243354442
0.08249790709259469	0.7339707092227967
0.04959522046425502	0.950404779535745
0.15564165982913852	0.6154268515664232
0.39147701314909245	0.6085229868509076
0.07307852361614227	0.8894814667045294
0.14594563686249407	0.8272286779577438
0.033309522523211094	0.5839211204866933
0.14823009398067133	0.8517699060193287
0.7330365102873871	0.3117261654249507
0.3235351410278836	0.6267404638462454
0.1583415613961403	0.8416584386038597
0.17738807236018173	0.8226119276398183
0.3009801485851097	0.6990198514148903
0.014548032964488478	0.9854519670355115
0.00611388135834956	0.9938861186416504
0.2525388790421911	0.7720033377588114
0.002447584681473769	0.9975524153185262
0.011358303899477673	0.9886416961005223
0.017868560298575087	0.9821314397014249
0.2706578773254607	0.8436827184004714
0.2625287660944933	0.7873582036942143
0.25730013993438394	0.9968734947646378
0.09456979753323792	0.8811407483575755
0.008307830719134768	0.9916921692808652
0.24155627068874874	0.7881913432810054
0.02069303716700821	0.9793069628329918
0.06734170983839205	0.932658290161608
0.03825346252389821	0.8382809742908814
0.16725603649660564	0.8274664487014546
0.16085070965572462	0.8337751236460126
0.31345686014564544	1.0287320220124228
0.11245082392223078	0.8753311349738537
0.013775247392558643	0.9862247526074414
0.2601763927887368	0.9640892112038368
0.17913316596957995	0.82086683403042
0.001127195048260199	0.9988728049517398
0.022330996055000663	0.9776690039449993
0.014927726569124444	0.9850722734308756
0.2270356703938885	0.7729643296061115
0.015548856987079973	0.98445114301292
0.2432557693158685	0.4916244661090714
0.006835374414102757	0.9931646255858972
0.3140130026442046	0.6859869973557954
0.6196349434616042	0.38036505653839575
0.5886968468266932	0.41505624656772444
0.22735891592635882	0.7726410840736412
0.41198331176017233	0.5880166882398277
0.01985985911381094	0.9801401408861891
0.4832472711377012	0.5276988587383371
0.4174484905158713	0.5825515094841287
0.07977900550579053	0.9202209944942095
0.1525487464291089	0.8281865515718284
0.5110698803833882	0.48893011961661176
0.06876115694439987	0.5890499608975318
0.350639429601863	0.6053766047905123
0.5299304393422224	0.47006956065777766
9.037880354989536E-4	0.999096211964501
0.5062033946081538	0.47573590240979535
0.029164601824028802	0.9708353981759712
0.045001990311654416	0.9549980096883456
0.591026926959682	0.4089730730403181
0.6094757541841953	0.39052424581580475
0.13900728525986414	0.6663907315550115
0.26545173416537243	1.0591348527690672
0.25017225137012666	0.750591378951599
0.21643575733328363	0.7831095565297566
0.07692953730655971	0.9230704626934403
0.10034612400283688	0.8716523054825577
0.2578788780908466	1.2694191628708937
0.24137361808304958	0.7586263819169504
0.029395046138420033	0.97060495386158
0.19504098283016247	0.8049590171698375
0.03038289279620976	0.9696171072037902
0.24446232426498277	0.7564727795908699
0.0028255097740623736	0.9971744902259376
0.07823873907203768	0.7703063300851685
0.2632851312090502	0.954768317647757
0.3172806591915579	1.138844786033496
0.3090205517604418	0.9421090554224063
0.32134946534469483	1.0053915009192342
0.042499393820109366	0.9575006061798906
0.2515264096305741	0.7768584649872392
0.3208173157068311	1.1308475139976586
0.034779365119814096	0.8722238444034933
0.0930922325058213	0.8656462468182679
0.2581851304857586	1.1271895523606712
0.057609772058506925	0.9423902279414931
0.2975563105491952	1.2922699609219577
0.44424693899181433	0.49100488023921307
0.016180835829484153	0.9838191641705158
0.12880937407160417	0.2818190405942028
0.013430152879831514	0.9865698471201685
0.06183812919391953	0.8490419629519905
0.6695913172817669	0.2897700704983339
0.020327611755749375	0.9796723882442506
0.1854538962968223	0.8145461037031777
0.14535700707121568	0.8546429929287843
0.34350806633556197	0.35182141928217786
0.004087360108577687	0.9959126398914223
0.0433255854454127	0.5050095848500977
0.07339714338674833	0.8982179819954383
0.11226019501173252	0.5023651221418377
0.548702531123955	0.45129746887604505
0.049655755888680195	0.4221110992937268
0.5612777751857317	0.43872222481426826
0.21227050072262588	0.7187165904253086
0.24248873467164017	0.571048525845951
0.26384895388166996	0.73615104611833
0.17497117477643698	0.5410808505090227
0.4143459762879148	0.5856540237120852
0.64785063096961	0.37195801939571155
0.012079569349384589	0.9879204306506154
0.0547596508717902	0.700347664762324
0.03057351745222836	0.9694264825477716
0.2303308677116659	0.7696691322883341
0.05212435194754961	0.9478756480524504
0.17270484697115418	0.8272951530288458
0.2644896568743569	0.9401964913808243
0.055829664794619815	0.9441703352053802
0.2826929823979345	0.9843584811045126
0.21042488566464917	0.7955353346155708
0.1132931599631345	0.8867068400368655
0.19109756992716848	0.8049760424708434
0.09726056047924148	0.9027394395207585
0.0903741057397913	0.9263005436156483
0.25196819969929657	1.092755745754884
0.22482919961034298	0.775170800389657
0.2496940511126492	0.8448102173598036
0.04522409038097497	0.954775909619025
0.25013329111047466	0.7716580815253784
0.0483282844731211	0.9516717155268789
0.27260098082643763	0.8293049164673324
0.1678785666990995	0.8321214333009005
0.07551875202880953	0.9244812479711905
0.23596184037857332	0.7682095667342381
0.04108014088252754	0.9589198591174725
0.028499757897030187	0.9715002421029698
0.07679835729350326	0.9232016427064967
0.25771049472699437	0.7422895052730056
0.40445687151899934	0.5955431284810007
0.46187187940905583	0.5381281205909442
0.018133767737134265	0.9818662322628657
0.1533897395409095	0.4014218262522371
0.40003064976317293	0.5999693502368271
0.2513486783675608	0.7486513216324392
0.3647400240662936	0.6352599759337064
0.3812264478013849	0.41408740394343396
0.35282776351204725	0.6471722364879527
0.18947481033306313	0.8105251896669369
0.051710871680880954	0.948289128319119
0.24938109181063176	0.7121528861980755
0.2288626892642471	0.5040858472333057
0.007551981277113096	0.9924480187228869
0.16018694844295445	0.8210141735028287
0.1611158181090533	0.8388841818909467
0.5005748134302437	0.49942518656975626
0.4283170116437542	0.4883309496058693
0.024657015092550805	0.9753429849074492
0.0600501418354068	0.9399498581645932
0.25874498364927623	0.7412550163507238
0.39095889705848563	0.6090411029415144
0.009968821823200691	0.9900311781767993
0.47299610578925233	0.5270038942107477
0.0027045968984631408	0.9972954031015369
0.018641663061429014	0.8179073846487531
0.31533940845961356	1.1058757318196883
0.08696410615864747	0.9130358938413525
0.25402528954667364	0.9597318853195205
0.06625857751861389	0.8589181315934079
0.019994148172945758	0.9800058518270542
0.018266749894015888	0.9817332501059841
0.2602440321340499	0.7821692237919221
0.17388975792348405	0.8295720453244161
0.26299244341042516	0.791147766687526
0.2289519015754325	0.8525657212591687
0.0717317336722828	0.9282682663277172
0.3058511756651635	1.082999753047681
0.02826161053597409	0.9717383894640259
0.3065865492627623	0.9305168311354507
0.08316811246443412	0.9168318875355659
0.30447090208907457	0.9627070139707352
0.01802384939370024	0.9042499011725095
0.25605473766892295	0.7986276271458659
0.28173608528972505	1.034197588364675
0.22194686255749646	0.7842029022339763
0.28372160823430176	1.0081714722704822
0.27023076550423464	0.8753251567529243
0.06695156395073532	0.8305519802308895
0.5246785001261967	0.453206933853032
0.34668067398862973	0.30582372347756975
0.17081869194167834	0.49069448543713157
0.5407749080492699	0.4500164143331473
0.060894319622141424	0.9391056803778586
0.28130878602605425	0.6956443516174733
0.3189809223131546	0.45050650215086435
0.08360355336554492	0.9163964466344551
0.0724955967892723	0.8679143195932872
0.07001380891327569	0.9299861910867243
0.3309355275483887	0.6679285226213284
0.47660740382555855	0.5233925961744414
0.17503065041640706	0.6108109322841784
0.37985966929615095	0.6119868109886043
0.1705563426246156	0.8294436573753844
0.3099964446664969	0.6866677401049807
0.3297753149729472	0.6702246850270528
0.08228184891505963	0.9177181510849404
0.07541960392774905	0.5449381449769894
0.41523142159815596	0.35730321917807545
0.034932840608821	0.7513099845249849
0.013616206279561283	0.9863837937204387
0.06990405314648496	0.930095946853515
0.3757932053770663	0.6242067946229337
0.08280147461872342	0.8899469129277736
0.24913961464640472	0.7505901859789949
0.3009572879159227	1.1872823962401107
0.22833385722435118	0.8707565782419275
0.27496039691601754	0.9305137890539308
0.1515230041271921	0.8484769958728079
0.24854773519765472	0.7514522648023453
0.05484481775857804	0.7715753583024378
0.09264412317836143	0.901765189300873
0.13916710124934628	0.8608328987506537
0.2762741792101192	1.055739721929269
0.0364670629805508	0.9635329370194492
0.11844360506039431	0.8815563949396057
0.13793170456210968	0.8620682954378903
0.2525488573555856	1.0926780908492593
0.03523128670866771	0.9647687132913323
0.25578672647941625	0.769783107646534
0.05407492364904398	0.945925076350956
0.13979643681611587	0.8602035631838841
0.1306837487308708	0.8712025273712672
0.08851849012659076	0.8291550884623395
0.06646189893946118	0.9299213697130478
0.3305850023752085	1.1994125273332088
0.2532753117534323	0.9035110511035536
0.00973528922590794	0.9902647107740921
0.015199383134049683	0.8578437358126376
0.00828577835509059	0.9917142216449094
0.01975538503034502	0.980244614969655
0.048309944082887246	0.9516900559171128
0.18535317544108465	0.458229118789482
0.3296479315457702	0.6703520684542298
0.03152808151203268	0.9684719184879673
0.6878429774062306	0.3141576772137228
0.4500604781332901	0.5499395218667099
0.022677364318067772	0.9773226356819322
0.3733646098212761	0.6175493710907228
0.42150323673067025	0.5784967632693298
0.35772874812264577	0.6422712518773542
0.23228249091517827	0.4357036079454335
0.02499736159831563	0.6226916791740902
0.20521024818090317	0.3065500676630635
0.0439156581515443	0.9560843418484557
0.5827712494875831	0.4172287505124169
0.326175842508866	0.41794735916786946
5.361332439259847E-4	0.999463866756074
0.029600336762344304	0.9703996632376557
0.33365712120053137	0.6663428787994686
0.04377741668505286	0.9562225833149471
0.29641577479069403	0.703584225209306
0.5850285248185827	0.4149714751814173
0.4184422858357193	0.5815577141642807
0.2607275069476786	0.7908734923258185
0.12401518590637894	0.8759848140936211
0.3087206452513435	0.937688350757931
0.2503665355783635	0.764878366909322
0.1366415545087193	0.8633584454912807
0.10663974058225106	0.7964113944093879
0.2660376485090669	0.8018366897107347
0.17158810582398965	0.8284118941760104
0.2514300535471816	0.7899475198752381
0.12765300687891235	0.8723469931210877
0.23518603221077228	0.7109876765959204
0.27281150574792323	1.2634139146469265
0.09191849762536564	0.9080815023746344
0.27286012626210554	1.205926187111508
0.14514495093595972	0.8347047882681878
0.25061970616562496	0.7522558662249841
0.050977531679799806	0.9443732338636699
0.23155732518209732	0.70220858662818
0.27233629197968606	0.8252781005420793
0.1739826342020539	0.8194725758689445
0.015021795550148214	0.9757043400441303
0.2527135954089819	0.7599421542085703
0.023566704897413304	0.9764332951025867
0.1500994356564982	0.8499005643435018
0.0952617525020999	0.9047382474979001
0.1673892946868808	0.8326107053131192
0.2645093483043204	0.7354906516956796
0.009624109149082849	0.9903758908509172
0.1659611012494199	0.816899011811671
0.5251226934415807	0.47487730655841925
0.013053318150240578	0.9869466818497594
0.21828187451266368	0.6050497068730677
0.5071818558936857	0.4412171448328172
0.2941415395956547	0.7058584604043453
0.12416627079287745	0.8758337292071225
0.45180837236081534	0.5184491605012425
0.41937735807024157	0.5114265000845231
0.3149756834851206	0.6850243165148794
0.3551513495489999	0.6311110855154201
0.0550183772776377	0.9449816227223623
0.3721086645161521	0.6278913354838479
0.1694404722710393	0.8305595277289607
0.23040303181504784	0.8596537161502482
0.17911393189847624	0.8208860681015238
0.06902107164905934	0.8896013549285209
0.06963720959528558	0.538814452900743
0.21114136413198537	0.25255370470127647
0.06399652453317838	0.9334924025770168
0.08095391098291921	0.8657798710475797
0.13054340254721641	0.8694565974527836
0.07810428354250087	0.9218957164574991
0.26316972483887896	0.8013704963865518
0.08179294245884762	0.7520048373862096
0.023498931704658443	0.9765010682953416
0.02317281309393493	0.9768271869060651
0.1843163476550761	0.8156836523449239
0.30672752865305414	1.2190811299611557
0.05514399021586436	0.9448560097841356
0.2517302963495638	1.4271764517172503
0.2499167556249688	0.7516757309677541
0.005051611645147669	0.9949483883548523
0.28392242004346624	0.9127296178560107
0.09381513341514791	0.9061848665848521
0.00529359358603354	0.9947064064139665
0.2047564739072857	0.684998730698586
0.09218088317375239	0.9078191168262476
0.050621989069788875	0.9493780109302111
0.11197963316011389	0.8841544004345594
0.26949916432502025	0.8165345665697494
0.2614692629624344	0.7860381341954816
0.10891413050047716	0.8910858694995228
0.18282647127465967	0.7534223084478908
0.018757305118280665	0.9812426948817193
0.11473068500680961	0.8852693149931904
0.011764631471915315	0.9791719085349528
0.19926911095392555	0.788600598944774
0.10217090577921073	0.8978290942207893
0.27384436624733616	0.6250319909506523
0.31768889611473994	0.6299011727611298
0.006631649943859017	0.9902485843760699
0.05770105054776509	0.9422989494522349
0.2635376756929548	0.7280929337203442
0.08104177624434772	0.9189582237556523
0.05804507379949919	0.9419549262005008
0.05355675625340306	0.9464432437465969
0.10373753327299651	0.8962624667270035
0.19142156523555498	0.808578434764445
0.6698941248871929	0.5430103916704097
0.4533702848300928	0.5466297151699072
0.026932869352621618	0.2941603825805643
0.5023916686572241	0.497608331342776
0.043142614653696065	0.9568573853463039
0.3481233715527682	0.6518766284472318
0.3836027172854405	0.6163972827145595
0.6479528040055014	0.3492283830626012
0.5093788893166575	0.4906211106833425
0.5855343209757367	0.33833478414743534
0.2994202694877711	0.7005797305122289
0.2994321144416775	0.7005678855583225
0.18902058767034086	0.2851707537154493
0.23717371106135865	0.7895255732597712
0.27849912469974575	1.0366692782393612
0.07608405175010707	0.7508640684013783
0.05479444118300747	0.9452055588169925
0.3869492467232598	1.3022194454573717
0.11482105758578687	0.8851789424142131
0.20398111090229346	0.7785519782103842
0.0689386944446404	0.9310613055553596
0.04368626999275271	0.9563137300072473
0.24499444706235365	0.7635384025257442
0.06023186879093889	0.9397681312090611
0.19638778439351967	0.8023768313606897
0.15609613388349944	0.8785121803600124
0.29630377690947335	1.2256510391593844
0.02795593523019775	0.8588814534256244
0.13168806710574854	0.8683119328942515
0.245658098763538	0.7435088109246
0.33506110436318126	1.1725135916662786
0.15347072035827414	0.8465292796417259
0.04285004612928822	0.9571499538707118
0.0918489694905067	0.9081510305094933
0.2515269129363892	0.8860852923706247
0.08586415300666372	0.9141358469933363
0.03766403021576736	0.9623359697842326
0.050368852721533575	0.9236590460743801
0.5790761362635876	0.42092386373641244
0.38616029430164067	0.6138397056983593
0.0029806157819727286	0.9970193842180273
0.1791722440217791	0.8535674985025663
0.11110018972243974	0.8888998102775603
0.016555223434927026	0.6304077526072887
0.29786871949230886	0.7021312805076911
0.02158247898135582	0.9345688102908039
0.32237218064881784	0.45517933898499097
0.20154586593787815	0.7984541340621218
0.01350295125125256	0.9864970487487474
0.3305106135152208	0.25110040335698003
0.08467616843517631	0.4715761658129826
0.06601162531388094	0.9339883746861191
0.22738566998464535	0.5271933035865641
0.6613200932485583	0.3042882816331199
0.11591787706565912	0.6476456029873116
0.10717020837797486	0.8928297916220251
0.8018885982073725	0.39934912704886205
0.5866354395327049	0.4112288426965357
0.3927314338721333	0.6072685661278667
0.06654252599414232	0.7997384765855791
0.007356366790636226	0.9926436332093638
0.4895214958052114	0.5104785041947886
0.05751637431489587	0.9424836256851041
0.1093349886216981	0.8906650113783019
0.003082247327665358	0.8705913319438574
0.08963222099068298	0.9002708225322568
0.2555173343765915	0.9335140375630424
0.2722194399043767	0.8646858570465553
0.021163379463736698	0.9788366205362633
0.31553468858466527	1.1518203974058683
0.1412806494376501	0.8517893172174258
0.10846971402192918	0.7853405130328712
0.28472274715061296	0.9000036415459637
0.10656920174082293	0.8424885458030191
0.24968438896040937	0.874418895982034
0.32280829081684964	1.0380498862607668
0.24706296185339816	0.7551601739326357
0.09469123158153847	0.9053087684184615
0.21190157594829434	0.8137044694236643
0.2585253023317207	0.790874232924818
0.3031235100110932	0.9302999126813619
0.26834242043336426	0.8599198589272272
0.07853286717307006	0.9214671328269299
0.06424768649637391	0.9357523135036261
0.11987456169149793	0.843443497171036
0.1103528335394578	0.8896471664605422
0.11549979685463385	0.8845002031453661
0.3180851912863308	0.9585671537691418
0.35751536684657736	0.6424846331534226
0.5515514460370494	0.44844855396295064
0.3666263950359032	0.6333736049640968
0.0480063013094959	0.9519936986905041
0.014844700393950102	0.9687925552581903
0.03527310547149676	0.9647268945285032
0.17988092243180798	0.820119077568192
0.32196125844106005	0.433187676052145
0.36621189314742086	0.4664833350305264
0.5362850998342177	0.4583403576145003
0.2753208425312397	0.5356477855291264
0.07149503043810634	0.6331766124793866
0.07704108278163367	0.9036153894238462
0.2042371652647026	0.7957628347352974
0.20637753289646588	0.7936224671035341
0.24071440133241165	0.38594623967528563
0.33044026822605627	0.665963425136845
0.003698544058707842	0.9963014559412922
0.46252090133319707	0.583780266316447
0.0930636463267338	0.9069363536732662
0.0690973211967877	0.8523660630518354
0.12494343165286867	0.6522301949324617
0.3631929766718729	0.41430300284438865
0.1068821154364834	0.8931178845635166
0.12255902030529747	0.8281598763373945
0.20969596968514514	0.7903040303148549
0.22348783997793586	0.7765121600220641
0.12685042813109326	0.7965465944905253
0.05983005894127691	0.9401699410587231
0.20775318033498036	0.7922468196650196
0.21033551906607156	0.8353257736122228
0.2677033184892445	0.8086518125121887
0.15576538452570998	0.8438355553789554
0.22026088126422616	0.7797391187357738
0.01373508528917966	0.9862649147108203
0.15934738075303112	0.8406526192469689
0.03868706094070016	0.8584126296548057
0.38438161024987944	1.1736817129839168
0.29099663785599694	0.9150087757773475
0.2643542248115184	0.8264126875800519
0.26553823124362574	0.8235487490058006
0.12942733248782057	0.8705726675121794
0.329639489244237	0.9890605007986639
0.34403711088771327	1.0599481648843938
0.11540765951252019	0.8676991626298601
0.24998710247128866	0.7504423812425658
0.3451764394102709	1.0368398397353338
0.1541191045866408	0.8458808954133592
0.24440478407898023	0.8297274105048392
0.2556816201165904	0.7829105053884865
0.25980416316856647	0.4157025467778115
0.10609339374962135	0.6879011926170342
0.317369109357346	0.6217061011249131
0.020651026836166708	0.9793489731638333
0.06676413832028127	0.9332358616797187
0.09654208571457679	0.9034579142854232
0.20556563315598286	0.7944343668440171
0.006896190292488891	0.9931038097075111
0.31233446603609927	0.6876655339639007
0.3288354327409512	0.6711645672590488
0.07153609425002483	0.9284639057499752
0.4010045390801576	0.5030153006355143
0.23605230668236965	0.7600761158738429
0.06832753443356798	0.8971281540744508
0.17826275538335018	0.5179064251335734
0.1699501537344429	0.8300498462655571
0.20254557682584085	0.7974544231741592
0.3918212466609404	0.2898778233914933
0.2490562897377372	0.7060717845239789
0.0031643553282065806	0.9968356446717934
0.5638934968353451	0.38375547970885326
0.02618246283812083	0.415754213928083
0.10285565283099862	0.8971443471690014
0.13739969660794696	0.7804214727441301
0.21048874504321086	0.7879287726726422
0.03245704525231819	0.95717742408404
0.22220387397149036	0.7551007298055007
0.15805289704830422	0.8324970641121412
0.25874696218814935	0.7793234812035119
0.02287137397461292	0.9771286260253871
0.2982964747839645	0.9622268061189354
0.22586412739796283	0.6774943072148212
0.010962123505501853	0.9890378764944981
0.32775871046155286	0.9899818669315181
0.012957347997051791	0.9855688017391291
0.09219987798048979	0.9078001220195102
0.28794961821906917	0.9605593560448884
0.255177106522425	0.7663627141643045
0.164275390589058	0.8280410700649014
0.015302582811247856	0.9846974171887521
0.16383030359306983	0.8361696964069302
0.21958340744268046	0.7804165925573195
0.03421832558673832	0.9657816744132617
0.28045389127329146	1.2485500348904548
0.11975454819283149	0.8802454518071685
0.1657277166669856	0.8342722833330144
0.3439352703018122	1.3508534724030634
0.25601161578479753	0.7682117875476868
0.12402316852211431	0.8402550589171796
0.24444631593376911	0.7925351581248272
0.02987054683260104	0.970129453167399
0.010415379223894017	0.989584620776106
0.7261986808718428	0.3903043151049656
0.33000334531850395	0.7118886550706607
0.5167277661454388	0.4832722338545612
0.04308345556078922	0.9538175726917276
0.3603929993904595	0.6380789935000651
0.25545466957290597	0.744545330427094
0.060827787578976	0.939172212421024
0.21089121828110446	0.5267177260016859
0.0586060435860169	0.17229198110664676
0.022226134799129493	0.9777738652008705
0.1400556935020988	0.8599443064979012
0.01198916175756426	0.9880108382424357
0.47188988860734443	0.5263573188742962
0.0456826962915049	0.9543173037084951
0.030538964116955114	0.9694610358830449
0.49528318377660574	0.5047168162233943
0.2511858238927664	0.4310735987141626
0.11463201352101349	0.5282120286157475
0.679737780545624	0.3209772819419915
0.12057847972985111	0.45834951521806877
0.006119326541623171	0.9938806734583768
0.5602624897619034	0.427119844478728
0.11028639479221614	0.8897136052077839
0.2605882789224949	0.9476133819347781
0.23507847932751882	0.7485195915651236
0.17771403252870138	0.7632068446664624
0.2628228099906977	0.7958818953628558
0.042703339899940795	0.9572966601000592
0.1811827294739341	0.8188172705260659
0.2492585423941976	0.7819838124647117
0.03508015201263881	0.9649198479873612
0.25224662383599894	0.7626439785470703
0.12255284305250624	0.8774471569474938
0.055681813388218	0.9200377264243552
0.25814458153394904	0.8039139359844061
0.2279249576224334	0.8263166990462683
0.027000462976820128	0.9729995370231799
0.21270945278200876	0.8502143258743087
0.01813646064618689	0.9758680991226923
0.273701321545161	0.8227892761096173
0.26478439649266017	0.8067067039757777
0.08695099978271337	0.9130490002172866
0.20724766106355003	0.7933541337171883
0.2293836897224934	0.6940886035730723
0.011347441116204893	0.9886525588837951
0.05493343767590203	0.9294575034050796
0.04435245483081829	0.9556475451691817
0.13486611055396314	0.8651338894460369
0.4446461606198341	0.5553538393801659
0.38166396637897937	0.6183360336210206
0.11350208294371478	0.8864979170562852
0.46552353765992077	0.6875976383980942
0.17759292749510647	0.8224070725048935
0.6151503843372215	0.3848496156627786
0.44999002723039727	0.3274279371204795
0.13654838890572163	0.8634516110942784
0.34378098698988024	0.6562190130101198
0.0202650669007145	0.9797349330992855
0.46914082265812074	0.5308591773418793
0.1011089696597176	0.8988910303402824
0.057626113732264006	0.942373886267736
0.006672681820320658	0.9933273181796793
0.45601391838140914	0.5439860816185909
0.05063187062023489	0.9493681293797651
0.15263726400036215	0.8473627359996379
0.4141209688736558	0.5115178155532524
0.16031396249911098	0.6925743592445299
0.009410189786129619	0.9905898102138704
0.12487467126382648	0.7384060817855161
0.04222596878393392	0.9577740312160661
0.43589237853145657	0.5641076214685434
0.42181675608473734	0.5428831930405397
0.022456860671506984	0.977543139328493
0.2359575741979859	0.7640424258020141
0.27736913689566284	1.210891456766843
0.2833094805819068	1.2011534668344863
0.07391247042124971	0.9260875295787503
0.25004885983797415	0.7690593110230599
0.033934070624653034	0.966065929375347
0.2673269364820088	0.8128794973627984
0.005026041561480343	0.9949739584385197
0.2775775991666204	0.878743943266251
0.23134971535845883	0.7572411461135373
0.01793083116557998	0.9579396323179071
0.05513833890022801	0.944861661099772
0.20474517676312592	0.7897478091989731
0.27208948113293635	0.8313429982862821
0.0011264651055659103	0.9988735348944341
0.14502859580240834	0.8549714041975917
0.257525185506415	0.9259205376477673
0.1699310163478691	0.8300689836521309
0.10575350109566217	0.8942464989043378
0.16527712110645854	0.8386883112368798
0.1813513204822942	0.8186486795177058
0.08280877630693106	0.9171912236930689
0.20258597363798436	0.7974140263620156
0.2422462326055791	0.8731689551627966
0.2501199968249225	0.7515769030867147
0.5277039333721464	0.4399061239110838
0.11756788530055981	0.27023992132083263
0.5094333148827241	0.4905666851172759
0.039435220668182835	0.9605647793318172
0.11273603843563051	0.7152273769381909
0.4299526754579842	0.5700473245420158
0.286096492520031	0.713903507479969
0.0033923999357158285	0.9966076000642842
0.659620158525374	0.2837039205956824
0.5078598501675848	0.4921401498324151
0.03588114710956658	0.9641188528904334
0.0048090847554329574	0.995190915244567
0.011244296698515122	0.9887557033014849
0.2047506945060702	0.7952493054939298
0.26512059143949307	0.7292170763055315
0.1462969754572639	0.834594853681702
0.017704199779083107	0.9822958002209169
0.2984614290177342	0.7015385709822658
0.26411396014820154	0.7179601483652176
0.16924640418356396	0.6826944162442479
0.19660021119368876	0.8033997888063112
0.33011102327553277	0.6698889767244672
0.2984050901314491	0.7015949098685509
0.17561282718469956	0.3966001462778508
0.0983741979418091	0.7981933226389725
0.2685757594398573	0.826402359197019
0.2589203199058076	0.8429233282589766
0.16235929378828873	0.7895465082825379
0.224382514160447	0.782087051064121
0.007973907535135827	0.9920260924648642
0.06909053563567913	0.9309094643643209
0.17995888203842114	0.773717261647584
0.259322993724303	0.7783074019510849
0.028072425534383716	0.9719275744656163
0.20064055600934488	0.7862287935912002
0.31921482774947185	0.9585368794607062
0.12635670537542082	0.8067029779670167
0.04391425266531344	0.9539185891478815
0.031016609352103756	0.9467962757993571
0.06097132713305732	0.9165645211081183
0.25429912008833006	0.8012271628594198
0.335515403113108	1.0178386815270037
0.006777720920107422	0.9932222790798926
0.22336072054895284	0.7766392794510472
3.446225841893247E-4	0.9996553774158107
0.23268059233706959	0.7684724289045035
0.26086261314546233	0.7966078605012055
0.04389975488366501	0.9101471233177925
0.2683067931334253	0.8510855297095804
0.31006849314439766	1.1851497662537742
0.5708314275052626	0.42916857249473744
0.7251901421352845	0.24989280492092622
0.33664013666509257	0.6093186249553315
0.09231003702274732	0.9076899629772527
0.006471906843607544	0.9935280931563925
0.022044319481730468	0.9779556805182695
0.034192379331603795	0.9658076206683962
0.13122360886916973	0.8687763911308303
0.31243986213197317	0.5375029554251173
0.03253626060397576	0.9662921317609645
0.04156167995915908	0.8995167486308296
0.10293963892857538	0.8970603610714246
0.10848497308466083	0.7896713787505549
0.3606329872426878	0.6393670127573122
0.3917501864887991	0.5610417376185456
0.27538168838840404	0.7008374762170243
0.024380757423145605	0.9756192425768544
0.2545720004232506	0.7365925075294643
0.14159682659803913	0.6461396137067732
0.003856732663802598	0.9961432673361974
0.7227946140024886	0.2646430256342267
0.09010042649455223	0.35751512895697884
0.5675392546159077	0.43246074538409235
0.3407883926189844	0.6592116073810156
0.13285301653136317	0.7816067406500424
0.14452048126412673	0.8180453795148255
0.18651846619683632	0.8134815338031637
0.25908427399207423	1.0622699504894104
0.2578309541085757	0.782874983480363
0.19349453517966736	0.784350990670637
0.22522879077710609	0.7966407413291242
0.015461981733493224	0.9845380182665068
0.35863054179218923	1.0969844711114158
0.11178356514973609	0.8882164348502639
0.3551276983404059	1.130681666667932
0.281776277582795	1.0933618735427795
0.28709379959146997	1.3532306081206178
0.2652693943088137	0.8832198683403478
0.2315184032644606	0.7687627529758497
0.007134339990495455	0.9699386908218502
0.022842579423210985	0.9771190100409358
0.09212807818749577	0.8565963905110008
0.21409095730119132	0.7767882463679359
0.15516270485561218	0.8344118977309006
0.2638316899137026	0.9387858471937514
0.26488573875843613	0.8291496834278019
0.08493917575357346	0.9150608242464265
0.27218926402919574	0.8293416318698805
0.07417033461111655	0.9258296653888834
0.33459223878004735	1.0070358197939346
0.1873744489199951	0.8126255510800049
0.3089743730236145	0.6910256269763855
0.2780552814375492	0.7219447185624508
0.4364608887624133	0.5220778954436658
0.03291485044677276	0.35416707770307526
0.23926468300298512	0.7135852326080279
0.06952589633933615	0.9304741036606639
0.07865255247530803	0.792264078085529
3.843345969278663E-4	0.7145947324891959
0.5008051036102859	0.4631503190151464
0.09097009481701439	0.47709713967201706
0.03645533907081246	0.9487441691940776
0.17633067654844956	0.8194048830761348
0.12712819156262004	0.5621434156837177
0.39703456544185883	0.5759410944608098
0.32294160870138655	0.6770583912986134
0.09660723594969987	0.6426729200626485
0.1272699022276054	0.31792924833211844
0.43969458417683316	0.5603054158231668
0.03210857492572057	0.8181979744107453
0.07578662355049559	0.9242133764495044
0.20178252348556536	0.7982174765144346
0.3333697230641173	0.6666302769358827
0.41010690423977597	0.4195126766424738
0.04069477473702199	0.959305225262978
0.016045523016445684	0.9839544769835543
0.25621495248211756	0.7724133513129585
0.025380312991118786	0.9738913698349632
0.09444589600334652	0.9055541039966535
0.057462027320780096	0.9425379726792199
0.0584462452432567	0.9415537547567433
0.08207661752024398	0.917923382479756
0.0023460941099250343	0.997653905890075
0.25015475175030844	0.7508416719022518
0.2331552879562844	0.7669465473009839
0.02397539424806594	0.9760246057519341
0.270362412292209	0.9775750133444371
0.06016875537118049	0.9398312446288195
0.03192414801788368	0.9680758519821163
0.1449888132833104	0.8547430802380475
0.2638849534816401	1.181588916447326
0.21438332563860468	0.7997026987145178
0.04066680698423686	0.9593331930157631
0.013932065572171862	0.9803213112222491
0.1833331836597778	0.8166668163402222
0.17180961605408196	0.828190383945918
0.17638094634346724	0.8236190536565328
0.05337505633731343	0.9466249436626866
0.35936332904001567	1.083672534342368
0.12240810709215044	0.8775918929078496
0.13975268707583746	0.8315171738718183
0.07715341291361788	0.9228465870863821
0.3726427357716754	0.46201631453796255
0.4293927846162706	0.5706072153837294
0.6006332642295262	0.39936673577047377
0.24025740363390724	0.7597425963660928
0.09704021061019807	0.9029597893898019
0.07477732438827323	0.9252226756117268
0.050211532257877334	0.9497884677421227
0.5759870054060321	0.4240129945939679
0.3066539597531156	0.6933460402468844
0.031858850418722606	0.9681411495812774
0.371370662388585	0.7798842629486545
0.3871971708265317	0.6128028291734683
0.6618743606066584	0.3381256393933416
0.05469834039551302	0.945301659604487
0.29473635008831456	0.7052636499116854
0.023644115196197694	0.5308820148748361
0.44892382411561144	0.3031387502477425
0.004378281499727632	0.9956217185002724
0.17789314970128733	0.8221068502987127
0.4253158379244135	0.5746841620755865
0.4135816273859879	0.5864183726140121
0.07825113745255154	0.48445962237064394
0.4550893495336341	0.5449106504663659
0.16418045644811263	0.8358195435518874
0.03872527484456513	0.9016976316881972
0.2218324335368372	0.8096153962558913
0.2469122758444961	0.7587637346906922
0.007741163826894049	0.992258836173106
0.01095615282330753	0.9890438471766925
0.2648361980987899	0.8236223705713087
0.2302365005386925	0.7584303368843105
0.2563855439189435	0.7974661776498673
0.011360903496132568	0.9517115554363945
0.07129430595175967	0.9287056940482403
0.27049611834845466	0.980058341166026
0.1928927039195943	0.8028642626261389
0.31066569201219035	0.9414945958978289
0.24178664419785112	0.7582133558021489
0.010687074317091483	0.9893129256829085
0.23907864129003517	0.760145043822049
0.14091700834509635	0.8590829916549036
0.32138471284394804	1.1451755411425384
0.2587972055389033	0.7840747519177476
0.08425847625630296	0.9025808967720326
0.3064537506028748	0.9545388531155042
0.20593307330489408	0.7940669266951059
0.21549042194508217	0.7846084434381899
0.03218962199855957	0.9678103780014404
0.25226373776083677	0.7477362622391632
0.6897056968316315	0.29191613526037913
0.2714444600826097	0.7170935749061816
0.19159006604421208	0.6498763025379015
0.17920525143300717	0.6390399393189538
0.4307238448263352	0.5692761551736648
0.31847924570845465	0.4309662947770648
0.1163649346795063	0.28325612552257495
0.006211450654560635	0.9937885493454394
0.14646132093283737	0.8535386790671626
0.1261595379158562	0.8738404620841438
0.0214401703560978	0.9785598296439022
0.06089801756605229	0.9391019824339477
0.01228592967428277	0.9877140703257172
0.1531748591663915	0.8468251408336085
0.3907473173781495	0.6092526826218505
0.3665177285264085	0.5450237028034929
0.019254190715239927	0.9807458092847601
0.13571233313001396	0.864287666869986
0.29413600778409515	0.6938992411444752
0.14244459214661997	0.85755540785338
0.5204559654002132	0.474374541128278
0.15602544501493698	0.843974554985063
0.468191136345086	0.531808863654914
0.1746144056771598	0.8253855943228402
0.30438295373267804	0.9424552529320179
0.0620021775856568	0.8410128590482338
0.007589948261367496	0.9924100517386325
0.018735283956541116	0.9812647160434589
0.05067915311788443	0.9477148903427438
0.20776315743088578	0.7700562055433173
0.012890184377112757	0.9871098156228872
0.17457105115729754	0.8254289488427025
0.2542206656384866	0.7638761225112802
0.27245907803900454	0.9300380377719388
0.28534694907239994	0.8605676615859001
0.04175301645298024	0.9582469835470198
0.28925630446779327	0.9822612953555449
0.09005475297413179	0.9099452470258682
0.07337706938988121	0.7930010401195062
0.20728086990292804	0.792719130097072
0.1967565601806976	0.803055782610423
0.07938400205017682	0.9206159979498232
0.2533685644950214	0.8436163988710881
0.017589169104585856	0.9824108308954141
0.14555133292695865	0.8544486670730413
0.06364132176093729	0.9363586782390627
0.24199194294751925	0.7580080570524808
0.041514926076402725	0.9584850739235973
0.09264849980927219	0.7836175265582246
0.10938579425060402	0.890614205749396
0.12643767656915972	0.8735623234308403
0.2198084199038523	0.6679670100484479
0.5833362313581318	0.4179615758638388
0.14175157773857228	0.8582484222614277
0.4795795182440742	0.5204204817559258
0.18793104896873092	0.8120689510312691
0.03357512179937605	0.966424878200624
0.4582163761874752	0.44192898633615996
0.2618263119966102	0.7381736880033898
0.02946964087032189	0.9705303591296781
0.4667165636350391	0.5332834363649609
0.38799460925034945	0.6120053907496505
0.07145727416866254	0.9285427258313375
0.14881923747927828	0.8511807625207217
0.2029931563877137	0.5945097278013429
0.6815615406684704	0.2836794601908982
0.5498133267548674	0.4471129666264637
0.056884945585449306	0.804109195068734
0.03482759011615555	0.9651724098838445
0.43906619602322217	0.5609338039767778
0.4466202586590575	0.5399626163492163
0.37161921002672416	0.6283807899732758
0.0014979978180307274	0.9985020021819693
0.024001440631473026	0.975998559368527
0.25412843434077154	1.1201558595468277
0.22173905566240038	0.7782609443375996
0.1209279508761499	0.8777735514862977
0.05366363211934888	0.9463363678806511
0.1245093228724935	0.8754906771275065
0.25796301098600954	0.7785439220167557
0.28551517643993907	0.8611800190506335
0.10129389294014116	0.8864908508809312
0.2582137336097372	0.9719120884601559
0.014576422886790508	0.9854235771132095
0.061630532033240426	0.9383694679667596
0.060258405115540925	0.9397415948844591
0.04079688208901455	0.8276541450563352
0.2714782495045975	0.8329508360168748
0.10930598261776636	0.8906940173822336
0.25225280514375714	0.9145786144668828
0.2837310789269118	0.861660735231418
0.013569074134323622	0.9864309258656764
0.05302810490065735	0.9469718950993427
0.008567011728543794	0.9914329882714562
0.24144356238122722	0.7585564376187728
0.001806921186567556	0.9981930788134324
0.018207337093888776	0.9817926629061112
0.08452969310712699	0.915470306892873
0.32734234611560253	1.0420615394612336
0.061393764960334885	0.9386062350396651
0.3703289509063199	0.6296710490936801
0.2832302445075345	0.34248546160486626
0.04569337169434773	0.9543066283056523
0.4858953527827992	0.4775977142144355
0.11125864355916071	0.8887413564408393
0.47045043398837816	0.5295495660116218
0.2528080201854679	0.7471919798145321
0.39925909610485344	0.4339094842845066
0.5115240397728484	0.4884759602271516
0.5193299998606896	0.4589877427051539
0.06222248784644968	0.9377775121535503
0.10261416634627962	0.8973858336537204
0.17048963063551792	0.8295103693644821
0.037120397432981234	0.9628796025670188
0.41477738310305656	0.5852226168969434
0.14028700473732703	0.859712995262673
0.05386685671124121	0.9200696802109818
0.42950287305397783	0.5704971269460222
0.06605115162173836	0.9339488483782616
0.20258757321608906	0.48101800929658795
0.3495101194227852	0.452088598329372
0.22265204328960442	0.77214874919381
0.24988351711002463	0.475522551989471
0.4667842583376484	0.5245672241805673
0.29627584821560077	1.0244254916188615
0.07844380969221287	0.9496200762384923
0.2322337996719697	0.6969765611653458
0.15363637316364956	0.9026291806825418
0.03601128702805114	0.901073849428502
0.0495659368664062	0.9504340631335938
0.2861909701690907	1.0485382592115713
0.35853187089370236	1.1306545728217212
0.021308599913613165	0.8274170810243828
0.2532615625503405	0.8096533009931064
0.059872147698488365	0.9401278523015116
0.2594540013959761	0.9127658442489252
0.014143314240990246	0.9858566857590098
0.3097573102997201	1.2468349918999766
0.11553553848997634	0.834970744817014
0.3196226884186861	1.1814594256308715
0.23571799712626273	0.7642820028737373
0.2818262916719692	0.8786211152169301
0.24802809270362858	0.7519719072963714
0.050170117941513825	0.9498298820584862
0.022460352853225878	0.7917088843726432
0.0878031201163032	0.9121968798836968
0.005628999950265445	0.9943710000497346
0.016774056991617048	0.983225943008383
0.25959602340145116	0.8917110087067263
0.5855396477177129	0.28196211425628204
0.16539917585496744	0.8346008241450326
0.021398678527925208	0.809957223645442
0.4062834417939628	0.5937165582060372
0.37932641004582146	0.6206735899541785
0.017725051704586603	0.9822749482954134
0.07372451119856949	0.9262754888014305
0.42161761389238595	0.578382386107614
0.05187576109424197	0.948124238905758
0.07949547267471833	0.554528516741157
0.8008762183630116	0.2850826950438891
0.5860547542587935	0.4092315828600856
0.32710294805949636	0.6693213041222352
0.4202144064846093	0.4085866377606521
0.4324359754591045	0.4162569924327181
0.11910837451496692	0.8808916254850331
0.39611631872139197	0.603883681278608
0.2975136450560201	0.25089795758743194
0.010641867421950724	0.9893581325780493
0.025531586640365395	0.7735320786569954
0.047389452566475754	0.9526105474335242
0.0028183926931686365	0.9971816073068314
0.05705041176816417	0.19422243597634284
0.17931329969102772	0.8206867003089723
0.04359647233183872	0.9564035276681613
0.1514955471941622	0.8412474660804216
0.2696851827523181	0.809174587548575
0.18659691928450106	0.8134030807154989
0.13752789204606364	0.8283855169835228
0.1677713756323974	0.8322286243676026
0.26255451382379047	0.8101575449496285
0.006928236647465711	0.992790050073259
0.16284377772113157	0.8371562222788684
0.03616773109284843	0.9638322689071516
0.2338288618740104	0.7153187806546413
0.03223425948390679	0.9677657405160932
0.005450667300273659	0.9945493326997263
0.04255406907296433	0.9574459309270357
0.021012778240455998	0.978987221759544
0.03217214794675194	0.9678278520532481
0.05322017453358019	0.9467798254664198
0.027562495409037102	0.9724375045909629
0.10940609522153577	0.8905939047784642
0.05042851523564573	0.9495714847643543
0.008954810460759854	0.9910451895392401
0.30573446996184633	0.9174555964267557
0.23901072567744805	0.7630564536845162
0.1724057686980932	0.8275942313019068
0.3606220589378264	1.132790071250344
0.2719046799962492	1.1805893436919734
0.5284149545892114	0.4715850454107886
0.5188108921957097	0.3989606470066405
0.02671736262877657	0.9504044895752285
0.006151758012913613	0.9593062335958311
0.13418788032299078	0.8658121196770092
0.494395280634065	0.3884304681782147
0.14868803621388993	0.8513119637861101
0.3533536037932913	0.6466463962067087
0.20915264318819393	0.7908473568118061
8.079376657695869E-4	0.9991920623342304
0.48910173474001345	0.5054601201775112
0.3784493041273834	0.6215506958726166
0.6568859883324497	0.36562674144837
0.31763475233465743	0.6461182030677425
0.05279964293649606	0.5755446449236532
0.5012446996399634	0.49803641057130615
0.22727804819383224	0.7629655572785019
0.2810037242452529	0.7189962757547471
0.07430499584337727	0.5912561202728441
0.08333546980268994	0.9008719063394538
0.18630581480670771	0.8136941851932923
0.5529249210360846	0.4470750789639154
0.10280327249719445	0.8971967275028055
0.09238165388908837	0.9076183461109116
0.23479187408494107	0.5433083779299985
0.38538491427032373	1.2066722031345114
0.09052078981630732	0.8363190027892048
0.0039263001545216695	0.7920360982145209
0.0866157955804292	0.9133842044195708
0.0971362923828526	0.9028637076171474
0.24378565908702765	0.7562143409129723
0.06910546560002086	0.8910463117414956
0.27564667764593254	0.8272024802612022
0.1849006161339632	0.8076076224842148
0.23620184510669456	0.764908727950227
0.3746888732379226	1.2016861689915492
0.04886512772210827	0.9511348722778917
0.2889935198403821	1.1177596539359254
0.05488704555254603	0.7866285555754478
0.2760255063228979	1.0011723027025474
0.19033242160187688	0.8454262712845619
0.07995464924909254	0.873085710304129
0.044280272412711597	0.9557197275872884
0.2815268748150561	0.8619470325390549
0.2912196397879421	0.8930430251005655
0.001700031702264404	0.9982999682977356
0.25648857133756053	0.9073882557569699
0.013718741125324452	0.9862812588746755
0.35774896230219166	1.1261618781341776
0.2942685308725514	0.8970008303608112
0.01840058223697283	0.9815994177630272
0.4240641075329339	0.5759358924670661
0.2732357603337723	0.7287065160054088
0.03702531039155532	0.9629746896084447
0.24976152751341332	0.732322848382327
0.5711692256694121	0.4076403622956555
0.3032884807281989	0.6967115192718011
0.14475718045183983	0.8552428195481602
0.05200460476923585	0.9479953952307641
0.05003273981823267	0.6130682565799326
0.08577424287371149	0.9142257571262885
0.038206995645136715	0.9506082001983814
0.5862515957176371	0.4537754888907634
0.3485709957715385	0.6514290042284615
0.14289648414828715	0.8419539099511198
0.11946715876424452	0.6947831641400485
0.03784147993659407	0.4790478985238251
0.16305327232583983	0.26057168544468823
0.3955359291175051	0.6044640708824949
0.2692294814240799	0.65544666370352
0.061275667424516844	0.9387243325754832
0.07154873874223724	0.3186409127296599
0.09693038496089415	0.6479115012361054
0.24638353049748896	0.677830621017341
0.6853713995442391	0.3073988609508142
0.24733225828324473	0.7825603417303701
0.12538342068466157	0.8746165793153384
0.14783981729946505	0.852160182700535
0.2886906036251824	0.8683864009581262
0.2582171602544927	1.0435983969544094
0.18600586545629638	0.8139941345437036
0.25481312117382815	1.0324085904328142
0.04145955466073786	0.9549452691339737
0.28133629672522836	0.8993222518118341
0.02573993803698771	0.9742600619630123
0.2990607537616781	0.9389468824870594
0.40698815673934985	1.2228275648825129
0.16776643124513838	0.8318406637186828
0.21288202393402766	0.7867800607820966
0.030373858259298947	0.969626141740701
0.030772131555287907	0.9692278684447121
0.004226952853598864	0.9957730471464011
0.025601866887301927	0.9743981331126981
0.24681644114757614	0.7540506768842856
0.04965287470378823	0.9483436991609498
0.30347354966191875	1.1095270453649144
0.2576315293469519	0.8092450722497962
0.06922969171711357	0.9307703082828864
0.15769420468595963	0.8423057953140404
0.31172022116191817	0.9521216212173759
0.08567284864103737	0.6603978554321437
0.05478714105020577	0.894536644116593
0.14520392369092117	0.8547960763090788
0.2147270493207546	0.49805123907260307
0.1908873087590165	0.5387082404935213
0.5041871120130643	0.31515433944987314
0.07436354829407144	0.9256364517059286
0.2968580034014704	0.7031419965985296
0.0036419110205687666	0.9963580889794312
0.26844205931215637	0.6803865565049148
0.3223192076131218	0.3758652351779761
9.42166651257681E-4	0.9990578333487423
0.5523689886582668	0.26029958992619706
0.0026920278640911732	0.9973079721359088
0.04190075815565405	0.8268693352818137
0.4304162309759252	0.5695837690240748
0.5221639914452583	0.4777660490132842
0.4054080929178664	0.5945919070821336
0.08306660976980218	0.9169333902301978
0.3037242244964585	0.4751522711704598
0.002240816510615251	0.9977591834893847
0.5152785660459273	0.48472143395407274
0.4656402056077886	0.5347206152962994
0.05245864073648634	0.32006697906078874
0.02989984318717087	0.9701001568128291
0.29779186128172663	0.9980332217430349
0.20473887967895574	0.7950047327333621
0.2509422715199464	0.7561575996235684
0.019242310823156243	0.7880044351120242
0.34714496228342656	1.0766521176644854
0.30283483527698435	0.9633386311456176
0.2835382488379069	1.0304842534762273
0.25566243964372415	0.7969672303742821
0.28352114932431577	0.947121885577065
0.07317547483970699	0.926824525160293
0.07055170898362036	0.7439811858351321
0.14553309054814095	0.8385386549628547
0.192531247007338	0.7811744120569266
0.2572212088037601	0.7845381227909535
0.14370841650577493	0.8562915834942251
0.25235864879780984	0.7737203677027852
0.3239239424565328	1.0213085637299177
0.26026243962652673	0.9214141365243234
0.012369849973970478	0.9838905134244648
0.16897217844367382	0.828132671617564
0.33150029898407607	1.3031970809722564
0.2345441563996515	0.8256159186306278
0.330194049209792	0.9925773646762376
0.41130179721882953	1.2432695828790317
0.2179542715010274	0.7808346182256856
0.045494556161898236	0.9545054438381018
0.1993021700107755	0.7748752010763116
0.291985164592249	0.508278107615064
0.4136379293838609	0.5863620706161391
0.09763395904299765	0.9023660409570023
0.1755801305183387	0.7185242881006332
0.08090863111262762	0.8586966644811742
0.053826066738325906	0.9461739332616741
0.021899976871850746	0.9781000231281493
0.10443481619002411	0.6186241712721703
0.020338587767678606	0.9796614122323214
0.2588022934648435	0.44098840367671005
0.431078554491733	0.5278001607059415
0.06843587213947587	0.2769927477626629
0.08341538485969036	0.8431644027825272
0.2829867088357789	0.7170132911642211
0.14000831758604732	0.585494815719982
0.15930187595683826	0.8362133105911694
0.08791807752905034	0.9120819224709497
0.14266642026095755	0.8573335797390425
0.24604874266117105	0.43992875502469475
0.28747086730582083	0.6035679564945813
0.09738143259467529	0.19509949689145328
0.2987482015552273	0.7012517984447727
0.23917552439769685	0.4798285918195967
0.34454537324806783	1.0366510564661617
0.10874762346221378	0.8912523765377862
0.28336670500745487	0.8768813930959412
0.03175446187682662	0.9682455381231734
0.07639565195546671	0.9157789749145391
0.06221249850749866	0.9377875014925013
0.25201993868380496	0.7560354965546251
0.2543111424928	0.7678696578783821
0.1529781315952064	0.7758227836158775
0.11910616301226329	0.8808938369877367
0.028906787140347855	0.9707295790710263
0.016529084933250116	0.9834709150667499
0.2728855966721806	0.835522394954955
0.4381670572699409	1.321895223824683
0.26624437088137587	0.8114402115951238
0.37510606869121593	1.12913103005435
0.1595355891140915	0.8404644108859085
0.267206740812761	0.8845985182960246
0.24881861662352456	0.7545908284112016
0.07268688876766288	0.8073097594428459
0.03788310675882023	0.9621168932411798
0.272245829438173	1.0240920753291367
0.1353742982972802	0.8203214786960746
0.09592393871527294	0.9040760612847271
0.2659905515629698	0.8152106730615429
0.5626949822443759	0.5180511541962178
0.05328408953674961	0.9360987393082223
0.445702602240877	0.536285969654879
0.27775643169942144	0.4994337597261163
0.09762095063672938	0.9023790493632706
0.2765259116308456	0.23084996938119157
0.30696084507475363	0.6930391549252464
0.19281086086259186	0.7652451298617928
0.385701358975504	0.5429207005951392
0.15794637061195183	0.7411752992140634
0.049836488252751	0.950163511747249
0.06039642735892611	0.9224284108802298
0.2712324611035186	0.5862738057853912
0.04766188723400857	0.28621500829945157
0.10372071083207735	0.8962792891679227
0.045796924911829184	0.9542030750881708
0.17089374575760774	0.8291062542423923
0.1141539809597496	0.9432934925457064
0.13783429638581182	0.740040352372606
0.2915427343206423	0.3207088356398896
0.24576340973298882	0.7542365902670112
0.4457284686615687	0.6655934511450217
0.05087787189362292	0.9491221281063771
0.44369837386098043	0.5563016261390196
0.12491559969965088	0.6083665734651625
0.06343654350699958	0.9008138379752132
0.029849219648253378	0.9701507803517466
0.020447619626141167	0.9795523803738588
0.249755300372766	0.7503563517053831
0.3542587315960188	1.0654135054364926
0.0025037901707350985	0.9974962098292649
0.26394349472312834	1.3948495172226751
0.2625235258404956	0.8693245729488887
0.02939535556841256	0.8644036143249755
0.02914187801900059	0.9708581219809994
0.25594634014233186	0.9705288967335761
0.28236426465738096	0.8544042913662141
0.2533085451000145	0.7882318724123902
0.013364306305369666	0.9866356936946303
0.1250253585858876	0.8749746414141124
0.10715969975929385	0.8928403002407062
0.06597392805225426	0.9174563684794185
0.14411154223646255	0.8550761241748318
0.24029861562482047	0.8155495166320356
0.04393600388243323	0.9531882941824872
0.199762260646849	0.800237739353151
0.3155027847911586	1.1590631946305567
0.16488445637452398	0.835115543625476
0.03800992308114959	0.9619900769188504
0.27277120830333984	0.9130035775200382
0.002278644613068148	0.9977213553869319
0.19724686421654952	0.5770902324962481
0.01802717454081937	0.9819728254591806
0.26208034523878965	0.7379196547612104
0.15204431921186845	0.6321139965153418
0.26579725151506234	0.7438261407370165
0.6863441446767415	0.286441020368329
0.6369008311988179	0.3402102230057854
0.5874671509044591	0.41253284909554083
0.5186498211758572	0.387408803035409
0.12684877898710978	0.8731512210128902
0.018641365500177445	0.7226343393508969
0.0285929278607856	0.9714070721392144
0.01342242806557229	0.8881501840612696
0.4386429894287645	0.42869799986712365
0.11217298586429858	0.8878270141357014
0.32554957943524593	0.6499457288324659
0.32992780467604077	0.6700721953239592
0.11134020614323556	0.4955065702143134
0.13057822560189414	0.8694217743981059
0.22572811649446295	0.7735175178459531
0.6266804093543755	0.3549971021430515
0.004898002692980352	0.9951019973070196
0.020648372751771192	0.32055861530242524
0.3318165632360331	0.6602585436766419
