1 2.2310774538179206
2 1.1839434951252488
3 0.8201118513221414
4 0.4759167059880115
5 0.609465200311364
6 0.6806656613564471
7 1.7669984544608222
8 1.5168298661981332
9 0.37051514755742776
10 0.8884291028341922
11 3.668462776401779
12 0.24079510862932482
13 0.2677045694081842
14 0.4232312869110179
15 3.2345566031312423
16 0.10611757976878006
17 0.6453557600735463
18 0.5817357084883598
19 0.5872573320838239
20 1.1208906597100774
21 2.633096650622855
22 1.1687753938652723
23 1.7368211014953046
24 2.1834535706333473
25 1.0452376088980475
26 0.584827980227361
27 0.9585916539503136
28 0.6872433345588043
29 0.6120220926001116
30 0.6108635628071221
31 1.6554991454048962
32 1.6810516855788356
33 0.5972323439682851
34 0.17355271489905086
35 3.535106729102832
36 2.120616096508809
37 0.999554496252418
38 1.9858825074293687
39 1.0024648993310614
40 1.519088449234126
41 1.6393558778226778
42 2.90493994457761
43 2.169039866933946
44 0.29437532806719585
45 2.5190744628020356
46 1.7899887836106727
47 1.571095781179533
48 0.048081088609254856
49 1.1142739725588995
50 1.345747835651069
51 0.8260868626016359
52 1.6345886035153292
53 0.8959335830279109
54 1.1643895787206393
55 0.8636412245387316
56 1.3375561081706575
57 0.5731333292278021
58 1.1743100903847017
59 1.918089718557596
60 1.8527163602208174
61 1.2153599873923528
62 0.6064937205744206
63 1.2936479523370463
64 1.0135625019122547
65 1.3091133597598292
66 1.0116666471550566
67 1.2065510145884735
68 2.3392952487925647
69 2.644504609021827
70 2.3220766012773257
71 1.166932988759496
72 1.2620031349850414
73 1.0121911584564491
74 0.9480113588399147
75 1.345999868968189
76 1.0728161768545907
77 2.1811937015991205
78 1.0345887737298987
79 1.177410734166348
80 2.174844080332706
81 1.3200681451039995
82 1.0096049025993765
83 1.097199613839281
84 1.1348553386593603
85 1.0088929038798544
