1 1.0534295508446527
2 3.4364758345061586
3 1.3423145035329929
4 1.6642890985331233
5 2.057359949667886
6 4.800183941112864
7 0.3858118396615012
8 0.16307855793062312
9 3.901986252295279
10 1.1010710057238657
11 1.1105340768379433
12 2.0760663328812563
13 0.41366340891108755
14 0.8772383953088495
15 0.619073916622501
16 1.3245758546211193
17 2.7204617717278063
18 0.07720175538945673
19 5.795230768112084
20 1.6917470517424744
21 1.2904857472571742
22 0.5952352284587796
23 0.33620390654164667
24 1.3439596933463311
25 1.3173718832383507
26 2.956706862624492
27 1.087494081883349
28 0.5933085699282973
29 1.6660434491294493
30 0.4221849849945777
31 0.5127475800161869
32 0.6344527872549285
33 0.6475370442937506
34 10.331098444698597
35 0.23274121315786497
36 1.5807800414287223
37 0.35520069058910453
38 1.4737660990806318
39 0.9931108859956667
40 3.13058553042041
41 0.9288500728568753
42 1.242920309719472
43 0.5048022346069055
44 0.9720942142312003
45 1.246388679097937
46 1.4274961722461665
47 0.8163376979974997
48 1.151792772395133
49 7.945426291888577
50 0.7313205018602492
51 1.1202661108369447
52 0.9377260940435934
53 0.464913720837714
54 0.8939829694169749
55 2.8045394471402627
56 0.9867096872466657
57 1.90090691245296
58 0.73247582336747
59 2.8053631801406795
60 0.7588508773702209
61 1.4952780735862112
62 0.9622040443034667
63 0.5808746234280484
64 0.9490366512859315
65 1.3462175746482727
66 1.0584393289547793
67 1.6306859517374384
68 0.5576025972945107
69 1.0558593148500715
70 1.2467133104927866
71 1.0856218544448162
72 0.43469517728984297
73 1.3582172311498688
74 1.147230307688763
75 1.1308097570042308
76 1.0401797653843337
77 2.7110894971999655
78 4.7762884275890425
79 1.316479747459021
80 1.037572502542548
81 0.7378742805094474
82 1.302609891403408
83 2.778255430667988
84 0.7136477588348121
85 2.3932341601641367
86 1.090737669723781
87 1.0223832235681225
88 0.9968590237573004
89 1.2332016694034273
90 1.1281163668573115
91 0.7750212674085474
92 2.438102782278562
93 1.2538117308185335
94 0.9811176968567727
95 1.3849832149586925
96 0.9957001963791285
97 1.0062406966560724
98 0.9876302692398555
99 0.9748273948266631
100 1.0182158003024442
101 1.6440528712633296
102 1.5792099921815925
103 1.111712869804238
104 3.471919903867435
105 1.170622760793935
106 1.0244593438036995
107 1.0076564547118647
108 1.3272909876072356
109 5.710131225730583
110 1.0005090129266716
111 1.0200870549196588
112 1.0160022910899285
113 1.0031546690081015
114 1.5689044174059523
115 2.202412752946146
116 1.0002556256841644
