1 0.4234257346155753
2 0.8896781566839097
3 0.5102254064913597
4 4.068260788737478
5 0.8226135405880554
6 1.0115721065001
7 1.2931993312649703
8 0.1528106669789274
9 0.3032677363422092
10 1.6886640341478565
11 1.208164821745209
12 0.6293572821256413
13 1.5560772648158099
14 0.8758283148660377
15 0.8798276720267116
16 2.8008303418178855
17 1.2772263674467461
18 0.14338393257791684
19 0.26719270674936235
20 0.07177154225747377
21 0.6260339890993688
22 1.080421993062329
23 2.7811933943650806
24 1.036046347552957
25 1.3282223796626678
26 4.516118206006656
27 0.19364424148573184
28 0.4307821516425974
29 1.7715596133514766
30 0.1542859701808323
31 0.44869095950351473
32 1.649569003997113
33 1.8078543488791732
34 0.5231915358849596
35 0.20542462415998416
36 1.0454658212730739
37 1.0094045562238299
38 1.259192191802151
39 1.5401844806678469
40 0.9162039909197089
41 0.30647151975506826
42 0.9688313853501442
43 0.7738319458836628
44 0.7446015710541182
45 1.4083030181051792
46 1.0143252668075637
47 0.5053290725018176
48 0.5466282079586686
49 0.4971582817426485
50 2.4427414018295033
51 4.450514975705668
52 2.8502322279737657
53 2.0112107396916996
54 1.5885229945349237
55 0.9542483346767646
56 1.0704927395765265
57 2.570721368276171
58 0.32002568577174534
59 2.078791011559614
60 2.8273601230260423
61 0.9949379591429677
62 0.7627468086155915
63 0.5042783725324391
64 3.6826278604931946
65 2.899287212111788
66 1.2596925625682178
67 0.8149348107980697
68 0.31481640981005904
69 0.8255681235828544
70 0.6542041110124347
71 0.46094528300149523
72 2.381743635053627
73 2.6061978843312095
74 0.8444465852283274
75 4.228152500940775
76 1.0964295306231473
77 4.195614411646978
78 0.9962697733734108
79 0.6569513597332514
80 1.3765202159647505
81 0.4800434582902304
82 1.623734890142991
83 0.76940906019795
84 1.1113862354886446
85 0.649389091090371
86 0.9480180129969679
87 1.6726757470638831
88 1.1520367007230459
89 2.3955917491686507
90 0.5145295182699788
91 0.5802800537532053
92 0.7869678228519648
93 0.8593329578909279
94 2.1956343811322117
95 0.866706356205195
96 1.325113451584904
97 2.426006674031183
98 0.6863407766906079
99 0.6377508367592408
100 0.8565241960603912
101 1.167525020461205
102 1.712268098099904
103 0.9993051182625021
104 0.9866418863485482
105 1.2043303826998126
106 0.9388855837725631
107 0.992451590477534
108 2.378755072880349
109 1.3695737035754
110 1.2513336454126451
111 1.2974789886543219
112 1.797839814904242
113 1.0005914631290826
114 1.0150943171498619
115 1.3081569009855907
116 1.0105538724206378
117 1.7272550658545605
118 1.6675544129996107
119 2.291232044052028
120 1.0258543488407033
121 1.1107013847739744
122 4.405565132079009
123 1.0757862077447446
124 1.2053210352331
