1 2.4504742191773143
2 0.8086915345586512
3 0.538740986750115
4 0.5373171611980365
5 1.079463851342845
6 2.646684319776056
7 0.39399888842017244
8 0.8324912226797608
9 0.6737086061887847
10 3.3559578569207904
11 0.2847816950268454
12 2.062493074440382
13 2.6117720630558536
14 0.030282160154727643
15 0.8158906950564819
16 0.8361963599875857
17 0.6513540710239276
18 0.9686792791225102
19 3.3216789549573646
20 1.593675134200414
21 1.033403838513058
22 0.06878716736377438
23 0.555719916673539
24 1.6155879236606234
25 1.2094678215467132
26 1.0542956380145643
27 1.4654038980277373
28 3.1170173503015546
29 1.5329208124724323
30 1.5234056788476558
31 0.913129963495837
32 0.9721470184503616
33 0.8081029012737159
34 0.9979871667581647
35 0.5869136060339116
36 1.078090460100445
37 2.3470375689649985
38 1.3829298251382527
39 2.6683464583790006
40 2.2144810153238343
41 0.6666200927598129
42 0.7418942388828099
43 2.9514202635655384
44 3.563706435534871
45 1.025800840503404
46 1.7800657048483037
47 1.0051477342122073
48 1.090533248625484
49 1.1032281604052383
50 1.3571498741290982
51 0.5999547509401906
52 0.8234286052135157
53 1.8713383389975848
54 1.5456231263260805
55 2.15486343635104
56 1.7947731080121159
57 0.5208558426282668
58 1.3173840554375418
59 3.4375767046158803
60 1.052014229799386
61 1.2073013920007687
62 1.5534213020895609
63 0.9493702051397178
64 0.9965158870068965
65 0.9874018900573099
66 1.9387290549120222
67 0.8367400189173311
68 0.833713018209951
69 1.4178291755580574
70 1.5698064412250232
71 7.040684884841722
72 1.088801806431627
73 0.7831945115477373
74 1.1435179556980932
75 1.0045322795177454
76 1.1199063221319236
77 1.04903182637703
78 2.624099840729023
79 1.2556644606431704
80 1.397684960068841
81 0.9618907565282551
82 1.3239573808211085
83 1.0522110181356445
84 1.0186402669966175
85 1.3833137804872364
86 2.3458523191133023
87 1.4705253347837632
88 1.5289130306635816
