0.3940780099393348
0.4997330018567417
0.5513058511995931
0.48348071579506197
0.44322254376830844
0.40040403518884204
0.5505099680333114
0.4073447814086779
0.1862563256720299
0.5402437967800093
0.3973436282458775
0.2674314348646969
0.5604982137116907
0.5502271315179325
0.42554953170131865
0.5567630420135455
0.4934182570031866
0.20405907195887388
0.478607032502399
0.5199945012614726
0.5672626273711355
0.33372581562011305
0.485331360296322
0.35938222487150734
0.4982610793026494
0.4086742728531866
0.14988722424831946
0.535505046696702
0.3154187673034948
0.06562253013018504
0.44910752554329125
0.5630639190017352
0.5578177107392549
0.13824531949369703
0.538100876792665
0.5215461170363427
0.2351037870524281
0.4090025792929951
0.40065962898472446
0.15296333338764487
0.15300647677459364
0.5510674964819294
0.006125830224023205
0.07589202526757229
0.24097647433401573
0.541760047538251
0.3238148670765204
0.5634659748986751
0.445855755838741
0.23491806156241973
0.45040168633096833
0.3839054237372445
0.3023655305624168
0.5604380119967192
0.5687764317406812
0.45465059809332004
0.43846895311761475
0.5685299017723814
0.47003567909062455
0.4521156813485164
0.5390311473887451
0.43880166230558487
0.5372632333707255
0.5048417589684074
0.39732496614556817
0.5335925202368162
0.4773768745022588
0.4652978605676757
0.5515520267540566
0.4863952863767944
0.4978308977594207
0.5479918532560643
0.5481839500699877
0.5457949016568662
0.5298197585917498
0.49888649733457735
0.5556366392340814
0.494344904072909
0.28515727067780444
0.48406519797430986
0.33622092857821273
0.5573264922688776
0.4685262863729196
0.3240274485703667
0.5693686625208919
0.3351081908592651
0.08085923295345282
0.5504087746571955
0.3890042752315237
0.43007954600131704
0.5238998285408243
0.08834635969212222
0.3476005640513248
0.11247371785227621
0.21925807571328393
0.15767925696035798
0.03744188204696057
0.19426406750454933
0.40945393587983625
0.20212918422473578
0.46145584876472323
0.551794761313322
0.4594557638128941
0.4337394955881998
0.5648523572263369
0.5527603109412385
0.5560885594333043
0.5467836831796159
0.517467400455838
0.5487772485084796
0.5392217541437152
0.5661482335332493
0.5577269556402455
0.5669048691981259
0.5150057040272098
0.562743429770039
0.4382834868408793
0.5681366180946203
0.36461322287463643
0.4463981296322793
0.4526452277157148
0.5044460700221104
0.4827924694416458
0.5399765017510223
0.37343123626579783
0.36871521532514545
0.0767060845765303
0.496144435468686
0.10588144071560102
0.04501962250259237
0.07091604059983354
0.4036032098127766
0.06501309311449624
0.07755272970814558
0.539070101353518
0.13138777736958424
0.14879280304392895
0.47994402507001366
0.5043718934077809
0.5292145680087936
0.25154243930055953
0.26980156055811566
0.07456983363129958
0.05668578881195993
0.5150937770931593
0.06050247858381084
0.3772431383511885
0.49348992609826464
0.448097630795398
0.4323416753601828
0.5487705501426507
0.5599288335484528
0.5568069548685173
0.3574076968862818
0.24951626618330394
0.5698487955621583
0.4428887813343973
0.5057981977112727
0.5059961206315235
0.12439373412017826
0.4745550427102984
0.4940618852249952
0.39629552795261636
0.4075411559140738
0.45020456131038805
0.46480406581257655
0.4005700818292166
0.5160832665663205
0.5069513042768881
0.5185851385117836
0.5039797054201022
0.36458024498322406
0.563537860766752
0.5371611766369409
0.5326045169789149
0.21834545851264314
0.4323690255859716
0.1269224825423734
0.20426318571969918
0.15087204359879583
0.4174687918932399
0.26473176829308154
0.10877089004668883
0.015988483641955535
0.5320714745303037
0.16845538141399066
0.47512250064694234
0.20600573084531076
0.5651504108846448
0.5184581969584611
0.4027945943924692
0.058461869788381506
0.13923649380898245
0.3385807507121
0.562654978881944
0.5609383391685153
0.4527320743591167
0.2249515103159785
0.5099598057232305
0.5466283551715483
0.4797130776434762
0.4572619805707318
0.4797510188486179
0.4769252763719205
0.5683007007267602
0.5076626990314353
0.5642063099514008
0.3952420753946281
0.5618574711309958
0.5497260908389106
0.5683468284784007
0.5045458390637324
0.409325946251492
0.419709541375501
0.3846722498592034
0.5570995207737517
0.5533326674972396
0.3985414778004069
0.36980241275778747
0.5604413104594325
0.31023724286496557
0.5323641619480433
0.5614230805209446
0.5598632933401607
0.3404280448081293
0.5117207005839407
0.1888127884915879
0.20923442138215637
0.40599372048395405
0.1953136391278146
0.2547271197712693
0.21512192825176485
0.5677160407848143
0.3997008762835926
0.32658001603069836
0.22295277967922877
0.4820738305871436
0.1934776590599436
0.4674092365226515
0.058049277186070364
0.5303723486689258
0.13584336917975054
0.5649873970630553
0.45314187885960183
0.5090969691333926
0.08795060094878611
0.5683140711087776
0.19084423082718743
0.47064946990206347
0.45902955945779506
0.5654626537343644
0.47685655661450577
0.5566007125709395
0.4985089006302148
0.19840383100658024
0.5280333588994149
0.5315636138993094
0.4426684989563919
0.42867488986541635
0.5619505274023281
0.35400914678602424
0.5673774621401235
0.5551999098518325
0.4244109642760811
0.5575596919531112
0.4517866617284242
0.26659728879475264
0.556668712315221
0.3573481607024682
0.5162055119507152
0.40945672221516677
0.37900118402765626
0.5533496888296606
0.40819615751142185
0.4740508284254844
0.021828071602810382
0.43180783200638223
0.554480613637516
0.18919661520634287
0.38931104898028157
0.41149556494518463
0.03137068004781926
0.5516511875153085
0.023671937867126434
0.5684895241683167
0.2266795986178804
0.09069909274064991
0.09132027903910843
0.5632047469558039
0.37391832035929434
0.22813068912117737
0.07129521380812577
0.27250064023841253
0.017856307433715538
0.4587827592782163
0.4613969209036498
0.5416067799188209
0.04113685927466199
0.25362877757168545
0.5015149204084361
0.5651911171977061
0.4564333297084418
0.3648600612162687
0.31618532105293934
0.5642489557941324
0.2746509708394846
0.13692045748521392
0.5647566089688288
0.34374997658709394
0.39327550301678055
0.5683645278276099
0.5651165195769118
0.5659272573531954
0.5616150065847432
0.3926672061244093
0.4161640587537503
0.3609691253348898
0.3522652227749209
0.5312662405360816
0.5386863561171852
0.39136811213940004
0.4336721319355033
0.5530018699908926
0.5344499596714106
0.35981369398411067
0.43697937310148033
0.3637052760275633
0.17146632174632026
0.06337894449149857
0.33963009414051143
0.08385787018586412
0.1729950884073082
0.09350417189005901
0.41549000549745263
0.5696382672480843
0.06349100047031826
0.5643915643617756
0.17488404401001711
0.5463864592313948
0.134162647701966
0.11703170808637355
0.5393305582601078
0.5680279650618562
0.45826893210916136
0.13600467611265293
0.20985823178054364
0.053365106895469784
0.2727252081308281
0.4029980023871976
0.3089567329589604
0.32005146541784535
0.5334784563851815
0.51103221329554
0.4860892063200338
0.5667949954825455
0.46138537895952186
0.46282626091767776
0.4965257440720069
0.548979890042879
0.48096172364116485
0.15001154980246917
0.5623567354811828
0.4098335616780233
0.5080289422084602
0.4069042320301755
0.4189095085878032
0.36560706040271546
0.39278236176671133
0.45851164127042976
0.5393111285861154
0.5632993161990661
0.310589709132528
0.4651519410129595
0.21367410048804278
0.5385177009894461
0.23018323972086538
0.09091025249194608
0.5402597573964625
0.3505122078213587
0.08914926813803468
0.17553723676011512
0.1057758152635125
0.4991652745705863
0.28140238529760064
0.5527857015589495
0.10243142893858924
0.49283321092814086
0.3144897595219595
0.5102699737905504
0.4053368425875424
0.5163510782446528
0.34180967185629596
0.11081046570638509
0.3461394722660602
0.06957103869891405
0.5326643840291061
0.5184770120258951
0.5372434197143264
0.5009954025570527
0.553565754915232
0.5293797406069433
0.3653855867055944
0.5471417482888047
0.4008657579170948
0.5208788688364244
0.4062504550662913
0.5689400951052604
0.5550187968663159
0.3807986470210426
0.31670737203350036
0.35198060272083936
0.4772115600019261
0.19986158753762193
0.4467617858394912
0.3899644785966983
0.5393089422944225
0.5652832575661136
0.31262347547892555
0.3375394751766081
0.3600641632392622
0.5687064370948292
0.5581277988942758
0.4091739847140541
0.33570301209864783
0.38532978233551546
0.03121976024396647
0.3767229965293651
0.39088984295684387
0.053708674185631675
0.10996086881175038
0.5576079430079058
0.42727091167239034
0.5596253417724323
0.08542522659182633
0.10710886738493915
0.5433187072988078
0.08455196832268186
0.5031073367276304
0.2704101940322858
0.11778702000890458
0.21677120678173947
0.04215812106628982
0.11104758459895119
0.4982059304921628
0.05359223620624641
0.09711447486820038
0.098659422982467
0.10079904188366433
0.047741582431070885
0.487704036903145
0.5215346058498127
0.5237609580588092
0.5307461299251461
0.35539600402502836
0.36356911532548203
0.34139984007645513
0.29348868598695343
0.43464342448302634
0.46058322805500845
0.5108667026320144
0.3801489590547504
0.4599079532122194
0.5444818379905583
0.5533007432594323
0.37858749375959505
0.4734391453716265
0.3676129513395534
0.5376013759796336
0.47484929088694483
0.427729859255887
0.562470603924549
0.4789947470907927
0.564966046048444
0.5613439777333294
0.4823482416347275
0.2022612900618382
0.5405412660468377
0.5695405655786472
0.10420010558887476
0.39042062097314345
0.5259810694182252
0.22626066074988635
0.27629737510160485
0.47106719601291475
0.1446596850793877
0.5687495874029028
0.16289938529654457
0.09910819326884397
0.19436339507533698
0.030103877470183296
0.5687931383517932
0.48441856144339523
0.5684992910373375
0.1568263816220331
0.3825913868461748
0.13457526540368261
0.24355401726575232
0.1662922816941358
0.07656520420271849
0.17661027528244103
0.5603393860426424
0.21677054537953347
0.45816904620231924
0.4915433142035936
0.5135629416886601
0.5397451056355407
0.5654183627249086
0.5213759121282839
0.36332050434983176
0.5220406665745447
0.4880417463484839
0.4131354650426827
0.4391859085438003
0.5679002563659237
0.5697022556896223
0.373802931871484
0.5366030781409058
0.5233594376892988
0.4073514469596632
0.5011961409487203
0.5057661042970192
0.5578884552988362
0.5679719708474283
0.48298273869023206
0.4790858116399732
0.4576269015689321
0.20466582083968052
0.37700584360047906
0.5689878539618294
0.13912649245744493
0.5504355981556889
0.08297540806620152
0.05101027168625876
0.008800987843057313
0.35787577525935516
0.04673986890052963
0.5022668236903968
0.5506264166809574
0.2933500142374485
0.5440772891145633
0.4060868293893654
0.5697479268976975
0.4712964169954938
0.5364940340126049
0.005423654087965911
0.003733349546833583
0.1758508256116095
0.4286718245101936
0.5337516912777067
0.37287518464375285
0.5158226130120792
0.4989969190620681
0.42980954199998456
0.5640172436741535
0.48431465189832684
0.47305033600337226
0.4635596018263703
0.381316931245196
0.5550125356414515
0.33375463921414095
0.41178629096796576
0.562816243803621
0.5686207781673536
0.5449527770464242
0.16895533583244804
0.5639154357198338
0.3638046531240397
0.43176137599101655
0.5497087154267427
0.502546988497306
0.5268923865901431
0.4905424487032231
0.5381455635907881
0.34022276078436947
0.47476066718060067
0.07117861038393407
0.5698640643679193
0.5693734639904213
0.35215003603254336
0.43259469973259296
0.525011607751542
0.4413631761500546
0.36121683333163146
0.5352682848672232
0.48216450545208617
0.5502617315452223
0.029433885759151693
0.4140933013412654
0.5693245530135033
0.5569593932576353
0.17907861632436198
0.429569681755873
0.17513182364381805
0.029556463428187317
0.22992438736511467
0.17729584197626122
0.07612960191011008
0.3945180820331356
0.3320079170100467
0.32838734173155865
0.5568119477723644
0.37925631691114914
0.47284368985347974
0.5464025498306497
0.5418597005655744
0.39521684345379693
0.3271152397278547
0.5616936452045053
0.20663511851751182
0.2915134661520071
0.5696844260963713
0.5238451655073473
0.35523821919229365
0.5555727157957862
0.45629093936926196
0.37522883995352163
0.4711666488365185
0.5474261208170643
0.49744714127344547
0.5449652124059186
0.49456095054067173
0.5688372593722709
0.47096911275075504
0.5584246847255891
0.5194391981534389
0.44590961529755824
0.2816401408437008
0.3911479457121227
0.41801363663092994
0.24371843417471467
0.1266140410989944
0.33879998172557046
0.5693018567250819
0.018489586912075424
0.5540789821592147
0.36414211461983825
0.13591546611943808
0.5308007417772311
0.10369648265655403
0.10339812520860146
0.5673719030596887
0.21073118504587307
0.06897388388245981
0.1843917770971966
0.22833464248971727
0.18398420450026526
0.5681673119175008
0.07023922092063654
0.5668068821086273
0.5081768685326843
0.5621468791967431
0.4746926056165547
0.5510159700621222
0.4583053341602858
0.32300578687857745
0.5198247458534705
0.3945673386135914
0.4648807087845009
0.5508112644792168
0.5336681367938654
0.4070338687787875
0.5079810635360882
0.528616885053525
0.5583259745677204
0.37803497440827827
0.4586151574633056
0.5516808840759722
0.4163357865771245
0.4011012598058298
0.530182860728716
0.3776923506810583
0.5339677872853512
0.5668508819762873
0.5132934661525916
0.4457898484090816
0.11583440136343895
0.14393456907308677
0.1729382381849777
0.3229249619551476
0.5464650239132905
0.016198777550782438
0.5182538851944855
0.371016569767116
0.21504821432126237
0.5573219597650857
0.13986089909977156
0.5610010436414149
0.44476452915295045
0.5547072036099056
0.0041481413316740955
0.13652090006552156
0.46578909582525047
0.4961871546521959
0.25918706060497076
0.24631594177459792
0.16020250218649806
0.16784467646169632
0.2968465976951459
0.24517897053098947
0.059938124209314145
0.4652016823403683
0.48910078323563605
0.5656371111073385
0.4755260887441341
0.5698719667541421
0.5249205787356372
0.5459296187033545
0.3511268924698427
0.566540681918174
0.42310669722226796
0.545752397870398
0.36838988228125075
0.42692710734807304
0.30325677561611214
0.5233114982107291
0.45129891927047056
0.5435205457975159
0.568615089788301
0.3622657033549827
0.5598687545684466
0.4815278068431439
0.5312914143695249
0.5697634120159308
0.569871903224697
0.5348314932330118
0.4802236341526276
0.5243581491540483
0.12557973181940488
0.4735999450947695
0.0428256437868181
0.3075277689881402
0.1750993671658343
0.05168208036600811
0.446521019020931
0.4997597152426841
0.295732394814003
0.06479104655564608
0.4690187052470594
0.5014778436507594
0.30566618600786327
0.036678514475740935
0.06899898592394489
0.5689477344891923
0.5695649477335671
0.4395187217061984
0.5697379441433826
0.23383829678092366
0.03444610310979412
0.5676211131203355
0.3274951992952151
0.530556835281102
0.5278322596474517
0.5070360768976131
0.5489819757894835
0.39285884678878863
0.5551321584415089
0.5354744524390237
0.5638198874718097
0.4050461799733767
0.5578826151886744
0.5383869380600596
0.562356830525445
0.40702626359087307
0.4781626785791377
0.485315125070362
0.4543491995731866
0.42184142963923343
0.5663904059564996
0.5682435741090498
0.5685656686380112
0.5676933818028859
0.4577732212815985
0.3624779982676811
0.5186810842324019
0.5698377236683309
0.14213340635418117
0.26638879502108886
0.5565917977892653
0.21158320842213774
0.32596834335406666
0.5412017717158043
0.045925169381670405
0.07778888691225788
0.5211235923319988
0.235258530695593
0.569815359748105
0.2623212046315526
0.5633241479391264
0.3215498311797238
0.2162276899965656
0.4474232020883364
0.06910449100788174
0.16963612552542545
0.28021399151994286
0.5165137637016037
0.2694955849718615
0.16954407101169539
0.500076608787384
0.16654698944883886
0.12662067157868673
0.5685828449543097
0.363551208250252
0.5381249987794791
0.5575178826295538
0.5174633205765415
0.3959768766275436
0.5301935006581265
0.5532464476939393
0.41139897213887594
0.19408042673786896
0.5561837269335862
0.506424717821609
0.5488833395744352
0.5645032913458858
0.552208022234452
0.422053999684443
0.31823845580968746
0.4098409220580162
0.13815670099958388
0.538694019978958
0.5697833183710723
0.45168125761690997
0.5499403469298041
0.5572905158751397
0.313314827383883
0.41398902048614455
0.5649268791860734
0.19332360515624655
0.2427496300905386
0.5342927859224067
0.04169140155435964
0.1004754023686679
0.38403293283023815
0.10268984204729965
0.1913405837249274
0.5224787136344747
0.19899440881937147
0.2833191557846422
0.028439100527134546
0.5697946213351567
0.42427207770703096
0.3808094895860486
0.10524976554345285
0.509846081887158
0.5691179396704148
0.5477256834689149
0.5688514116174715
0.1177105290211577
0.020485388442414845
0.28559249150546245
0.4403086400533442
0.5621563598005511
0.5118244778457616
0.5439355498311197
0.5570361913481414
0.45471265378880227
0.4655042822860087
0.5578300827044012
0.5473913840285206
0.5456736147992538
0.49677483961423446
0.37171958557738316
0.5682518794352563
0.5569634493290779
0.43718825135521633
0.5697312197313661
0.3165873841505185
0.5521553922743555
0.43065044424419585
0.3680188580654134
0.5612918080889325
0.3643450965455612
0.5677933800426757
0.3738386764907939
0.2468492704352111
0.5565884895649745
0.22653737139746388
0.30272651878502044
0.5157290689826218
0.3900530209997298
0.3109832268930389
0.26104755037297656
0.5669636562932941
0.12341817963385021
0.39713232568751283
0.4692596141634222
0.3387283564246276
0.44015900353937265
0.2595109726669282
0.43802822292134896
0.47974085454215454
0.4261807674751763
0.16669594429309056
0.557814801703366
0.5307168664715832
0.04839740183110611
0.3457710042336068
0.06284381344396374
0.2559405342469297
0.32272333326594116
0.5259340990075128
0.5363702672846281
0.5698217064963359
0.4258412990440323
0.4372781132298063
0.480751368790384
0.47051313585835497
0.42799670866271355
0.4499189657122109
0.5600950187695365
0.5178364584347169
0.383364570631573
0.4282607684567514
0.4431095582048599
0.42409795708006276
0.5073310333975543
0.5448381366468708
0.3850014581272843
0.5222813366108937
0.4354427254772391
0.557862098477829
0.3820403282155379
0.5684683144736236
0.4447640481608544
0.467569710418041
0.07735207053084713
0.2594985172756505
0.33067113743841187
0.5565694571568732
0.5094606563653196
0.48939147984550896
0.18012974820065472
0.01935863536119703
0.006381938575886177
0.5616979861683181
0.07904394548453654
0.30944034006997817
0.21304703364050162
0.5515271989567072
0.5266342889155795
0.5364044419467747
0.4337240822481443
0.3312972957911986
0.052065333588435965
0.11021962454743771
0.5610097750246446
0.07317064820259285
0.2251393253788398
0.13020635696044472
0.08701200388054758
0.5510472910367195
0.34721754052211184
0.5675616222338311
0.3742984897587302
0.5673305732179488
0.5504235221404579
0.42535668761794754
0.46045824257316964
0.5641147785658119
0.5498728432264974
0.5453956961046934
0.459634334875953
0.5239138903163131
0.3490895815249201
0.4541370789794383
0.5698364835179568
0.30025956522350916
0.3262991104883431
0.5698307242083795
0.48827739650980584
0.5117138976599148
0.4995136666274129
0.5662056821965797
0.5610727319338695
0.5461363550437593
0.20139276474459306
0.5698760421706631
0.20065936999773004
0.4009611883814203
0.1293131711842596
0.2703049851465387
0.4946082855043322
0.5675153822886353
0.5447396835541135
0.5473859576569111
0.1602950364745292
0.45609526585715143
0.5637793014514264
0.2834107247381025
0.331208407635143
0.078221667774734
0.4970321200871468
0.2714740808915989
0.14842504215308072
0.4704871084772344
0.030092885192664932
0.5274459066928721
0.06257161607878123
0.16512121408643543
0.37319442463614866
0.500769015867265
0.5600541532420297
0.5527694897363693
0.4760440268670913
0.3465195845867517
0.5695930977734543
0.568451117056729
0.5261784050305209
0.5254899255573136
0.38098500014823283
0.43629706706115123
0.42215890379910087
0.38061026241359996
0.5029707167196426
0.5529033570568532
0.5350446593528826
0.5697706689527896
0.21457620295337754
0.5678778520368759
0.562938585309358
0.39158556730876265
0.46840746951465356
0.21883864853774815
0.4599126623855785
0.4174472583032962
0.20252018173144506
0.06604843252991363
0.06103505318857115
0.5012989908626106
0.012762721553547867
0.5637400658287683
0.10250930792834513
0.5238754314658107
0.13309440411178666
0.5346445993202528
0.5616429058446085
0.5429147539066635
0.037355948930418305
0.12348408832578886
0.1505093964925505
0.4150271761326763
0.32642252274964695
0.26118111665240595
0.5318723361702082
0.3128062303382907
0.39993496738365036
0.5681348385982333
0.3230783955278314
0.003562658438779172
0.49460149758307687
0.42731942854272725
0.42576132348680973
0.5646015991186878
0.5522137302831213
0.49372329607195653
0.5525962400945948
0.553199003346733
0.5693156490415849
0.4297803885603103
0.54114339102379
0.37910106948203137
0.5258723961348752
0.5123597385078686
0.5131244204639839
0.48726411147698623
0.45935599322533993
0.4292754081222115
0.567285696947844
0.5401793806367192
0.5441691043109617
0.40300116724918206
0.40182565674569076
0.567161203674571
0.446272167503392
0.5236833293445773
0.14864382651856362
0.5546767718822337
0.5602545211823818
0.06831267174448395
0.4296640812811607
0.2305696065416507
0.28188745198375964
0.21796601303170643
0.4801961064776804
0.5383449447165858
0.5296572478996179
0.5633591552655448
0.5393741674202237
0.241421099008471
0.5431647270300645
0.5235802481138243
0.13349410468409248
0.462556952907649
0.23138763737840196
0.06391349877356771
0.49284864336331025
0.12647977205385857
0.3173531341785735
0.22189156981699912
0.5094353735527765
0.5635562519563736
0.3167563718021129
0.4299469709558054
0.4488536235322051
0.5092666280402316
0.5413267244433756
0.5296701394920504
0.5214309160916982
0.47465744183042413
0.4098649534652579
0.2797727042329044
0.5634066439683402
0.4954914445163734
0.5693673109136762
0.4794237500647921
0.5698051621072556
0.48347312567117634
0.5698290700329527
0.5550675957167394
0.35263388056920897
0.565159844139001
0.45236501254537836
0.5695194571780507
0.3869757488493497
0.4010336372706878
0.303361146899271
0.4504533372975535
0.16866119555353926
0.1997958354069915
0.5509995150103401
0.4759573894503752
0.4175057725407187
0.08998266396664628
0.02557275145348258
0.1820821541359915
0.43744763407023646
0.5698539158015924
0.010602256659306107
0.38086469780220167
0.16905020232500684
0.4966722211949091
0.06477315560928407
0.038342937121886994
0.5666337513069327
0.48295041342207967
0.013256049878186876
0.1276539801269625
0.4381153003126488
0.20824677228644925
0.3299858499356852
0.26148119491158206
0.5607593248159021
0.5620529991163259
0.5506699803072044
0.5279268369785336
0.49393196316573235
0.47691303155906567
0.5394224805237153
0.5660190369688233
0.5387763444512099
0.5361897061275303
0.1538819181719016
0.17586601459349746
0.35981730164223336
0.38934013520655225
0.1594102332206158
0.28213724218626224
0.3359352457342489
0.49882294067411287
0.29091284744010826
0.5069931321961471
0.5525966048335182
0.2304723619154983
0.3985058340730468
0.36039625671303316
0.5538785778954064
0.34336611968165803
0.09576553817715341
0.08374278687398594
0.5177368171306898
0.509425782852167
0.13079122978122498
0.13650507848996835
0.3622179663404552
0.23325009637733848
0.04022852531934426
0.02955994962250827
0.5572331238442838
0.15333885793108978
0.13455252247843832
0.37708800062831765
0.3138045345126911
0.4261354573096023
0.12524198439956533
0.3638370058012849
0.5182338183538269
0.012882081392549719
0.5572747252967376
0.45918809239643177
0.3621827706623099
0.38666128257952603
0.34755439204784416
0.5517166562753802
0.5696083992861589
0.5493728300561723
0.34262600319472153
0.39905161973069353
0.4310593532646955
0.49634851762213794
0.5497248416781634
0.5220767278243612
0.37650985151693517
0.5668988284467502
0.5486405626222259
0.5258705967743366
0.5581545294228022
0.23190308456118877
0.36600275382883574
0.5476083949222894
0.5035904181096659
0.5067143571437251
0.3780344037521189
0.5514460150289553
0.506310713060315
0.5220789526004117
0.33633153450289477
0.42217294284134166
0.5618437773046365
0.5229109286044828
0.14876184581911334
0.48972371188904734
0.07043274252967557
0.07781219098525062
0.33776808016166165
0.5628722770337085
0.1230182306333087
0.5596088107849649
0.538901177335038
0.23406851803807213
0.4718665944821729
0.07218507218453467
0.5514281986261572
0.23849296065130274
0.47565342055944565
0.5652764664079044
0.38435916456748287
0.013910265464589703
0.4088399720502509
0.39156033691135433
0.3235002127930695
0.5698614191243129
0.4089125713360366
0.5682560792150739
0.5304846409130662
0.4180497408097527
0.5598179673530842
0.5537462533523422
0.5298665108706926
0.38725040162406776
0.5570034554335375
0.5270010542731086
0.39179345339946997
0.40604854008534963
0.5616744594133628
0.38917546214488025
0.5055378890986236
0.3892095874216266
0.5251236111660034
0.31385212556920755
0.475927107845966
0.5250436747471285
0.4537375240585843
0.5572682831676897
0.37806086084395774
0.4380735940937316
0.07301382643149198
0.1413445012051651
0.1874625919147947
0.250257508843283
0.43204473011971134
0.43163487448666055
0.13938691734360278
0.5696467851347558
0.07521102969594055
0.12536084209557177
0.5474972483726257
0.10649714251628568
0.5585565336048112
0.2363558790519545
0.3846040421168172
0.3405240095936428
0.4360146763701594
0.4515120229115588
0.2481582600400834
0.5289388071264849
0.11710932606750823
0.5698053403498509
0.23696318514060588
0.14348979237724824
0.18600057299939568
0.47154105553773834
0.5695738522195133
0.5424300128941246
0.5698258573172792
0.5669095738465662
0.5458378142842933
0.36433086756264715
0.5306753928162825
0.440831226213083
0.4257458791910298
0.45291417311960297
0.5656955874499409
0.4647804312495662
0.44475730193532564
0.31268322019509803
0.4951905763796519
0.5124447905611804
0.5490644417809242
0.4771842736545756
0.5262728285375347
0.44364391325438524
0.5218187148906063
0.3779087357488516
0.5459976481002546
0.4327169995714929
0.23322867312760362
0.32250371968728214
0.24450322586061535
0.27905376038567753
0.43188465403813214
0.44236249312190823
0.05133286281952473
0.23441579897127468
0.3648324118865187
0.5125189326220548
0.4365091010531658
0.37094392295705914
0.41859579156340493
0.0718125137294443
0.25796714551662125
0.16169398709014593
0.49763835240460025
0.27672732345931655
0.09344927274922424
0.317222504526041
0.18634070556835963
0.529225523629017
0.480922782178023
0.4811434574398173
0.06058718201132113
0.46839967202677785
0.46752589488908197
0.5322778838298803
0.4227589964723159
0.4210161980035893
0.5458277240997809
0.5475787831329987
0.4995440776108683
0.5651597053293028
0.45391646596737223
0.17137854064599145
0.4162185302065186
0.41911141453679535
0.514651624983713
0.5497464834788603
0.5565376471776327
0.5418781157148637
0.3004519552523021
0.5664975606590416
0.4461307613962947
0.21597966559072843
0.5698263753465668
0.46114781573072866
0.4313138343494947
0.43549682602523465
0.4353300889884769
0.48738469737754864
0.06562593413604274
0.2720446303300084
0.15555780218915816
0.3255739382384751
0.43111746912883653
0.2830833793888407
0.4164803282788166
0.382090730518345
0.37641912929301546
0.036382123502455725
0.19261411336112783
0.06171820989902884
0.46493042582580896
0.5016571057693466
0.3716621289462367
0.5372065228106448
0.2941336426834605
0.08371269691033315
0.5313865563812472
0.34684948016848466
0.3355709611852869
0.5255897849595664
0.5456900377144761
0.5097699354584633
0.44408493824812734
0.4254276279488841
0.3211952739624869
0.5225936735357495
0.5191661705603012
0.25212981516310634
0.44910199716645594
0.5300774120395186
0.5505262004577511
0.4695180135565287
0.5624251589127411
0.3419526841787739
0.34143710662629934
0.4981487748251171
0.38734481363877504
0.391801037368793
0.4531814008235794
0.5118991543181886
0.39110777631087323
0.5688429510767364
0.5404793928960926
0.5586780095958443
0.5611877833949701
0.44541204717711486
0.18577585586434137
0.5671115545189577
0.21260986902906437
0.5549765183136662
0.20124313198542132
0.032856993946490214
0.14718140321405027
0.5188828290721892
0.3174746537512768
0.5110673650332509
0.06869845131582762
0.3865316114740312
0.03259645313916362
0.44326388614148093
0.5568951347268789
0.07655208590715075
2.9633909512100646E-4
0.0074773652762492315
0.18364698499104246
0.19499046995399405
0.5359924666169914
0.05421464697682455
0.004140652582839855
0.5000393013497517
0.3976397625371007
0.4238408489256664
0.40935286823923034
0.5695538393391705
0.4529923481243555
0.46329442911456603
0.42318543410992826
0.48646246979231744
0.48277315137852883
0.3568374329002308
0.4914597154591094
0.31561431966401315
0.5538167811114553
0.5585693871700607
0.5653486043763013
0.5305098030540314
0.545239827196341
0.4269761360734186
0.5465769187039452
0.5658664842697354
0.427265583658863
0.5521966147170727
0.49675036994116817
0.5389446211445059
0.4739794463006962
0.5627854984662292
0.009589808639085049
0.003090550947619734
0.10382372879154451
0.16525118989821921
0.5545323477135388
0.5352904308505778
0.3706729430374561
0.5507638708959449
0.4325852940016095
0.5168999616071711
0.5361229474963418
0.4758632932624927
0.21233605664183478
0.48039348456872416
0.25987035823620447
0.07455297175862569
0.4635038372657933
0.1266101004390935
0.008460710476910577
0.4919477808801611
0.29421770503891825
0.5154987913686507
0.3790297290547889
0.001254813630711364
0.43889870314279655
0.4572615556666154
0.5544886877109367
0.4062298228864514
0.38810196633852656
0.5681934608615855
0.46885500937285274
0.5559699531335613
0.33907464990808406
0.5339198856040426
0.33723289803119294
0.5351377488343017
0.361051960122932
0.5238554564502855
0.344313595465892
0.4824000098009212
0.5626203492343761
0.4214299961035838
0.5122608671211766
0.5059677925697491
0.525907933178051
0.4856822982470233
0.34151624283392173
0.5671240462920959
0.5299241950060259
0.4585939481963795
0.5025955837963672
0.48305068567038495
0.23193882687795556
0.09620265546789393
0.3273588818672078
0.5063114570906155
0.10179220739078562
0.26489365963800104
0.055468468925851305
0.04878700866181931
0.5675687305762231
0.11053113101653594
0.022857985080724418
0.43389677537661037
0.007142893855931468
0.5262259668449794
0.41057384550532655
0.567284519037615
0.14940574483141322
0.3229718958741696
0.36860399833563795
0.14888739251752664
0.44622368514979965
0.0610260379561487
0.09649765739755824
0.5687198187229203
0.33901619566097635
0.09132014176404128
0.5231748816622861
0.5682730716994899
0.4688353807752014
0.4939251804464333
0.547993192366949
0.5684058562425417
0.5198627449995359
0.39407428467084216
0.54933303877042
0.4635608897922513
0.5510464315558391
0.294849032103558
0.394254035070118
0.5299655611724949
0.41642588822011084
0.5078712529546443
0.5698632275712954
0.4983703421345843
0.5227049205576461
0.5089796869538357
0.4777896656780308
0.56984688394112
0.4127867513509224
0.47228533001419604
0.4886688436777856
0.049189765476432994
0.4903191110326722
0.3167156308950391
0.16045205002796756
0.08835436956043521
0.05927380630730057
0.03433015647423316
0.39308689649618667
0.5303737690593286
0.1755234266595616
0.41984717037022823
0.42327545652551074
0.42644788260176936
0.4833792090861581
0.204743406334205
0.04414289873948071
0.017795800174938686
0.5005943938625452
0.5698130953999152
8.729457098936439E-5
0.5519390810315763
0.025175619265266125
0.17845815363119244
0.47646669178191237
0.44472730063037114
0.5628445579713265
0.47202433229804636
0.5111063717099353
0.5599615221407016
0.4638565346710063
0.5682599130780511
0.5543075464038686
0.40691561377017194
0.5698698677932937
0.5680038543741751
0.3791146334828922
0.5668369145652361
0.3142911691363803
0.3640108232236856
0.4016613406858133
0.5516689183430492
0.4793981391675076
0.5690287110034646
0.4202761301445011
0.554671794835329
0.39098379486948315
0.5260544110429054
0.34785310140233494
0.2870301672804504
0.054663850684366376
0.06302702941650563
0.3035768369644556
0.41000126503508316
0.5676335066129409
0.34078614246518313
0.09831148102371245
0.3547248443989997
0.09953301161409753
0.5567004354953297
0.16405834016780296
0.13280454632111505
0.39449984555393564
0.3609820037938566
0.04922395691616886
0.5654235998015192
0.4897518764109051
0.3717251082767785
0.16644909953723847
0.5659166801121163
0.44755149118216375
0.538682638314503
0.5448720614630652
0.5248876429076074
0.5693308667014493
0.4169179585492907
0.11373973299345107
0.5488543260374776
0.5623117495535127
0.4965035961989592
0.17764114720217197
0.4821636539436694
0.40151167716190367
0.3920625127615433
0.49528422255059507
0.48883455841405954
0.5299862065572706
0.5492947502212091
0.49363789694704363
0.5679135092821955
0.48905964558832754
0.3230687730830989
0.44288370322808457
0.5694629416713545
0.5675439194267304
0.5659289856878575
0.5491581363271465
0.3651010069013309
0.2840065905852885
0.32008071718288333
0.40624876388582687
0.5686334039223255
0.2249821231365731
0.4024052536173482
0.48581751626853925
0.1778186075731965
0.18415900239031396
0.5337595789463356
0.45718102083996304
0.22890453851620532
0.14443524491679005
0.3080084108888936
0.4420323588753185
0.458375506222262
0.4748682441726384
0.13989172925810855
0.49608827203593714
0.1633151810517031
0.5076682861517077
0.07878299195007547
0.24926296237889592
0.18555649516038775
0.03561760731418109
0.4376276926818102
0.530399612024927
0.4353635534612353
0.5367635887801522
0.4956874945776798
0.4972347883726303
0.47805774772751625
0.5667920677973377
0.4446288345470971
0.45720258121337337
0.5380636496010575
0.5681036952149403
0.564542836181074
0.1674477061289596
0.36262751474085037
0.5623437990412231
0.5060885034903392
0.4690446718239881
0.4056196317279419
0.5602582485958424
0.5659582701077746
0.43285062513968414
0.5504585756648533
0.4100250793019442
0.5697878445933398
0.5194783763838604
0.41683053540547244
0.4852187649422935
0.05404691813414145
0.3931165099761403
0.05836057569247992
0.39736441761407554
0.5655834311541406
0.3196186003415143
0.2872508649817233
0.32845679936896804
0.5045257444170669
0.19506398045278014
0.10910495183488984
0.2293917986891585
0.44540917956996956
0.4358166031867739
0.49817048737407316
0.5186339380063882
0.16894747583852684
0.3455495627813154
0.24319618218548172
0.01159502155100755
0.07902685055024813
0.2420139542927431
0.56186186205599
0.5174251329004935
0.48059550882028146
0.2961749016388204
0.5527869686619912
0.5281928837562032
0.5465664885476827
0.4438354512600836
0.5697533924535697
0.4892739604046765
0.5016511356002913
0.5622772677204402
0.4193563039408457
0.5514814842973086
0.3797959230672408
0.5064064219583932
0.45622371611461215
0.4011406777516981
0.566914039047041
0.352273874153462
0.5697441323307427
0.4776330094135732
0.42170015224933777
0.5437110295438776
0.5556239860695404
0.18053925654601705
0.5191527752097878
0.5034546441219855
0.516695963163838
0.361700097048194
0.5330528690169594
0.10503326743971221
0.2035699392802015
0.37267868480459476
0.474331150385791
0.0995140952168756
0.004411259481479025
0.5176157556254768
0.42136917022473785
0.49558601510504907
0.5519440678461123
0.4042026512350373
0.04117471189443914
0.15053184999964292
0.44401631051415125
0.501318852551463
0.5170145712566143
0.5369598793785086
0.3354360056456913
0.5077356028531428
0.3913870655979203
0.513760271948853
0.3058088050532099
0.3763495700430388
0.5565743426103203
0.3735531854059685
0.44386246094055215
0.38799023977411806
0.5409072345740557
0.4635238014341412
0.48871682208174316
0.4002788127082263
0.4749462036891549
0.4847267744527398
0.4628024242452004
0.5175657715278871
0.51433148224426
0.4501660718545966
0.5414347167399507
0.5449601463525472
0.5504366005109287
0.5532503661662158
0.3983599282570817
0.5661863320311071
0.5443830010188991
0.018888243572793333
0.30599550907182
0.01490738734140624
0.14277524665675767
0.06251249278493572
0.5624387392687877
0.5538200295186251
0.034600240039351776
0.13759828106132985
0.0040682941259975085
0.5440576678986515
0.16100787542509973
0.31195552703033985
0.48141439335331054
0.05799199728427174
0.02509846712068917
0.4268542902517741
0.0827172845643103
0.14344973454971066
0.17147883986937207
0.14076390027692987
0.48268308430627443
0.5555585116197492
0.3585144269393677
0.5480050007924797
0.4676687398107111
0.5264739624919144
0.5351863838412038
0.16684758729164306
0.5615408872724196
0.5519929119852257
0.516195212190069
0.34320985082280686
0.5694921069040162
0.5125774478017325
0.41822834604451936
0.3946911161571384
0.5305127906147153
0.5506185128694907
0.5348965387334469
0.3983902046154247
0.543456487328505
0.5286600011900087
0.4106364920237121
0.5698318129435698
0.5479110444436702
0.548795645255133
0.5100113672683403
0.4792691435579444
0.46842841269327756
0.3443405186310356
0.05135310873612875
0.3112207876156553
0.060807534847261306
0.549929623861857
0.5275097707033998
0.4693817657886212
0.06845831662608716
0.4215283954270735
0.19368735817770336
0.19227257698787764
0.3686008521363834
0.5441466108146992
0.09652096178266488
0.07748286444509198
0.5676740583578688
0.1952027076480023
0.5505284054800127
0.014671368400892806
0.5195303507983926
0.015703691977130844
0.5032551815002336
0.5666194635979155
0.18999048239040223
0.5545595407288471
0.5570053523837
0.5398478812661978
0.46499892588195074
0.3175683150209207
0.5357647699007261
0.539221113928821
0.4338911178583847
0.5490645599295763
0.5599437131136334
0.5463836178846339
0.5480010362427225
0.33985298897702887
0.5698732339697649
0.5609927698883198
0.478103978216094
0.38289558929599965
0.2100705442387421
0.5415542071194799
0.4846804837100098
0.5588595063792791
0.4544015231399774
0.5081601151231409
0.21313765404332535
0.5694468678491134
0.1818929667709626
0.13674338111566475
0.051617049672861515
0.3324627256579801
0.16349196200303837
0.4816234761349316
0.5698760867212245
0.49139779380202797
0.46325162381226986
0.21500047871119074
0.4722158159250993
0.5533291068410454
0.2906901426662683
0.050711558873806864
0.5628649526764231
0.2033195670721473
0.3104457806581122
0.5508928112126594
0.569872147286411
0.4428674838966788
0.5233099687390637
0.5611417495812284
0.38231856995581576
0.18316134398974143
0.31219268240682824
0.10321216450147588
0.4000011805017248
0.439289419589875
0.3856598909902548
0.547219612092799
0.34693287147171403
0.5369637025743733
0.4617791024662992
0.5532907842050937
0.5662290541513058
0.42925865646520145
0.46824359354599876
0.3670531286506599
0.46985039032839176
0.5376338642929843
0.5442189867188163
0.34140135892064755
0.13877411091264755
0.5644599769246401
0.560521918931109
0.3873581020639535
0.5696275083510369
0.5297560400070649
0.49854618298609854
0.5674029949245989
0.534298751995966
0.11649244978888892
0.47294312034186375
0.23622159220535843
0.3958621725959358
0.37863190055227286
0.1506140549632133
0.437511575838629
0.04403161290162166
0.06633406618301352
0.30027545672406597
0.5385547600642534
0.1489127811204472
0.19521983226632095
0.18981334058638266
0.37244788650386074
0.38353445512741574
0.5351884000077377
0.5642848986675593
0.03781716325420278
0.5580886009036741
0.5641218019636822
0.1754069176364618
0.46367976984952375
0.023947956354981755
0.5290738953386199
0.379307584868494
0.4131674237605686
0.5688600621061525
0.5369578338565014
0.5407532311347854
0.5226189302273574
0.44140942227445273
0.5626398294033818
0.4065308734196269
0.564587300074657
0.48223800237608117
0.5105878767144408
0.4948441759531727
0.45025868111952694
0.4046329166106628
0.5692002382058778
0.5084379918156853
0.3434302120736085
0.5429940429120932
0.510994908711582
0.5450453996082419
0.3617535825318871
0.5418630702544935
0.4977923243734901
0.46906052069732695
0.4204840275002245
0.12178150636869933
0.5544135769685951
0.4870745255933672
0.30203924058569176
0.4380885980681855
0.439046802083713
0.15277948150814033
0.11222560479734862
0.28368350003215753
0.24897851546369734
0.02981201307599808
0.4969670168083301
0.5036902390098842
0.06696585352263633
0.4522189585170296
0.06455752765158196
0.3373971658823827
0.4254310524710186
0.3925474724225113
0.4371700791244731
0.547149837150255
0.09710353532745283
0.5444419398599147
0.4600549314780813
0.5324572498341329
0.5533709440508507
0.3394490460410386
0.5515969902308562
0.48032735133489485
0.5679945906473569
0.32905737672059465
0.33145777796081827
0.5211156515977012
0.5431053034469523
0.40604694305030753
0.5081396966705022
0.34845674949591676
0.2009205436241617
0.29521732902911246
0.4719443093434931
0.5093619034324691
0.5629645640142131
0.40185254086978256
0.4928055821716753
0.5162104392112549
0.5583585426683769
0.5604921211985842
0.5528387180975637
0.38109621183957554
0.5296896251610508
0.11994510113511535
0.15319858030215155
0.5694780394943392
0.5658870347398789
0.24538719255674563
0.5684640221294546
0.1926430312393232
0.25608859041771054
0.41521753277264695
0.19617146620213086
0.5642611630294094
0.12767672131621544
0.12012097357703638
0.5694231153035
0.42032937240723023
0.03649047067066844
0.05406597110935445
0.27814953034038364
0.5108830147119846
0.36318128298320007
0.5512567697573141
0.46386567420299757
0.3809772647410439
0.10740622213402679
0.5643858072452794
0.5691315433965908
0.5672133282649737
0.5686174747124697
0.5435064421205226
0.5691491256891829
0.4452212299533087
0.5698750423007378
0.44132660207572944
0.5685548278026282
0.5690428910758304
0.37857296987851374
0.4616493623764345
0.5221568000256662
0.3567564981473018
0.5306291183853628
0.5341836649435403
0.5255190773869901
0.5673224858606617
0.5242622984124387
0.5537694295494275
0.5025591329645134
0.44147680424545127
0.5693121732025652
0.37660603051689884
0.35036900257396375
0.48214656725960114
0.17764548983974046
0.5489863846768692
0.4081660286624887
0.5652729979564095
0.35530485499051895
0.13229276055618225
0.5147491554033294
0.38433126039980015
0.5604742363287207
0.4382998218896484
0.22817656308282125
0.5260782724886602
0.3798940733246199
0.018340221035093564
0.20728908433606025
0.061325125750241044
0.5161397163221475
0.47484794217280873
0.12494220479643908
0.2442568852547851
0.17633938932811793
0.06219640313978031
0.49090931913570074
0.523032022971029
0.4529506431256493
0.439020941775819
0.47832950441084815
0.5655381376527084
0.26774236413689617
0.36027153051689526
0.4202925890489079
0.5246143905454296
0.46641567261894057
0.4869954426742063
0.31654911824509124
0.40172823182546313
0.41370727512311317
0.484964117151629
0.5667957219838797
0.48185864969086356
0.3652977911248179
0.4963128278589225
0.4864043885547224
0.5247000573577724
0.5232793018054767
0.5576741572882407
0.5542319301701163
0.5131637929631319
0.41105314028528217
0.5547564935577517
0.3245381227485211
0.07895129479747232
0.49548029003447647
0.5113146949843869
0.2743708840600375
0.511558733155262
0.38761841246978285
0.02012877338080586
0.13627874180828575
0.36493430925357195
0.11942743998607842
0.49014237291192
0.12202423465916487
0.42040527711267583
0.10319914629472407
0.1196561820036731
0.4871232914929567
0.36178358927327364
0.5271919384075617
0.047903601387154784
0.030455216810596566
0.5544898446738963
0.16428301042001525
0.5533193812693551
0.5624867025168702
0.5117240618194984
0.39365261515906524
0.4709621782545803
0.5695615400120292
0.568446836609614
0.5674424591984443
0.5289366265483126
0.32764653231997776
0.42401836789557984
0.43936054254780416
0.546038796433532
0.4427397498865471
0.5694974367205891
0.5691104854548475
0.4053873819606754
0.5081186651418305
0.4414925982718115
0.2911692879534458
0.49877661115322175
0.5632561123465325
0.45765837768509937
0.44423438035453844
0.5604994429622083
0.5396479329488051
0.3973439899286248
0.13695631565835437
0.5197513903327485
0.023516191109748605
0.3897008987100931
0.39954178552711994
0.5026278319376346
0.19555055249798484
0.19660309201228754
0.26615216859508123
0.03225496935703467
0.15220323322394005
0.07129101913376852
0.5020208592251525
0.4511028859284657
0.5109913397768768
0.2442941413718059
0.5569575091835912
0.4626363975241715
0.5536571325272592
0.3182097596966024
0.23751165026269366
0.09663375789876541
0.4462609475913138
0.5534426900180318
0.38843944189348906
0.5461156648915111
0.4736344778995352
0.44096878361181513
0.5332420606211898
0.47064039936425356
0.19602053898503277
0.5586383375179808
0.4682516845200018
0.5653329240356512
0.4520335003049412
0.5581595991434836
0.4807485373962847
0.5685781170162285
0.5304131068866929
0.5493929170850049
0.5691311690501434
0.42696542903047435
0.48330913944098197
0.43098797539150513
0.5636160893696978
0.2832175687927877
0.5691110498608474
0.55514840475867
0.2683973743707684
0.5634474287387199
0.390913469959123
0.24472864393588406
5.464424860318347E-4
0.39045860618932876
0.496733944386846
0.3562856869757751
0.11471846388193743
0.19388285196499946
0.42542111966909935
0.5451556456569421
0.1127322134459164
0.5073563496779949
0.23305411297772227
0.5288345499066678
0.06498909570349973
0.06386084470470278
0.5626179727444396
0.4585264055066873
0.45420924458103773
0.525667562113533
0.4218566370530123
0.2016939481499676
0.06486602470101079
0.5687816115742561
0.538005467485393
0.5698670505084426
0.41417239794074295
0.41597321500051143
0.37897132442637244
0.38169348252641977
0.5164391658993139
0.44880501824454
0.531454974830955
0.5681720525473436
0.554364040304517
0.525234615767069
0.5590767012082223
0.5404815444518517
0.5117328464929249
0.406760906411975
0.5106117561841033
0.3982670781268373
0.5296421404290269
0.5322023012903294
0.5374103269661331
0.44560344095249393
0.510191666276901
0.4851466846816848
0.13500366677910272
0.22531773874715683
0.3501875930425391
0.48424107889945633
0.03100396221053163
0.38551779205657927
0.5568320909188783
0.5392121249706426
0.37293690872945023
0.5035990599563338
0.2722094372470025
0.45202116305087225
0.05944491716216066
0.5237692077046349
0.20645279749007564
0.4674052875113104
0.18896878711727222
0.4971686433069222
0.0987766102417548
0.09331415531316142
0.24794439405037302
0.18111713432308207
0.17016325927286488
0.39093017361213334
0.07006924313852253
0.4791903445985207
0.38376076816514126
0.4435474768528957
0.4760484420118651
0.39255033628537744
0.5277031465992157
0.5545867927423618
0.5684767008201119
0.5689716600368321
0.4600231421760595
0.36943650193497085
0.5341301615139733
0.5489976989873134
0.5698589057023284
0.37452328789489964
0.5494777952493846
0.5066454966710612
0.48711858610907466
0.461778829347061
0.5035153142171717
0.5657398732930853
0.5308914441990189
0.5632911974507445
0.5692386464297193
0.454590703154024
0.433453463629718
0.5243086494983807
0.4263838407602854
0.4162997401131187
0.5214678901605847
0.5095122371261447
0.528225256300888
0.18705376689002656
0.3783595808068103
0.08935542837765269
0.33344728510878363
0.43099812547463784
0.02350374413129985
0.3240453318612894
0.37034137843652004
0.5563720639660877
0.3003948634927117
0.39938058860592746
0.13024404788924676
0.25840120414655476
0.3193356328144593
0.5554698482023694
0.5216561893819498
0.28355231037997
0.4891861743847378
0.3421232722505458
0.5457942282952446
0.37284581591740495
0.5264500951329777
0.5362134808172857
0.5698487568964979
0.38207582919981686
0.4060383159001741
0.5028696392233372
0.5320024086819243
0.5678600573140374
0.4800574415856666
0.43676073768540974
0.21623383652601452
0.47821496116683265
0.5235622915460946
0.4450965180725035
0.5662270508320312
0.32767091906958107
0.3680870229645512
0.3055864532125366
0.3287212410499583
0.5258806517263983
0.4348632364121539
0.4344239155194252
0.5695713726645151
0.10585133891052893
0.5676588785242263
0.5182488039787103
0.32279658160813424
0.518039238234934
0.5570601020975653
0.5660711790541951
0.4433550875457557
0.34373828497071396
0.04171990207302202
0.09347874255995715
0.40324275373559954
0.060479766327659126
0.27511961780668986
0.12438432953570801
0.13834019720129936
0.23259128851136712
0.21023991999987227
0.29395746441849746
0.04240822510856005
0.5231932237436255
0.01194548698400927
0.32052648126649896
0.5366201917088195
0.5446985645855269
0.4758473039704122
0.38143174200203656
0.5654124115929398
0.5177647807375912
0.5664182346462086
0.5681108726233463
0.5682265999094828
0.48896208478618547
0.5678812132150037
0.25738078841048245
0.4538483573859931
0.5364379634705743
0.5146234286100562
0.4936905703922122
0.2871792945145125
0.5161695645735739
0.45800069929346676
0.5525099228296612
0.5137216237329268
0.4347554210583662
0.3394323329653248
0.3862839321955468
0.5475927665107951
0.556494658356499
0.3022859408169969
0.4947572579119277
0.43929905701758015
0.11891018019754561
0.47600733409581725
0.4768295869386466
0.4604789534047543
0.03519937719526048
0.33532131605094395
0.314336125644871
0.12947883837244806
0.5674316421453927
0.5337358250007886
0.18201023638031055
0.546076851884754
0.18754227188171357
0.37891672963497425
0.12761699315781908
0.19108567374242405
0.3638793165050107
0.18124199467373966
0.05092977917891651
0.19544027283730125
0.565669131710259
0.5671539948808302
