1 1.0
2 1.0
3 1.0
4 1.0
5 1.0
6 1.0
7 0.8571428571428571
8 0.875
9 0.8888888888888888
10 0.8
11 0.8181818181818182
12 0.8333333333333334
13 0.8461538461538461
14 0.8571428571428571
15 0.8666666666666667
16 0.875
17 0.8823529411764706
18 0.8333333333333334
19 0.8421052631578947
20 0.85
21 0.8095238095238095
22 0.7727272727272727
23 0.782608695652174
24 0.7916666666666666
25 0.8
26 0.7692307692307693
27 0.7777777777777778
28 0.7857142857142857
29 0.7586206896551724
30 0.7666666666666667
31 0.7741935483870968
32 0.78125
33 0.7878787878787878
34 0.7647058823529411
35 0.7714285714285715
36 0.7777777777777778
37 0.7567567567567568
38 0.7631578947368421
39 0.7435897435897436
40 0.725
41 0.7317073170731707
42 0.7380952380952381
43 0.7441860465116279
44 0.75
45 0.7333333333333333
46 0.7391304347826086
47 0.723404255319149
48 0.7083333333333334
49 0.7142857142857143
50 0.7
51 0.6862745098039216
52 0.6923076923076923
53 0.6792452830188679
54 0.6666666666666666
55 0.6727272727272727
56 0.6785714285714286
57 0.6842105263157895
58 0.6896551724137931
59 0.6949152542372882
60 0.6833333333333333
61 0.6885245901639344
62 0.6774193548387096
63 0.6825396825396826
64 0.671875
65 0.6615384615384615
66 0.6666666666666666
67 0.6716417910447762
68 0.6764705882352942
69 0.6666666666666666
70 0.6571428571428571
71 0.647887323943662
72 0.6388888888888888
73 0.6301369863013698
74 0.6351351351351351
75 0.64
76 0.631578947368421
77 0.6233766233766234
78 0.6153846153846154
79 0.6075949367088608
80 0.6
81 0.6049382716049383
82 0.6097560975609756
83 0.6024096385542169
84 0.5952380952380952
85 0.5882352941176471
86 0.5813953488372093
87 0.5747126436781609
88 0.5795454545454546
89 0.5730337078651685
90 0.5777777777777777
91 0.5824175824175825
92 0.5760869565217391
93 0.5698924731182796
94 0.5638297872340425
95 0.5578947368421052
96 0.5520833333333334
97 0.5463917525773195
98 0.5408163265306123
99 0.5454545454545454
100 0.54
101 0.5346534653465347
102 0.5294117647058824
103 0.5242718446601942
104 0.5192307692307693
105 0.5142857142857142
106 0.5094339622641509
107 0.5046728971962616
108 0.5092592592592593
109 0.5045871559633027
110 0.5
111 0.4954954954954955
112 0.49107142857142855
113 0.48672566371681414
114 0.4824561403508772
115 0.4782608695652174
116 0.47413793103448276
117 0.4700854700854701
118 0.4661016949152542
119 0.47058823529411764
120 0.4666666666666667
121 0.47107438016528924
122 0.4672131147540984
123 0.4634146341463415
124 0.4596774193548387
125 0.456
126 0.4603174603174603
127 0.4566929133858268
128 0.453125
129 0.4496124031007752
130 0.4461538461538462
131 0.45038167938931295
132 0.45454545454545453
133 0.45112781954887216
134 0.44776119402985076
135 0.4444444444444444
136 0.4411764705882353
137 0.43795620437956206
138 0.43478260869565216
139 0.4316546762589928
140 0.42857142857142855
141 0.425531914893617
142 0.4225352112676056
143 0.4195804195804196
144 0.4166666666666667
145 0.41379310344827586
146 0.410958904109589
147 0.40816326530612246
148 0.40540540540540543
149 0.40268456375838924
150 0.4
151 0.3973509933774834
152 0.39473684210526316
153 0.39215686274509803
154 0.38961038961038963
155 0.3935483870967742
156 0.391025641025641
157 0.3885350318471338
158 0.3860759493670886
159 0.3836477987421384
160 0.38125
161 0.37888198757763975
162 0.3765432098765432
163 0.3803680981595092
164 0.38414634146341464
165 0.38181818181818183
166 0.3795180722891566
167 0.3772455089820359
168 0.375
169 0.3727810650887574
170 0.37058823529411766
171 0.3742690058479532
172 0.37790697674418605
173 0.37572254335260113
174 0.3735632183908046
175 0.37142857142857144
176 0.3693181818181818
177 0.3672316384180791
178 0.3651685393258427
179 0.36312849162011174
180 0.3611111111111111
181 0.35911602209944754
182 0.35714285714285715
183 0.3551912568306011
184 0.3532608695652174
185 0.35135135135135137
186 0.3548387096774194
187 0.35294117647058826
188 0.35638297872340424
189 0.3544973544973545
190 0.3526315789473684
191 0.3507853403141361
192 0.3489583333333333
193 0.3471502590673575
194 0.34536082474226804
195 0.3435897435897436
196 0.34183673469387754
197 0.3401015228426396
198 0.3434343434343434
199 0.3417085427135678
200 0.34
201 0.3383084577114428
202 0.33663366336633666
203 0.33497536945812806
204 0.3333333333333333
205 0.33170731707317075
206 0.3300970873786408
207 0.3285024154589372
208 0.3269230769230769
209 0.3253588516746411
210 0.3238095238095238
211 0.3222748815165877
212 0.32075471698113206
213 0.3192488262910798
214 0.32242990654205606
215 0.3209302325581395
216 0.3194444444444444
217 0.31797235023041476
218 0.3165137614678899
219 0.3150684931506849
220 0.31363636363636366
221 0.31221719457013575
222 0.3108108108108108
223 0.3094170403587444
224 0.3080357142857143
225 0.30666666666666664
226 0.3053097345132743
227 0.3039647577092511
228 0.3026315789473684
229 0.30131004366812225
230 0.3
231 0.2987012987012987
232 0.3017241379310345
233 0.30042918454935624
234 0.29914529914529914
235 0.2978723404255319
236 0.2966101694915254
237 0.29535864978902954
238 0.29411764705882354
239 0.2928870292887029
240 0.2916666666666667
241 0.29045643153526973
242 0.2892561983471074
243 0.2880658436213992
244 0.28688524590163933
245 0.2857142857142857
246 0.2845528455284553
247 0.2834008097165992
248 0.28225806451612906
249 0.28112449799196787
250 0.28
251 0.2788844621513944
252 0.2777777777777778
253 0.2766798418972332
254 0.2755905511811024
255 0.27450980392156865
256 0.2734375
257 0.2723735408560311
258 0.2713178294573643
259 0.2702702702702703
260 0.2692307692307692
261 0.2681992337164751
262 0.26717557251908397
263 0.2661596958174905
264 0.26515151515151514
265 0.2641509433962264
266 0.2631578947368421
267 0.26217228464419473
268 0.26119402985074625
269 0.26022304832713755
270 0.25925925925925924
271 0.25830258302583026
272 0.25735294117647056
273 0.2564102564102564
274 0.25547445255474455
275 0.2545454545454545
276 0.2572463768115942
277 0.2563176895306859
278 0.25539568345323743
279 0.25448028673835127
280 0.25357142857142856
281 0.2526690391459075
282 0.25177304964539005
283 0.2508833922261484
284 0.25
285 0.24912280701754386
286 0.24825174825174826
287 0.24738675958188153
288 0.2465277777777778
289 0.24567474048442905
290 0.24482758620689654
291 0.24398625429553264
292 0.24315068493150685
293 0.24232081911262798
294 0.24149659863945577
295 0.24067796610169492
296 0.23986486486486486
297 0.23905723905723905
298 0.23825503355704697
299 0.23745819397993312
300 0.23666666666666666
301 0.23588039867109634
302 0.23509933774834438
303 0.23432343234323433
304 0.23355263157894737
305 0.23278688524590163
306 0.23202614379084968
307 0.23127035830618892
308 0.2305194805194805
309 0.2297734627831715
310 0.22903225806451613
311 0.2282958199356913
312 0.22756410256410256
313 0.2268370607028754
314 0.22611464968152867
315 0.2253968253968254
316 0.22468354430379747
317 0.22397476340694006
318 0.22327044025157233
319 0.2225705329153605
320 0.221875
321 0.22118380062305296
322 0.2204968944099379
323 0.21981424148606812
324 0.2191358024691358
325 0.21846153846153846
326 0.21779141104294478
327 0.21712538226299694
328 0.21646341463414634
329 0.21580547112462006
330 0.21515151515151515
331 0.21450151057401812
332 0.21385542168674698
333 0.2132132132132132
334 0.2125748502994012
335 0.21492537313432836
336 0.21428571428571427
337 0.21364985163204747
338 0.21301775147928995
339 0.21238938053097345
340 0.21176470588235294
341 0.21114369501466276
342 0.21052631578947367
343 0.21282798833819241
344 0.21220930232558138
345 0.21159420289855072
346 0.21098265895953758
347 0.21037463976945245
348 0.20977011494252873
349 0.20916905444126074
350 0.20857142857142857
351 0.20797720797720798
352 0.20738636363636365
353 0.20679886685552407
354 0.2062146892655367
355 0.2056338028169014
356 0.2050561797752809
357 0.20728291316526612
358 0.20670391061452514
359 0.20612813370473537
360 0.20555555555555555
361 0.20498614958448755
362 0.20441988950276244
363 0.20385674931129477
364 0.2032967032967033
365 0.20273972602739726
366 0.20218579234972678
367 0.2016348773841962
368 0.20108695652173914
369 0.2005420054200542
370 0.2
371 0.19946091644204852
372 0.1989247311827957
373 0.19839142091152814
374 0.19786096256684493
375 0.19733333333333333
376 0.19680851063829788
377 0.1962864721485411
378 0.19576719576719576
379 0.19525065963060687
380 0.19473684210526315
381 0.1968503937007874
382 0.19633507853403143
383 0.195822454308094
384 0.1953125
385 0.19480519480519481
386 0.19430051813471502
387 0.1937984496124031
388 0.19329896907216496
389 0.1928020565552699
390 0.19230769230769232
391 0.1918158567774936
392 0.1913265306122449
393 0.19083969465648856
394 0.19035532994923857
395 0.189873417721519
396 0.1893939393939394
397 0.1889168765743073
398 0.1884422110552764
399 0.18796992481203006
400 0.1875
401 0.18703241895261846
402 0.1865671641791045
403 0.18610421836228289
404 0.18564356435643564
405 0.18518518518518517
406 0.18472906403940886
407 0.18427518427518427
408 0.18382352941176472
409 0.18337408312958436
410 0.18292682926829268
411 0.18248175182481752
412 0.1820388349514563
413 0.18159806295399517
414 0.18115942028985507
415 0.18072289156626506
416 0.18028846153846154
417 0.17985611510791366
418 0.17942583732057416
419 0.17899761336515513
420 0.17857142857142858
421 0.17814726840855108
422 0.17772511848341233
423 0.1773049645390071
424 0.17688679245283018
425 0.17647058823529413
426 0.176056338028169
427 0.1756440281030445
428 0.17523364485981308
429 0.17482517482517482
430 0.1744186046511628
431 0.1740139211136891
432 0.1736111111111111
433 0.17321016166281755
434 0.1728110599078341
435 0.1724137931034483
436 0.1720183486238532
437 0.17162471395881007
438 0.17123287671232876
439 0.17084282460136674
440 0.17045454545454544
441 0.17006802721088435
442 0.16968325791855204
443 0.16930022573363432
444 0.16891891891891891
445 0.16853932584269662
446 0.1681614349775785
447 0.16778523489932887
448 0.16741071428571427
449 0.16703786191536749
450 0.16666666666666666
451 0.1662971175166297
452 0.16592920353982302
453 0.16556291390728478
454 0.16519823788546256
455 0.16483516483516483
456 0.16447368421052633
457 0.16411378555798686
458 0.16375545851528384
459 0.16339869281045752
460 0.16304347826086957
461 0.16268980477223427
462 0.16233766233766234
463 0.16198704103671707
464 0.16163793103448276
465 0.16129032258064516
466 0.1609442060085837
467 0.16059957173447537
468 0.16025641025641027
469 0.15991471215351813
470 0.1595744680851064
471 0.1592356687898089
472 0.15889830508474576
473 0.15856236786469344
474 0.15822784810126583
475 0.15789473684210525
476 0.15756302521008403
477 0.15723270440251572
478 0.15690376569037656
479 0.15657620041753653
480 0.15625
481 0.15592515592515593
482 0.15560165975103735
483 0.15527950310559005
484 0.15495867768595042
485 0.15463917525773196
486 0.15432098765432098
487 0.1540041067761807
488 0.15368852459016394
489 0.15337423312883436
490 0.15306122448979592
491 0.15274949083503056
492 0.1524390243902439
493 0.15212981744421908
494 0.15182186234817813
495 0.15151515151515152
496 0.15120967741935484
497 0.15090543259557343
498 0.15060240963855423
499 0.15030060120240482
500 0.15
501 0.1497005988023952
502 0.14940239043824702
503 0.14910536779324055
504 0.1488095238095238
505 0.1485148514851485
506 0.1482213438735178
507 0.14792899408284024
508 0.14763779527559054
509 0.14734774066797643
510 0.14705882352941177
511 0.14677103718199608
512 0.146484375
513 0.14619883040935672
514 0.14591439688715954
515 0.14563106796116504
516 0.14534883720930233
517 0.1450676982591876
518 0.14478764478764478
519 0.14450867052023122
520 0.14423076923076922
521 0.14395393474088292
522 0.14367816091954022
523 0.14340344168260039
524 0.1431297709923664
525 0.14285714285714285
526 0.14258555133079848
527 0.14231499051233396
528 0.14204545454545456
529 0.14177693761814744
530 0.14150943396226415
531 0.14124293785310735
532 0.14097744360902256
533 0.14071294559099437
534 0.1404494382022472
535 0.14018691588785046
536 0.13992537313432835
537 0.13966480446927373
538 0.13940520446096655
539 0.1391465677179963
540 0.1388888888888889
541 0.13863216266173753
542 0.13837638376383765
543 0.13812154696132597
544 0.13786764705882354
545 0.13761467889908258
546 0.13736263736263737
547 0.13711151736745886
548 0.13686131386861314
549 0.1366120218579235
550 0.13636363636363635
551 0.13611615245009073
552 0.1358695652173913
553 0.13562386980108498
554 0.13537906137184116
555 0.13513513513513514
556 0.13489208633093525
557 0.13464991023339318
558 0.13440860215053763
559 0.13416815742397137
560 0.13392857142857142
561 0.13368983957219252
562 0.13345195729537365
563 0.13321492007104796
564 0.13297872340425532
565 0.13274336283185842
566 0.13250883392226148
567 0.13227513227513227
568 0.13204225352112675
569 0.13181019332161686
570 0.13157894736842105
571 0.13134851138353765
572 0.13111888111888112
573 0.13089005235602094
574 0.13066202090592335
575 0.13043478260869565
576 0.13020833333333334
577 0.12998266897746968
578 0.12975778546712802
579 0.12953367875647667
580 0.12931034482758622
581 0.12908777969018934
582 0.12886597938144329
583 0.12864493996569468
584 0.1284246575342466
585 0.1282051282051282
586 0.12798634812286688
587 0.12776831345826234
588 0.12755102040816327
589 0.1273344651952462
590 0.1271186440677966
591 0.12690355329949238
592 0.1266891891891892
593 0.12647554806070826
594 0.12626262626262627
595 0.12605042016806722
596 0.12583892617449666
597 0.12562814070351758
598 0.1254180602006689
599 0.12520868113522537
600 0.125
601 0.12479201331114809
602 0.12458471760797342
603 0.12437810945273632
604 0.12417218543046357
605 0.12396694214876033
606 0.12376237623762376
607 0.12355848434925865
608 0.12335526315789473
609 0.12315270935960591
610 0.12295081967213115
611 0.12274959083469722
612 0.12254901960784313
613 0.12234910277324633
614 0.12214983713355049
615 0.12195121951219512
616 0.12175324675324675
617 0.12155591572123177
618 0.12135922330097088
619 0.12116316639741519
620 0.12096774193548387
621 0.12077294685990338
622 0.12057877813504823
623 0.12038523274478331
624 0.1201923076923077
625 0.12
626 0.11980830670926518
627 0.11961722488038277
628 0.11942675159235669
629 0.1192368839427663
630 0.11904761904761904
631 0.11885895404120443
632 0.11867088607594936
633 0.11848341232227488
634 0.11829652996845426
635 0.11811023622047244
636 0.1179245283018868
637 0.11773940345368916
638 0.11755485893416928
639 0.11737089201877934
640 0.1171875
641 0.11700468018720749
642 0.11682242990654206
643 0.1166407465007776
644 0.11645962732919254
645 0.11627906976744186
646 0.11609907120743033
647 0.11591962905718702
648 0.11574074074074074
649 0.11556240369799692
650 0.11538461538461539
651 0.1152073732718894
652 0.11503067484662577
653 0.11485451761102604
654 0.11467889908256881
655 0.11450381679389313
656 0.11432926829268293
657 0.1141552511415525
658 0.11398176291793313
659 0.11380880121396054
660 0.11363636363636363
661 0.11346444780635401
662 0.11329305135951662
663 0.11312217194570136
664 0.11295180722891567
665 0.11278195488721804
666 0.11261261261261261
667 0.11244377811094453
668 0.1122754491017964
669 0.11210762331838565
670 0.11194029850746269
671 0.11177347242921014
672 0.11160714285714286
673 0.11144130757800892
674 0.11127596439169139
675 0.1111111111111111
676 0.11094674556213018
677 0.11078286558345643
678 0.11061946902654868
679 0.11045655375552282
680 0.11029411764705882
681 0.11013215859030837
682 0.10997067448680352
683 0.10980966325036604
684 0.10964912280701754
685 0.10948905109489052
686 0.10932944606413994
687 0.1091703056768559
688 0.10901162790697674
689 0.10885341074020319
690 0.10869565217391304
691 0.1085383502170767
692 0.10838150289017341
693 0.10822510822510822
694 0.10806916426512968
695 0.1079136690647482
696 0.10775862068965517
697 0.10760401721664276
698 0.10744985673352435
699 0.1072961373390558
700 0.10714285714285714
701 0.10699001426533523
702 0.10683760683760683
703 0.10668563300142248
704 0.10653409090909091
705 0.10638297872340426
706 0.10623229461756374
707 0.10608203677510608
708 0.1059322033898305
709 0.10578279266572638
710 0.1056338028169014
711 0.10548523206751055
712 0.10533707865168539
713 0.10518934081346423
714 0.10504201680672269
715 0.1048951048951049
716 0.10474860335195531
717 0.10460251046025104
718 0.10445682451253482
719 0.1043115438108484
720 0.10416666666666667
721 0.10402219140083217
722 0.1038781163434903
723 0.1037344398340249
724 0.10359116022099447
725 0.10344827586206896
726 0.10330578512396695
727 0.1031636863823934
728 0.10302197802197802
729 0.102880658436214
730 0.10273972602739725
731 0.10259917920656635
732 0.10245901639344263
733 0.10231923601637108
734 0.10217983651226158
735 0.10204081632653061
736 0.10190217391304347
737 0.10176390773405698
738 0.1016260162601626
739 0.10148849797023005
740 0.10135135135135136
741 0.10121457489878542
742 0.10107816711590296
743 0.1009421265141319
744 0.10080645161290322
745 0.10067114093959731
746 0.10053619302949061
747 0.10040160642570281
748 0.10026737967914438
749 0.10013351134846461
750 0.1
751 0.09986684420772303
752 0.09973404255319149
753 0.099601593625498
754 0.09946949602122016
755 0.09933774834437085
756 0.0992063492063492
757 0.09907529722589167
758 0.09894459102902374
759 0.09881422924901186
760 0.09868421052631579
761 0.09855453350854139
762 0.0984251968503937
763 0.0982961992136304
764 0.09816753926701571
765 0.09803921568627451
766 0.097911227154047
767 0.09778357235984354
768 0.09765625
769 0.09752925877763328
770 0.09740259740259741
771 0.09727626459143969
772 0.09715025906735751
773 0.09702457956015524
774 0.09689922480620156
775 0.0967741935483871
776 0.09664948453608248
777 0.09652509652509653
778 0.09640102827763496
779 0.0962772785622593
780 0.09615384615384616
781 0.09603072983354674
782 0.0959079283887468
783 0.09578544061302682
784 0.09566326530612244
785 0.09554140127388536
786 0.09541984732824428
787 0.09529860228716645
788 0.09517766497461928
789 0.09505703422053231
790 0.0949367088607595
