1 1.0
2 1.0
3 1.0
4 1.0
5 1.0
6 1.0
7 1.0
8 1.0
9 1.0
10 1.0
11 1.0
12 1.0
13 1.0
14 1.0
15 0.9333333333333333
16 0.9375
17 0.9411764705882353
18 0.9444444444444444
19 0.9473684210526315
20 0.95
21 0.9523809523809523
22 0.9090909090909091
23 0.9130434782608695
24 0.9166666666666666
25 0.92
26 0.9230769230769231
27 0.8888888888888888
28 0.8928571428571429
29 0.896551724137931
30 0.9
31 0.8709677419354839
32 0.875
33 0.8484848484848485
34 0.8529411764705882
35 0.8571428571428571
36 0.8611111111111112
37 0.8378378378378378
38 0.8157894736842105
39 0.7948717948717948
40 0.8
41 0.8048780487804879
42 0.8095238095238095
43 0.813953488372093
44 0.7954545454545454
45 0.7777777777777778
46 0.7608695652173914
47 0.7446808510638298
48 0.7291666666666666
49 0.7142857142857143
50 0.72
51 0.7254901960784313
52 0.7307692307692307
53 0.7358490566037735
54 0.7222222222222222
55 0.7272727272727273
56 0.7142857142857143
57 0.7017543859649122
58 0.6896551724137931
59 0.6779661016949152
60 0.6833333333333333
61 0.6885245901639344
62 0.6774193548387096
63 0.6825396825396826
64 0.6875
65 0.676923076923077
66 0.6666666666666666
67 0.6567164179104478
68 0.6470588235294118
69 0.6521739130434783
70 0.6428571428571429
71 0.6338028169014085
72 0.6388888888888888
73 0.6301369863013698
74 0.6216216216216216
75 0.6266666666666667
76 0.618421052631579
77 0.6103896103896104
78 0.6025641025641025
79 0.6075949367088608
80 0.6125
81 0.6172839506172839
82 0.6219512195121951
83 0.6265060240963856
84 0.6309523809523809
85 0.6235294117647059
86 0.6162790697674418
87 0.6091954022988506
88 0.6136363636363636
89 0.6067415730337079
90 0.6
91 0.5934065934065934
92 0.5869565217391305
93 0.5913978494623656
94 0.5851063829787234
95 0.5789473684210527
96 0.5729166666666666
97 0.5670103092783505
98 0.5714285714285714
99 0.5656565656565656
100 0.56
101 0.5544554455445545
102 0.5490196078431373
103 0.5436893203883495
104 0.5480769230769231
105 0.5428571428571428
106 0.5377358490566038
107 0.5327102803738317
108 0.5370370370370371
109 0.5412844036697247
110 0.5363636363636364
111 0.5315315315315315
112 0.5267857142857143
113 0.5309734513274337
114 0.5350877192982456
115 0.5304347826086957
116 0.5258620689655172
117 0.5213675213675214
118 0.5169491525423728
119 0.5126050420168067
120 0.5083333333333333
121 0.5041322314049587
122 0.5
123 0.4959349593495935
124 0.49193548387096775
125 0.496
126 0.49206349206349204
127 0.4881889763779528
128 0.4921875
129 0.4883720930232558
130 0.49230769230769234
131 0.4961832061068702
132 0.5
133 0.49624060150375937
134 0.4925373134328358
135 0.4962962962962963
136 0.49264705882352944
137 0.49635036496350365
138 0.5
