1 1.0
2 0.5
3 0.6666666666666666
4 0.75
5 0.8
6 0.8333333333333334
7 0.8571428571428571
8 0.875
9 0.8888888888888888
10 0.9
11 0.8181818181818182
12 0.8333333333333334
13 0.8461538461538461
14 0.7857142857142857
15 0.8
16 0.8125
17 0.7647058823529411
18 0.7777777777777778
19 0.7894736842105263
20 0.8
21 0.8095238095238095
22 0.8181818181818182
23 0.8260869565217391
24 0.8333333333333334
25 0.84
26 0.8461538461538461
27 0.8148148148148148
28 0.8214285714285714
29 0.7931034482758621
30 0.7666666666666667
31 0.7419354838709677
32 0.71875
33 0.696969696969697
34 0.6764705882352942
35 0.6857142857142857
36 0.6666666666666666
37 0.6486486486486487
38 0.6578947368421053
39 0.6410256410256411
40 0.65
41 0.6585365853658537
42 0.6666666666666666
43 0.6511627906976745
44 0.6363636363636364
45 0.6222222222222222
46 0.6086956521739131
47 0.5957446808510638
48 0.6041666666666666
49 0.6122448979591837
50 0.6
51 0.5882352941176471
52 0.5769230769230769
53 0.5849056603773585
54 0.5740740740740741
55 0.5636363636363636
56 0.5535714285714286
57 0.5614035087719298
58 0.5689655172413793
59 0.559322033898305
60 0.5666666666666667
61 0.5737704918032787
62 0.5806451612903226
63 0.5873015873015873
64 0.59375
65 0.5846153846153846
66 0.5757575757575758
67 0.5671641791044776
68 0.5735294117647058
69 0.5652173913043478
70 0.5714285714285714
71 0.5633802816901409
72 0.5694444444444444
73 0.5753424657534246
74 0.581081081081081
75 0.5733333333333334
76 0.5657894736842105
77 0.5714285714285714
78 0.5769230769230769
79 0.569620253164557
80 0.5625
81 0.5555555555555556
82 0.5487804878048781
83 0.5421686746987951
84 0.5476190476190477
85 0.5529411764705883
86 0.5465116279069767
87 0.5517241379310345
88 0.5454545454545454
89 0.550561797752809
90 0.5444444444444444
91 0.5384615384615384
92 0.532608695652174
93 0.5268817204301075
94 0.5212765957446809
95 0.5263157894736842
96 0.5208333333333334
97 0.5257731958762887
98 0.5204081632653061
99 0.5151515151515151
100 0.51
101 0.504950495049505
102 0.5
103 0.5048543689320388
104 0.5
105 0.49523809523809526
106 0.49056603773584906
107 0.48598130841121495
108 0.48148148148148145
109 0.47706422018348627
110 0.4727272727272727
111 0.46846846846846846
112 0.4642857142857143
113 0.46017699115044247
114 0.4649122807017544
115 0.4608695652173913
116 0.45689655172413796
117 0.452991452991453
118 0.4491525423728814
119 0.44537815126050423
120 0.44166666666666665
121 0.4462809917355372
122 0.4426229508196721
123 0.43902439024390244
124 0.43548387096774194
125 0.432
126 0.42857142857142855
127 0.4251968503937008
128 0.421875
129 0.4186046511627907
130 0.4153846153846154
131 0.4122137404580153
132 0.4090909090909091
133 0.40601503759398494
134 0.40298507462686567
135 0.4
136 0.39705882352941174
137 0.39416058394160586
138 0.391304347826087
139 0.38848920863309355
140 0.38571428571428573
141 0.3829787234042553
142 0.38028169014084506
143 0.3776223776223776
144 0.375
145 0.3724137931034483
146 0.3698630136986301
147 0.3673469387755102
148 0.36486486486486486
149 0.3624161073825503
150 0.36
151 0.36423841059602646
152 0.3618421052631579
153 0.35947712418300654
154 0.35714285714285715
155 0.3548387096774194
156 0.3525641025641026
157 0.3503184713375796
158 0.34810126582278483
159 0.34591194968553457
160 0.34375
161 0.3416149068322981
162 0.3395061728395062
163 0.3374233128834356
164 0.3353658536585366
165 0.3393939393939394
166 0.3373493975903614
167 0.33532934131736525
168 0.3333333333333333
169 0.33136094674556216
170 0.32941176470588235
171 0.32748538011695905
172 0.32558139534883723
173 0.3236994219653179
174 0.3218390804597701
175 0.32571428571428573
176 0.32386363636363635
177 0.3220338983050847
178 0.3202247191011236
179 0.31843575418994413
180 0.31666666666666665
181 0.3149171270718232
182 0.3131868131868132
183 0.3114754098360656
184 0.30978260869565216
185 0.3081081081081081
186 0.3064516129032258
187 0.3048128342245989
188 0.30319148936170215
189 0.30158730158730157
190 0.3
191 0.29842931937172773
192 0.296875
193 0.29533678756476683
194 0.29381443298969073
195 0.2923076923076923
196 0.29081632653061223
197 0.2893401015228426
198 0.2878787878787879
199 0.2864321608040201
200 0.285
201 0.2835820895522388
202 0.28217821782178215
203 0.28078817733990147
204 0.27941176470588236
205 0.2780487804878049
206 0.2766990291262136
207 0.2753623188405797
208 0.27403846153846156
209 0.2727272727272727
210 0.2714285714285714
211 0.27014218009478674
212 0.2688679245283019
213 0.2676056338028169
214 0.26635514018691586
215 0.2651162790697674
216 0.2638888888888889
217 0.2626728110599078
218 0.26605504587155965
219 0.2648401826484018
220 0.2636363636363636
221 0.26244343891402716
222 0.26126126126126126
223 0.2600896860986547
224 0.25892857142857145
225 0.2577777777777778
226 0.25663716814159293
227 0.2555066079295154
228 0.2543859649122807
229 0.25327510917030566
230 0.25217391304347825
231 0.2510822510822511
232 0.25
233 0.24892703862660945
234 0.24786324786324787
235 0.24680851063829787
236 0.2457627118644068
237 0.24472573839662448
238 0.24369747899159663
239 0.24267782426778242
240 0.24166666666666667
241 0.24066390041493776
242 0.2396694214876033
243 0.23868312757201646
244 0.23770491803278687
245 0.23673469387755103
246 0.23577235772357724
247 0.23481781376518218
248 0.23387096774193547
249 0.23293172690763053
250 0.232
251 0.23107569721115537
252 0.23015873015873015
253 0.22924901185770752
254 0.2283464566929134
255 0.22745098039215686
256 0.2265625
257 0.22568093385214008
258 0.2248062015503876
259 0.22393822393822393
260 0.2230769230769231
261 0.2222222222222222
262 0.22137404580152673
263 0.22053231939163498
264 0.22348484848484848
