1 1.0
2 1.0
3 0.6666666666666666
4 0.75
5 0.8
6 0.6666666666666666
7 0.5714285714285714
8 0.625
9 0.6666666666666666
10 0.7
11 0.7272727272727273
12 0.75
13 0.7692307692307693
14 0.7857142857142857
15 0.8
16 0.8125
17 0.8235294117647058
18 0.8333333333333334
19 0.8421052631578947
20 0.85
21 0.8571428571428571
22 0.8636363636363636
23 0.8260869565217391
24 0.7916666666666666
25 0.8
26 0.8076923076923077
27 0.8148148148148148
28 0.8214285714285714
29 0.7931034482758621
30 0.8
31 0.8064516129032258
32 0.78125
33 0.7575757575757576
34 0.7647058823529411
35 0.7714285714285715
36 0.75
37 0.7567567567567568
38 0.7631578947368421
39 0.7435897435897436
40 0.725
41 0.7317073170731707
42 0.7142857142857143
43 0.7209302325581395
44 0.7045454545454546
45 0.7111111111111111
46 0.6956521739130435
47 0.7021276595744681
48 0.6875
49 0.673469387755102
50 0.66
51 0.6470588235294118
52 0.6538461538461539
53 0.660377358490566
54 0.6666666666666666
55 0.6545454545454545
56 0.6428571428571429
57 0.631578947368421
58 0.6379310344827587
59 0.6271186440677966
60 0.6166666666666667
61 0.6229508196721312
62 0.6129032258064516
63 0.6031746031746031
64 0.59375
65 0.6
66 0.6060606060606061
67 0.5970149253731343
68 0.6029411764705882
69 0.6086956521739131
70 0.6
71 0.5915492957746479
72 0.5972222222222222
73 0.6027397260273972
74 0.6081081081081081
75 0.6133333333333333
76 0.6052631578947368
77 0.5974025974025974
78 0.6025641025641025
79 0.6075949367088608
80 0.6
81 0.6049382716049383
82 0.5975609756097561
83 0.6024096385542169
84 0.5952380952380952
85 0.6
86 0.5930232558139535
87 0.5862068965517241
88 0.5909090909090909
89 0.5842696629213483
90 0.5777777777777777
91 0.5714285714285714
92 0.5652173913043478
93 0.5591397849462365
94 0.5531914893617021
95 0.5473684210526316
96 0.5416666666666666
97 0.5463917525773195
98 0.5510204081632653
99 0.5454545454545454
100 0.54
101 0.5346534653465347
102 0.5294117647058824
103 0.5242718446601942
104 0.5192307692307693
105 0.5142857142857142
106 0.5094339622641509
107 0.514018691588785
108 0.5092592592592593
109 0.5045871559633027
110 0.509090909090909
111 0.5045045045045045
112 0.5
113 0.49557522123893805
114 0.49122807017543857
115 0.48695652173913045
116 0.4827586206896552
117 0.47863247863247865
118 0.4745762711864407
119 0.47058823529411764
120 0.475
121 0.47107438016528924
122 0.4672131147540984
123 0.4634146341463415
124 0.4596774193548387
125 0.456
126 0.4523809523809524
127 0.4566929133858268
128 0.453125
129 0.4573643410852713
130 0.45384615384615384
131 0.45038167938931295
132 0.45454545454545453
133 0.45112781954887216
134 0.44776119402985076
135 0.4444444444444444
136 0.4411764705882353
137 0.43795620437956206
138 0.43478260869565216
139 0.4316546762589928
140 0.42857142857142855
141 0.4326241134751773
142 0.4295774647887324
143 0.42657342657342656
144 0.4236111111111111
145 0.4206896551724138
146 0.4178082191780822
147 0.41496598639455784
148 0.41216216216216217
149 0.40939597315436244
150 0.4066666666666667
151 0.40397350993377484
152 0.40789473684210525
