1 1.0
2 1.0
3 1.0
4 1.0
5 1.0
6 1.0
7 1.0
8 1.0
9 1.0
10 1.0
11 1.0
12 1.0
13 1.0
14 1.0
15 1.0
16 1.0
17 1.0
18 1.0
19 1.0
20 1.0
21 1.0
22 1.0
23 1.0
24 1.0
25 1.0
26 1.0
27 1.0
28 1.0
29 0.9655172413793104
30 0.9666666666666667
31 0.967741935483871
32 0.96875
33 0.9696969696969697
34 0.9705882352941176
35 0.9428571428571428
36 0.9166666666666666
37 0.918918918918919
38 0.8947368421052632
39 0.8974358974358975
40 0.9
41 0.8780487804878049
42 0.8571428571428571
43 0.8604651162790697
44 0.8636363636363636
45 0.8666666666666667
46 0.8695652173913043
47 0.8723404255319149
48 0.875
49 0.8775510204081632
50 0.88
51 0.8627450980392157
52 0.8461538461538461
53 0.8301886792452831
54 0.8333333333333334
55 0.8181818181818182
56 0.8214285714285714
57 0.8245614035087719
58 0.8275862068965517
59 0.8305084745762712
60 0.8166666666666667
61 0.8032786885245902
62 0.8064516129032258
63 0.8095238095238095
64 0.796875
65 0.7846153846153846
66 0.7878787878787878
67 0.7910447761194029
68 0.7941176470588235
69 0.782608695652174
70 0.7857142857142857
71 0.7887323943661971
72 0.7916666666666666
73 0.7808219178082192
74 0.7702702702702703
75 0.7733333333333333
76 0.7631578947368421
77 0.7532467532467533
78 0.7564102564102564
79 0.7468354430379747
80 0.7375
81 0.7407407407407407
82 0.7317073170731707
83 0.7228915662650602
84 0.7142857142857143
85 0.7058823529411765
86 0.6976744186046512
87 0.6896551724137931
88 0.6818181818181818
89 0.6741573033707865
90 0.6666666666666666
91 0.6593406593406593
92 0.6521739130434783
93 0.6451612903225806
94 0.6382978723404256
95 0.631578947368421
96 0.625
97 0.6185567010309279
98 0.6122448979591837
99 0.6060606060606061
100 0.6
101 0.594059405940594
102 0.5882352941176471
103 0.5825242718446602
104 0.5769230769230769
105 0.5714285714285714
106 0.5660377358490566
107 0.5607476635514018
108 0.5555555555555556
109 0.5504587155963303
110 0.5454545454545454
111 0.5405405405405406
112 0.5357142857142857
113 0.5309734513274337
114 0.5350877192982456
