1 1.0
2 1.0
3 1.0
4 1.0
5 1.0
6 1.0
7 1.0
8 1.0
9 1.0
10 1.0
11 1.0
12 1.0
13 1.0
14 1.0
15 1.0
16 1.0
17 1.0
18 1.0
19 0.9473684210526315
20 0.95
21 0.9523809523809523
22 0.9545454545454546
23 0.9565217391304348
24 0.9583333333333334
25 0.96
26 0.9615384615384616
27 0.9259259259259259
28 0.9285714285714286
29 0.9310344827586207
30 0.9333333333333333
31 0.9354838709677419
32 0.9375
33 0.9090909090909091
34 0.9117647058823529
35 0.8857142857142857
36 0.8888888888888888
37 0.8918918918918919
38 0.8947368421052632
39 0.8974358974358975
40 0.9
41 0.9024390243902439
42 0.9047619047619048
43 0.8837209302325582
44 0.8863636363636364
45 0.8888888888888888
46 0.8913043478260869
47 0.8936170212765957
48 0.875
49 0.8775510204081632
50 0.86
51 0.8627450980392157
52 0.8653846153846154
53 0.8679245283018868
54 0.8703703703703703
55 0.8545454545454545
56 0.8571428571428571
57 0.8421052631578947
58 0.8448275862068966
59 0.847457627118644
60 0.85
61 0.8524590163934426
62 0.8387096774193549
63 0.8412698412698413
64 0.828125
65 0.8307692307692308
66 0.8181818181818182
67 0.8208955223880597
68 0.8235294117647058
69 0.8260869565217391
70 0.8142857142857143
71 0.8028169014084507
72 0.7916666666666666
73 0.7808219178082192
74 0.7702702702702703
75 0.7733333333333333
76 0.7763157894736842
77 0.7792207792207793
78 0.782051282051282
79 0.7721518987341772
80 0.7625
81 0.7530864197530864
82 0.7439024390243902
83 0.7349397590361446
84 0.7261904761904762
85 0.7294117647058823
86 0.7209302325581395
87 0.7126436781609196
88 0.7159090909090909
89 0.7078651685393258
90 0.7
91 0.7032967032967034
92 0.6956521739130435
93 0.6881720430107527
94 0.6808510638297872
95 0.6736842105263158
96 0.6666666666666666
97 0.6597938144329897
98 0.6530612244897959
99 0.6464646464646465
100 0.64
101 0.6336633663366337
102 0.6274509803921569
103 0.6213592233009708
104 0.6153846153846154
105 0.6095238095238096
106 0.6037735849056604
107 0.5981308411214953
108 0.5925925925925926
109 0.5871559633027523
110 0.5818181818181818
111 0.5765765765765766
112 0.5714285714285714
113 0.5663716814159292
114 0.5614035087719298
115 0.5565217391304348
116 0.5517241379310345
117 0.5470085470085471
118 0.5423728813559322
119 0.5378151260504201
120 0.5333333333333333
121 0.5289256198347108
122 0.5327868852459017
123 0.5284552845528455
124 0.5241935483870968
125 0.52
126 0.5158730158730159
127 0.5118110236220472
128 0.5078125
129 0.5038759689922481
130 0.5
131 0.4961832061068702
132 0.49242424242424243
133 0.48872180451127817
134 0.48507462686567165
135 0.48148148148148145
136 0.47794117647058826
137 0.4744525547445255
138 0.47101449275362317
139 0.4676258992805755
140 0.4642857142857143
141 0.46099290780141844
142 0.45774647887323944
143 0.45454545454545453
144 0.4513888888888889
145 0.4482758620689655
146 0.4452054794520548
147 0.4421768707482993
148 0.4391891891891892
149 0.436241610738255
150 0.43333333333333335
151 0.4304635761589404
152 0.4276315789473684
153 0.42483660130718953
154 0.42207792207792205
155 0.41935483870967744
156 0.4166666666666667
157 0.4140127388535032
158 0.41139240506329117
159 0.4088050314465409
160 0.40625
161 0.40372670807453415
162 0.4012345679012346
163 0.3987730061349693
164 0.39634146341463417
165 0.3939393939393939
166 0.39156626506024095
167 0.38922155688622756
168 0.3869047619047619
169 0.38461538461538464
170 0.38235294117647056
171 0.38011695906432746
172 0.37790697674418605
173 0.37572254335260113
174 0.3735632183908046
175 0.37142857142857144
176 0.3693181818181818
177 0.3728813559322034
