1 1.0
2 1.0
3 1.0
4 0.75
5 0.8
6 0.8333333333333334
7 0.8571428571428571
8 0.875
9 0.8888888888888888
10 0.9
11 0.9090909090909091
12 0.9166666666666666
13 0.9230769230769231
14 0.9285714285714286
15 0.9333333333333333
16 0.9375
17 0.9411764705882353
18 0.9444444444444444
19 0.9473684210526315
20 0.95
21 0.9523809523809523
22 0.9545454545454546
23 0.9565217391304348
24 0.9583333333333334
25 0.96
26 0.9230769230769231
27 0.9259259259259259
28 0.9285714285714286
29 0.9310344827586207
30 0.9333333333333333
31 0.9354838709677419
32 0.9375
33 0.9393939393939394
34 0.9411764705882353
35 0.9428571428571428
36 0.9444444444444444
37 0.9459459459459459
38 0.9210526315789473
39 0.9230769230769231
40 0.9
41 0.9024390243902439
42 0.8809523809523809
43 0.8837209302325582
44 0.8863636363636364
45 0.8666666666666667
46 0.8695652173913043
47 0.851063829787234
48 0.8541666666666666
49 0.8571428571428571
50 0.84
51 0.8431372549019608
52 0.8269230769230769
53 0.8301886792452831
54 0.8148148148148148
55 0.8
56 0.7857142857142857
57 0.7719298245614035
58 0.7758620689655172
59 0.7796610169491526
60 0.7833333333333333
61 0.7868852459016393
62 0.7903225806451613
63 0.7777777777777778
64 0.765625
65 0.7692307692307693
66 0.7727272727272727
67 0.7761194029850746
68 0.7794117647058824
69 0.7681159420289855
70 0.7571428571428571
71 0.7605633802816901
72 0.7638888888888888
73 0.7534246575342466
74 0.7567567567567568
75 0.76
76 0.75
77 0.7402597402597403
78 0.7307692307692307
79 0.7341772151898734
80 0.7375
81 0.7283950617283951
82 0.7195121951219512
83 0.7228915662650602
84 0.7142857142857143
85 0.7058823529411765
86 0.7093023255813954
87 0.7011494252873564
88 0.6931818181818182
89 0.6853932584269663
90 0.6888888888888889
91 0.6813186813186813
92 0.6739130434782609
93 0.6774193548387096
94 0.6702127659574468
95 0.6631578947368421
96 0.65625
97 0.6597938144329897
98 0.6530612244897959
99 0.6565656565656566
100 0.66
101 0.6534653465346535
102 0.6470588235294118
103 0.6504854368932039
104 0.6442307692307693
105 0.638095238095238
106 0.6320754716981132
107 0.6261682242990654
108 0.6203703703703703
109 0.6146788990825688
110 0.6090909090909091
111 0.6126126126126126
