1 1.0
2 1.0
3 1.0
4 1.0
5 1.0
6 1.0
7 1.0
8 1.0
9 1.0
10 1.0
11 1.0
12 1.0
13 1.0
14 1.0
15 1.0
16 0.9375
17 0.9411764705882353
18 0.9444444444444444
19 0.9473684210526315
20 0.95
21 0.9523809523809523
22 0.9545454545454546
23 0.9565217391304348
24 0.9583333333333334
25 0.96
26 0.9615384615384616
27 0.9629629629629629
28 0.9642857142857143
29 0.9655172413793104
30 0.9666666666666667
31 0.967741935483871
32 0.96875
33 0.9696969696969697
34 0.9411764705882353
35 0.9428571428571428
36 0.9444444444444444
37 0.9459459459459459
38 0.9473684210526315
39 0.9487179487179487
40 0.95
41 0.926829268292683
42 0.9285714285714286
43 0.9069767441860465
44 0.9090909090909091
45 0.9111111111111111
46 0.9130434782608695
47 0.9148936170212766
48 0.9166666666666666
49 0.9183673469387755
50 0.9
51 0.8823529411764706
52 0.8846153846153846
53 0.8679245283018868
54 0.8703703703703703
55 0.8545454545454545
56 0.8571428571428571
57 0.8421052631578947
58 0.8275862068965517
59 0.8135593220338984
60 0.8166666666666667
61 0.819672131147541
62 0.8225806451612904
63 0.8253968253968254
64 0.828125
65 0.8307692307692308
66 0.8333333333333334
67 0.835820895522388
68 0.8235294117647058
69 0.8260869565217391
70 0.8142857142857143
71 0.8028169014084507
72 0.8055555555555556
73 0.8082191780821918
74 0.7972972972972973
75 0.7866666666666666
76 0.7894736842105263
77 0.7792207792207793
78 0.782051282051282
79 0.7848101265822784
80 0.7875
81 0.7777777777777778
82 0.7682926829268293
83 0.7590361445783133
84 0.7619047619047619
85 0.7529411764705882
86 0.7441860465116279
87 0.735632183908046
88 0.7272727272727273
89 0.7303370786516854
90 0.7222222222222222
91 0.7142857142857143
92 0.7065217391304348
93 0.6989247311827957
94 0.6914893617021277
95 0.6947368421052632
96 0.6875
97 0.6907216494845361
98 0.6836734693877551
99 0.6767676767676768
100 0.67
101 0.6633663366336634
102 0.6666666666666666
103 0.6601941747572816
104 0.6538461538461539
105 0.6476190476190476
106 0.6509433962264151
107 0.6448598130841121
108 0.6481481481481481
109 0.6422018348623854
110 0.6363636363636364
111 0.6396396396396397
112 0.6339285714285714
113 0.6371681415929203
114 0.6403508771929824
115 0.6347826086956522
116 0.6379310344827587
117 0.6324786324786325
118 0.6271186440677966
119 0.6302521008403361
120 0.6333333333333333
121 0.628099173553719
122 0.6311475409836066
123 0.6260162601626016
124 0.6209677419354839
125 0.616
126 0.6111111111111112
127 0.6141732283464567
128 0.609375
129 0.6046511627906976
130 0.6076923076923076
131 0.6030534351145038
132 0.5984848484848485
133 0.6015037593984962
