1 1.0
2 1.0
3 1.0
4 1.0
5 1.0
6 1.0
7 1.0
8 1.0
9 1.0
10 1.0
11 1.0
12 1.0
13 1.0
14 1.0
15 1.0
16 1.0
17 1.0
18 1.0
19 1.0
20 1.0
21 1.0
22 1.0
23 1.0
24 0.9583333333333334
25 0.96
26 0.9615384615384616
27 0.9259259259259259
28 0.9285714285714286
29 0.9310344827586207
30 0.9333333333333333
31 0.9354838709677419
32 0.9375
33 0.9393939393939394
34 0.9411764705882353
35 0.9428571428571428
36 0.9166666666666666
37 0.918918918918919
38 0.8947368421052632
39 0.8974358974358975
40 0.9
41 0.9024390243902439
42 0.8809523809523809
43 0.8837209302325582
44 0.8863636363636364
45 0.8888888888888888
46 0.8913043478260869
47 0.8723404255319149
48 0.8541666666666666
49 0.8367346938775511
50 0.82
51 0.803921568627451
52 0.8076923076923077
53 0.8113207547169812
54 0.8148148148148148
55 0.8181818181818182
56 0.8214285714285714
57 0.8245614035087719
58 0.8275862068965517
59 0.8135593220338984
60 0.8166666666666667
61 0.819672131147541
62 0.8225806451612904
63 0.8253968253968254
64 0.828125
65 0.8307692307692308
66 0.8181818181818182
67 0.8059701492537313
68 0.7941176470588235
69 0.7971014492753623
70 0.7857142857142857
71 0.7746478873239436
72 0.7638888888888888
73 0.7534246575342466
74 0.7432432432432432
75 0.7333333333333333
76 0.7236842105263158
77 0.7142857142857143
78 0.7051282051282052
79 0.7088607594936709
80 0.7
81 0.691358024691358
82 0.6829268292682927
83 0.6746987951807228
84 0.6666666666666666
85 0.6705882352941176
86 0.6627906976744186
87 0.6551724137931034
88 0.6477272727272727
89 0.6404494382022472
90 0.6333333333333333
91 0.6373626373626373
92 0.6304347826086957
93 0.6236559139784946
94 0.6170212765957447
95 0.6105263157894737
96 0.6145833333333334
97 0.6185567010309279
