1 0.9052813334299655
2 1.137783484303004
3 0.08087548723184987
4 0.3144912411985402
5 0.959882630611495
6 0.40508096225627316
7 2.528723147522022
8 0.8601916878556534
9 1.5766618035553228
10 0.0974675885612677
11 0.41211177484334593
12 0.768507626776717
13 0.9351610340951573
14 1.8383454706953388
15 0.8288863723270541
16 0.12599317828458076
17 1.904581962399335
18 0.0013545022076294781
19 0.22111738597415068
20 0.9927429137947718
21 1.2458655382079105
22 1.0092514127728742
23 0.8433376974519939
24 0.20751191632844565
25 0.6806582134820284
26 0.8188950465595779
27 1.604673898991807
28 0.17136058175911018
29 1.2573762023660604
30 0.24138209440307007
31 0.9468106887146773
32 0.24557326188079193
33 0.5399932269148969
34 0.03395684551851415
35 0.551239313440413
36 0.6228796456141265
37 0.3566988018229382
38 1.2300423893252004
39 1.1000093268250037
40 1.3229334530754093
41 0.027902120119589976
42 1.0232556427665804
43 0.2812199604429778
44 0.6028738872789863
45 0.28552263048101884
46 0.24106145244330546
47 1.011745031764841
48 1.15700314231151
49 1.3792880881821596
50 0.4063694648693447
51 1.5393035124220846
52 0.0710852512986767
53 1.0683513379941947
54 0.30566036415849485
55 1.0068085556218684
56 1.3031309473557608
57 0.4164827310848563
58 0.18518859899228426
59 0.8193646155956977
60 0.6690268904098957
61 0.09746501877422996
62 0.08489791215513874
63 0.8735984700316966
64 0.3001087683469489
65 0.06590063726704559
66 0.36356121716613443
