1 1.3739833639354482
2 1.2618239484556726
3 0.6783479830303876
4 1.2005225482168378
5 0.7316287323965422
6 0.9659003568813889
7 1.678752819098468
8 0.1221081724405449
9 0.8547194574887469
10 1.1514723296966416
11 0.1879578607594904
12 0.6546742650348244
13 0.2603810604423048
14 0.17872040906245118
15 1.7801002503728725
16 0.07594755901194025
17 1.9511142079758461
18 2.2575933125989387
19 0.220434986468667
20 0.9490248668873048
21 0.059026215460966903
22 0.6174759966491489
23 0.6068013512116855
24 0.08604111603732746
25 0.41537206761095186
26 1.268540070230815
27 0.6597601364158616
28 1.4966829172683804
29 0.9984134483419653
30 0.37525089020634206
31 0.1657472788392719
32 1.1910829514923111
33 0.22536450270451686
34 0.48264031853950556
35 0.564288901507976
36 0.3370585559043284
37 0.39724284695199263
38 0.8995296982572906
39 0.9917304120693147
40 0.011938161044342458
41 0.03606844875849693
42 1.0055668551902799
43 0.015595574177016205
44 0.745055045045176
45 0.0047706834190270955
