1 0.31183234746374805
2 0.3489814363149487
3 0.8156489332534647
4 0.012010042943844479
5 2.0192649336648163
6 0.6115031301441242
7 1.1206867945259127
8 0.06842128638103018
9 0.30747110722586535
10 2.1553323625209497
11 0.9241408672429553
12 1.7241803225287349
13 1.487269469903633
14 0.3285931570576092
15 0.5950757157098403
16 1.072445557814746
17 0.7885675600491632
18 0.17401694335451193
19 0.38287123967699327
20 0.34527014566891684
21 1.4095340138292034
22 0.836296523737625
23 1.0065337585225722
24 1.2613065284839093
25 0.3206817992520809
26 0.14988140232548
27 0.18700915463338852
28 0.014252254705536996
29 0.7621290211770592
30 0.6706478233648039
31 0.007935492241068752
32 0.8902012791719895
33 0.740152097262275
34 0.7224212201984007
35 0.8826088236135109
36 0.5095462591090656
37 0.40517385331503825
38 0.2666943233722518
39 0.8166218598952418
40 0.9889258605033759
41 0.3332947647420509
42 0.21948457599060067
43 0.796535987777467
44 0.4702368187534008
45 0.8866875778645459
46 0.7936746236684706
47 0.636571914911849
48 0.058886995031961695
