1 2.8053792560574196
2 1.1271752050463844
3 1.3439846676763214
4 0.37001914933371116
5 0.7579337946709931
6 0.5026308139633799
7 1.4911740481352527
8 0.6351025208346813
9 0.8771992306406732
10 2.0189893677580075
11 0.3902510764062015
12 0.19258951186217257
13 0.8817763281613586
14 0.5666952387926298
15 0.15369389187371688
16 1.0145508958511995
17 1.7590693878127155
18 0.8888664659662874
19 0.7201652451709026
20 1.0264887915623042
21 1.822895005495528
22 1.2925533730109517
23 0.9958385655071003
24 0.699196539020959
25 0.12778526910393254
26 1.3997677930695525
27 1.6952778131265367
28 0.9729103057965766
29 0.3979515436258712
30 0.49131997002554556
31 0.6719826724031672
32 0.30355987594078426
33 0.43941214929846784
34 0.08161494357038915
35 1.6957491407750949
36 0.6629024812444353
37 0.689120528409245
38 1.1450056820429004
39 1.131193953988834
40 0.9938133633797208
41 0.32806142659221854
42 0.13002250343305524
43 1.1607268847025456
44 0.18943391777532767
45 0.010186038597334395
46 0.14471191998748267
47 0.9197085155173599
48 0.1126466427288563
49 0.23068167781346252
50 0.029860753407414408
