1 0.03038916405546738
2 0.8588292335145726
3 0.7849110805628056
4 0.11147916627315207
5 1.584118590185007
6 0.2561793903091979
7 1.264647261793478
8 1.7326078687754622
9 1.9216485895680058
10 0.4924867807717722
11 2.348957637388739
12 0.25091414453653893
13 0.9235362300753306
14 0.46848204900223994
15 0.7204296986898131
16 0.8546339904296417
17 0.6571632485043806
18 0.8477552408622271
19 0.37277542545321324
20 0.07776948800458866
21 1.708242112385881
22 0.18860171321489472
23 0.34926682937009895
24 0.243339914465882
25 0.11006047256187071
26 0.06032828538151705
27 1.068868039754921
28 1.4610649549660741
29 0.3643167907054209
30 0.20177279231484987
31 0.7407316196414117
32 1.866091471536232
33 0.43297658322672117
34 0.11648943589123516
35 1.1711845238276801
36 0.4330513120411876
37 0.079542224423346
38 0.6346679433469017
39 0.47070919374019393
40 0.4093646003429714
41 0.04735297816728385
42 0.93678305679201
43 0.4129920336350423
44 0.4289236964582739
45 0.8188550320330594
46 0.5419380380980272
47 0.9772941149612645
