1 1.327918044298871
2 2.0924644087550237
3 3.515516770520847
4 0.6354222656705039
5 0.8402297745288945
6 0.16743476135706847
7 0.20051199224095836
8 0.37418673481890574
9 0.8278468182171538
10 1.9047241221184759
11 0.643678549855372
12 0.10500477498115678
13 1.2298882015678314
14 1.06819065768336
15 0.0650511201393305
16 0.5320168013693588
17 1.0141596414189147
18 1.685242147493978
19 0.9715416992648012
20 4.256776477730571
21 0.04724712444574676
22 0.023893122134621272
23 0.7195263471975433
24 1.036926070547817
25 0.38029126021944437
26 0.9209284429854129
27 0.6664523630247435
28 0.796022311235284
29 0.2991990423313446
30 0.3562371939703151
31 0.11536031595010521
32 0.2122964053436257
33 0.9505672299807272
34 0.19070394763170373
35 0.8635138236091319
