1 0.5150619345063148
2 2.1565367587405695
3 0.9132885827348141
4 1.6573001277349177
5 0.08671277826813584
6 1.2032881376670177
7 0.9497561739315278
8 0.019229733485686608
9 1.2011013553299839
10 0.040059787715490264
11 1.8103008948426556
12 0.8750113627896413
13 1.7427333765288149
14 0.9502958433342221
15 0.8764959370512787
16 0.12531397261180832
17 0.03504534140341515
18 0.5157050277267055
19 1.4944911343590728
20 3.1249437729585825
21 0.24152650430214115
22 0.9697727015039761
23 0.03777756205574039
24 0.8074463391261212
25 0.7933234371401298
26 0.32544368450493427
27 0.09337491749858688
28 0.08143805109789305
29 0.7252781565769776
30 1.414683665581252
31 1.4598932594861211
32 0.9623132031910372
33 0.16375860314747756
34 0.974609872562398
35 0.9290198179925465
36 0.9969597860927157
37 1.841682729821772
38 0.4941254746841685
39 1.0075487587845622
40 1.1965093575775638
41 0.7929887403188689
42 0.6329138816949968
43 0.9901560546887751
44 2.0624276451185297
45 0.524169790878158
46 0.6336450658601499
47 2.0924142853779513
48 0.18395720439687546
49 0.7631893833130482
50 0.5472344182884333
51 0.9751548812934799
52 0.19891975448442803
53 0.10014360356877788
54 0.8934927218747951
55 1.3511312554991635
56 0.41554191575199567
57 0.3967189594016279
58 0.1036967404917949
