1 0.45697864610234173
2 3.362540631615811
3 1.0522197639541142
4 2.231361209568621
5 0.30338652773563185
6 0.40043860495671546
7 0.582282382692889
8 0.35529810409884127
9 0.06076459977206502
10 0.6980454996272362
11 0.2933131022633325
12 0.540605493804133
13 0.5980494359635127
14 0.816361565278144
15 1.4730500903701989
16 1.0816491481328003
17 1.4380868020984714
18 2.7112118402804737
19 0.747731146754894
20 0.2944696131298806
21 3.0156527590517284
22 1.1348648148738416
23 1.7749433475427416
24 2.500085389610117
25 1.0577423576503855
26 0.5774655394984725
27 1.7200386458551042
28 0.6170053579004631
29 0.640790885637533
30 0.4793708887422389
31 1.2025614071188977
32 2.184888666400965
33 0.8746987679561493
34 1.5622690160055253
35 0.9741815111274722
36 0.6501480320799233
37 0.3927382261920583
38 0.7032426586554442
39 1.7122827213346508
40 1.787427908216968
41 1.8312591615796425
42 1.1397394686879072
43 0.39552061741854316
44 0.7568095382369981
45 0.6660078308996578
46 2.0833693925928447
47 0.9866967391673831
48 0.8615598836436159
49 1.91540348307763
50 0.6885547908254748
51 0.7279018784486313
52 1.895179053915423
53 0.7906771751301667
54 1.276981092110363
55 1.0820773662916165
56 1.5738935792543725
57 0.4013285289473684
58 0.9046973588513443
59 0.7648485285897136
60 0.6814736170919692
61 1.7088502512316794
62 1.7425846964960081
63 1.4848245026926314
64 1.5574582486254454
65 1.2180949663708045
66 0.8124747676993568
67 0.7133583766517568
68 1.4446318942381637
69 1.1483959814356806
70 0.7840006646689378
71 0.7668061693166177
72 1.436657765543324
73 0.7021482156299024
74 0.9636459500211725
75 0.9541772316761502
76 1.5397485631752936
77 1.370905654943255
78 1.1659623484251758
79 0.8654299728213583
80 1.008991892406723
81 0.9251490915931501
82 1.0054780684079394
83 0.9383590925923114
84 0.9910904853541537
85 0.9662538095262847
