1 5.9988796686808685
2 1.6702310493718473
3 1.768839780020067
4 2.262824623881645
5 0.7369792393438049
6 3.6550107367618927
7 0.3923996325667408
8 1.6137006521198545
9 1.4197242087676276
10 0.8118291886601292
11 1.1267824823938952
12 2.7626821589848096
13 1.186571441632521
14 0.23265830600770745
15 3.938469827846953
16 1.0678419054233603
17 0.43308032827499304
18 1.00880794075115
19 0.5070215251882516
20 0.8157801807674306
21 0.19924845886037418
22 0.5462065373211529
23 0.8164739955062994
24 1.0661118304632862
25 1.39312380946923
26 0.5990695353862088
27 5.319508255817228
28 1.584548344445594
29 0.33619320159317057
30 0.7200955490027111
31 1.8949660173492726
32 1.0376206668546224
33 0.3197662098452325
34 1.4427866002797805
35 1.0691747392768938
36 2.442813109895823
37 0.3475339063811642
38 0.8836665836247415
39 0.9412263240311897
40 0.556684039705756
41 1.0293280097485031
42 0.7742826011168934
43 0.3329914503045967
44 1.4541124797202143
45 1.0010102596589014
46 0.6632283611420879
47 0.7455249558676065
48 0.5953159423977925
49 0.8593015685008935
50 0.3763083126899715
51 2.4618748769745733
52 0.5899679076046341
53 1.7600718045945862
54 1.0135237112354973
55 0.5287875873510129
56 0.5242880043261589
57 1.0013711197076136
58 1.5256549840556193
59 1.310518399976556
60 0.27308401184641584
61 1.9887341987431946
62 1.24499824345883
63 1.2123228295657964
64 0.3755046504215608
65 0.7575149616248962
66 0.8070632616598097
67 1.5941629594539728
68 1.0653369340360197
69 1.1911423259216771
70 0.7804183783816478
71 0.8210665974837371
72 0.6687380728156311
73 0.6607243147529784
74 1.2645470153679232
75 0.6896011204388112
76 1.2377965891860963
77 1.4242340703399867
78 0.7573499518973165
79 0.7662178626110518
80 0.7061178371120032
81 1.459800334736123
82 0.8665229255669786
83 0.7441724236212316
84 1.2953981365581446
85 0.9798818603519226
86 1.1318732384665091
87 0.7526560270536158
88 0.8985512227917895
89 0.7737892360886482
90 1.048642014970272
91 0.8507074733088967
92 0.9136108150555095
93 0.923631773338329
94 1.0243801095768537
95 0.9568590255427325
96 0.9850567193272001
