1 0.5392093919550034
2 1.7631720411519043
3 0.36653506314287543
4 0.9168305394332386
5 0.373683875413457
6 0.7971404961871319
7 1.1590371825829602
8 0.6918003005509362
9 2.2834987410002663
10 0.7209415256259598
11 1.5773143036910444
12 1.6725469797661474
13 2.1994690373177885
14 1.3833243273857785
15 1.0946754937088305
16 1.2650912753980181
17 0.5018556343338446
18 5.184376951897781
19 0.7230772131894097
20 1.3422847780356508
21 0.7628120941969809
22 1.016768007680025
23 0.8853605038124046
24 1.25864408070556
25 6.081491140579902
26 1.1111936780229708
27 0.3266520368933113
28 1.048311579537742
29 1.3959866268876802
30 0.777193571799324
31 1.25637036804531
32 0.8223539567270902
33 0.8974253893276015
34 0.800407535102734
35 1.0693412910185776
36 0.8429250104033454
37 0.9921468245755924
38 0.5877584415003381
39 0.6753470576232334
40 2.918749721856572
41 1.204949478254787
42 0.9913021515963311
43 0.8783258001627008
44 0.9984697191419831
45 0.9308245993414193
46 1.0411666027482587
47 1.935164871189799
48 1.1620104404775369
49 1.1474583186014915
50 1.0548128301616375
51 0.8851902865702274
52 1.4998947926594053
53 1.5412501689410494
54 1.1321155527815305
55 1.2620088178678401
56 0.7539423067169829
57 0.7530765678963723
58 1.129429283614895
59 0.9497716844785653
60 0.9051758482144728
61 1.0789483128676423
62 1.3726581626934358
63 1.342841056876534
64 0.8491667828789867
65 1.2756891073853907
66 1.0683789009547657
67 1.021678918741401
68 0.9532902839323374
69 0.9409023657035609
70 1.1419194821501912
71 1.1710010353805356
72 1.0831045810337867
73 1.0386857762401578
74 0.988610376046183
75 1.1173505156526293
76 1.0698244297812616
77 1.031246333763199
78 0.9696026528450454
79 0.983099938994977
