1 1.0981200752479283
2 0.8402624271329847
3 1.7268614307321615
4 0.8444572178686446
5 0.2728097656461779
6 1.0377054215610155
7 0.04309943926845428
8 0.8534895454971212
9 0.6032700649978864
10 1.8994830806845344
11 0.45309112374733634
12 1.4586030994515706
13 0.27091891525935397
14 3.6749177232270953
15 1.6310032711319706
16 1.0969588701898894
17 0.5820543622070145
18 5.886507731804698
19 2.2148599054213403
20 1.1228273368987782
21 0.9131517172431302
22 0.9322944002205908
23 0.293988164240119
24 1.3761933338251149
25 1.5072155453390148
26 0.3079895885941234
27 0.9619318982435535
28 1.0925922763837927
29 0.7734187063593633
30 1.3407016958727775
31 1.7524231717618242
32 2.239933092775296
33 1.4801282324343914
34 0.9839706869230465
35 2.916271896741944
36 0.5709155890964874
37 1.3203042306454935
38 0.7791735879468302
39 2.077808088875381
40 2.4434053249358363
41 1.8228983063793582
42 0.4831436135042849
43 1.3690068812004055
44 0.7974607728292503
45 1.0122613443881976
46 1.4131671997986173
47 1.1809066547328462
48 1.3870447095103404
49 0.8148776283396196
50 0.7361165889777029
51 1.8488511433531087
52 0.9048866497234284
53 1.0519909281133788
54 1.14311337366307
55 0.44136724382829967
56 0.7488716247852828
57 0.952442743912999
58 0.5619158275888414
59 1.0047566818063942
60 1.2684676564222928
61 1.3561659805290847
62 1.7511858412489247
63 1.545689237155412
64 1.2618691916522886
65 0.9096620749621549
66 1.0488541905090483
67 1.4155923351835893
68 1.132004103505323
69 1.102699019912796
70 0.39326108926998704
71 0.5093136067792984
72 1.3621751616881705
73 1.2972032643661113
74 0.9967519580710463
75 1.1546409984199746
76 1.0401531362020289
77 0.951942110347863
78 1.0808298276329442
79 1.2826751142154018
80 1.0298099765757847
81 0.7493666078799405
82 0.7808197295470374
83 1.410355340792698
84 0.9607529157440522
85 0.9415569047297787
86 0.8336379604074934
87 0.9840453897772223
88 0.9862154746592088
89 1.3020927729763763
90 1.3806544152874087
91 1.319210586718635
92 1.0091457884099206
93 0.9903300935584362
94 0.9276606191506636
95 0.8239481753842971
96 1.15485640793641
97 0.9815481183390936
98 1.0721101124621317
99 0.9862361303677628
